set K:= 1	2	3;
set C_H:= 1	2	3	4;
set C_S:= 5	6	7	8;
set C_F:= 9	10	11	12;
set M:= 13	14	15	16	17	18;
set L_B:= 19	20	21;
set A1:=
(0,*) 1 2 3 4 9 10 11 12 13 14 15 16 17 18 19 20 21
(1,*) 0 2 3 4 9 10 11 12 13 14 15 16 17 18 19 20 21
(2,*) 0 1 3 4 9 10 11 12 13 14 15 16 17 18 19 20 21
(3,*) 0 1 2 4 9 10 11 12 13 14 15 16 17 18 19 20 21
(4,*) 0 1 2 3 9 10 11 12 13 14 15 16 17 18 19 20 21
(9,*) 0 1 2 3 4 10 11 12 13 14 15 16 17 18 19 20 21
(10,*) 0 1 2 3 4 9 11 12 13 14 15 16 17 18 19 20 21
(11,*) 0 1 2 3 4 9 10 12 13 14 15 16 17 18 19 20 21
(12,*) 0 1 2 3 4 9 10 11 13 14 15 16 17 18 19 20 21
(13,*) 0 1 2 3 4 9 10 11 12 15 16 17 18 19 20 21
(14,*) 0 1 2 3 4 9 10 11 12 15 16 17 18 19 20 21
(15,*) 0 1 2 3 4 9 10 11 12 13 14 17 18 19 20 21
(16,*) 0 1 2 3 4 9 10 11 12 13 14 17 18 19 20 21
(17,*) 0 1 2 3 4 9 10 11 12 13 14 15 16 19 20 21
(18,*) 0 1 2 3 4 9 10 11 12 13 14 15 16 19 20 21
(19,*) 0 1 2 3 4 9 10 11 12 13 14 15 16 17 18 20 21
(20,*) 0 1 2 3 4 9 10 11 12 13 14 15 16 17 18 19 21
(21,*) 0 1 2 3 4 9 10 11 12 13 14 15 16 17 18 19 20
;
set A2:=
(13,*) 14
(14,*) 13
(15,*) 16
(16,*) 15
(17,*) 18
(18,*) 17
;
param BigM:=99999;
param n:= 3;
param d:=
1	8
2	24
3	14
4	9
5	16
6	19
7	1
8	18
9	4
10	8
11	14
12	24
;
param Q:=100;
param w:=
[13,*] 14 0.5
[14,*] 13 0.5
[15,*] 16 0.5
[16,*] 15 0.5
[17,*] 18 0.5
[18,*] 17 0.5
;
param V:=
[13,*] 14 94
[14,*] 13 94
[15,*] 16 96
[16,*] 15 96
[17,*] 18 93
[18,*] 17 93
;
param e:
	13	14	15	16	17	18	19	20	21:=
5	0	1	0	0	0	0	1	0	0	
6	0	0	1	0	0	1	1	0	0	
7	0	1	0	0	0	0	1	0	0	
8	0	0	0	0	1	0	0	0	1	
9	0	1	0	0	0	0	0	1	0	
10	0	1	0	0	0	0	0	0	1	
11	0	1	0	0	0	0	0	1	0	
12	0	0	1	0	0	1	1	0	0	
;
param p:=
1	3
2	3
3	3
;
param G:=
13	82
14	94
15	96
16	92
17	93
18	73
19	75
20	72
21	88
;
param s:=
0	0
1	10
2	10
3	10
4	10
9	10
10	10
11	10
12	10
13	10
14	10
15	10
16	10
17	10
18	10
19	10
20	10
21	10
;
param t:
	0	1	2	3	4	5	6	7	8	9	10	11	12	13	14	15	16	17	18	19	20	21:=
0	0.0	36.24	25.24	16.28	72.78	88.14	74.55	76.84	25.71	84.17	78.03	101.41	73.82	20.81	83.49	64.94	61.19	13.0	62.8	33.24	49.09	49.34
1	36.24	0.0	32.89	48.1	100.24	72.25	99.81	68.43	56.64	68.01	84.38	94.41	99.74	15.81	81.91	91.71	28.44	27.46	82.01	40.79	44.91	66.22
2	25.24	32.89	0.0	24.08	67.96	63.32	67.08	51.61	29.15	59.46	56.3	76.42	67.12	26.31	59.2	59.36	46.87	30.53	49.24	9.49	23.85	33.54
3	16.28	48.1	24.08	0.0	56.52	85.62	58.31	71.69	9.49	82.0	66.71	94.34	57.56	34.41	75.0	48.66	68.94	29.12	47.8	27.89	45.35	35.85
4	72.78	100.24	67.96	56.52	0.0	101.84	7.62	83.49	47.07	100.09	56.14	93.13	5.39	89.32	73.68	8.6	112.54	85.62	27.51	62.48	72.01	39.2
5	88.14	72.25	63.32	85.62	101.84	0.0	96.38	18.38	86.83	4.24	50.0	29.15	97.86	79.81	33.24	94.92	52.92	89.59	74.33	57.72	40.26	65.76
6	74.55	99.81	67.08	58.31	7.62	96.38	0.0	78.0	49.09	94.85	49.5	86.37	2.24	89.84	67.27	10.2	110.26	87.13	22.47	60.75	68.62	36.12
7	76.84	68.43	51.61	71.69	83.49	18.38	78.0	0.0	71.57	17.2	32.53	26.08	79.48	72.47	18.03	76.66	56.08	80.62	55.97	44.29	27.8	48.09
8	25.71	56.64	29.15	9.49	47.07	86.83	49.09	71.57	0.0	83.49	62.29	92.57	48.26	43.57	72.56	39.32	75.66	38.6	40.31	30.07	47.04	30.41
9	84.17	68.01	59.46	82.0	100.09	4.24	94.85	17.2	83.49	0.0	49.58	32.0	96.25	75.6	33.6	92.97	49.04	85.44	72.62	54.13	36.67	63.35
10	78.03	84.38	56.3	66.71	56.14	50.0	49.5	32.53	62.29	49.58	0.0	37.01	51.35	82.28	18.03	51.09	81.49	86.41	30.41	46.82	40.01	32.02
11	101.41	94.41	76.42	94.34	93.13	29.15	86.37	26.08	92.57	32.0	37.01	0.0	88.28	98.41	20.62	88.02	79.83	106.15	67.12	68.25	53.08	64.85
12	73.82	99.74	67.12	57.56	5.39	97.86	2.24	79.48	48.26	96.25	51.35	88.28	0.0	89.49	69.05	9.0	110.75	86.49	23.71	61.03	69.43	36.77
13	20.81	15.81	26.31	34.41	89.32	79.81	89.84	72.47	43.57	75.6	82.28	98.41	89.49	0.0	83.24	80.99	43.0	12.0	74.33	35.69	45.79	59.03
14	83.49	81.91	59.2	75.0	73.68	33.24	67.27	18.03	72.56	33.6	18.03	20.62	69.05	83.24	0.0	68.07	73.06	89.63	47.01	50.33	37.58	44.27
15	64.94	91.71	59.36	48.66	8.6	94.92	10.2	76.66	39.32	92.97	51.09	88.02	9.0	80.99	68.07	0.0	104.0	77.67	21.1	53.91	63.82	31.06
16	61.19	28.44	46.87	68.94	112.54	52.92	110.26	56.08	75.66	49.04	81.49	79.83	110.75	43.0	73.06	104.0	0.0	55.0	89.31	50.21	43.38	74.2
17	13.0	27.46	30.53	29.12	85.62	89.59	87.13	80.62	38.6	85.44	86.41	106.15	86.49	12.0	89.63	77.67	55.0	0.0	74.17	39.82	53.08	59.84
18	62.8	82.01	49.24	47.8	27.51	74.33	22.47	55.97	40.31	72.62	30.41	67.12	23.71	74.33	47.01	21.1	89.31	74.17	0.0	41.44	46.75	15.81
19	33.24	40.79	9.49	27.89	62.48	57.72	60.75	44.29	30.07	54.13	46.82	68.25	61.03	35.69	50.33	53.91	50.21	39.82	41.44	0.0	17.46	25.63
20	49.09	44.91	23.85	45.35	72.01	40.26	68.62	27.8	47.04	36.67	40.01	53.08	69.43	45.79	37.58	63.82	43.38	53.08	46.75	17.46	0.0	32.8
21	49.34	66.22	33.54	35.85	39.2	65.76	36.12	48.09	30.41	63.35	32.02	64.85	36.77	59.03	44.27	31.06	74.2	59.84	15.81	25.63	32.8	0.0
;
