set K:= 1	2	3;
set C_H:= 1	2	3	4	5;
set C_S:= 6	7	8;
set C_F:= 9	10	11;
set M:= 12	13	14	15	16	17;
set L_B:= 18	19	20;
set A1:=
(0,*) 1 2 3 4 5 9 10 11 12 13 14 15 16 17 18 19 20
(1,*) 0 2 3 4 5 9 10 11 12 13 14 15 16 17 18 19 20
(2,*) 0 1 3 4 5 9 10 11 12 13 14 15 16 17 18 19 20
(3,*) 0 1 2 4 5 9 10 11 12 13 14 15 16 17 18 19 20
(4,*) 0 1 2 3 5 9 10 11 12 13 14 15 16 17 18 19 20
(5,*) 0 1 2 3 4 9 10 11 12 13 14 15 16 17 18 19 20
(9,*) 0 1 2 3 4 5 10 11 12 13 14 15 16 17 18 19 20
(10,*) 0 1 2 3 4 5 9 11 12 13 14 15 16 17 18 19 20
(11,*) 0 1 2 3 4 5 9 10 12 13 14 15 16 17 18 19 20
(12,*) 0 1 2 3 4 5 9 10 11 13 14 15 16 17 18 19 20
(13,*) 0 1 2 3 4 5 9 10 11 12 14 15 16 17 18 19 20
(14,*) 0 1 2 3 4 5 9 10 11 12 13 15 16 17 18 19 20
(15,*) 0 1 2 3 4 5 9 10 11 12 13 14 16 17 18 19 20
(16,*) 0 1 2 3 4 5 9 10 11 12 13 14 15 17 18 19 20
(17,*) 0 1 2 3 4 5 9 10 11 12 13 14 15 16 18 19 20
(18,*) 0 1 2 3 4 5 9 10 11 12 13 14 15 16 17 19 20
(19,*) 0 1 2 3 4 5 9 10 11 12 13 14 15 16 17 18 20
(20,*) 0 1 2 3 4 5 9 10 11 12 13 14 15 16 17 18 19
;
set A2:=
(12,*) 13
(13,*) 12
(14,*) 15
(15,*) 14
(16,*) 17
(17,*) 16
;
param BigM:=99999;
param n:= 3;
param d:=
1	22
2	1
3	16
4	8
5	19
6	8
7	21
8	4
9	7
10	8
11	16
;
param Q:=100;
param w:=
[12,*] 13 0.5
[13,*] 12 0.5
[14,*] 15 0.5
[15,*] 14 0.5
[16,*] 17 0.5
[17,*] 16 0.5
;
param V:=
[12,*] 13 98
[13,*] 12 98
[14,*] 15 98
[15,*] 14 98
[16,*] 17 82
[17,*] 16 82
;
param e:
	12	13	14	15	16	17	18	19	20:=
6	0	0	0	1	0	0	1	0	0	
7	0	0	1	0	1	0	1	0	0	
8	0	1	0	0	0	0	0	1	0	
9	0	0	0	1	0	0	0	0	1	
10	0	1	0	0	0	0	1	0	0	
11	0	1	0	0	0	0	1	0	0	
;
param p:=
1	3
2	3
3	3
;
param G:=
12	81
13	98
14	98
15	95
16	76
17	82
18	89
19	76
20	71
;
param s:=
0	0
1	10
2	10
3	10
4	10
5	10
9	10
10	10
11	10
12	10
13	10
14	10
15	10
16	10
17	10
18	10
19	10
20	10
;
param t:
	0	1	2	3	4	5	6	7	8	9	10	11	12	13	14	15	16	17	18	19	20:=
0	0.0	81.74	76.84	51.04	36.24	97.58	79.23	28.84	84.17	54.57	78.03	88.14	20.81	83.49	64.94	61.19	13.0	62.8	46.53	40.31	36.89
1	81.74	0.0	37.59	92.14	56.44	59.23	17.12	97.87	23.35	36.88	69.4	26.02	68.01	55.46	106.17	31.14	79.4	87.42	41.48	55.97	50.8
2	76.84	37.59	0.0	65.38	68.43	25.71	52.5	81.49	17.2	57.87	32.53	18.38	72.47	18.03	76.66	56.08	80.62	55.97	31.11	38.08	40.0
3	51.04	92.14	65.38	0.0	76.03	73.25	99.05	30.41	80.81	84.39	44.94	83.19	65.8	59.84	15.81	88.39	63.39	16.28	51.87	37.2	45.28
4	36.24	56.44	68.43	76.03	0.0	93.62	48.27	63.13	68.01	21.38	84.38	72.25	15.81	81.91	91.71	28.44	27.46	82.01	40.02	46.17	37.01
5	97.58	59.23	25.71	73.25	93.62	0.0	75.66	96.18	35.9	83.55	29.07	33.84	96.25	14.42	80.16	81.5	103.23	59.41	54.71	57.28	62.01
6	79.23	17.12	52.5	99.05	48.27	75.66	0.0	99.62	40.05	26.93	82.76	43.01	62.29	70.52	114.02	19.92	74.24	96.88	47.2	61.85	54.59
7	28.84	97.87	81.49	30.41	63.13	96.18	99.62	0.0	93.54	78.29	70.6	96.88	48.84	81.84	40.31	84.1	41.68	46.04	57.04	44.28	47.17
8	84.17	23.35	17.2	80.81	68.01	35.9	40.05	93.54	0.0	52.77	49.58	4.24	75.6	33.6	92.97	49.04	85.44	72.62	37.95	49.25	48.08
9	54.57	36.88	57.87	84.39	21.38	83.55	26.93	78.29	52.77	0.0	81.05	56.82	36.01	74.11	100.12	7.07	48.01	86.45	37.0	48.88	39.66
10	78.03	69.4	32.53	44.94	84.38	29.07	82.76	70.6	49.58	81.05	0.0	50.0	82.28	18.03	51.09	81.49	86.41	30.41	45.01	39.85	47.85
11	88.14	26.02	18.38	83.19	72.25	33.84	43.01	96.88	4.24	56.82	50.0	0.0	79.81	33.24	94.92	52.92	89.59	74.33	41.79	52.61	51.87
12	20.81	68.01	72.47	65.8	15.81	96.25	62.29	48.84	75.6	36.01	82.28	79.81	0.0	83.24	80.99	43.0	12.0	74.33	41.62	42.45	34.93
13	83.49	55.46	18.03	59.84	81.91	14.42	70.52	81.84	33.6	74.11	18.03	33.24	83.24	0.0	68.07	73.06	89.63	47.01	42.15	43.19	48.55
14	64.94	106.17	76.66	15.81	91.71	80.16	114.02	40.31	92.97	100.12	51.09	94.92	80.99	68.07	0.0	104.0	77.67	21.1	66.84	52.4	60.83
15	61.19	31.14	56.08	88.39	28.44	81.5	19.92	84.1	49.04	7.07	81.49	52.92	43.0	73.06	104.0	0.0	55.0	89.31	38.95	52.01	43.19
16	13.0	79.4	80.62	63.39	27.46	103.23	74.24	41.68	85.44	48.01	86.41	89.59	12.0	89.63	77.67	55.0	0.0	74.17	49.52	47.01	41.23
17	62.8	87.42	55.97	16.28	82.01	59.41	96.88	46.04	72.62	86.45	30.41	74.33	74.33	47.01	21.1	89.31	74.17	0.0	50.61	37.59	46.96
18	46.53	41.48	31.11	51.87	40.02	54.71	47.2	57.04	37.95	37.0	45.01	41.79	41.62	42.15	66.84	38.95	49.52	50.61	0.0	14.76	10.2
19	40.31	55.97	38.08	37.2	46.17	57.28	61.85	44.28	49.25	48.88	39.85	52.61	42.45	43.19	52.4	52.01	47.01	37.59	14.76	0.0	9.49
20	36.89	50.8	40.0	45.28	37.01	62.01	54.59	47.17	48.08	39.66	47.85	51.87	34.93	48.55	60.83	43.19	41.23	46.96	10.2	9.49	0.0
;
