vehicles
vehicle_idx, capacity, cost_per_unit_distance
1,100,3
2,100,3
3,100,3
depot
node_idx,x,y
0,82,76
home delivery customers
node_idx,x,y,service_time,demand
1,50,93,10,8
2,61,62,10,24
3,85,60,10,14
4,98,5,10,9
self pickup customers
node_idx,x,y,service_time,demand,locker_idxs
5,2,39,10,16,14
6,91,2,10,19,15
7,19,32,10,1,14
8,88,51,10,18,17
flexible customers
node_idx,x,y,service_time,demand,locker_idxs
9,5,42,10,4,14
10,42,9,10,8,14
11,5,10,10,14,14
12,93,3,10,24,15
lockers
node_idx,x,y,service_time,capacity,cost_per_unit_good
13,65,88,10,95
14,25,15,10,80
15,58,53,10,75
16,41,49,10,72
17,67,29,10,88
mrt lines
start_node_idx,end_node_idx,freight_capacity,cost_per_unit_good
distance matrix
,0,1,2,3,4,5,6,7,8,9,10,11,12,13,14,15,16,17,
0,0.0,36.24,25.24,16.28,72.78,88.14,74.55,76.84,25.71,84.17,78.03,101.41,73.82,20.81,83.49,33.24,49.09,49.34
1,36.24,0.0,32.89,48.1,100.24,72.25,99.81,68.43,56.64,68.01,84.38,94.41,99.74,15.81,81.91,40.79,44.91,66.22
2,25.24,32.89,0.0,24.08,67.96,63.32,67.08,51.61,29.15,59.46,56.3,76.42,67.12,26.31,59.2,9.49,23.85,33.54
3,16.28,48.1,24.08,0.0,56.52,85.62,58.31,71.69,9.49,82.0,66.71,94.34,57.56,34.41,75.0,27.89,45.35,35.85
4,72.78,100.24,67.96,56.52,0.0,101.84,7.62,83.49,47.07,100.09,56.14,93.13,5.39,89.32,73.68,62.48,72.01,39.2
5,88.14,72.25,63.32,85.62,101.84,0.0,96.38,18.38,86.83,4.24,50.0,29.15,97.86,79.81,33.24,57.72,40.26,65.76
6,74.55,99.81,67.08,58.31,7.62,96.38,0.0,78.0,49.09,94.85,49.5,86.37,2.24,89.84,67.27,60.75,68.62,36.12
7,76.84,68.43,51.61,71.69,83.49,18.38,78.0,0.0,71.57,17.2,32.53,26.08,79.48,72.47,18.03,44.29,27.8,48.09
8,25.71,56.64,29.15,9.49,47.07,86.83,49.09,71.57,0.0,83.49,62.29,92.57,48.26,43.57,72.56,30.07,47.04,30.41
9,84.17,68.01,59.46,82.0,100.09,4.24,94.85,17.2,83.49,0.0,49.58,32.0,96.25,75.6,33.6,54.13,36.67,63.35
10,78.03,84.38,56.3,66.71,56.14,50.0,49.5,32.53,62.29,49.58,0.0,37.01,51.35,82.28,18.03,46.82,40.01,32.02
11,101.41,94.41,76.42,94.34,93.13,29.15,86.37,26.08,92.57,32.0,37.01,0.0,88.28,98.41,20.62,68.25,53.08,64.85
12,73.82,99.74,67.12,57.56,5.39,97.86,2.24,79.48,48.26,96.25,51.35,88.28,0.0,89.49,69.05,61.03,69.43,36.77
13,20.81,15.81,26.31,34.41,89.32,79.81,89.84,72.47,43.57,75.6,82.28,98.41,89.49,0.0,83.24,35.69,45.79,59.03
14,83.49,81.91,59.2,75.0,73.68,33.24,67.27,18.03,72.56,33.6,18.03,20.62,69.05,83.24,0.0,50.33,37.58,44.27
15,33.24,40.79,9.49,27.89,62.48,57.72,60.75,44.29,30.07,54.13,46.82,68.25,61.03,35.69,50.33,0.0,17.46,25.63
16,49.09,44.91,23.85,45.35,72.01,40.26,68.62,27.8,47.04,36.67,40.01,53.08,69.43,45.79,37.58,17.46,0.0,32.8
17,49.34,66.22,33.54,35.85,39.2,65.76,36.12,48.09,30.41,63.35,32.02,64.85,36.77,59.03,44.27,25.63,32.8,0.0
