vehicles
vehicle_idx, capacity, cost_per_unit_distance
1,100,3
2,100,3
3,100,3
depot
node_idx,x,y
0,82,76
home delivery customers
node_idx,x,y,service_time,demand
1,19,32,10,1
2,42,9,10,8
3,49,8,10,6
4,50,5,10,21
5,98,5,10,9
6,29,89,10,7
self pickup customers
node_idx,x,y,service_time,demand,locker_idxs
7,88,51,10,18,19-17
8,20,70,10,2,21-18
9,61,62,10,24,19-15
10,1,65,10,22,21-18
flexible customers
node_idx,x,y,service_time,demand,locker_idxs
11,50,93,10,8,21-15
12,58,30,10,12,21-19-16
13,84,39,10,16,20-17-15
14,14,24,10,6,19-16
lockers
node_idx,x,y,service_time,capacity,cost_per_unit_good
15,65,88,10,80
16,25,15,10,91
17,93,12,10,89
18,22,88,10,89
19,44,51,10,96
20,98,78,10,91
21,53,29,10,98
mrt lines
start_node_idx,end_node_idx,freight_capacity,cost_per_unit_good
15,16,91,0.5
16,15,91,0.5
17,18,89,0.5
18,17,89,0.5
distance matrix
,0,1,2,3,4,5,6,7,8,9,10,11,12,13,14,15,16,17,18,19,20,21,
0,0.0,76.84,78.03,75.58,77.88,72.78,54.57,25.71,62.29,25.24,81.74,36.24,51.88,37.05,85.6,20.81,83.49,64.94,61.19,45.49,16.12,55.23
1,76.84,0.0,32.53,38.42,41.11,83.49,57.87,71.57,38.01,51.61,37.59,68.43,39.05,65.38,9.43,72.47,18.03,76.66,56.08,31.4,91.42,34.13
2,78.03,32.53,0.0,7.07,8.94,56.14,81.05,62.29,64.85,56.3,69.4,84.38,26.4,51.61,31.76,82.28,18.03,51.09,81.49,42.05,88.87,22.83
3,75.58,38.42,7.07,0.0,3.16,49.09,83.43,58.05,68.45,55.32,74.52,85.01,23.77,46.75,38.48,81.58,25.0,44.18,84.43,43.29,85.45,21.38
4,77.88,41.11,8.94,3.16,0.0,48.0,86.59,59.67,71.59,58.05,77.47,88.0,26.25,48.08,40.71,84.34,26.93,43.57,87.6,46.39,87.37,24.19
5,72.78,83.49,56.14,49.09,48.0,0.0,108.71,47.07,101.53,67.96,114.06,100.24,47.17,36.77,86.12,89.32,73.68,8.6,112.54,70.94,73.0,51.0
6,54.57,57.87,81.05,83.43,86.59,108.71,0.0,70.18,21.02,41.87,36.88,21.38,65.74,74.33,66.71,36.01,74.11,100.12,7.07,40.85,69.87,64.62
7,25.71,71.57,62.29,58.05,59.67,47.07,70.18,0.0,70.6,29.15,88.12,56.64,36.62,12.65,78.77,43.57,72.56,39.32,75.66,44.0,28.79,41.34
8,62.29,38.01,64.85,68.45,71.59,101.53,21.02,70.6,0.0,41.77,19.65,37.8,55.17,71.11,46.39,48.47,55.23,93.24,18.11,30.61,78.41,52.63
9,25.24,51.61,56.3,55.32,58.05,67.96,41.87,29.15,41.77,0.0,60.07,32.89,32.14,32.53,60.44,26.31,59.2,59.36,46.87,20.25,40.31,33.96
10,81.74,37.59,69.4,74.52,77.47,114.06,36.88,88.12,19.65,60.07,0.0,56.44,66.89,86.98,43.01,68.01,55.46,106.17,31.14,45.22,97.87,63.25
11,36.24,68.43,84.38,85.01,88.0,100.24,21.38,56.64,37.8,32.89,56.44,0.0,63.51,63.81,77.83,15.81,81.91,91.71,28.44,42.43,50.29,64.07
12,51.88,39.05,26.4,23.77,26.25,47.17,65.74,36.62,55.17,32.14,66.89,63.51,0.0,27.51,44.41,58.42,36.25,39.36,68.26,25.24,62.48,5.1
13,37.05,65.38,51.61,46.75,48.08,36.77,74.33,12.65,71.11,32.53,86.98,63.81,27.51,0.0,71.59,52.55,63.69,28.46,79.03,41.76,41.44,32.57
14,85.6,9.43,31.76,38.48,40.71,86.12,66.71,78.77,46.39,60.44,43.01,77.83,44.41,71.59,0.0,81.84,14.21,79.91,64.5,40.36,99.86,39.32
15,20.81,72.47,82.28,81.58,84.34,89.32,36.01,43.57,48.47,26.31,68.01,15.81,58.42,52.55,81.84,0.0,83.24,80.99,43.0,42.54,34.48,60.21
16,83.49,18.03,18.03,25.0,26.93,73.68,74.11,72.56,55.23,59.2,55.46,81.91,36.25,63.69,14.21,83.24,0.0,68.07,73.06,40.71,96.43,31.3
17,64.94,76.66,51.09,44.18,43.57,8.6,100.12,39.32,93.24,59.36,106.17,91.71,39.36,28.46,79.91,80.99,68.07,0.0,104.0,62.63,66.19,43.46
18,61.19,56.08,81.49,84.43,87.6,112.54,7.07,75.66,18.11,46.87,31.14,28.44,68.26,79.03,64.5,43.0,73.06,104.0,0.0,43.05,76.66,66.65
19,45.49,31.4,42.05,43.29,46.39,70.94,40.85,44.0,30.61,20.25,45.22,42.43,25.24,41.76,40.36,42.54,40.71,62.63,43.05,0.0,60.37,23.77
20,16.12,91.42,88.87,85.45,87.37,73.0,69.87,28.79,78.41,40.31,97.87,50.29,62.48,41.44,99.86,34.48,96.43,66.19,76.66,60.37,0.0,66.53
21,55.23,34.13,22.83,21.38,24.19,51.0,64.62,41.34,52.63,33.96,63.25,64.07,5.1,32.57,39.32,60.21,31.3,43.46,66.65,23.77,66.53,0.0
