vehicles
vehicle_idx, capacity, cost_per_unit_distance
1,100,3
2,100,3
3,100,3
depot
node_idx,x,y
0,82,76
home delivery customers
node_idx,x,y,service_time,demand
1,14,24,10,6
2,57,69,10,20
3,29,89,10,7
4,58,30,10,12
5,50,5,10,21
self pickup customers
node_idx,x,y,service_time,demand,locker_idxs
6,61,59,10,3,22-14
7,84,39,10,16,20-19-16
8,50,93,10,8,22-14
9,5,42,10,4,20-15
flexible customers
node_idx,x,y,service_time,demand,locker_idxs
10,98,5,10,9,20-16
11,9,97,10,24,20-17
12,61,62,10,24,22-20-14-18
13,84,25,10,16,22-16-19
lockers
node_idx,x,y,service_time,capacity,cost_per_unit_good
14,65,88,10,99
15,25,15,10,89
16,93,12,10,89
17,22,88,10,78
18,77,88,10,99
19,72,14,10,89
20,63,46,10,76
21,36,53,10,74
22,42,72,10,99
mrt lines
start_node_idx,end_node_idx,freight_capacity,cost_per_unit_good
14,15,99,0.5
15,14,99,0.5
16,17,89,0.5
17,16,89,0.5
18,19,99,0.5
19,18,99,0.5
distance matrix
,0,1,2,3,4,5,6,7,8,9,10,11,12,13,14,15,16,17,18,19,20,21,22,
0,0.0,85.6,25.96,54.57,51.88,77.88,27.02,37.05,36.24,84.17,72.78,75.96,25.24,51.04,20.81,83.49,64.94,61.19,13.0,62.8,35.51,51.43,40.2
1,85.6,0.0,62.24,66.71,44.41,40.71,58.6,71.59,77.83,20.12,86.12,73.17,60.44,70.01,81.84,14.21,79.91,64.5,89.81,58.86,53.71,36.4,55.57
2,25.96,62.24,0.0,34.41,39.01,64.38,10.77,40.36,25.0,58.59,76.01,55.57,8.06,51.62,20.62,62.77,67.42,39.82,27.59,57.01,23.77,26.4,15.3
3,54.57,66.71,34.41,0.0,65.74,86.59,43.86,74.33,21.38,52.77,108.71,21.54,41.87,84.39,36.01,74.11,100.12,7.07,48.01,86.45,54.82,36.67,21.4
4,51.88,44.41,39.01,65.74,0.0,26.25,29.15,27.51,63.51,54.34,47.17,83.01,32.14,26.48,58.42,36.25,39.36,68.26,61.03,21.26,16.76,31.83,44.94
5,77.88,40.71,64.38,86.59,26.25,0.0,55.11,48.08,88.0,58.26,48.0,100.72,58.05,39.45,84.34,26.93,43.57,87.6,87.28,23.77,43.01,50.0,67.48
6,27.02,58.6,10.77,43.86,29.15,55.11,0.0,30.48,35.74,58.52,65.46,64.4,3.0,41.05,29.27,56.85,56.86,48.6,33.12,46.32,13.15,25.71,23.02
7,37.05,71.59,40.36,74.33,27.51,48.08,30.48,0.0,63.81,79.06,36.77,94.81,32.53,14.0,52.55,63.69,28.46,79.03,49.5,27.73,22.14,50.0,53.41
8,36.24,77.83,25.0,21.38,63.51,88.0,35.74,63.81,0.0,68.01,100.24,41.19,32.89,76.03,15.81,81.91,91.71,28.44,27.46,82.01,48.76,42.38,22.47
9,84.17,20.12,58.59,52.77,54.34,58.26,58.52,79.06,68.01,0.0,100.09,55.15,59.46,80.81,75.6,33.6,92.97,49.04,85.44,72.62,58.14,32.89,47.63
10,72.78,86.12,76.01,108.71,47.17,48.0,65.46,36.77,100.24,100.09,0.0,128.0,67.96,24.41,89.32,73.68,8.6,112.54,85.62,27.51,53.91,78.41,87.32
11,75.96,73.17,55.57,21.54,83.01,100.72,64.4,94.81,41.19,55.15,128.0,0.0,62.68,103.97,56.72,83.55,119.5,15.81,68.59,104.2,74.28,51.62,41.4
12,25.24,60.44,8.06,41.87,32.14,58.05,3.0,32.53,32.89,59.46,67.96,62.68,0.0,43.57,26.31,59.2,59.36,46.87,30.53,49.24,16.12,26.57,21.47
13,51.04,70.01,51.62,84.39,26.48,39.45,41.05,14.0,76.03,80.81,24.41,103.97,43.57,0.0,65.8,59.84,15.81,88.39,63.39,16.28,29.7,55.57,63.03
14,20.81,81.84,20.62,36.01,58.42,84.34,29.27,52.55,15.81,75.6,89.32,56.72,26.31,65.8,0.0,83.24,80.99,43.0,12.0,74.33,42.05,45.45,28.02
15,83.49,14.21,62.77,74.11,36.25,26.93,56.85,63.69,81.91,33.6,73.68,83.55,59.2,59.84,83.24,0.0,68.07,73.06,89.63,47.01,49.04,39.56,59.48
16,64.94,79.91,67.42,100.12,39.36,43.57,56.86,28.46,91.71,92.97,8.6,119.5,59.36,15.81,80.99,68.07,0.0,104.0,77.67,21.1,45.34,70.21,78.75
17,61.19,64.5,39.82,7.07,68.26,87.6,48.6,79.03,28.44,49.04,112.54,15.81,46.87,88.39,43.0,73.06,104.0,0.0,55.0,89.31,58.69,37.7,25.61
18,13.0,89.81,27.59,48.01,61.03,87.28,33.12,49.5,27.46,85.44,85.62,68.59,30.53,63.39,12.0,89.63,77.67,55.0,0.0,74.17,44.27,53.91,38.48
19,62.8,58.86,57.01,86.45,21.26,23.77,46.32,27.73,82.01,72.62,27.51,104.2,49.24,16.28,74.33,47.01,21.1,89.31,74.17,0.0,33.24,53.08,65.3
20,35.51,53.71,23.77,54.82,16.76,43.01,13.15,22.14,48.76,58.14,53.91,74.28,16.12,29.7,42.05,49.04,45.34,58.69,44.27,33.24,0.0,27.89,33.42
21,51.43,36.4,26.4,36.67,31.83,50.0,25.71,50.0,42.38,32.89,78.41,51.62,26.57,55.57,45.45,39.56,70.21,37.7,53.91,53.08,27.89,0.0,19.92
22,40.2,55.57,15.3,21.4,44.94,67.48,23.02,53.41,22.47,47.63,87.32,41.4,21.47,63.03,28.02,59.48,78.75,25.61,38.48,65.3,33.42,19.92,0.0
