vehicles
vehicle_idx, capacity, cost_per_unit_distance
1,100,1
2,100,1
3,100,1
4,100,1
depot
node_idx,x,y
0,82,76
home delivery customers
node_idx,x,y,service_time,demand
1,49,8,15,6
2,23,15,15,15
3,98,14,15,12
4,84,25,15,16
5,84,39,15,16
6,91,2,15,19
7,61,62,15,24
8,50,5,15,21
9,2,39,15,16
10,1,65,15,22
11,96,44,15,19
12,19,32,15,1
13,29,89,15,7
14,20,70,15,2
15,42,9,15,8
self pickup customers
node_idx,x,y,service_time,demand,locker_idxs
16,61,59,15,3,26-28-29-31-30
17,14,24,15,6,27
18,98,5,15,9,24
19,50,93,15,8,25-26-28-29
20,13,7,15,19,27
21,9,97,15,24,25
flexible customers
node_idx,x,y,service_time,demand,locker_idxs
22,98,52,15,21,24-31
23,5,42,15,4,28-27
lockers
node_idx,x,y,service_time,capacity,cost_per_unit_good
24,93,12,10,97,100
25,22,88,10,77,100
26,65,88,10,89,100
27,25,15,10,90,100
28,43,54,10,71,100
29,52,54,10,91,100
30,49,46,10,84,100
31,59,46,10,71,100
mrt lines
start_node_idx,end_node_idx,freight_capacity,cost_per_unit_good
24,25,97,1
25,24,97,1
26,27,90,1
27,26,90,1
distance matrix
,0,1,2,3,4,5,6,7,8,9,10,11,12,13,14,15,16,17,18,19,20,21,22,23,24,25,26,27,28,29,30,31,
0,0.0,75.58,84.86,64.03,51.04,37.05,74.55,25.24,77.88,88.14,81.74,34.93,76.84,54.57,62.29,78.03,27.02,85.6,72.78,36.24,97.58,75.96,28.84,84.17,64.94,61.19,20.81,83.49,44.78,37.2,44.6,37.8
1,75.58,0.0,26.93,49.37,38.91,46.75,42.43,55.32,3.16,56.3,74.52,59.2,38.42,83.43,68.45,7.07,52.39,38.48,49.09,85.01,36.01,97.58,65.86,55.61,44.18,84.43,81.58,25.0,46.39,46.1,38.0,39.29
2,84.86,26.93,0.0,75.01,61.81,65.55,69.23,60.44,28.79,31.89,54.63,78.55,17.46,74.24,55.08,19.92,58.14,12.73,75.66,82.54,12.81,83.19,83.63,32.45,70.06,73.01,84.22,2.0,43.83,48.6,40.46,47.51
3,64.03,49.37,75.01,0.0,17.8,28.65,13.89,60.61,48.84,99.2,109.59,30.07,81.02,101.91,96.02,56.22,58.26,84.59,9.0,92.44,85.29,121.7,38.0,97.12,5.39,106.08,81.02,73.01,68.01,60.96,58.52,50.45
4,51.04,38.91,61.81,17.8,0.0,14.0,24.04,43.57,39.45,83.19,92.14,22.47,65.38,84.39,78.24,44.94,41.05,70.01,24.41,76.03,73.25,103.97,30.41,80.81,15.81,88.39,65.8,59.84,50.22,43.19,40.82,32.65
5,37.05,46.75,65.55,28.65,14.0,0.0,37.66,32.53,48.08,82.0,86.98,13.0,65.38,74.33,71.11,51.61,30.48,71.59,36.77,63.81,77.88,94.81,19.1,79.06,28.46,79.03,52.55,63.69,43.66,35.34,35.69,25.96
6,74.55,42.43,69.23,13.89,24.04,37.66,0.0,67.08,41.11,96.38,109.86,42.3,78.0,106.83,98.31,49.5,64.41,80.08,7.62,99.81,78.16,125.5,50.49,94.85,10.2,110.26,89.84,67.27,70.77,65.0,60.83,54.41
7,25.24,55.32,60.44,60.61,43.57,32.53,67.08,0.0,58.05,63.32,60.07,39.36,51.61,41.87,41.77,56.3,3.0,60.44,67.96,32.89,73.0,62.68,38.33,59.46,59.36,46.87,26.31,59.2,19.7,12.04,20.0,16.12
8,77.88,3.16,28.79,48.84,39.45,48.08,41.11,58.05,0.0,58.82,77.47,60.31,41.11,86.59,71.59,8.94,55.11,40.71,48.0,88.0,37.05,100.72,67.18,58.26,43.57,87.6,84.34,26.93,49.5,49.04,41.01,41.98
9,88.14,56.3,31.89,99.2,83.19,82.0,96.38,63.32,58.82,0.0,26.02,94.13,18.38,56.82,35.85,50.0,62.3,19.21,101.84,72.25,33.84,58.42,96.88,4.24,94.92,52.92,79.81,33.24,43.66,52.2,47.52,57.43
10,81.74,74.52,54.63,109.59,92.14,86.98,109.86,60.07,77.47,26.02,0.0,97.29,37.59,36.88,19.65,69.4,60.3,43.01,114.06,56.44,59.23,32.98,97.87,23.35,106.17,31.14,68.01,55.46,43.42,52.17,51.62,61.03
11,34.93,59.2,78.55,30.07,22.47,13.0,42.3,39.36,60.31,94.13,97.29,0.0,77.93,80.71,80.32,64.35,38.08,84.4,39.05,67.21,90.87,101.87,8.25,91.02,32.14,86.09,53.82,76.69,53.94,45.12,47.04,37.05
12,76.84,38.42,17.46,81.02,65.38,65.38,78.0,51.61,41.11,18.38,37.59,77.93,0.0,57.87,38.01,32.53,49.93,9.43,83.49,68.43,25.71,65.76,81.49,17.2,76.66,56.08,72.47,18.03,32.56,39.66,33.11,42.38
13,54.57,83.43,74.24,101.91,84.39,74.33,106.83,41.87,86.59,56.82,36.88,80.71,57.87,0.0,21.02,81.05,43.86,66.71,108.71,21.38,83.55,21.54,78.29,52.77,100.12,7.07,36.01,74.11,37.7,41.88,47.42,52.43
14,62.29,68.45,55.08,96.02,78.24,71.11,98.31,41.77,71.59,35.85,19.65,80.32,38.01,21.02,0.0,64.85,42.45,46.39,101.53,37.8,63.39,29.15,80.05,31.76,93.24,18.11,48.47,55.23,28.02,35.78,37.64,45.79
15,78.03,7.07,19.92,56.22,44.94,51.61,49.5,56.3,8.94,50.0,69.4,64.35,32.53,81.05,64.85,0.0,53.49,31.76,56.14,84.38,29.07,93.98,70.6,49.58,51.09,81.49,82.28,18.03,45.01,46.1,37.66,40.72
16,27.02,52.39,58.14,58.26,41.05,30.48,64.41,3.0,55.11,62.3,60.3,38.08,49.93,43.86,42.45,53.49,0.0,58.6,65.46,35.74,70.77,64.4,37.66,58.52,56.86,48.6,29.27,56.85,18.68,10.3,17.69,13.15
17,85.6,38.48,12.73,84.59,70.01,71.59,80.08,60.44,40.71,19.21,43.01,84.4,9.43,66.71,46.39,31.76,58.6,0.0,86.12,77.83,17.03,73.17,88.54,20.12,79.91,64.5,81.84,14.21,41.73,48.41,41.34,50.09
18,72.78,49.09,75.66,9.0,24.41,36.77,7.62,67.96,48.0,101.84,114.06,39.05,83.49,108.71,101.53,56.14,65.46,86.12,0.0,100.24,85.02,128.0,47.0,100.09,8.6,112.54,89.32,73.68,73.66,67.21,63.89,56.59
19,36.24,85.01,82.54,92.44,76.03,63.81,99.81,32.89,88.0,72.25,56.44,67.21,68.43,21.38,37.8,84.38,35.74,77.83,100.24,0.0,93.62,41.19,63.13,68.01,91.71,28.44,15.81,81.91,39.62,39.05,47.01,47.85
20,97.58,36.01,12.81,85.29,73.25,77.88,78.16,73.0,37.05,33.84,59.23,90.87,25.71,83.55,63.39,29.07,70.77,17.03,85.02,93.62,0.0,90.09,96.18,35.9,80.16,81.5,96.25,14.42,55.76,61.07,53.08,60.31
21,75.96,97.58,83.19,121.7,103.97,94.81,125.5,62.68,100.72,58.42,32.98,101.87,65.76,21.54,29.15,93.98,64.4,73.17,128.0,41.19,90.09,0.0,99.73,55.15,119.5,15.81,56.72,83.55,54.82,60.81,64.82,71.42
22,28.84,65.86,83.63,38.0,30.41,19.1,50.49,38.33,67.18,96.88,97.87,8.25,81.49,78.29,80.05,70.6,37.66,88.54,47.0,63.13,96.18,99.73,0.0,93.54,40.31,84.1,48.84,81.84,55.04,46.04,49.37,39.46
23,84.17,55.61,32.45,97.12,80.81,79.06,94.85,59.46,58.26,4.24,23.35,91.02,17.2,52.77,31.76,49.58,58.52,20.12,100.09,68.01,35.9,55.15,93.54,0.0,92.97,49.04,75.6,33.6,39.85,48.51,44.18,54.15
24,64.94,44.18,70.06,5.39,15.81,28.46,10.2,59.36,43.57,94.92,106.17,32.14,76.66,100.12,93.24,51.09,56.86,79.91,8.6,91.71,80.16,119.5,40.31,92.97,0.0,104.0,80.99,68.07,65.3,58.69,55.61,48.08
25,61.19,84.43,73.01,106.08,88.39,79.03,110.26,46.87,87.6,52.92,31.14,86.09,56.08,7.07,18.11,81.49,48.6,64.5,112.54,28.44,81.5,15.81,84.1,49.04,104.0,0.0,43.0,73.06,39.96,45.34,49.93,55.97
26,20.81,81.58,84.22,81.02,65.8,52.55,89.84,26.31,84.34,79.81,68.01,53.82,72.47,36.01,48.47,82.28,29.27,81.84,89.32,15.81,96.25,56.72,48.84,75.6,80.99,43.0,0.0,83.24,40.5,36.4,44.94,42.43
27,83.49,25.0,2.0,73.01,59.84,63.69,67.27,59.2,26.93,33.24,55.46,76.69,18.03,74.11,55.23,18.03,56.85,14.21,73.68,81.91,14.42,83.55,81.84,33.6,68.07,73.06,83.24,0.0,42.95,47.43,39.2,46.01
28,44.78,46.39,43.83,68.01,50.22,43.66,70.77,19.7,49.5,43.66,43.42,53.94,32.56,37.7,28.02,45.01,18.68,41.73,73.66,39.62,55.76,54.82,55.04,39.85,65.3,39.96,40.5,42.95,0.0,9.0,10.0,17.89
29,37.2,46.1,48.6,60.96,43.19,35.34,65.0,12.04,49.04,52.2,52.17,45.12,39.66,41.88,35.78,46.1,10.3,48.41,67.21,39.05,61.07,60.81,46.04,48.51,58.69,45.34,36.4,47.43,9.0,0.0,8.54,10.63
30,44.6,38.0,40.46,58.52,40.82,35.69,60.83,20.0,41.01,47.52,51.62,47.04,33.11,47.42,37.64,37.66,17.69,41.34,63.89,47.01,53.08,64.82,49.37,44.18,55.61,49.93,44.94,39.2,10.0,8.54,0.0,10.0
31,37.8,39.29,47.51,50.45,32.65,25.96,54.41,16.12,41.98,57.43,61.03,37.05,42.38,52.43,45.79,40.72,13.15,50.09,56.59,47.85,60.31,71.42,39.46,54.15,48.08,55.97,42.43,46.01,17.89,10.63,10.0,0.0
