set K:= 1	2	3	4;
set C_H:= 1	2	3	4	5	6	7	8	9	10	11	12	13	14;
set C_S:= 15	16	17	18	19	20;
set C_F:= 21	22;
set M:= 23	24	25	26;
set L_B:= 27	28	29	30;
set A1:=
(0,*) 1 2 3 4 5 6 7 8 9 10 11 12 13 14 21 22 23 24 25 26 27 28 29 30
(1,*) 0 2 3 4 5 6 7 8 9 10 11 12 13 14 21 22 23 24 25 26 27 28 29 30
(2,*) 0 1 3 4 5 6 7 8 9 10 11 12 13 14 21 22 23 24 25 26 27 28 29 30
(3,*) 0 1 2 4 5 6 7 8 9 10 11 12 13 14 21 22 23 24 25 26 27 28 29 30
(4,*) 0 1 2 3 5 6 7 8 9 10 11 12 13 14 21 22 23 24 25 26 27 28 29 30
(5,*) 0 1 2 3 4 6 7 8 9 10 11 12 13 14 21 22 23 24 25 26 27 28 29 30
(6,*) 0 1 2 3 4 5 7 8 9 10 11 12 13 14 21 22 23 24 25 26 27 28 29 30
(7,*) 0 1 2 3 4 5 6 8 9 10 11 12 13 14 21 22 23 24 25 26 27 28 29 30
(8,*) 0 1 2 3 4 5 6 7 9 10 11 12 13 14 21 22 23 24 25 26 27 28 29 30
(9,*) 0 1 2 3 4 5 6 7 8 10 11 12 13 14 21 22 23 24 25 26 27 28 29 30
(10,*) 0 1 2 3 4 5 6 7 8 9 11 12 13 14 21 22 23 24 25 26 27 28 29 30
(11,*) 0 1 2 3 4 5 6 7 8 9 10 12 13 14 21 22 23 24 25 26 27 28 29 30
(12,*) 0 1 2 3 4 5 6 7 8 9 10 11 13 14 21 22 23 24 25 26 27 28 29 30
(13,*) 0 1 2 3 4 5 6 7 8 9 10 11 12 14 21 22 23 24 25 26 27 28 29 30
(14,*) 0 1 2 3 4 5 6 7 8 9 10 11 12 13 21 22 23 24 25 26 27 28 29 30
(21,*) 0 1 2 3 4 5 6 7 8 9 10 11 12 13 14 22 23 24 25 26 27 28 29 30
(22,*) 0 1 2 3 4 5 6 7 8 9 10 11 12 13 14 21 23 24 25 26 27 28 29 30
(23,*) 0 1 2 3 4 5 6 7 8 9 10 11 12 13 14 21 22 24 25 26 27 28 29 30
(24,*) 0 1 2 3 4 5 6 7 8 9 10 11 12 13 14 21 22 23 25 26 27 28 29 30
(25,*) 0 1 2 3 4 5 6 7 8 9 10 11 12 13 14 21 22 23 24 26 27 28 29 30
(26,*) 0 1 2 3 4 5 6 7 8 9 10 11 12 13 14 21 22 23 24 25 27 28 29 30
(27,*) 0 1 2 3 4 5 6 7 8 9 10 11 12 13 14 21 22 23 24 25 26 28 29 30
(28,*) 0 1 2 3 4 5 6 7 8 9 10 11 12 13 14 21 22 23 24 25 26 27 29 30
(29,*) 0 1 2 3 4 5 6 7 8 9 10 11 12 13 14 21 22 23 24 25 26 27 28 30
(30,*) 0 1 2 3 4 5 6 7 8 9 10 11 12 13 14 21 22 23 24 25 26 27 28 29
;
set A2:=
(23,*) 24
(24,*) 23
(25,*) 26
(26,*) 25
;
param BigM:=99999;
param n:= 4;
param d:=
1	22
2	19
3	3
4	7
5	8
6	8
7	18
8	9
9	21
10	12
11	4
12	1
13	6
14	14
15	21
16	16
17	20
18	8
19	12
20	2
21	2
22	6
;
param Q:=100;
param w:=
[23,*] 24 1
[24,*] 23 1
[25,*] 26 1
[26,*] 25 1
;
param V:=
[23,*] 24 84
[24,*] 23 84
[25,*] 26 100
[26,*] 25 100
;
param f:=
23	100
24	100
25	100
26	100
27	100
28	100
29	100
30	100
;
param e:
	23	24	25	26	27	28	29	30:=
15	0	0	0	0	0	1	0	1	
16	1	0	0	0	0	1	0	1	
17	0	0	1	0	1	1	1	1	
18	0	0	0	1	1	0	1	0	
19	0	0	0	1	1	1	1	1	
20	0	0	1	0	1	1	1	1	
21	0	1	0	0	1	0	1	0	
22	0	0	0	1	1	0	0	0	
;
param p:=
1	1
2	1
3	1
4	1
;
param G:=
23	80
24	84
25	100
26	100
27	96
28	98
29	99
30	71
;
param s:=
0	0
1	15
2	15
3	15
4	15
5	15
6	15
7	15
8	15
9	15
10	15
11	15
12	15
13	15
14	15
21	15
22	15
23	10
24	10
25	10
26	10
27	10
28	10
29	10
30	10
;
param t:
	0	1	2	3	4	5	6	7	8	9	10	11	12	13	14	15	16	17	18	19	20	21	22	23	24	25	26	27	28	29	30:=
0	0.0	81.74	97.58	27.02	54.57	79.23	36.24	25.71	72.78	77.88	64.03	84.17	76.84	75.58	16.28	28.84	51.04	25.96	78.03	51.88	21.1	62.29	85.6	64.94	61.19	20.81	83.49	48.01	34.06	46.23	37.74
1	81.74	0.0	59.23	60.3	36.88	17.12	56.44	88.12	114.06	77.47	109.59	23.35	37.59	74.52	84.15	97.87	92.14	56.14	69.4	66.89	79.63	19.65	43.01	106.17	31.14	68.01	55.46	45.31	86.13	48.47	64.51
2	97.58	59.23	0.0	70.77	83.55	75.66	93.62	86.95	85.02	37.05	85.29	35.9	25.71	36.01	89.4	96.18	73.25	76.03	29.07	50.54	82.42	63.39	17.03	80.16	81.5	96.25	14.42	50.8	79.16	51.86	61.4
3	27.02	60.3	70.77	0.0	43.86	62.39	35.74	28.16	65.46	55.11	58.26	58.52	49.93	52.39	24.02	37.66	41.05	10.77	53.49	29.15	19.42	42.45	58.6	56.86	48.6	29.27	56.85	21.1	28.6	19.21	15.03
4	54.57	36.88	83.55	43.86	0.0	26.93	21.38	70.18	108.71	86.59	101.91	52.77	57.87	83.43	63.06	78.29	84.39	34.41	81.05	65.74	61.29	21.02	66.71	100.12	7.07	36.01	74.11	43.32	72.35	45.31	55.8
5	79.23	17.12	75.66	62.39	26.93	0.0	48.27	90.48	122.29	90.21	116.83	40.05	52.5	87.13	84.9	99.62	99.05	55.54	82.76	75.69	81.6	20.81	59.03	114.02	19.92	62.29	70.52	52.5	90.34	55.44	70.18
6	36.24	56.44	93.62	35.74	21.38	48.27	0.0	56.64	100.24	88.0	92.44	68.01	68.43	85.01	48.1	63.13	76.03	25.0	84.38	63.51	48.41	37.8	77.83	91.71	28.44	15.81	81.91	45.54	61.29	46.17	50.45
7	25.71	88.12	86.95	28.16	70.18	90.48	56.64	0.0	47.07	59.67	38.33	83.49	71.57	58.05	9.49	10.05	26.31	35.85	62.29	36.62	8.94	70.6	78.77	39.32	75.66	43.57	72.56	45.1	9.85	42.19	26.93
8	72.78	114.06	85.02	65.46	108.71	122.29	100.24	47.07	0.0	48.0	9.0	100.09	83.49	49.09	56.52	47.0	24.41	76.01	56.14	47.17	53.14	101.53	86.12	8.6	112.54	89.32	73.68	69.81	39.56	66.84	53.08
9	77.88	77.47	37.05	55.11	86.59	90.21	88.0	59.67	48.0	0.0	48.84	58.26	41.11	3.16	65.19	67.18	39.45	64.38	8.94	26.25	58.31	71.59	40.71	43.57	87.6	84.34	26.93	43.57	50.25	42.19	40.8
10	64.03	109.59	85.29	58.26	101.91	116.83	92.44	38.33	9.0	48.84	0.0	97.12	81.02	49.37	47.8	38.0	17.8	68.6	56.22	43.08	44.78	96.02	84.59	5.39	106.08	81.02	73.01	64.66	31.3	61.59	46.86
11	84.17	23.35	35.9	58.52	52.77	40.05	68.01	83.49	100.09	58.26	97.12	0.0	17.2	55.61	82.0	93.54	80.81	58.59	49.58	54.34	76.12	31.76	20.12	92.97	49.04	75.6	33.6	38.47	79.0	41.3	57.04
12	76.84	37.59	25.71	49.93	57.87	52.5	68.43	71.57	83.49	41.11	81.02	17.2	0.0	38.42	71.69	81.49	65.38	53.04	32.53	39.05	65.19	38.01	9.43	76.66	56.08	72.47	18.03	28.84	65.76	30.89	44.64
13	75.58	74.52	36.01	52.39	83.43	87.13	85.01	58.05	49.09	3.16	49.37	55.61	38.42	0.0	63.25	65.86	38.91	61.52	7.07	23.77	56.3	68.45	38.48	44.18	84.43	81.58	25.0	40.45	48.8	39.12	38.28
14	16.28	84.15	89.4	24.02	63.06	84.9	48.1	9.49	56.52	65.19	47.8	82.0	71.69	63.25	0.0	15.26	35.01	29.41	66.71	40.36	7.07	65.76	79.61	48.66	68.94	34.41	75.0	43.68	18.03	41.11	28.02
15	28.84	97.87	96.18	37.66	78.29	99.62	63.13	10.05	47.0	67.18	38.0	93.54	81.49	65.86	15.26	0.0	30.41	44.38	70.6	45.65	18.25	80.05	88.54	40.31	84.1	48.84	81.84	55.15	17.2	52.24	36.88
16	51.04	92.14	73.25	41.05	84.39	99.05	76.03	26.31	24.41	39.45	17.8	80.81	65.38	38.91	35.01	30.41	0.0	51.62	44.94	26.48	30.27	78.24	70.01	15.81	88.39	65.8	59.84	47.01	17.0	43.91	29.07
17	25.96	56.14	76.03	10.77	34.41	55.54	25.0	35.85	76.01	64.38	68.6	58.59	53.04	61.52	29.41	44.38	51.62	0.0	61.85	39.01	26.93	37.01	62.24	67.42	39.82	20.62	62.77	25.24	38.18	24.6	25.5
18	78.03	69.4	29.07	53.49	81.05	82.76	84.38	62.29	56.14	8.94	56.22	49.58	32.53	7.07	66.71	70.6	44.94	61.85	0.0	26.4	59.67	64.85	31.76	51.09	81.49	82.28	18.03	39.01	53.41	38.21	40.31
19	51.88	66.89	50.54	29.15	65.74	75.69	63.51	36.62	47.17	26.25	43.08	54.34	39.05	23.77	40.36	45.65	26.48	39.01	26.4	0.0	33.3	55.17	44.41	39.36	68.26	58.42	36.25	23.43	28.64	20.81	14.56
20	21.1	79.63	82.42	19.42	61.29	81.6	48.41	8.94	53.14	58.31	44.78	76.12	65.19	56.3	7.07	18.25	30.27	26.93	59.67	33.3	0.0	61.85	72.92	44.92	66.73	36.25	68.01	37.66	13.6	34.93	21.1
21	62.29	19.65	63.39	42.45	21.02	20.81	37.8	70.6	101.53	71.59	96.02	31.76	38.01	68.45	65.76	80.05	78.24	37.01	64.85	55.17	61.85	0.0	46.39	93.24	18.11	48.47	55.23	31.83	69.86	34.71	49.4
22	85.6	43.01	17.03	58.6	66.71	59.03	77.83	78.77	86.12	40.71	84.59	20.12	9.43	38.48	79.61	88.54	70.01	62.24	31.76	44.41	72.92	46.39	0.0	79.91	64.5	81.84	14.21	37.64	72.28	39.41	52.0
23	64.94	106.17	80.16	56.86	100.12	114.02	91.71	39.32	8.6	43.57	5.39	92.97	76.66	44.18	48.66	40.31	15.81	67.42	51.09	39.36	44.92	93.24	79.91	0.0	104.0	80.99	68.07	61.61	31.32	58.6	44.55
24	61.19	31.14	81.5	48.6	7.07	19.92	28.44	75.66	112.54	87.6	106.08	49.04	56.08	84.43	68.94	84.1	88.39	39.82	81.49	68.26	66.73	18.11	64.5	104.0	0.0	43.0	73.06	45.18	77.2	47.51	59.46
25	20.81	68.01	96.25	29.27	36.01	62.29	15.81	43.57	89.32	84.34	81.02	75.6	72.47	81.58	34.41	48.84	65.8	20.62	82.28	58.42	36.25	48.47	81.84	80.99	43.0	0.0	83.24	45.65	49.77	45.19	44.1
26	83.49	55.46	14.42	56.85	74.11	70.52	81.91	72.56	73.68	26.93	73.01	33.6	18.03	25.0	75.0	81.84	59.84	62.77	18.03	36.25	68.01	55.23	14.21	68.07	73.06	83.24	0.0	37.59	64.88	38.28	47.01
27	48.01	45.31	50.8	21.1	43.32	52.5	45.54	45.1	69.81	43.57	64.66	38.47	28.84	40.45	43.68	55.15	47.01	25.24	39.01	23.43	37.66	31.83	37.64	61.61	45.18	45.65	37.59	0.0	41.44	3.16	19.42
28	34.06	86.13	79.16	28.6	72.35	90.34	61.29	9.85	39.56	50.25	31.3	79.0	65.76	48.8	18.03	17.2	17.0	38.18	53.41	28.64	13.6	69.86	72.28	31.32	77.2	49.77	64.88	41.44	0.0	38.33	22.09
29	46.23	48.47	51.86	19.21	45.31	55.44	46.17	42.19	66.84	42.19	61.59	41.3	30.89	39.12	41.11	52.24	43.91	24.6	38.21	20.81	34.93	34.71	39.41	58.6	47.51	45.19	38.28	3.16	38.33	0.0	16.28
30	37.74	64.51	61.4	15.03	55.8	70.18	50.45	26.93	53.08	40.8	46.86	57.04	44.64	38.28	28.02	36.88	29.07	25.5	40.31	14.56	21.1	49.4	52.0	44.55	59.46	44.1	47.01	19.42	22.09	16.28	0.0
;
