vehicles
vehicle_idx, capacity, cost_per_unit_distance
1,100,1
2,100,1
3,100,1
4,100,1
depot
node_idx,x,y
0,82,76
home delivery customers
node_idx,x,y,service_time,demand
1,88,51,15,18
2,9,97,15,24
3,3,82,15,8
4,84,39,15,16
5,20,70,15,2
6,42,9,15,8
7,84,25,15,16
8,57,69,15,20
9,23,15,15,15
10,85,60,15,14
11,96,44,15,19
12,50,5,15,21
13,19,32,15,1
self pickup customers
node_idx,x,y,service_time,demand,locker_idxs
14,50,93,15,8,23-24-26
15,5,10,15,14,25
16,14,24,15,6,25-27-29
17,98,5,15,9,22
18,2,39,15,16,25-29
19,61,59,15,3,24-26-28-29-27
flexible customers
node_idx,x,y,service_time,demand,locker_idxs
20,91,2,15,19,22
21,80,55,15,2,27-24-28-26
lockers
node_idx,x,y,service_time,capacity,cost_per_unit_good
22,93,12,10,100,100
23,22,88,10,94,100
24,65,88,10,74,100
25,25,15,10,88,100
26,52,53,10,80,100
27,49,36,10,87,100
28,57,49,10,89,100
29,40,40,10,94,100
mrt lines
start_node_idx,end_node_idx,freight_capacity,cost_per_unit_good
22,23,100,1
23,22,100,1
24,25,88,1
25,24,88,1
distance matrix
,0,1,2,3,4,5,6,7,8,9,10,11,12,13,14,15,16,17,18,19,20,21,22,23,24,25,26,27,28,29,
0,0.0,25.71,75.96,79.23,37.05,62.29,78.03,51.04,25.96,84.86,16.28,34.93,77.88,76.84,36.24,101.41,85.6,72.78,88.14,27.02,74.55,21.1,64.94,61.19,20.81,83.49,37.8,51.86,36.8,55.32
1,25.71,0.0,91.42,90.48,12.65,70.6,62.29,26.31,35.85,74.3,9.49,10.63,59.67,71.57,56.64,92.57,78.77,47.07,86.83,28.16,49.09,8.94,39.32,75.66,43.57,72.56,36.06,41.79,31.06,49.24
2,75.96,91.42,0.0,16.16,94.81,29.15,93.98,103.97,55.57,83.19,84.53,101.87,100.72,65.76,41.19,87.09,73.17,128.0,58.42,64.4,125.5,82.49,119.5,15.81,56.72,83.55,61.52,72.95,67.88,64.88
3,79.23,90.48,16.16,0.0,91.71,20.81,82.76,99.05,55.54,69.92,84.9,100.46,90.21,52.5,48.27,72.03,59.03,122.29,43.01,62.39,118.93,81.6,114.02,19.92,62.29,70.52,56.94,65.05,63.29,55.97
4,37.05,12.65,94.81,91.71,0.0,71.11,51.61,14.0,40.36,65.55,21.02,13.0,48.08,65.38,63.81,84.15,71.59,36.77,82.0,30.48,37.66,16.49,28.46,79.03,52.55,63.69,34.93,35.13,28.79,44.01
5,62.29,70.6,29.15,20.81,71.11,0.0,64.85,78.24,37.01,55.08,65.76,80.32,71.59,38.01,37.8,61.85,46.39,101.53,35.85,42.45,98.31,61.85,93.24,18.11,48.47,55.23,36.24,44.69,42.54,36.06
6,78.03,62.29,93.98,82.76,51.61,64.85,0.0,44.94,61.85,19.92,66.71,64.35,8.94,32.53,84.38,37.01,31.76,56.14,50.0,53.49,49.5,59.67,51.09,81.49,82.28,18.03,45.12,27.89,42.72,31.06
7,51.04,26.31,103.97,99.05,14.0,78.24,44.94,0.0,51.62,61.81,35.01,22.47,39.45,65.38,76.03,80.41,70.01,24.41,83.19,41.05,24.04,30.27,15.81,88.39,65.8,59.84,42.52,36.69,36.12,46.49
8,25.96,35.85,55.57,55.54,40.36,37.01,61.85,51.62,0.0,63.81,29.41,46.32,64.38,53.04,25.0,78.64,62.24,76.01,62.65,10.77,75.13,26.93,67.42,39.82,20.62,62.77,16.76,33.96,20.0,33.62
9,84.86,74.3,83.19,69.92,65.55,55.08,19.92,61.81,63.81,0.0,76.61,78.55,28.79,17.46,82.54,18.68,12.73,75.66,31.89,58.14,69.23,69.63,70.06,73.01,84.22,2.0,47.8,33.42,48.08,30.23
10,16.28,9.49,84.53,84.9,21.02,65.76,66.71,35.01,29.41,76.61,0.0,19.42,65.19,71.69,48.1,94.34,79.61,56.52,85.62,24.02,58.31,7.07,48.66,68.94,34.41,75.0,33.73,43.27,30.08,49.24
11,34.93,10.63,101.87,100.46,13.0,80.32,64.35,22.47,46.32,78.55,19.42,0.0,60.31,77.93,67.21,97.14,84.4,39.05,94.13,38.08,42.3,19.42,32.14,86.09,53.82,76.69,44.91,47.68,39.32,56.14
12,77.88,59.67,100.72,90.21,48.08,71.59,8.94,39.45,64.38,28.79,65.19,60.31,0.0,41.11,88.0,45.28,40.71,48.0,58.82,55.11,41.11,58.31,43.57,87.6,84.34,26.93,48.04,31.02,44.55,36.4
13,76.84,71.57,65.76,52.5,65.38,38.01,32.53,65.38,53.04,17.46,71.69,77.93,41.11,0.0,68.43,26.08,9.43,83.49,18.38,49.93,78.0,65.19,76.66,56.08,72.47,18.03,39.12,30.27,41.63,22.47
14,36.24,56.64,41.19,48.27,63.81,37.8,84.38,76.03,25.0,82.54,48.1,67.21,88.0,68.43,0.0,94.41,77.83,100.24,72.25,35.74,99.81,48.41,91.71,28.44,15.81,81.91,40.05,57.01,44.55,53.94
15,101.41,92.57,87.09,72.03,84.15,61.85,37.01,80.41,78.64,18.68,94.34,97.14,45.28,26.08,94.41,0.0,16.64,93.13,29.15,74.41,86.37,87.46,88.02,79.83,98.41,20.62,63.7,51.11,65.0,46.1
16,85.6,78.77,73.17,59.03,71.59,46.39,31.76,70.01,62.24,12.73,79.61,84.4,40.71,9.43,77.83,16.64,0.0,86.12,19.21,58.6,80.08,72.92,79.91,64.5,81.84,14.21,47.8,37.0,49.74,30.53
17,72.78,47.07,128.0,122.29,36.77,101.53,56.14,24.41,76.01,75.66,56.52,39.05,48.0,83.49,100.24,93.13,86.12,0.0,101.84,65.46,7.62,53.14,8.6,112.54,89.32,73.68,66.48,57.98,60.14,67.74
18,88.14,86.83,58.42,43.01,82.0,35.85,50.0,83.19,62.65,31.89,85.62,94.13,58.82,18.38,72.25,29.15,19.21,101.84,0.0,62.3,96.38,79.62,94.92,52.92,79.81,33.24,51.92,47.1,55.9,38.01
19,27.02,28.16,64.4,62.39,30.48,42.45,53.49,41.05,10.77,58.14,24.02,38.08,55.11,49.93,35.74,74.41,58.6,65.46,62.3,0.0,64.41,19.42,56.86,48.6,29.27,56.85,10.82,25.94,10.77,28.32
20,74.55,49.09,125.5,118.93,37.66,98.31,49.5,24.04,75.13,69.23,58.31,42.3,41.11,78.0,99.81,86.37,80.08,7.62,96.38,64.41,0.0,54.13,10.2,110.26,89.84,67.27,64.2,54.04,58.01,63.6
21,21.1,8.94,82.49,81.6,16.49,61.85,59.67,30.27,26.93,69.63,7.07,19.42,58.31,65.19,48.41,87.46,72.92,53.14,79.62,19.42,54.13,0.0,44.92,66.73,36.25,68.01,28.07,36.36,23.77,42.72
22,64.94,39.32,119.5,114.02,28.46,93.24,51.09,15.81,67.42,70.06,48.66,32.14,43.57,76.66,91.71,88.02,79.91,8.6,94.92,56.86,10.2,44.92,0.0,104.0,80.99,68.07,57.98,50.12,51.62,59.94
23,61.19,75.66,15.81,19.92,79.03,18.11,81.49,88.39,39.82,73.01,68.94,86.09,87.6,56.08,28.44,79.83,64.5,112.54,52.92,48.6,110.26,66.73,104.0,0.0,43.0,73.06,46.1,58.59,52.4,51.26
24,20.81,43.57,56.72,62.29,52.55,48.47,82.28,65.8,20.62,84.22,34.41,53.82,84.34,72.47,15.81,98.41,81.84,89.32,79.81,29.27,89.84,36.25,80.99,43.0,0.0,83.24,37.34,54.41,39.81,54.12
25,83.49,72.56,83.55,70.52,63.69,55.23,18.03,59.84,62.77,2.0,75.0,76.69,26.93,18.03,81.91,20.62,14.21,73.68,33.24,56.85,67.27,68.01,68.07,73.06,83.24,0.0,46.62,31.89,46.69,29.15
26,37.8,36.06,61.52,56.94,34.93,36.24,45.12,42.52,16.76,47.8,33.73,44.91,48.04,39.12,40.05,63.7,47.8,66.48,51.92,10.82,64.2,28.07,57.98,46.1,37.34,46.62,0.0,17.26,6.4,17.69
27,51.86,41.79,72.95,65.05,35.13,44.69,27.89,36.69,33.96,33.42,43.27,47.68,31.02,30.27,57.01,51.11,37.0,57.98,47.1,25.94,54.04,36.36,50.12,58.59,54.41,31.89,17.26,0.0,15.26,9.85
28,36.8,31.06,67.88,63.29,28.79,42.54,42.72,36.12,20.0,48.08,30.08,39.32,44.55,41.63,44.55,65.0,49.74,60.14,55.9,10.77,58.01,23.77,51.62,52.4,39.81,46.69,6.4,15.26,0.0,19.24
29,55.32,49.24,64.88,55.97,44.01,36.06,31.06,46.49,33.62,30.23,49.24,56.14,36.4,22.47,53.94,46.1,30.53,67.74,38.01,28.32,63.6,42.72,59.94,51.26,54.12,29.15,17.69,9.85,19.24,0.0
