vehicles
vehicle_idx, capacity, cost_per_unit_distance
1,100,1
2,100,1
3,100,1
4,100,1
depot
node_idx,x,y
0,82,76
home delivery customers
node_idx,x,y,service_time,demand
1,57,69,15,20
2,58,30,15,12
3,93,3,15,24
4,50,5,15,21
5,88,51,15,18
6,80,55,15,2
7,98,52,15,21
8,3,82,15,8
9,19,32,15,1
10,5,42,15,4
11,1,65,15,22
12,98,14,15,12
13,91,2,15,19
14,29,89,15,7
15,84,25,15,16
self pickup customers
node_idx,x,y,service_time,demand,locker_idxs
16,9,97,15,24,25
17,23,15,15,15,27-31
18,96,44,15,19,33-29-24
19,61,59,15,3,28-26-33-32-30-31
20,85,60,15,14,26-32-28-31-33
21,13,7,15,19,27
flexible customers
node_idx,x,y,service_time,demand,locker_idxs
22,49,8,15,6,27-31-29
23,20,70,15,2,31-32-30-25
lockers
node_idx,x,y,service_time,capacity,cost_per_unit_good
24,93,12,10,94,100
25,22,88,10,100,100
26,65,88,10,76,100
27,25,15,10,71,100
28,77,88,10,97,100
29,72,14,10,82,100
30,45,50,10,73,100
31,51,44,10,98,100
32,49,51,10,92,100
33,66,59,10,95,100
mrt lines
start_node_idx,end_node_idx,freight_capacity,cost_per_unit_good
24,25,100,1
25,24,100,1
26,27,76,1
27,26,76,1
28,29,97,1
29,28,97,1
distance matrix
,0,1,2,3,4,5,6,7,8,9,10,11,12,13,14,15,16,17,18,19,20,21,22,23,24,25,26,27,28,29,30,31,32,33,
0,0.0,25.96,51.88,73.82,77.88,25.71,21.1,28.84,79.23,76.84,84.17,81.74,64.03,74.55,54.57,51.04,75.96,84.86,34.93,27.02,16.28,97.58,75.58,62.29,64.94,61.19,20.81,83.49,13.0,62.8,45.22,44.55,41.4,23.35
1,25.96,0.0,39.01,75.18,64.38,35.85,26.93,44.38,55.54,53.04,58.59,56.14,68.6,75.13,34.41,51.62,55.57,63.81,46.32,10.77,29.41,76.03,61.52,37.01,67.42,39.82,20.62,62.77,27.59,57.01,22.47,25.71,19.7,13.45
2,51.88,39.01,0.0,44.2,26.25,36.62,33.3,45.65,75.69,39.05,54.34,66.89,43.08,43.28,65.74,26.48,83.01,38.08,40.5,29.15,40.36,50.54,23.77,55.17,39.36,68.26,58.42,36.25,61.03,21.26,23.85,15.65,22.85,30.08
3,73.82,75.18,44.2,0.0,43.05,48.26,53.6,49.25,119.75,79.48,96.25,110.94,12.08,2.24,107.2,23.77,126.06,71.02,41.11,64.5,57.56,80.1,44.28,99.09,9.0,110.75,89.49,69.05,86.49,23.71,67.18,58.69,65.12,62.17
4,77.88,64.38,26.25,43.05,0.0,59.67,58.31,67.18,90.21,41.11,58.26,77.47,48.84,41.11,86.59,39.45,100.72,28.79,60.31,55.11,65.19,37.05,3.16,71.59,43.57,87.6,84.34,26.93,87.28,23.77,45.28,39.01,46.01,56.32
5,25.71,35.85,36.62,48.26,59.67,0.0,8.94,10.05,90.48,71.57,83.49,88.12,38.33,49.09,70.18,26.31,91.42,74.3,10.63,28.16,9.49,86.95,58.05,70.6,39.32,75.66,43.57,72.56,38.6,40.31,43.01,37.66,39.0,23.41
6,21.1,26.93,33.3,53.6,58.31,8.94,0.0,18.25,81.6,65.19,76.12,79.63,44.78,54.13,61.29,30.27,82.49,69.63,19.42,19.42,7.07,82.42,56.3,61.85,44.92,66.73,36.25,68.01,33.14,41.77,35.36,31.02,31.26,14.56
7,28.84,44.38,45.65,49.25,67.18,10.05,18.25,0.0,99.62,81.49,93.54,97.87,38.0,50.49,78.29,30.41,99.73,83.63,8.25,37.66,15.26,96.18,65.86,80.05,40.31,84.1,48.84,81.84,41.68,46.04,53.04,47.68,49.01,32.76
8,79.23,55.54,75.69,119.75,90.21,90.48,81.6,99.62,0.0,52.5,40.05,17.12,116.83,118.93,26.93,99.05,16.16,69.92,100.46,62.39,84.9,75.66,87.13,20.81,114.02,19.92,62.29,70.52,74.24,96.88,52.8,61.22,55.47,67.07
9,76.84,53.04,39.05,79.48,41.11,71.57,65.19,81.49,52.5,0.0,17.2,37.59,81.02,78.0,57.87,65.38,65.76,17.46,77.93,49.93,71.69,25.71,38.42,38.01,76.66,56.08,72.47,18.03,80.62,55.97,31.62,34.18,35.51,54.2
10,84.17,58.59,54.34,96.25,58.26,83.49,76.12,93.54,40.05,17.2,0.0,23.35,97.12,94.85,52.77,80.81,55.15,32.45,91.02,58.52,82.0,35.9,55.61,31.76,92.97,49.04,75.6,33.6,85.44,72.62,40.79,46.04,44.91,63.32
11,81.74,56.14,66.89,110.94,77.47,88.12,79.63,97.87,17.12,37.59,23.35,0.0,109.59,109.86,36.88,92.14,32.98,54.63,97.29,60.3,84.15,59.23,74.52,19.65,106.17,31.14,68.01,55.46,79.4,87.42,46.49,54.23,50.0,65.28
12,64.03,68.6,43.08,12.08,48.84,38.33,44.78,38.0,116.83,81.02,97.12,109.59,0.0,13.89,101.91,17.8,121.7,75.01,30.07,58.26,47.8,85.29,49.37,96.02,5.39,106.08,81.02,73.01,76.92,26.0,64.07,55.76,61.4,55.22
13,74.55,75.13,43.28,2.24,41.11,49.09,54.13,50.49,118.93,78.0,94.85,109.86,13.89,0.0,106.83,24.04,125.5,69.23,42.3,64.41,58.31,78.16,42.43,98.31,10.2,110.26,89.84,67.27,87.13,22.47,66.48,58.0,64.54,62.24
14,54.57,34.41,65.74,107.2,86.59,70.18,61.29,78.29,26.93,57.87,52.77,36.88,101.91,106.83,0.0,84.39,21.54,74.24,80.71,43.86,63.06,83.55,83.43,21.02,100.12,7.07,36.01,74.11,48.01,86.45,42.15,50.09,42.94,47.63
15,51.04,51.62,26.48,23.77,39.45,26.31,30.27,30.41,99.05,65.38,80.81,92.14,17.8,24.04,84.39,0.0,103.97,61.81,22.47,41.05,35.01,73.25,38.91,78.24,15.81,88.39,65.8,59.84,63.39,16.28,46.32,38.08,43.6,38.47
16,75.96,55.57,83.01,126.06,100.72,91.42,82.49,99.73,16.16,65.76,55.15,32.98,121.7,125.5,21.54,103.97,0.0,83.19,101.87,64.4,84.53,90.09,97.58,29.15,119.5,15.81,56.72,83.55,68.59,104.2,59.2,67.62,60.96,68.51
17,84.86,63.81,38.08,71.02,28.79,74.3,69.63,83.63,69.92,17.46,32.45,54.63,75.01,69.23,74.24,61.81,83.19,0.0,78.55,58.14,76.61,12.81,26.93,55.08,70.06,73.01,84.22,2.0,90.8,49.01,41.34,40.31,44.41,61.52
18,34.93,46.32,40.5,41.11,60.31,10.63,19.42,8.25,100.46,77.93,91.02,97.29,30.07,42.3,80.71,22.47,101.87,78.55,0.0,38.08,19.42,90.87,59.2,80.32,32.14,86.09,53.82,76.69,47.93,38.42,51.35,45.0,47.52,33.54
19,27.02,10.77,29.15,64.5,55.11,28.16,19.42,37.66,62.39,49.93,58.52,60.3,58.26,64.41,43.86,41.05,64.4,58.14,38.08,0.0,24.02,70.77,52.39,42.45,56.86,48.6,29.27,56.85,33.12,46.32,18.36,18.03,14.42,5.0
20,16.28,29.41,40.36,57.56,65.19,9.49,7.07,15.26,84.9,71.69,82.0,84.15,47.8,58.31,63.06,35.01,84.53,76.61,19.42,24.02,0.0,89.4,63.25,65.76,48.66,68.94,34.41,75.0,29.12,47.8,41.23,37.58,37.11,19.03
21,97.58,76.03,50.54,80.1,37.05,86.95,82.42,96.18,75.66,25.71,35.9,59.23,85.29,78.16,83.55,73.25,90.09,12.81,90.87,70.77,89.4,0.0,36.01,63.39,80.16,81.5,96.25,14.42,103.23,59.41,53.6,53.04,56.85,74.25
22,75.58,61.52,23.77,44.28,3.16,58.05,56.3,65.86,87.13,38.42,55.61,74.52,49.37,42.43,83.43,38.91,97.58,26.93,59.2,52.39,63.25,36.01,0.0,68.45,44.18,84.43,81.58,25.0,84.76,23.77,42.19,36.06,43.0,53.76
23,62.29,37.01,55.17,99.09,71.59,70.6,61.85,80.05,20.81,38.01,31.76,19.65,96.02,98.31,21.02,78.24,29.15,55.08,80.32,42.45,65.76,63.39,68.45,0.0,93.24,18.11,48.47,55.23,59.77,76.42,32.02,40.46,34.67,47.3
24,64.94,67.42,39.36,9.0,43.57,39.32,44.92,40.31,114.02,76.66,92.97,106.17,5.39,10.2,100.12,15.81,119.5,70.06,32.14,56.86,48.66,80.16,44.18,93.24,0.0,104.0,80.99,68.07,77.67,21.1,61.22,52.8,58.8,54.2
25,61.19,39.82,68.26,110.75,87.6,75.66,66.73,84.1,19.92,56.08,49.04,31.14,106.08,110.26,7.07,88.39,15.81,73.01,86.09,48.6,68.94,81.5,84.43,18.11,104.0,0.0,43.0,73.06,55.0,89.31,44.42,52.7,45.8,52.7
26,20.81,20.62,58.42,89.49,84.34,43.57,36.25,48.84,62.29,72.47,75.6,68.01,81.02,89.84,36.01,65.8,56.72,84.22,53.82,29.27,34.41,96.25,81.58,48.47,80.99,43.0,0.0,83.24,12.0,74.33,42.94,46.17,40.31,29.02
27,83.49,62.77,36.25,69.05,26.93,72.56,68.01,81.84,70.52,18.03,33.6,55.46,73.01,67.27,74.11,59.84,83.55,2.0,76.69,56.85,75.0,14.42,25.0,55.23,68.07,73.06,83.24,0.0,89.63,47.01,40.31,38.95,43.27,60.14
28,13.0,27.59,61.03,86.49,87.28,38.6,33.14,41.68,74.24,80.62,85.44,79.4,76.92,87.13,48.01,63.39,68.59,90.8,47.93,33.12,29.12,103.23,84.76,59.77,77.67,55.0,12.0,89.63,0.0,74.17,49.68,51.11,46.4,31.02
29,62.8,57.01,21.26,23.71,23.77,40.31,41.77,46.04,96.88,55.97,72.62,87.42,26.0,22.47,86.45,16.28,104.2,49.01,38.42,46.32,47.8,59.41,23.77,76.42,21.1,89.31,74.33,47.01,74.17,0.0,45.0,36.62,43.57,45.4
30,45.22,22.47,23.85,67.18,45.28,43.01,35.36,53.04,52.8,31.62,40.79,46.49,64.07,66.48,42.15,46.32,59.2,41.34,51.35,18.36,41.23,53.6,42.19,32.02,61.22,44.42,42.94,40.31,49.68,45.0,0.0,8.49,4.12,22.85
31,44.55,25.71,15.65,58.69,39.01,37.66,31.02,47.68,61.22,34.18,46.04,54.23,55.76,58.0,50.09,38.08,67.62,40.31,45.0,18.03,37.58,53.04,36.06,40.46,52.8,52.7,46.17,38.95,51.11,36.62,8.49,0.0,7.28,21.21
32,41.4,19.7,22.85,65.12,46.01,39.0,31.26,49.01,55.47,35.51,44.91,50.0,61.4,64.54,42.94,43.6,60.96,44.41,47.52,14.42,37.11,56.85,43.0,34.67,58.8,45.8,40.31,43.27,46.4,43.57,4.12,7.28,0.0,18.79
33,23.35,13.45,30.08,62.17,56.32,23.41,14.56,32.76,67.07,54.2,63.32,65.28,55.22,62.24,47.63,38.47,68.51,61.52,33.54,5.0,19.03,74.25,53.76,47.3,54.2,52.7,29.02,60.14,31.02,45.4,22.85,21.21,18.79,0.0
