vehicles
vehicle_idx, capacity, cost_per_unit_distance
1,100,3
2,100,3
3,100,3
4,100,3
depot
node_idx,x,y
0,82,76
home delivery customers
node_idx,x,y,service_time,demand
1,84,25,10,16
2,80,55,10,2
3,98,5,10,9
4,91,2,10,19
5,3,82,10,8
6,96,44,10,19
7,29,89,10,7
8,61,62,10,24
self pickup customers
node_idx,x,y,service_time,demand,locker_idxs
9,88,51,10,18,27
10,50,93,10,8,23
11,57,69,10,20,25
12,61,59,10,3,25
13,23,15,10,15,24
14,14,24,10,6,27-24
15,85,60,10,14,23
flexible customers
node_idx,x,y,service_time,demand,locker_idxs
16,19,32,10,1,24
17,9,97,10,24,23
18,13,7,10,19,24
19,5,42,10,4,24
20,2,39,10,16,24
21,1,65,10,22,28
22,98,52,10,21,23
lockers
node_idx,x,y,service_time,capacity,cost_per_unit_good
23,65,88,10,93
24,25,15,10,93
25,44,60,10,70
26,45,41,10,86
27,57,56,10,74
28,32,45,10,98
mrt lines
start_node_idx,end_node_idx,freight_capacity,cost_per_unit_good
23,24,93,0.5
24,23,93,0.5
distance matrix
,0,1,2,3,4,5,6,7,8,9,10,11,12,13,14,15,16,17,18,19,20,21,22,23,24,25,26,27,28,
0,0.0,51.04,21.1,72.78,74.55,79.23,34.93,54.57,25.24,25.71,36.24,25.96,27.02,84.86,85.6,16.28,76.84,75.96,97.58,84.17,88.14,81.74,28.84,20.81,83.49,41.23,50.93,32.02,58.83
1,51.04,0.0,30.27,24.41,24.04,99.05,22.47,84.39,43.57,26.31,76.03,51.62,41.05,61.81,70.01,35.01,65.38,103.97,73.25,80.81,83.19,92.14,30.41,65.8,59.84,53.15,42.15,41.11,55.71
2,21.1,30.27,0.0,53.14,54.13,81.6,19.42,61.29,20.25,8.94,48.41,26.93,19.42,69.63,72.92,7.07,65.19,82.49,82.42,76.12,79.62,79.63,18.25,36.25,68.01,36.35,37.7,23.02,49.03
3,72.78,24.41,53.14,0.0,7.62,122.29,39.05,108.71,67.96,47.07,100.24,76.01,65.46,75.66,86.12,56.52,83.49,128.0,85.02,100.09,101.84,114.06,47.0,89.32,73.68,77.08,64.07,65.44,77.18
4,74.55,24.04,54.13,7.62,0.0,118.93,42.3,106.83,67.08,49.09,99.81,75.13,64.41,69.23,80.08,58.31,78.0,125.5,78.16,94.85,96.38,109.86,50.49,89.84,67.27,74.65,60.31,63.81,73.01
5,79.23,99.05,81.6,122.29,118.93,0.0,100.46,26.93,61.35,90.48,48.27,55.54,62.39,69.92,59.03,84.9,52.5,16.16,75.66,40.05,43.01,17.12,99.62,62.29,70.52,46.53,58.69,59.93,47.01
6,34.93,22.47,19.42,39.05,42.3,100.46,0.0,80.71,39.36,10.63,67.21,46.32,38.08,78.55,84.4,19.42,77.93,101.87,90.87,91.02,94.13,97.29,8.25,53.82,76.69,54.41,51.09,40.8,64.01
7,54.57,84.39,61.29,108.71,106.83,26.93,80.71,0.0,41.87,70.18,21.38,34.41,43.86,74.24,66.71,63.06,57.87,21.54,83.55,52.77,56.82,36.88,78.29,36.01,74.11,32.65,50.6,43.28,44.1
8,25.24,43.57,20.25,67.96,67.08,61.35,39.36,41.87,0.0,29.15,32.89,8.06,3.0,60.44,60.44,24.08,51.61,62.68,73.0,59.46,63.32,60.07,38.33,26.31,59.2,17.12,26.4,7.21,33.62
9,25.71,26.31,8.94,47.07,49.09,90.48,10.63,70.18,29.15,0.0,56.64,35.85,28.16,74.3,78.77,9.49,71.57,91.42,86.95,83.49,86.83,88.12,10.05,43.57,72.56,44.91,44.15,31.4,56.32
10,36.24,76.03,48.41,100.24,99.81,48.27,67.21,21.38,32.89,56.64,0.0,25.0,35.74,82.54,77.83,48.1,68.43,41.19,93.62,68.01,72.25,56.44,63.13,15.81,81.91,33.54,52.24,37.66,51.26
11,25.96,51.62,26.93,76.01,75.13,55.54,46.32,34.41,8.06,35.85,25.0,0.0,10.77,63.81,62.24,29.41,53.04,55.57,76.03,58.59,62.65,56.14,44.38,20.62,62.77,15.81,30.46,13.0,34.66
12,27.02,41.05,19.42,65.46,64.41,62.39,38.08,43.86,3.0,28.16,35.74,10.77,0.0,58.14,58.6,24.02,49.93,64.4,70.77,58.52,62.3,60.3,37.66,29.27,56.85,17.03,24.08,5.0,32.2
13,84.86,61.81,69.63,75.66,69.23,69.92,78.55,74.24,60.44,74.3,82.54,63.81,58.14,0.0,12.73,76.61,17.46,83.19,12.81,32.45,31.89,54.63,83.63,84.22,2.0,49.66,34.06,53.26,31.32
14,85.6,70.01,72.92,86.12,80.08,59.03,84.4,66.71,60.44,78.77,77.83,62.24,58.6,12.73,0.0,79.61,9.43,73.17,17.03,20.12,19.21,43.01,88.54,81.84,14.21,46.86,35.36,53.6,27.66
15,16.28,35.01,7.07,56.52,58.31,84.9,19.42,63.06,24.08,9.49,48.1,29.41,24.02,76.61,79.61,0.0,71.69,84.53,89.4,82.0,85.62,84.15,15.26,34.41,75.0,41.0,44.28,28.28,55.08
16,76.84,65.38,65.19,83.49,78.0,52.5,77.93,57.87,51.61,71.57,68.43,53.04,49.93,17.46,9.43,71.69,0.0,65.76,25.71,17.2,18.38,37.59,81.49,72.47,18.03,37.54,27.51,44.94,18.38
17,75.96,103.97,82.49,128.0,125.5,16.16,101.87,21.54,62.68,91.42,41.19,55.57,64.4,83.19,73.17,84.53,65.76,0.0,90.09,55.15,58.42,32.98,99.73,56.72,83.55,50.93,66.57,63.13,56.86
18,97.58,73.25,82.42,85.02,78.16,75.66,90.87,83.55,73.0,86.95,93.62,76.03,70.77,12.81,17.03,89.4,25.71,90.09,0.0,35.9,33.84,59.23,96.18,96.25,14.42,61.4,46.69,65.86,42.49
19,84.17,80.81,76.12,100.09,94.85,40.05,91.02,52.77,59.46,83.49,68.01,58.59,58.52,32.45,20.12,82.0,17.2,55.15,35.9,0.0,4.24,23.35,93.54,75.6,33.6,42.95,40.01,53.85,27.17
20,88.14,83.19,79.62,101.84,96.38,43.01,94.13,56.82,63.32,86.83,72.25,62.65,62.3,31.89,19.21,85.62,18.38,58.42,33.84,4.24,0.0,26.02,96.88,79.81,33.24,46.96,43.05,57.57,30.59
21,81.74,92.14,79.63,114.06,109.86,17.12,97.29,36.88,60.07,88.12,56.44,56.14,60.3,54.63,43.01,84.15,37.59,32.98,59.23,23.35,26.02,0.0,97.87,68.01,55.46,43.29,50.12,56.72,36.89
22,28.84,30.41,18.25,47.0,50.49,99.62,8.25,78.29,38.33,10.05,63.13,44.38,37.66,83.63,88.54,15.26,81.49,99.73,96.18,93.54,96.88,97.87,0.0,48.84,81.84,54.59,54.13,41.19,66.37
23,20.81,65.8,36.25,89.32,89.84,62.29,53.82,36.01,26.31,43.57,15.81,20.62,29.27,84.22,81.84,34.41,72.47,56.72,96.25,75.6,79.81,68.01,48.84,0.0,83.24,35.0,51.08,32.98,54.2
24,83.49,59.84,68.01,73.68,67.27,70.52,76.69,74.11,59.2,72.56,81.91,62.77,56.85,2.0,14.21,75.0,18.03,83.55,14.42,33.6,33.24,55.46,81.84,83.24,0.0,48.85,32.8,52.01,30.81
25,41.23,53.15,36.35,77.08,74.65,46.53,54.41,32.65,17.12,44.91,33.54,15.81,17.03,49.66,46.86,41.0,37.54,50.93,61.4,42.95,46.96,43.29,54.59,35.0,48.85,0.0,19.03,13.6,19.21
26,50.93,42.15,37.7,64.07,60.31,58.69,51.09,50.6,26.4,44.15,52.24,30.46,24.08,34.06,35.36,44.28,27.51,66.57,46.69,40.01,43.05,50.12,54.13,51.08,32.8,19.03,0.0,19.21,13.6
27,32.02,41.11,23.02,65.44,63.81,59.93,40.8,43.28,7.21,31.4,37.66,13.0,5.0,53.26,53.6,28.28,44.94,63.13,65.86,53.85,57.57,56.72,41.19,32.98,52.01,13.6,19.21,0.0,27.31
28,58.83,55.71,49.03,77.18,73.01,47.01,64.01,44.1,33.62,56.32,51.26,34.66,32.2,31.32,27.66,55.08,18.38,56.86,42.49,27.17,30.59,36.89,66.37,54.2,30.81,19.21,13.6,27.31,0.0
