set K:= 1	2	3	4;
set C_H:= 1	2	3	4	5	6	7	8	9;
set C_S:= 10	11	12	13	14	15	16;
set C_F:= 17	18	19	20	21	22	23;
set M:= 24	25;
set L_B:= 26	27	28	29;
set A1:=
(0,*) 1 2 3 4 5 6 7 8 9 17 18 19 20 21 22 23 24 25 26 27 28 29
(1,*) 0 2 3 4 5 6 7 8 9 17 18 19 20 21 22 23 24 25 26 27 28 29
(2,*) 0 1 3 4 5 6 7 8 9 17 18 19 20 21 22 23 24 25 26 27 28 29
(3,*) 0 1 2 4 5 6 7 8 9 17 18 19 20 21 22 23 24 25 26 27 28 29
(4,*) 0 1 2 3 5 6 7 8 9 17 18 19 20 21 22 23 24 25 26 27 28 29
(5,*) 0 1 2 3 4 6 7 8 9 17 18 19 20 21 22 23 24 25 26 27 28 29
(6,*) 0 1 2 3 4 5 7 8 9 17 18 19 20 21 22 23 24 25 26 27 28 29
(7,*) 0 1 2 3 4 5 6 8 9 17 18 19 20 21 22 23 24 25 26 27 28 29
(8,*) 0 1 2 3 4 5 6 7 9 17 18 19 20 21 22 23 24 25 26 27 28 29
(9,*) 0 1 2 3 4 5 6 7 8 17 18 19 20 21 22 23 24 25 26 27 28 29
(17,*) 0 1 2 3 4 5 6 7 8 9 18 19 20 21 22 23 24 25 26 27 28 29
(18,*) 0 1 2 3 4 5 6 7 8 9 17 19 20 21 22 23 24 25 26 27 28 29
(19,*) 0 1 2 3 4 5 6 7 8 9 17 18 20 21 22 23 24 25 26 27 28 29
(20,*) 0 1 2 3 4 5 6 7 8 9 17 18 19 21 22 23 24 25 26 27 28 29
(21,*) 0 1 2 3 4 5 6 7 8 9 17 18 19 20 22 23 24 25 26 27 28 29
(22,*) 0 1 2 3 4 5 6 7 8 9 17 18 19 20 21 23 24 25 26 27 28 29
(23,*) 0 1 2 3 4 5 6 7 8 9 17 18 19 20 21 22 24 25 26 27 28 29
(24,*) 0 1 2 3 4 5 6 7 8 9 17 18 19 20 21 22 23 25 26 27 28 29
(25,*) 0 1 2 3 4 5 6 7 8 9 17 18 19 20 21 22 23 24 26 27 28 29
(26,*) 0 1 2 3 4 5 6 7 8 9 17 18 19 20 21 22 23 24 25 27 28 29
(27,*) 0 1 2 3 4 5 6 7 8 9 17 18 19 20 21 22 23 24 25 26 28 29
(28,*) 0 1 2 3 4 5 6 7 8 9 17 18 19 20 21 22 23 24 25 26 27 29
(29,*) 0 1 2 3 4 5 6 7 8 9 17 18 19 20 21 22 23 24 25 26 27 28
;
set A2:=
(24,*) 25
(25,*) 24
;
param BigM:=99999;
param n:= 4;
param d:=
1	7
2	8
3	15
4	14
5	2
6	16
7	6
8	24
9	24
10	14
11	9
12	3
13	21
14	12
15	8
16	19
17	2
18	4
19	24
20	12
21	18
22	22
23	16
;
param Q:=100;
param w:=
[24,*] 25 0.5
[25,*] 24 0.5
;
param V:=
[24,*] 25 96
[25,*] 24 96
;
param e:
	24	25	26	27	28	29:=
10	1	0	0	0	0	0	
11	0	0	0	0	1	0	
12	0	0	0	0	0	1	
13	1	0	0	0	0	0	
14	0	0	0	0	1	0	
15	1	0	0	0	0	0	
16	0	1	0	0	0	0	
17	0	0	0	1	0	0	
18	0	1	0	0	0	0	
19	0	0	1	1	0	1	
20	0	0	0	1	0	0	
21	0	0	0	0	0	1	
22	0	1	0	0	0	0	
23	0	1	0	0	0	0	
;
param p:=
1	3
2	3
3	3
4	3
;
param G:=
24	82
25	96
26	72
27	70
28	74
29	77
;
param s:=
0	0
1	10
2	10
3	10
4	10
5	10
6	10
7	10
8	10
9	10
17	10
18	10
19	10
20	10
21	10
22	10
23	10
24	10
25	10
26	10
27	10
28	10
29	10
;
param t:
	0	1	2	3	4	5	6	7	8	9	10	11	12	13	14	15	16	17	18	19	20	21	22	23	24	25	26	27	28	29:=
0	0.0	54.57	78.03	84.86	101.41	21.1	37.05	75.58	73.82	75.96	16.28	72.78	27.02	28.84	51.88	79.23	97.58	62.29	84.17	25.24	64.03	25.71	81.74	88.14	20.81	83.49	42.72	43.6	62.63	33.24
1	54.57	0.0	81.05	74.24	82.57	61.29	74.33	83.43	107.2	21.54	63.06	108.71	43.86	78.29	65.74	26.93	83.55	21.02	52.77	41.87	101.91	70.18	36.88	56.82	36.01	74.11	39.81	55.07	63.56	46.23
2	78.03	81.05	0.0	19.92	37.01	59.67	51.61	7.07	51.35	93.98	66.71	56.14	53.49	70.6	26.4	82.76	29.07	64.85	49.58	56.3	56.22	62.29	69.4	50.0	82.28	18.03	44.18	34.93	18.03	46.82
3	84.86	74.24	19.92	0.0	18.68	69.63	65.55	26.93	71.02	83.19	76.61	75.66	58.14	83.63	38.08	69.92	12.81	55.08	32.45	60.44	75.01	74.3	54.63	31.89	84.22	2.0	44.42	42.01	23.32	51.66
4	101.41	82.57	37.01	18.68	0.0	87.46	84.15	44.05	88.28	87.09	94.34	93.13	74.41	102.04	56.65	72.03	8.54	61.85	32.0	76.42	93.09	92.57	55.15	29.15	98.41	20.62	59.41	59.68	41.63	68.25
5	21.1	61.29	59.67	69.63	87.46	0.0	16.49	56.3	53.6	82.49	7.07	53.14	19.42	18.25	33.3	81.6	82.42	61.85	76.12	20.25	44.78	8.94	79.63	79.62	36.25	68.01	34.06	27.78	46.4	22.09
6	37.05	74.33	51.61	65.55	84.15	16.49	0.0	46.75	37.11	94.81	21.02	36.77	30.48	19.1	27.51	91.71	77.88	71.11	79.06	32.53	28.65	12.65	86.98	82.0	52.55	63.69	40.5	28.07	42.72	29.53
7	75.58	83.43	7.07	26.93	44.05	56.3	46.75	0.0	44.28	97.58	63.25	49.09	52.39	65.86	23.77	87.13	36.01	68.45	55.61	55.32	49.37	58.05	74.52	56.3	81.58	25.0	45.1	33.73	19.92	45.89
8	73.82	107.2	51.35	71.02	88.28	53.6	37.11	44.28	0.0	126.06	57.56	5.39	64.5	49.25	44.2	119.75	80.1	99.09	96.25	67.12	12.08	48.26	110.94	97.86	89.49	69.05	68.62	53.04	55.46	61.03
9	75.96	21.54	93.98	83.19	87.09	82.49	94.81	97.58	126.06	0.0	84.53	128.0	64.4	99.73	83.01	16.16	90.09	29.15	55.15	62.68	121.7	91.42	32.98	58.42	56.72	83.55	57.49	73.11	77.82	65.86
10	16.28	63.06	66.71	76.61	94.34	7.07	21.02	63.25	57.56	84.53	0.0	56.52	24.02	15.26	40.36	84.9	89.4	65.76	82.0	24.08	47.8	9.49	84.15	85.62	34.41	75.0	39.62	34.67	53.41	27.89
11	72.78	108.71	56.14	75.66	93.13	53.14	36.77	49.09	5.39	128.0	56.52	0.0	65.46	47.0	47.17	122.29	85.02	101.53	100.09	67.96	9.0	47.07	114.06	101.84	89.32	73.68	70.77	55.32	59.24	62.48
12	27.02	43.86	53.49	58.14	74.41	19.42	30.48	52.39	64.5	64.4	24.02	65.46	0.0	37.66	29.15	62.39	70.77	42.45	58.52	3.0	58.26	28.16	60.3	62.3	29.27	56.85	16.16	18.68	36.72	6.71
13	28.84	78.29	70.6	83.63	102.04	18.25	19.1	65.86	49.25	99.73	15.26	47.0	37.66	0.0	45.65	99.62	96.18	80.05	93.54	38.33	38.0	10.05	97.87	96.88	48.84	81.84	52.01	43.42	60.42	40.01
14	51.88	65.74	26.4	38.08	56.65	33.3	27.51	23.77	44.2	83.01	40.36	47.17	29.15	45.65	0.0	75.69	50.54	55.17	54.34	32.14	43.08	36.62	66.89	56.72	58.42	36.25	25.94	11.18	15.3	23.0
15	79.23	26.93	82.76	69.92	72.03	81.6	91.71	87.13	119.75	16.16	84.9	122.29	62.39	99.62	75.69	0.0	75.66	20.81	40.05	61.35	116.83	90.48	17.12	43.01	62.29	70.52	51.87	67.01	68.01	62.18
16	97.58	83.55	29.07	12.81	8.54	82.42	77.88	36.01	80.1	90.09	89.4	85.02	70.77	96.18	50.54	75.66	0.0	63.39	35.9	73.0	85.29	86.95	59.23	33.84	96.25	14.42	56.61	54.82	36.06	64.35
17	62.29	21.02	64.85	55.08	61.85	61.85	71.11	68.45	99.09	29.15	65.76	101.53	42.45	80.05	55.17	20.81	63.39	0.0	31.76	41.77	96.02	70.6	19.65	35.85	48.47	55.23	31.06	46.23	48.76	41.63
18	84.17	52.77	49.58	32.45	32.0	76.12	79.06	55.61	96.25	55.15	82.0	100.09	58.52	93.54	54.34	40.05	35.9	31.76	0.0	59.46	97.12	83.49	23.35	4.24	75.6	33.6	42.45	51.01	40.85	54.13
19	25.24	41.87	56.3	60.44	76.42	20.25	32.53	55.32	67.12	62.68	24.08	67.96	3.0	38.33	32.14	61.35	73.0	41.77	59.46	0.0	60.61	29.15	60.07	63.32	26.31	59.2	17.49	21.59	39.36	9.49
20	64.03	101.91	56.22	75.01	93.09	44.78	28.65	49.37	12.08	121.7	47.8	9.0	58.26	38.0	43.08	116.83	85.29	96.02	97.12	60.61	0.0	38.33	109.59	99.2	81.02	73.01	65.0	49.93	56.52	55.87
21	25.71	70.18	62.29	74.3	92.57	8.94	12.65	58.05	48.26	91.42	9.49	47.07	28.16	10.05	36.62	90.48	86.95	70.6	83.49	29.15	38.33	0.0	88.12	86.83	43.57	72.56	42.05	33.53	51.0	30.07
22	81.74	36.88	69.4	54.63	55.15	79.63	86.98	74.52	110.94	32.98	84.15	114.06	60.3	97.87	66.89	17.12	59.23	19.65	23.35	60.07	109.59	88.12	0.0	26.02	68.01	55.46	46.57	60.01	56.64	58.25
23	88.14	56.82	50.0	31.89	29.15	79.62	82.0	56.3	97.86	58.42	85.62	101.84	62.3	96.88	56.72	43.01	33.84	35.85	4.24	63.32	99.2	86.83	26.02	0.0	79.81	33.24	46.17	54.04	42.72	57.72
24	20.81	36.01	82.28	84.22	98.41	36.25	52.55	81.58	89.49	56.72	34.41	89.32	29.27	48.84	58.42	62.29	96.25	48.47	75.6	26.31	81.02	43.57	68.01	79.81	0.0	83.24	39.82	47.85	64.85	35.69
25	83.49	74.11	18.03	2.0	20.62	68.01	63.69	25.0	69.05	83.55	75.0	73.68	56.85	81.84	36.25	70.52	14.42	55.23	33.6	59.2	73.01	72.56	55.46	33.24	83.24	0.0	43.42	40.46	21.63	50.33
26	42.72	39.81	44.18	44.42	59.41	34.06	40.5	45.1	68.62	57.49	39.62	70.77	16.16	52.01	25.94	51.87	56.61	31.06	42.45	17.49	65.0	42.05	46.57	46.17	39.82	43.42	0.0	15.62	26.17	12.0
27	43.6	55.07	34.93	42.01	59.68	27.78	28.07	33.73	53.04	73.11	34.67	55.32	18.68	43.42	11.18	67.01	54.82	46.23	51.01	21.59	49.93	33.53	60.01	54.04	47.85	40.46	15.62	0.0	19.1	12.17
28	62.63	63.56	18.03	23.32	41.63	46.4	42.72	19.92	55.46	77.82	53.41	59.24	36.72	60.42	15.3	68.01	36.06	48.76	40.85	39.36	56.52	51.0	56.64	42.72	64.85	21.63	26.17	19.1	0.0	30.02
29	33.24	46.23	46.82	51.66	68.25	22.09	29.53	45.89	61.03	65.86	27.89	62.48	6.71	40.01	23.0	62.18	64.35	41.63	54.13	9.49	55.87	30.07	58.25	57.72	35.69	50.33	12.0	12.17	30.02	0.0
;
