set K:= 1	2	3	4;
set C_H:= 1	2	3	4	5	6	7	8	9	10	11	12	13	14	15;
set C_S:= 16	17	18	19	20	21;
set C_F:= 22	23;
set M:= 24	25;
set L_B:= 26	27	28	29;
set A1:=
(0,*) 1 2 3 4 5 6 7 8 9 10 11 12 13 14 15 22 23 24 25 26 27 28 29
(1,*) 0 2 3 4 5 6 7 8 9 10 11 12 13 14 15 22 23 24 25 26 27 28 29
(2,*) 0 1 3 4 5 6 7 8 9 10 11 12 13 14 15 22 23 24 25 26 27 28 29
(3,*) 0 1 2 4 5 6 7 8 9 10 11 12 13 14 15 22 23 24 25 26 27 28 29
(4,*) 0 1 2 3 5 6 7 8 9 10 11 12 13 14 15 22 23 24 25 26 27 28 29
(5,*) 0 1 2 3 4 6 7 8 9 10 11 12 13 14 15 22 23 24 25 26 27 28 29
(6,*) 0 1 2 3 4 5 7 8 9 10 11 12 13 14 15 22 23 24 25 26 27 28 29
(7,*) 0 1 2 3 4 5 6 8 9 10 11 12 13 14 15 22 23 24 25 26 27 28 29
(8,*) 0 1 2 3 4 5 6 7 9 10 11 12 13 14 15 22 23 24 25 26 27 28 29
(9,*) 0 1 2 3 4 5 6 7 8 10 11 12 13 14 15 22 23 24 25 26 27 28 29
(10,*) 0 1 2 3 4 5 6 7 8 9 11 12 13 14 15 22 23 24 25 26 27 28 29
(11,*) 0 1 2 3 4 5 6 7 8 9 10 12 13 14 15 22 23 24 25 26 27 28 29
(12,*) 0 1 2 3 4 5 6 7 8 9 10 11 13 14 15 22 23 24 25 26 27 28 29
(13,*) 0 1 2 3 4 5 6 7 8 9 10 11 12 14 15 22 23 24 25 26 27 28 29
(14,*) 0 1 2 3 4 5 6 7 8 9 10 11 12 13 15 22 23 24 25 26 27 28 29
(15,*) 0 1 2 3 4 5 6 7 8 9 10 11 12 13 14 22 23 24 25 26 27 28 29
(22,*) 0 1 2 3 4 5 6 7 8 9 10 11 12 13 14 15 23 24 25 26 27 28 29
(23,*) 0 1 2 3 4 5 6 7 8 9 10 11 12 13 14 15 22 24 25 26 27 28 29
(24,*) 0 1 2 3 4 5 6 7 8 9 10 11 12 13 14 15 22 23 25 26 27 28 29
(25,*) 0 1 2 3 4 5 6 7 8 9 10 11 12 13 14 15 22 23 24 26 27 28 29
(26,*) 0 1 2 3 4 5 6 7 8 9 10 11 12 13 14 15 22 23 24 25 27 28 29
(27,*) 0 1 2 3 4 5 6 7 8 9 10 11 12 13 14 15 22 23 24 25 26 28 29
(28,*) 0 1 2 3 4 5 6 7 8 9 10 11 12 13 14 15 22 23 24 25 26 27 29
(29,*) 0 1 2 3 4 5 6 7 8 9 10 11 12 13 14 15 22 23 24 25 26 27 28
;
set A2:=
(24,*) 25
(25,*) 24
;
param BigM:=99999;
param n:= 4;
param d:=
1	16
2	6
3	19
4	14
5	16
6	8
7	19
8	12
9	21
10	7
11	22
12	20
13	8
14	12
15	2
16	24
17	24
18	6
19	8
20	15
21	24
22	1
23	19
;
param Q:=100;
param w:=
[24,*] 25 1
[25,*] 24 1
;
param V:=
[24,*] 25 79
[25,*] 24 79
;
param f:=
24	100
25	100
26	100
27	100
28	100
29	100
;
param e:
	24	25	26	27	28	29:=
16	0	1	0	0	0	0	
17	0	0	1	1	1	1	
18	0	0	0	0	1	1	
19	0	1	0	1	0	0	
20	0	0	0	0	1	1	
21	1	0	0	0	0	0	
22	0	0	1	0	1	1	
23	0	0	0	0	1	0	
;
param p:=
1	1
2	1
3	1
4	1
;
param G:=
24	79
25	77
26	82
27	75
28	85
29	90
;
param s:=
0	0
1	15
2	15
3	15
4	15
5	15
6	15
7	15
8	15
9	15
10	15
11	15
12	15
13	15
14	15
15	15
22	15
23	15
24	10
25	10
26	10
27	10
28	10
29	10
;
param t:
	0	1	2	3	4	5	6	7	8	9	10	11	12	13	14	15	16	17	18	19	20	21	22	23	24	25	26	27	28	29:=
0	0.0	37.05	85.6	74.55	16.28	88.14	78.03	34.93	64.03	77.88	54.57	81.74	25.96	79.23	51.88	62.29	75.96	25.24	75.58	36.24	84.86	73.82	76.84	97.58	64.94	61.19	42.01	34.83	62.29	47.2
1	37.05	0.0	71.59	37.66	21.02	82.0	51.61	13.0	28.65	48.08	74.33	86.98	40.36	91.71	27.51	71.11	94.81	32.53	46.75	63.81	65.55	37.11	65.38	77.88	28.46	79.03	36.69	32.65	48.26	41.0
2	85.6	71.59	0.0	80.08	79.61	19.21	31.76	84.4	84.59	40.71	66.71	43.01	62.24	59.03	44.41	46.39	73.17	60.44	38.48	77.83	12.73	81.74	9.43	17.03	79.91	64.5	43.6	50.8	24.17	38.42
3	74.55	37.66	80.08	0.0	58.31	96.38	49.5	42.3	13.89	41.11	106.83	109.86	75.13	118.93	43.28	98.31	125.5	67.08	42.43	99.81	69.23	2.24	78.0	78.16	10.2	110.26	63.78	63.25	63.63	65.76
4	16.28	21.02	79.61	58.31	0.0	85.62	66.71	19.42	47.8	65.19	63.06	84.15	29.41	84.9	40.36	65.76	84.53	24.08	63.25	48.1	76.61	57.56	71.69	89.4	48.66	68.94	37.36	30.59	55.47	42.72
5	88.14	82.0	19.21	96.38	85.62	0.0	50.0	94.13	99.2	58.82	56.82	26.02	62.65	43.01	56.72	35.85	58.42	63.32	56.3	72.25	31.89	97.86	18.38	33.84	94.92	52.92	48.27	55.08	34.37	42.95
6	78.03	51.61	31.76	49.5	66.71	50.0	0.0	64.35	56.22	8.94	81.05	69.4	61.85	82.76	26.4	64.85	93.98	56.3	7.07	84.38	19.92	51.35	32.53	29.07	51.09	81.49	41.59	46.84	25.71	39.05
7	34.93	13.0	84.4	42.3	19.42	94.13	64.35	0.0	30.07	60.31	80.71	97.29	46.32	100.46	40.5	80.32	101.87	39.36	59.2	67.21	78.55	41.11	77.93	90.87	32.14	86.09	47.38	42.2	60.83	52.15
8	64.03	28.65	84.59	13.89	47.8	99.2	56.22	30.07	0.0	48.84	101.91	109.59	68.6	116.83	43.08	96.02	121.7	60.61	49.37	92.44	75.01	12.08	81.02	85.29	5.39	106.08	60.8	58.73	65.15	63.81
9	77.88	48.08	40.71	41.11	65.19	58.82	8.94	60.31	48.84	0.0	86.59	77.47	64.38	90.21	26.25	71.59	100.72	58.05	3.16	88.0	28.79	43.05	41.11	37.05	43.57	87.6	45.01	49.25	32.2	43.42
10	54.57	74.33	66.71	106.83	63.06	56.82	81.05	80.71	101.91	86.59	0.0	36.88	34.41	26.93	65.74	21.02	21.54	41.87	83.43	21.38	74.24	107.2	57.87	83.55	100.12	7.07	43.83	43.6	55.44	43.66
11	81.74	86.98	43.01	109.86	84.15	26.02	69.4	97.29	109.59	77.47	36.88	0.0	56.14	17.12	66.89	19.65	32.98	60.07	74.52	56.44	54.63	110.94	37.59	59.23	106.17	31.14	50.29	55.11	46.75	46.24
12	25.96	40.36	62.24	75.13	29.41	62.65	61.85	46.32	68.6	64.38	34.41	56.14	0.0	55.54	39.01	37.01	55.57	8.06	61.52	25.0	63.81	75.18	53.04	76.03	67.42	39.82	20.62	15.13	40.82	24.7
13	79.23	91.71	59.03	118.93	84.9	43.01	82.76	100.46	116.83	90.21	26.93	17.12	55.54	0.0	75.69	20.81	16.16	61.35	87.13	48.27	69.92	119.75	52.5	75.66	114.02	19.92	56.04	59.06	58.25	53.26
14	51.88	27.51	44.41	43.28	40.36	56.72	26.4	40.5	43.08	26.25	65.74	66.89	39.01	75.69	0.0	55.17	83.01	32.14	23.77	63.51	38.08	44.2	39.05	50.54	39.36	68.26	21.93	24.19	22.36	22.8
15	62.29	71.11	46.39	98.31	65.76	35.85	64.85	80.32	96.02	71.59	21.02	19.65	37.01	20.81	55.17	0.0	29.15	41.77	68.45	37.8	55.08	99.09	38.01	63.39	93.24	18.11	35.23	38.48	39.4	32.56
16	75.96	94.81	73.17	125.5	84.53	58.42	93.98	101.87	121.7	100.72	21.54	32.98	55.57	16.16	83.01	29.15	0.0	62.68	97.58	41.19	83.19	126.06	65.76	90.09	119.5	15.81	61.72	62.97	68.54	60.22
17	25.24	32.53	60.44	67.08	24.08	63.32	56.3	39.36	60.61	58.05	41.87	60.07	8.06	61.35	32.14	41.77	62.68	0.0	55.32	32.89	60.44	67.12	51.61	73.0	59.36	46.87	16.97	10.0	37.54	22.02
18	75.58	46.75	38.48	42.43	63.25	56.3	7.07	59.2	49.37	3.16	83.43	74.52	61.52	87.13	23.77	68.45	97.58	55.32	0.0	85.01	26.93	44.28	38.42	36.01	44.18	84.43	42.0	46.39	29.07	40.31
19	36.24	63.81	77.83	99.81	48.1	72.25	84.38	67.21	92.44	88.0	21.38	56.44	25.0	48.27	63.51	37.8	41.19	32.89	85.01	0.0	82.54	99.74	68.43	93.62	91.71	28.44	43.01	39.32	60.64	45.4
20	84.86	65.55	12.73	69.23	76.61	31.89	19.92	78.55	75.01	28.79	74.24	54.63	63.81	69.92	38.08	55.08	83.19	60.44	26.93	82.54	0.0	71.02	17.46	12.81	70.06	73.01	43.6	50.45	23.02	39.12
21	73.82	37.11	81.74	2.24	57.56	97.86	51.35	41.11	12.08	43.05	107.2	110.94	75.18	119.75	44.2	99.09	126.06	67.12	44.28	99.74	71.02	0.0	79.48	80.1	9.0	110.75	64.38	63.6	64.88	66.53
22	76.84	65.38	9.43	78.0	71.69	18.38	32.53	77.93	81.02	41.11	57.87	37.59	53.04	52.5	39.05	38.01	65.76	51.61	38.42	68.43	17.46	79.48	0.0	25.71	76.66	56.08	34.99	42.19	17.12	29.68
23	97.58	77.88	17.03	78.16	89.4	33.84	29.07	90.87	85.29	37.05	83.55	59.23	76.03	75.66	50.54	63.39	90.09	73.0	36.01	93.62	12.81	80.1	25.71	0.0	80.16	81.5	56.08	63.03	35.47	51.4
24	64.94	28.46	79.91	10.2	48.66	94.92	51.09	32.14	5.39	43.57	100.12	106.17	67.42	114.02	39.36	93.24	119.5	59.36	44.18	91.71	70.06	9.0	76.66	80.16	0.0	104.0	58.14	56.64	61.1	60.8
25	61.19	79.03	64.5	110.26	68.94	52.92	81.49	86.09	106.08	87.6	7.07	31.14	39.82	19.92	68.26	18.11	15.81	46.87	84.43	28.44	73.01	110.75	56.08	81.5	104.0	0.0	46.62	47.38	55.79	45.65
26	42.01	36.69	43.6	63.78	37.36	48.27	41.59	47.38	60.8	45.01	43.83	50.29	20.62	56.04	21.93	35.23	61.72	16.97	42.0	43.01	43.6	64.38	34.99	56.08	58.14	46.62	0.0	7.21	20.62	5.39
27	34.83	32.65	50.8	63.25	30.59	55.08	46.84	42.2	58.73	49.25	43.6	55.11	15.13	59.06	24.19	38.48	62.97	10.0	46.39	39.32	50.45	63.6	42.19	63.03	56.64	47.38	7.21	0.0	27.59	12.53
28	62.29	48.26	24.17	63.63	55.47	34.37	25.71	60.83	65.15	32.2	55.44	46.75	40.82	58.25	22.36	39.4	68.54	37.54	29.07	60.64	23.02	64.88	17.12	35.47	61.1	55.79	20.62	27.59	0.0	16.12
29	47.2	41.0	38.42	65.76	42.72	42.95	39.05	52.15	63.81	43.42	43.66	46.24	24.7	53.26	22.8	32.56	60.22	22.02	40.31	45.4	39.12	66.53	29.68	51.4	60.8	45.65	5.39	12.53	16.12	0.0
;
