set K:= 1	2	3	4;
set C_H:= 1	2	3	4	5	6	7	8	9	10	11	12	13;
set C_S:= 14	15	16	17	18	19;
set C_F:= 20	21;
set M:= 22	23	24	25	26	27;
set L_B:= 28	29	30	31;
set A1:=
(0,*) 1 2 3 4 5 6 7 8 9 10 11 12 13 20 21 22 23 24 25 26 27 28 29 30 31
(1,*) 0 2 3 4 5 6 7 8 9 10 11 12 13 20 21 22 23 24 25 26 27 28 29 30 31
(2,*) 0 1 3 4 5 6 7 8 9 10 11 12 13 20 21 22 23 24 25 26 27 28 29 30 31
(3,*) 0 1 2 4 5 6 7 8 9 10 11 12 13 20 21 22 23 24 25 26 27 28 29 30 31
(4,*) 0 1 2 3 5 6 7 8 9 10 11 12 13 20 21 22 23 24 25 26 27 28 29 30 31
(5,*) 0 1 2 3 4 6 7 8 9 10 11 12 13 20 21 22 23 24 25 26 27 28 29 30 31
(6,*) 0 1 2 3 4 5 7 8 9 10 11 12 13 20 21 22 23 24 25 26 27 28 29 30 31
(7,*) 0 1 2 3 4 5 6 8 9 10 11 12 13 20 21 22 23 24 25 26 27 28 29 30 31
(8,*) 0 1 2 3 4 5 6 7 9 10 11 12 13 20 21 22 23 24 25 26 27 28 29 30 31
(9,*) 0 1 2 3 4 5 6 7 8 10 11 12 13 20 21 22 23 24 25 26 27 28 29 30 31
(10,*) 0 1 2 3 4 5 6 7 8 9 11 12 13 20 21 22 23 24 25 26 27 28 29 30 31
(11,*) 0 1 2 3 4 5 6 7 8 9 10 12 13 20 21 22 23 24 25 26 27 28 29 30 31
(12,*) 0 1 2 3 4 5 6 7 8 9 10 11 13 20 21 22 23 24 25 26 27 28 29 30 31
(13,*) 0 1 2 3 4 5 6 7 8 9 10 11 12 20 21 22 23 24 25 26 27 28 29 30 31
(20,*) 0 1 2 3 4 5 6 7 8 9 10 11 12 13 21 22 23 24 25 26 27 28 29 30 31
(21,*) 0 1 2 3 4 5 6 7 8 9 10 11 12 13 20 22 23 24 25 26 27 28 29 30 31
(22,*) 0 1 2 3 4 5 6 7 8 9 10 11 12 13 20 21 23 24 25 26 27 28 29 30 31
(23,*) 0 1 2 3 4 5 6 7 8 9 10 11 12 13 20 21 22 24 25 26 27 28 29 30 31
(24,*) 0 1 2 3 4 5 6 7 8 9 10 11 12 13 20 21 22 23 25 26 27 28 29 30 31
(25,*) 0 1 2 3 4 5 6 7 8 9 10 11 12 13 20 21 22 23 24 26 27 28 29 30 31
(26,*) 0 1 2 3 4 5 6 7 8 9 10 11 12 13 20 21 22 23 24 25 27 28 29 30 31
(27,*) 0 1 2 3 4 5 6 7 8 9 10 11 12 13 20 21 22 23 24 25 26 28 29 30 31
(28,*) 0 1 2 3 4 5 6 7 8 9 10 11 12 13 20 21 22 23 24 25 26 27 29 30 31
(29,*) 0 1 2 3 4 5 6 7 8 9 10 11 12 13 20 21 22 23 24 25 26 27 28 30 31
(30,*) 0 1 2 3 4 5 6 7 8 9 10 11 12 13 20 21 22 23 24 25 26 27 28 29 31
(31,*) 0 1 2 3 4 5 6 7 8 9 10 11 12 13 20 21 22 23 24 25 26 27 28 29 30
;
set A2:=
(22,*) 23
(23,*) 22
(24,*) 25
(25,*) 24
(26,*) 27
(27,*) 26
;
param BigM:=99999;
param n:= 4;
param d:=
1	9
2	12
3	2
4	6
5	21
6	8
7	3
8	4
9	6
10	8
11	14
12	21
13	14
14	20
15	8
16	19
17	7
18	24
19	1
20	24
21	12
;
param Q:=100;
param w:=
[22,*] 23 1
[23,*] 22 1
[24,*] 25 1
[25,*] 24 1
[26,*] 27 1
[27,*] 26 1
;
param V:=
[22,*] 23 95
[23,*] 22 95
[24,*] 25 98
[25,*] 24 98
[26,*] 27 80
[27,*] 26 80
;
param f:=
22	100
23	100
24	100
25	100
26	100
27	100
28	100
29	100
30	100
31	100
;
param e:
	22	23	24	25	26	27	28	29	30	31:=
14	0	0	1	0	1	0	1	1	0	0	
15	0	0	0	1	0	1	1	0	1	0	
16	1	0	0	0	0	1	0	0	1	0	
17	0	1	1	0	0	0	0	0	0	0	
18	0	0	1	0	1	0	1	1	1	0	
19	0	0	0	1	0	0	1	0	0	1	
20	1	0	0	0	0	1	0	0	1	0	
21	1	0	0	1	0	1	1	1	1	0	
;
param p:=
1	1
2	1
3	1
4	1
;
param G:=
22	84
23	95
24	98
25	79
26	72
27	80
28	75
29	92
30	84
31	88
;
param s:=
0	0
1	15
2	15
3	15
4	15
5	15
6	15
7	15
8	15
9	15
10	15
11	15
12	15
13	15
20	15
21	15
22	10
23	10
24	10
25	10
26	10
27	10
28	10
29	10
30	10
31	10
;
param t:
	0	1	2	3	4	5	6	7	8	9	10	11	12	13	14	15	16	17	18	19	20	21	22	23	24	25	26	27	28	29	30	31:=
0	0.0	72.78	64.03	62.29	75.58	28.84	79.23	27.02	84.17	85.6	36.24	16.28	77.88	101.41	25.96	78.03	74.55	54.57	25.24	76.84	73.82	51.88	64.94	61.19	20.81	83.49	13.0	62.8	43.19	25.55	51.24	84.6
1	72.78	0.0	9.0	101.53	49.09	47.0	122.29	65.46	100.09	86.12	100.24	56.52	48.0	93.13	76.01	56.14	7.62	108.71	67.96	83.49	5.39	47.17	8.6	112.54	89.32	73.68	85.62	27.51	63.78	69.34	38.01	94.87
2	64.03	9.0	0.0	96.02	49.37	38.0	116.83	58.26	97.12	84.59	92.44	47.8	48.84	93.09	68.6	56.22	13.89	101.91	60.61	81.02	12.08	43.08	5.39	106.08	81.02	73.01	76.92	26.0	58.25	62.01	33.62	92.42
3	62.29	101.53	96.02	0.0	68.45	80.05	20.81	42.45	31.76	46.39	37.8	65.76	71.59	61.85	37.01	64.85	98.31	21.02	41.77	38.01	99.09	55.17	93.24	18.11	48.47	55.23	59.77	76.42	37.8	40.61	63.7	37.0
4	75.58	49.09	49.37	68.45	0.0	65.86	87.13	52.39	55.61	38.48	85.01	63.25	3.16	44.05	61.52	7.07	42.43	83.43	55.32	38.42	44.28	23.77	44.18	84.43	81.58	25.0	84.76	23.77	39.01	56.09	26.17	49.09
5	28.84	47.0	38.0	80.05	65.86	0.0	99.62	37.66	93.54	88.54	63.13	15.26	67.18	102.04	44.38	70.6	50.49	78.29	38.33	81.49	49.25	45.65	40.31	84.1	48.84	81.84	41.68	46.04	48.26	39.56	39.82	91.59
6	79.23	122.29	116.83	20.81	87.13	99.62	0.0	62.39	40.05	59.03	48.27	84.9	90.21	72.03	55.54	82.76	118.93	26.93	61.35	52.5	119.75	75.69	114.02	19.92	62.29	70.52	74.24	96.88	58.6	60.08	84.39	47.27
7	27.02	65.46	58.26	42.45	52.39	37.66	62.39	0.0	58.52	58.6	35.74	24.02	55.11	74.41	10.77	53.49	64.41	43.86	3.0	49.93	64.5	29.15	56.86	48.6	29.27	56.85	33.12	46.32	16.28	4.12	32.56	58.18
8	84.17	100.09	97.12	31.76	55.61	93.54	40.05	58.52	0.0	20.12	68.01	82.0	58.26	32.0	58.59	49.58	94.85	52.77	59.46	17.2	96.25	54.34	92.97	49.04	75.6	33.6	85.44	72.62	45.28	58.87	63.79	7.62
9	85.6	86.12	84.59	46.39	38.48	88.54	59.03	58.6	20.12	0.0	77.83	79.61	40.71	16.64	62.24	31.76	80.08	66.71	60.44	9.43	81.74	44.41	79.91	64.5	81.84	14.21	89.81	58.86	42.72	60.31	53.08	12.53
10	36.24	100.24	92.44	37.8	85.01	63.13	48.27	35.74	68.01	77.83	0.0	48.1	88.0	94.41	25.0	84.38	99.81	21.38	32.89	68.43	99.74	63.51	91.71	28.44	15.81	81.91	27.46	82.01	46.0	31.62	68.15	71.61
11	16.28	56.52	47.8	65.76	63.25	15.26	84.9	24.02	82.0	79.61	48.1	0.0	65.19	94.34	29.41	66.71	58.31	63.06	24.08	71.69	57.56	40.36	48.66	68.94	34.41	75.0	29.12	47.8	37.34	25.18	37.59	80.96
12	77.88	48.0	48.84	71.59	3.16	67.18	90.21	55.11	58.26	40.71	88.0	65.19	0.0	45.28	64.38	8.94	41.11	86.59	58.05	41.11	43.05	26.25	43.57	87.6	84.34	26.93	87.28	23.77	42.0	58.86	27.8	51.61
13	101.41	93.13	93.09	61.85	44.05	102.04	72.03	74.41	32.0	16.64	94.41	94.34	45.28	0.0	78.64	37.01	86.37	82.57	76.42	26.08	88.28	56.65	88.02	79.83	98.41	20.62	106.15	67.12	58.26	76.38	64.29	25.18
14	25.96	76.01	68.6	37.01	61.52	44.38	55.54	10.77	58.59	62.24	25.0	29.41	64.38	78.64	0.0	61.85	75.13	34.41	8.06	53.04	75.18	39.01	67.42	39.82	20.62	62.77	27.59	57.01	23.09	6.71	43.17	59.64
15	78.03	56.14	56.22	64.85	7.07	70.6	82.76	53.49	49.58	31.76	84.38	66.71	8.94	37.01	61.85	0.0	49.5	81.05	56.3	32.53	51.35	26.4	51.09	81.49	82.28	18.03	86.41	30.41	38.83	56.92	30.81	42.8
16	74.55	7.62	13.89	98.31	42.43	50.49	118.93	64.41	94.85	80.08	99.81	58.31	41.11	86.37	75.13	49.5	0.0	106.83	67.08	78.0	2.24	43.28	10.2	110.26	89.84	67.27	87.13	22.47	60.88	68.43	34.66	89.32
17	54.57	108.71	101.91	21.02	83.43	78.29	26.93	43.86	52.77	66.71	21.38	63.06	86.59	82.57	34.41	81.05	106.83	0.0	41.87	57.87	107.2	65.74	100.12	7.07	36.01	74.11	48.01	86.45	46.96	40.46	72.72	57.94
18	25.24	67.96	60.61	41.77	55.32	38.33	61.35	3.0	59.46	60.44	32.89	24.08	58.05	76.42	8.06	56.3	67.08	41.87	0.0	51.61	67.12	32.14	59.36	46.87	26.31	59.2	30.53	49.24	18.6	1.41	35.51	59.48
19	76.84	83.49	81.02	38.01	38.42	81.49	52.5	49.93	17.2	9.43	68.43	71.69	41.11	26.08	53.04	32.53	78.0	57.87	51.61	0.0	79.48	39.05	76.66	56.08	72.47	18.03	80.62	55.97	34.44	51.4	48.26	11.4
20	73.82	5.39	12.08	99.09	44.28	49.25	119.75	64.5	96.25	81.74	99.74	57.56	43.05	88.28	75.18	51.35	2.24	107.2	67.12	79.48	0.0	44.2	9.0	110.75	89.49	69.05	86.49	23.71	61.52	68.48	35.38	90.82
21	51.88	47.17	43.08	55.17	23.77	45.65	75.69	29.15	54.34	44.41	63.51	40.36	26.25	56.65	39.01	26.4	43.28	65.74	32.14	39.05	44.2	0.0	39.36	68.26	58.42	36.25	61.03	21.26	18.79	33.06	9.49	50.25
22	64.94	8.6	5.39	93.24	44.18	40.31	114.02	56.86	92.97	79.91	91.71	48.66	43.57	88.02	67.42	51.09	10.2	100.12	59.36	76.66	9.0	39.36	0.0	104.0	80.99	68.07	77.67	21.1	55.44	60.75	30.02	88.06
23	61.19	112.54	106.08	18.11	84.43	84.1	19.92	48.6	49.04	64.5	28.44	68.94	87.6	79.83	39.82	81.49	110.26	7.07	46.87	56.08	110.75	68.26	104.0	0.0	43.0	73.06	55.0	89.31	49.65	45.49	75.8	54.82
24	20.81	89.32	81.02	48.47	81.58	48.84	62.29	29.27	75.6	81.84	15.81	34.41	84.34	98.41	20.62	82.28	89.84	36.01	26.31	72.47	89.49	58.42	80.99	43.0	0.0	83.24	12.0	74.33	43.66	25.5	61.03	77.83
25	83.49	73.68	73.01	55.23	25.0	81.84	70.52	56.85	33.6	14.21	81.91	75.0	26.93	20.62	62.77	18.03	67.27	74.11	59.2	18.03	69.05	36.25	68.07	73.06	83.24	0.0	89.63	47.01	40.61	59.41	43.68	26.25
26	13.0	85.62	76.92	59.77	84.76	41.68	74.24	33.12	85.44	89.81	27.46	29.12	87.28	106.15	27.59	86.41	87.13	48.01	30.53	80.62	86.49	61.03	77.67	55.0	12.0	89.63	0.0	74.17	49.09	30.23	61.81	87.01
27	62.8	27.51	26.0	76.42	23.77	46.04	96.88	46.32	72.62	58.86	82.01	47.8	23.77	67.12	57.01	30.41	22.47	86.45	49.24	55.97	23.71	21.26	21.1	89.31	74.33	47.01	74.17	0.0	39.66	50.45	13.93	67.36
28	43.19	63.78	58.25	37.8	39.01	48.26	58.6	16.28	45.28	42.72	46.0	37.34	42.0	58.26	23.09	38.83	60.88	46.96	18.6	34.44	61.52	18.79	55.44	49.65	43.66	40.61	49.09	39.66	0.0	18.87	26.25	43.68
29	25.55	69.34	62.01	40.61	56.09	39.56	60.08	4.12	58.87	60.31	31.62	25.18	58.86	76.38	6.71	56.92	68.43	40.46	1.41	51.4	68.48	33.06	60.75	45.49	25.5	59.41	30.23	50.45	18.87	0.0	36.67	59.06
30	51.24	38.01	33.62	63.7	26.17	39.82	84.39	32.56	63.79	53.08	68.15	37.59	27.8	64.29	43.17	30.81	34.66	72.72	35.51	48.26	35.38	9.49	30.02	75.8	61.03	43.68	61.81	13.93	26.25	36.67	0.0	59.54
31	84.6	94.87	92.42	37.0	49.09	91.59	47.27	58.18	7.62	12.53	71.61	80.96	51.61	25.18	59.64	42.8	89.32	57.94	59.48	11.4	90.82	50.25	88.06	54.82	77.83	26.25	87.01	67.36	43.68	59.06	59.54	0.0
;
