set K:= 1	2	3	4;
set C_H:= 1	2	3	4	5	6	7	8	9	10	11	12	13	14;
set C_S:= 15	16	17	18	19	20;
set C_F:= 21	22;
set M:= 23	24	25	26	27	28;
set L_B:= 29	30	31	32;
set A1:=
(0,*) 1 2 3 4 5 6 7 8 9 10 11 12 13 14 21 22 23 24 25 26 27 28 29 30 31 32
(1,*) 0 2 3 4 5 6 7 8 9 10 11 12 13 14 21 22 23 24 25 26 27 28 29 30 31 32
(2,*) 0 1 3 4 5 6 7 8 9 10 11 12 13 14 21 22 23 24 25 26 27 28 29 30 31 32
(3,*) 0 1 2 4 5 6 7 8 9 10 11 12 13 14 21 22 23 24 25 26 27 28 29 30 31 32
(4,*) 0 1 2 3 5 6 7 8 9 10 11 12 13 14 21 22 23 24 25 26 27 28 29 30 31 32
(5,*) 0 1 2 3 4 6 7 8 9 10 11 12 13 14 21 22 23 24 25 26 27 28 29 30 31 32
(6,*) 0 1 2 3 4 5 7 8 9 10 11 12 13 14 21 22 23 24 25 26 27 28 29 30 31 32
(7,*) 0 1 2 3 4 5 6 8 9 10 11 12 13 14 21 22 23 24 25 26 27 28 29 30 31 32
(8,*) 0 1 2 3 4 5 6 7 9 10 11 12 13 14 21 22 23 24 25 26 27 28 29 30 31 32
(9,*) 0 1 2 3 4 5 6 7 8 10 11 12 13 14 21 22 23 24 25 26 27 28 29 30 31 32
(10,*) 0 1 2 3 4 5 6 7 8 9 11 12 13 14 21 22 23 24 25 26 27 28 29 30 31 32
(11,*) 0 1 2 3 4 5 6 7 8 9 10 12 13 14 21 22 23 24 25 26 27 28 29 30 31 32
(12,*) 0 1 2 3 4 5 6 7 8 9 10 11 13 14 21 22 23 24 25 26 27 28 29 30 31 32
(13,*) 0 1 2 3 4 5 6 7 8 9 10 11 12 14 21 22 23 24 25 26 27 28 29 30 31 32
(14,*) 0 1 2 3 4 5 6 7 8 9 10 11 12 13 21 22 23 24 25 26 27 28 29 30 31 32
(21,*) 0 1 2 3 4 5 6 7 8 9 10 11 12 13 14 22 23 24 25 26 27 28 29 30 31 32
(22,*) 0 1 2 3 4 5 6 7 8 9 10 11 12 13 14 21 23 24 25 26 27 28 29 30 31 32
(23,*) 0 1 2 3 4 5 6 7 8 9 10 11 12 13 14 21 22 24 25 26 27 28 29 30 31 32
(24,*) 0 1 2 3 4 5 6 7 8 9 10 11 12 13 14 21 22 23 25 26 27 28 29 30 31 32
(25,*) 0 1 2 3 4 5 6 7 8 9 10 11 12 13 14 21 22 23 24 26 27 28 29 30 31 32
(26,*) 0 1 2 3 4 5 6 7 8 9 10 11 12 13 14 21 22 23 24 25 27 28 29 30 31 32
(27,*) 0 1 2 3 4 5 6 7 8 9 10 11 12 13 14 21 22 23 24 25 26 28 29 30 31 32
(28,*) 0 1 2 3 4 5 6 7 8 9 10 11 12 13 14 21 22 23 24 25 26 27 29 30 31 32
(29,*) 0 1 2 3 4 5 6 7 8 9 10 11 12 13 14 21 22 23 24 25 26 27 28 30 31 32
(30,*) 0 1 2 3 4 5 6 7 8 9 10 11 12 13 14 21 22 23 24 25 26 27 28 29 31 32
(31,*) 0 1 2 3 4 5 6 7 8 9 10 11 12 13 14 21 22 23 24 25 26 27 28 29 30 32
(32,*) 0 1 2 3 4 5 6 7 8 9 10 11 12 13 14 21 22 23 24 25 26 27 28 29 30 31
;
set A2:=
(23,*) 24
(24,*) 23
(25,*) 26
(26,*) 25
(27,*) 28
(28,*) 27
;
param BigM:=99999;
param n:= 4;
param d:=
1	4
2	14
3	21
4	19
5	24
6	6
7	12
8	2
9	8
10	18
11	1
12	2
13	16
14	9
15	3
16	12
17	24
18	15
19	24
20	7
21	21
22	16
;
param Q:=100;
param w:=
[23,*] 24 1
[24,*] 23 1
[25,*] 26 1
[26,*] 25 1
[27,*] 28 1
[28,*] 27 1
;
param V:=
[23,*] 24 87
[24,*] 23 87
[25,*] 26 94
[26,*] 25 94
[27,*] 28 100
[28,*] 27 100
;
param f:=
23	100
24	100
25	100
26	100
27	100
28	100
29	100
30	100
31	100
32	100
;
param e:
	23	24	25	26	27	28	29	30	31	32:=
15	0	0	1	0	1	0	1	1	1	1	
16	1	0	0	0	0	1	0	0	0	0	
17	0	1	0	0	0	0	0	0	0	0	
18	0	0	0	1	0	0	0	1	0	0	
19	1	0	0	0	0	1	0	0	0	0	
20	0	1	1	0	0	0	0	0	1	0	
21	0	0	0	1	0	1	0	1	0	0	
22	1	0	0	0	0	1	1	1	0	1	
;
param p:=
1	1
2	1
3	1
4	1
;
param G:=
23	75
24	87
25	93
26	94
27	82
28	100
29	81
30	95
31	99
32	88
;
param s:=
0	0
1	15
2	15
3	15
4	15
5	15
6	15
7	15
8	15
9	15
10	15
11	15
12	15
13	15
14	15
21	15
22	15
23	10
24	10
25	10
26	10
27	10
28	10
29	10
30	10
31	10
32	10
;
param t:
	0	1	2	3	4	5	6	7	8	9	10	11	12	13	14	15	16	17	18	19	20	21	22	23	24	25	26	27	28	29	30	31	32:=
0	0.0	84.17	101.41	28.84	74.55	25.24	75.58	51.88	62.29	79.23	25.71	76.84	21.1	88.14	72.78	27.02	64.03	75.96	84.86	73.82	54.57	77.88	37.05	64.94	61.19	20.81	83.49	13.0	62.8	36.07	48.27	29.15	41.23
1	84.17	0.0	32.0	93.54	94.85	59.46	55.61	54.34	31.76	40.05	83.49	17.2	76.12	4.24	100.09	58.52	97.12	55.15	32.45	96.25	52.77	58.26	79.06	92.97	49.04	75.6	33.6	85.44	72.62	51.79	40.11	67.27	45.71
2	101.41	32.0	0.0	102.04	86.37	76.42	44.05	56.65	61.85	72.03	92.57	26.08	87.46	29.15	93.13	74.41	93.09	87.09	18.68	88.28	82.57	45.28	84.15	88.02	79.83	98.41	20.62	106.15	67.12	65.44	53.15	91.81	60.21
3	28.84	93.54	102.04	0.0	50.49	38.33	65.86	45.65	80.05	99.62	10.05	81.49	18.25	96.88	47.0	37.66	38.0	99.73	83.63	49.25	78.29	67.18	19.1	40.31	84.1	48.84	81.84	41.68	46.04	42.01	53.46	55.44	48.04
4	74.55	94.85	86.37	50.49	0.0	67.08	42.43	43.28	98.31	118.93	49.09	78.0	54.13	96.38	7.62	64.41	13.89	125.5	69.23	2.24	106.83	41.11	37.66	10.2	110.26	89.84	67.27	87.13	22.47	60.22	62.97	92.31	63.13
5	25.24	59.46	76.42	38.33	67.08	0.0	55.32	32.14	41.77	61.35	29.15	51.61	20.25	63.32	67.96	3.0	60.61	62.68	60.44	67.12	41.87	58.05	32.53	59.36	46.87	26.31	59.2	30.53	49.24	12.08	23.35	25.71	16.28
6	75.58	55.61	44.05	65.86	42.43	55.32	0.0	23.77	68.45	87.13	58.05	38.42	56.3	56.3	49.09	52.39	49.37	97.58	26.93	44.28	83.43	3.16	46.75	44.18	84.43	81.58	25.0	84.76	23.77	43.57	37.22	79.23	42.01
7	51.88	54.34	56.65	45.65	43.28	32.14	23.77	0.0	55.17	75.69	36.62	39.05	33.3	56.72	47.17	29.15	43.08	83.01	38.08	44.2	65.74	26.25	27.51	39.36	68.26	58.42	36.25	61.03	21.26	21.1	19.85	57.08	21.54
8	62.29	31.76	61.85	80.05	98.31	41.77	68.45	55.17	0.0	20.81	70.6	38.01	61.85	35.85	101.53	42.45	96.02	29.15	55.08	99.09	21.02	71.59	71.11	93.24	18.11	48.47	55.23	59.77	76.42	40.71	35.36	38.91	36.06
9	79.23	40.05	72.03	99.62	118.93	61.35	87.13	75.69	20.81	0.0	90.48	52.5	81.6	43.01	122.29	62.39	116.83	16.16	69.92	119.75	26.93	90.21	91.71	114.02	19.92	62.29	70.52	74.24	96.88	61.4	55.97	52.24	56.86
10	25.71	83.49	92.57	10.05	49.09	29.15	58.05	36.62	70.6	90.48	0.0	71.57	8.94	86.83	47.07	28.16	38.33	91.42	74.3	48.26	70.18	59.67	12.65	39.32	75.66	43.57	72.56	38.6	40.31	32.0	43.42	48.84	38.01
11	76.84	17.2	26.08	81.49	78.0	51.61	38.42	39.05	38.01	52.5	71.57	0.0	65.19	18.38	83.49	49.93	81.02	65.76	17.46	79.48	57.87	41.11	65.38	76.66	56.08	72.47	18.03	80.62	55.97	41.59	29.07	65.73	35.85
12	21.1	76.12	87.46	18.25	54.13	20.25	56.3	33.3	61.85	81.6	8.94	65.19	0.0	79.62	53.14	19.42	44.78	82.49	69.63	53.6	61.29	58.31	16.49	44.92	66.73	36.25	68.01	33.14	41.77	24.33	36.4	40.61	30.41
13	88.14	4.24	29.15	96.88	96.38	63.32	56.3	56.72	35.85	43.01	86.83	18.38	79.62	0.0	101.84	62.3	99.2	58.42	31.89	97.86	56.82	58.82	82.0	94.92	52.92	79.81	33.24	89.59	74.33	55.32	43.42	71.51	49.24
14	72.78	100.09	93.13	47.0	7.62	67.96	49.09	47.17	101.53	122.29	47.07	83.49	53.14	101.84	0.0	65.46	9.0	128.0	75.66	5.39	108.71	48.0	36.77	8.6	112.54	89.32	73.68	85.62	27.51	62.29	66.4	92.59	65.8
15	27.02	58.52	74.41	37.66	64.41	3.0	52.39	29.15	42.45	62.39	28.16	49.93	19.42	62.3	65.46	0.0	58.26	64.4	58.14	64.5	43.86	55.11	30.48	56.86	48.6	29.27	56.85	33.12	46.32	9.43	21.26	28.64	14.21
16	64.03	97.12	93.09	38.0	13.89	60.61	49.37	43.08	96.02	116.83	38.33	81.02	44.78	99.2	9.0	58.26	0.0	121.7	75.01	12.08	101.91	48.84	28.65	5.39	106.08	81.02	73.01	76.92	26.0	55.97	61.4	84.72	60.0
17	75.96	55.15	87.09	99.73	125.5	62.68	97.58	83.01	29.15	16.16	91.42	65.76	82.49	58.42	128.0	64.4	121.7	0.0	83.19	126.06	21.54	100.72	94.81	119.5	15.81	56.72	83.55	68.59	104.2	65.76	63.25	47.07	62.37
18	84.86	32.45	18.68	83.63	69.23	60.44	26.93	38.08	55.08	69.92	74.3	17.46	69.63	31.89	75.66	58.14	75.01	83.19	0.0	71.02	74.24	28.79	65.55	70.06	73.01	84.22	2.0	90.8	49.01	48.84	37.2	78.79	44.2
19	73.82	96.25	88.28	49.25	2.24	67.12	44.28	44.2	99.09	119.75	48.26	79.48	53.6	97.86	5.39	64.5	12.08	126.06	71.02	0.0	107.2	43.05	37.11	9.0	110.75	89.49	69.05	86.49	23.71	60.61	63.78	92.2	63.7
20	54.57	52.77	82.57	78.29	106.83	41.87	83.43	65.74	21.02	26.93	70.18	57.87	61.29	56.82	108.71	43.86	101.91	21.54	74.24	107.2	0.0	86.59	74.33	100.12	7.07	36.01	74.11	48.01	86.45	46.62	46.82	26.08	44.29
21	77.88	58.26	45.28	67.18	41.11	58.05	3.16	26.25	71.59	90.21	59.67	41.11	58.31	58.82	48.0	55.11	48.84	100.72	28.79	43.05	86.59	0.0	48.08	43.57	87.6	84.34	26.93	87.28	23.77	46.39	40.31	82.15	45.0
22	37.05	79.06	84.15	19.1	37.66	32.53	46.75	27.51	71.11	91.71	12.65	65.38	16.49	82.0	36.77	30.48	28.65	94.81	65.55	37.11	74.33	48.08	0.0	28.46	79.03	52.55	63.69	49.5	27.73	30.46	39.46	56.08	35.74
23	64.94	92.97	88.02	40.31	10.2	59.36	44.18	39.36	93.24	114.02	39.32	76.66	44.92	94.92	8.6	56.86	5.39	119.5	70.06	9.0	100.12	43.57	28.46	0.0	104.0	80.99	68.07	77.67	21.1	53.76	58.25	84.08	57.38
24	61.19	49.04	79.83	84.1	110.26	46.87	84.43	68.26	18.11	19.92	75.66	56.08	66.73	52.92	112.54	48.6	106.08	15.81	73.01	110.75	7.07	87.6	79.03	104.0	0.0	43.0	73.06	55.0	89.31	50.25	48.76	33.02	47.2
25	20.81	75.6	98.41	48.84	89.84	26.31	81.58	58.42	48.47	62.29	43.57	72.47	36.25	79.81	89.32	29.27	81.02	56.72	84.22	89.49	36.01	84.34	52.55	80.99	43.0	0.0	83.24	12.0	74.33	38.08	47.42	10.05	40.85
26	83.49	33.6	20.62	81.84	67.27	59.2	25.0	36.25	55.23	70.52	72.56	18.03	68.01	33.24	73.68	56.85	73.01	83.55	2.0	69.05	74.11	26.93	63.69	68.07	73.06	83.24	0.0	89.63	47.01	47.51	36.06	78.0	43.01
27	13.0	85.44	106.15	41.68	87.13	30.53	84.76	61.03	59.77	74.24	38.6	80.62	33.14	89.59	85.62	33.12	76.92	68.59	90.8	86.49	48.01	87.28	49.5	77.67	55.0	12.0	89.63	0.0	74.17	42.54	53.6	22.02	46.62
28	62.8	72.62	67.12	46.04	22.47	49.24	23.77	21.26	76.42	96.88	40.31	55.97	41.77	74.33	27.51	46.32	26.0	104.2	49.01	23.71	86.45	23.77	27.73	21.1	89.31	74.33	47.01	74.17	0.0	40.31	41.11	74.95	42.19
29	36.07	51.79	65.44	42.01	60.22	12.08	43.57	21.1	40.71	61.4	32.0	41.59	24.33	55.32	62.29	9.43	55.97	65.76	48.84	60.61	46.62	46.39	30.46	53.76	50.25	38.08	47.51	42.54	40.31	0.0	12.53	36.01	6.08
30	48.27	40.11	53.15	53.46	62.97	23.35	37.22	19.85	35.36	55.97	43.42	29.07	36.4	43.42	66.4	21.26	61.4	63.25	37.2	63.78	46.82	40.31	39.46	58.25	48.76	47.42	36.06	53.6	41.11	12.53	0.0	43.17	7.07
31	29.15	67.27	91.81	55.44	92.31	25.71	79.23	57.08	38.91	52.24	48.84	65.73	40.61	71.51	92.59	28.64	84.72	47.07	78.79	92.2	26.08	82.15	56.08	84.08	33.02	10.05	78.0	22.02	74.95	36.01	43.17	0.0	37.34
32	41.23	45.71	60.21	48.04	63.13	16.28	42.01	21.54	36.06	56.86	38.01	35.85	30.41	49.24	65.8	14.21	60.0	62.37	44.2	63.7	44.29	45.0	35.74	57.38	47.2	40.85	43.01	46.62	42.19	6.08	7.07	37.34	0.0
;
