vehicles
vehicle_idx, capacity, cost_per_unit_distance
1,100,3
2,100,3
3,100,3
4,100,3
depot
node_idx,x,y
0,82,76
home delivery customers
node_idx,x,y,service_time,demand
1,96,44,10,19
2,5,10,10,14
3,3,82,10,8
4,93,3,10,24
5,50,93,10,8
6,84,25,10,16
7,20,70,10,2
self pickup customers
node_idx,x,y,service_time,demand,locker_idxs
8,42,9,10,8,26-23
9,61,62,10,24,26-22
10,84,39,10,16,27-24
11,61,59,10,3,27-22
12,57,69,10,20,27-22
13,2,39,10,16,29-23
14,5,42,10,4,27-23
flexible customers
node_idx,x,y,service_time,demand,locker_idxs
15,13,7,10,19,29-23
16,91,2,10,19,26-24
17,88,51,10,18,26-24
18,19,32,10,1,26-23
19,98,14,10,12,26-24
20,23,15,10,15,28-23
21,1,65,10,22,28-25-23
lockers
node_idx,x,y,service_time,capacity,cost_per_unit_good
22,65,88,10,91
23,25,15,10,71
24,93,12,10,82
25,22,88,10,81
26,53,50,10,95
27,48,48,10,77
28,45,44,10,87
29,50,36,10,98
mrt lines
start_node_idx,end_node_idx,freight_capacity,cost_per_unit_good
22,23,91,0.5
23,22,91,0.5
24,25,82,0.5
25,24,82,0.5
distance matrix
,0,1,2,3,4,5,6,7,8,9,10,11,12,13,14,15,16,17,18,19,20,21,22,23,24,25,26,27,28,29,
0,0.0,34.93,101.41,79.23,73.82,36.24,51.04,62.29,78.03,25.24,37.05,27.02,25.96,88.14,84.17,97.58,74.55,25.71,76.84,64.03,84.86,81.74,20.81,83.49,64.94,61.19,38.95,44.05,48.92,51.22
1,34.93,0.0,97.14,100.46,41.11,67.21,22.47,80.32,64.35,39.36,13.0,38.08,46.32,94.13,91.02,90.87,42.3,10.63,77.93,30.07,78.55,97.29,53.82,76.69,32.14,86.09,43.42,48.17,51.0,46.69
2,101.41,97.14,0.0,72.03,88.28,94.41,80.41,61.85,37.01,76.42,84.15,74.41,78.64,29.15,32.0,8.54,86.37,92.57,26.08,93.09,18.68,55.15,98.41,20.62,88.02,79.83,62.48,57.38,52.5,51.97
3,79.23,100.46,72.03,0.0,119.75,48.27,99.05,20.81,82.76,61.35,91.71,62.39,55.54,43.01,40.05,75.66,118.93,90.48,52.5,116.83,69.92,17.12,62.29,70.52,114.02,19.92,59.36,56.4,56.64,65.76
4,73.82,41.11,88.28,119.75,0.0,99.74,23.77,99.09,51.35,67.12,37.11,64.5,75.18,97.86,96.25,80.1,2.24,48.26,79.48,12.08,71.02,110.94,89.49,69.05,9.0,110.75,61.72,63.64,63.13,54.2
5,36.24,67.21,94.41,48.27,99.74,0.0,76.03,37.8,84.38,32.89,63.81,35.74,25.0,72.25,68.01,93.62,99.81,56.64,68.43,92.44,82.54,56.44,15.81,81.91,91.71,28.44,43.1,45.04,49.25,57.0
6,51.04,22.47,80.41,99.05,23.77,76.03,0.0,78.24,44.94,43.57,14.0,41.05,51.62,83.19,80.81,73.25,24.04,26.31,65.38,17.8,61.81,92.14,65.8,59.84,15.81,88.39,39.82,42.72,43.38,35.74
7,62.29,80.32,61.85,20.81,99.09,37.8,78.24,0.0,64.85,41.77,71.11,42.45,37.01,35.85,31.76,63.39,98.31,70.6,38.01,96.02,55.08,19.65,48.47,55.23,93.24,18.11,38.59,35.61,36.07,45.34
8,78.03,64.35,37.01,82.76,51.35,84.38,44.94,64.85,0.0,56.3,51.61,53.49,61.85,50.0,49.58,29.07,49.5,62.29,32.53,56.22,19.92,69.4,82.28,18.03,51.09,81.49,42.45,39.46,35.13,28.16
9,25.24,39.36,76.42,61.35,67.12,32.89,43.57,41.77,56.3,0.0,32.53,3.0,8.06,63.32,59.46,73.0,67.08,29.15,51.61,60.61,60.44,60.07,26.31,59.2,59.36,46.87,14.42,19.1,24.08,28.23
10,37.05,13.0,84.15,91.71,37.11,63.81,14.0,71.11,51.61,32.53,0.0,30.48,40.36,82.0,79.06,77.88,37.66,12.65,65.38,28.65,65.55,86.98,52.55,63.69,28.46,79.03,32.89,37.11,39.32,34.13
11,27.02,38.08,74.41,62.39,64.5,35.74,41.05,42.45,53.49,3.0,30.48,0.0,10.77,62.3,58.52,70.77,64.41,28.16,49.93,58.26,58.14,60.3,29.27,56.85,56.86,48.6,12.04,17.03,21.93,25.5
12,25.96,46.32,78.64,55.54,75.18,25.0,51.62,37.01,61.85,8.06,40.36,10.77,0.0,62.65,58.59,76.03,75.13,35.85,53.04,68.6,63.81,56.14,20.62,62.77,67.42,39.82,19.42,22.85,27.73,33.73
13,88.14,94.13,29.15,43.01,97.86,72.25,83.19,35.85,50.0,63.32,82.0,62.3,62.65,0.0,4.24,33.84,96.38,86.83,18.38,99.2,31.89,26.02,79.81,33.24,94.92,52.92,52.17,46.87,43.29,48.09
14,84.17,91.02,32.0,40.05,96.25,68.01,80.81,31.76,49.58,59.46,79.06,58.52,58.59,4.24,0.0,35.9,94.85,83.49,17.2,97.12,32.45,23.35,75.6,33.6,92.97,49.04,48.66,43.42,40.05,45.4
15,97.58,90.87,8.54,75.66,80.1,93.62,73.25,63.39,29.07,73.0,77.88,70.77,76.03,33.84,35.9,0.0,78.16,86.95,25.71,85.29,12.81,59.23,96.25,14.42,80.16,81.5,58.73,53.91,48.92,47.01
16,74.55,42.3,86.37,118.93,2.24,99.81,24.04,98.31,49.5,67.08,37.66,64.41,75.13,96.38,94.85,78.16,0.0,49.09,78.0,13.89,69.23,109.86,89.84,67.27,10.2,110.26,61.22,62.97,62.29,53.26
17,25.71,10.63,92.57,90.48,48.26,56.64,26.31,70.6,62.29,29.15,12.65,28.16,35.85,86.83,83.49,86.95,49.09,0.0,71.57,38.33,74.3,88.12,43.57,72.56,39.32,75.66,35.01,40.11,43.57,40.85
18,76.84,77.93,26.08,52.5,79.48,68.43,65.38,38.01,32.53,51.61,65.38,49.93,53.04,18.38,17.2,25.71,78.0,71.57,0.0,81.02,17.46,37.59,72.47,18.03,76.66,56.08,38.47,33.12,28.64,31.26
19,64.03,30.07,93.09,116.83,12.08,92.44,17.8,96.02,56.22,60.61,28.65,58.26,68.6,99.2,97.12,85.29,13.89,38.33,81.02,0.0,75.01,109.59,81.02,73.01,5.39,106.08,57.63,60.46,60.9,52.8
20,84.86,78.55,18.68,69.92,71.02,82.54,61.81,55.08,19.92,60.44,65.55,58.14,63.81,31.89,32.45,12.81,69.23,74.3,17.46,75.01,0.0,54.63,84.22,2.0,70.06,73.01,46.1,41.4,36.4,34.21
21,81.74,97.29,55.15,17.12,110.94,56.44,92.14,19.65,69.4,60.07,86.98,60.3,56.14,26.02,23.35,59.23,109.86,88.12,37.59,109.59,54.63,0.0,68.01,55.46,106.17,31.14,54.12,49.98,48.75,56.94
22,20.81,53.82,98.41,62.29,89.49,15.81,65.8,48.47,82.28,26.31,52.55,29.27,20.62,79.81,75.6,96.25,89.84,43.57,72.47,81.02,84.22,68.01,0.0,83.24,80.99,43.0,39.85,43.46,48.33,54.12
23,83.49,76.69,20.62,70.52,69.05,81.91,59.84,55.23,18.03,59.2,63.69,56.85,62.77,33.24,33.6,14.42,67.27,72.56,18.03,73.01,2.0,55.46,83.24,0.0,68.07,73.06,44.82,40.22,35.23,32.65
24,64.94,32.14,88.02,114.02,9.0,91.71,15.81,93.24,51.09,59.36,28.46,56.86,67.42,94.92,92.97,80.16,10.2,39.32,76.66,5.39,70.06,106.17,80.99,68.07,0.0,104.0,55.17,57.63,57.69,49.24
25,61.19,86.09,79.83,19.92,110.75,28.44,88.39,18.11,81.49,46.87,79.03,48.6,39.82,52.92,49.04,81.5,110.26,75.66,56.08,106.08,73.01,31.14,43.0,73.06,104.0,0.0,49.04,47.71,49.65,59.06
26,38.95,43.42,62.48,59.36,61.72,43.1,39.82,38.59,42.45,14.42,32.89,12.04,19.42,52.17,48.66,58.73,61.22,35.01,38.47,57.63,46.1,54.12,39.85,44.82,55.17,49.04,0.0,5.39,10.0,14.32
27,44.05,48.17,57.38,56.4,63.64,45.04,42.72,35.61,39.46,19.1,37.11,17.03,22.85,46.87,43.42,53.91,62.97,40.11,33.12,60.46,41.4,49.98,43.46,40.22,57.63,47.71,5.39,0.0,5.0,12.17
28,48.92,51.0,52.5,56.64,63.13,49.25,43.38,36.07,35.13,24.08,39.32,21.93,27.73,43.29,40.05,48.92,62.29,43.57,28.64,60.9,36.4,48.75,48.33,35.23,57.69,49.65,10.0,5.0,0.0,9.43
29,51.22,46.69,51.97,65.76,54.2,57.0,35.74,45.34,28.16,28.23,34.13,25.5,33.73,48.09,45.4,47.01,53.26,40.85,31.26,52.8,34.21,56.94,54.12,32.65,49.24,59.06,14.32,12.17,9.43,0.0
