vehicles
vehicle_idx, capacity, cost_per_unit_distance
1,100,1
2,100,1
3,100,1
4,100,1
5,100,1
depot
node_idx,x,y
0,69,63
home delivery customers
node_idx,x,y,service_time,demand
1,3,35,15,12
2,71,79,15,5
3,1,47,15,8
4,87,23,15,18
5,87,29,15,11
6,11,49,15,1
7,75,69,15,17
8,15,13,15,9
9,63,95,15,13
10,47,41,15,19
11,45,41,15,5
12,89,43,15,26
13,45,59,15,9
14,95,23,15,20
15,71,69,15,8
16,93,15,15,12
17,59,29,15,4
18,35,39,15,19
19,33,51,15,25
20,61,21,15,7
21,33,85,15,2
22,67,95,15,14
23,61,15,15,14
self pickup customers
node_idx,x,y,service_time,demand,locker_idxs
24,11,15,15,12,41
25,37,33,15,12,41-47-44-46-48-45
26,35,81,15,19,40-45-48-46-39-44
27,41,51,15,8,45-44-46-48-47
28,93,9,15,25,43-38
29,75,89,15,5,42-40-45
30,19,83,15,21,39
31,27,19,15,12,44-41
32,17,57,15,13,44-39-48-46
33,37,37,15,24,41-45-47-46-48-44
34,21,91,15,13,39
flexible customers
node_idx,x,y,service_time,demand,locker_idxs
35,55,71,15,23,39-40-42-44-46-45-48-47
36,97,95,15,13,42-40
37,89,53,15,3,42-45-46-48-47
lockers
node_idx,x,y,service_time,capacity,cost_per_unit_good
38,93,12,10,80,100
39,22,88,10,92,100
40,65,88,10,80,100
41,25,15,10,81,100
42,77,88,10,81,100
43,72,14,10,90,100
44,45,50,10,87,100
45,57,66,10,70,100
46,51,56,10,87,100
47,64,39,10,99,100
48,53,55,10,96,100
mrt lines
start_node_idx,end_node_idx,freight_capacity,cost_per_unit_good
38,39,92,1
39,38,92,1
40,41,81,1
41,40,81,1
42,43,90,1
43,42,90,1
distance matrix
,0,1,2,3,4,5,6,7,8,9,10,11,12,13,14,15,16,17,18,19,20,21,22,23,24,25,26,27,28,29,30,31,32,33,34,35,36,37,38,39,40,41,42,43,44,45,46,47,48,
0,0.0,71.69,16.12,69.86,43.86,38.47,59.67,8.49,73.59,32.56,31.11,32.56,28.28,24.33,47.71,6.32,53.67,35.44,41.62,37.95,42.76,42.19,32.06,48.66,75.29,43.86,38.47,30.46,59.09,26.68,53.85,60.83,52.35,41.23,55.57,16.12,42.52,22.36,56.36,53.24,25.32,65.12,26.25,49.09,27.29,12.37,19.31,24.52,17.89
1,71.69,0.0,80.99,12.17,84.85,84.21,16.12,79.62,25.06,84.85,44.41,42.43,86.37,48.37,92.78,76.03,92.2,56.32,32.25,34.0,59.67,58.31,87.73,61.35,21.54,34.06,56.04,41.23,93.68,90.0,50.6,28.84,26.08,34.06,58.82,63.25,111.52,87.86,92.89,56.3,81.57,29.73,91.02,72.12,44.6,62.27,52.39,61.13,53.85
2,16.12,80.99,0.0,76.97,58.24,52.5,67.08,10.77,86.56,17.89,44.94,46.04,40.25,32.8,60.93,10.0,67.68,51.42,53.81,47.2,58.86,38.47,16.49,64.78,87.73,57.2,36.06,41.04,73.38,10.77,52.15,74.4,58.31,54.04,51.42,17.89,30.53,31.62,70.52,49.82,10.82,78.82,10.82,65.01,38.95,19.1,30.48,40.61,30.0
3,69.86,12.17,76.97,0.0,89.29,87.86,10.2,77.2,36.77,78.41,46.39,44.41,88.09,45.61,97.02,73.38,97.41,60.73,34.93,32.25,65.39,49.68,81.61,68.0,33.53,38.63,48.08,40.2,99.54,85.09,40.25,38.21,18.87,37.36,48.33,59.09,107.33,88.2,98.43,46.07,76.01,40.0,86.35,78.29,44.1,59.14,50.8,63.51,52.61
4,43.86,84.85,58.24,89.29,0.0,6.0,80.32,47.54,72.69,75.89,43.86,45.69,20.1,55.32,8.0,48.7,10.0,28.64,54.41,60.83,26.08,82.22,74.73,27.2,76.42,50.99,77.9,53.85,15.23,67.08,90.69,60.13,77.82,51.92,94.76,57.69,72.69,30.07,12.53,91.92,68.62,62.51,65.76,17.49,49.93,52.43,48.84,28.02,46.69
5,38.47,84.21,52.5,87.86,6.0,0.0,78.59,41.76,73.76,70.23,41.76,43.68,14.14,51.61,10.0,43.08,15.23,28.0,52.95,58.31,27.2,77.79,68.96,29.53,77.28,50.16,73.54,50.99,20.88,61.19,86.83,60.83,75.39,50.64,90.55,52.8,66.75,24.08,18.03,87.78,62.97,63.56,59.84,21.21,46.96,47.63,45.0,25.08,42.8
6,59.67,16.12,67.08,10.2,80.32,78.59,0.0,67.05,36.22,69.43,36.88,34.93,78.23,35.44,87.93,63.25,88.77,52.0,26.0,22.09,57.31,42.19,72.47,60.46,34.0,30.53,40.0,30.07,91.24,75.47,34.93,34.0,10.0,28.64,43.17,49.19,97.53,78.1,89.96,40.52,66.61,36.77,76.66,70.33,34.01,49.04,40.61,53.94,42.43
7,8.49,79.62,10.77,77.2,47.54,41.76,67.05,0.0,82.07,28.64,39.6,41.04,29.53,31.62,50.16,4.0,56.92,43.08,50.0,45.69,50.0,44.94,27.2,55.79,83.74,52.35,41.76,38.47,62.64,20.0,57.72,69.31,59.23,49.68,58.31,20.1,34.06,21.26,59.77,56.3,21.47,73.59,19.1,55.08,35.51,18.25,27.29,31.95,26.08
8,73.59,25.06,86.56,36.77,72.69,73.76,36.22,82.07,0.0,95.02,42.52,41.04,79.85,54.92,80.62,79.2,78.03,46.82,32.8,42.05,46.69,74.22,97.1,46.04,4.47,29.73,70.88,46.04,78.1,96.83,70.11,13.42,44.05,32.56,78.23,70.46,115.97,84.12,78.01,75.33,90.14,10.2,97.31,57.01,47.63,67.62,56.08,55.47,56.64
9,32.56,84.85,17.89,78.41,75.89,70.23,69.43,28.64,95.02,0.0,56.32,56.92,58.14,40.25,78.79,27.2,85.44,66.12,62.61,53.25,74.03,31.62,4.0,80.02,95.41,67.23,31.3,49.19,91.08,13.42,45.61,84.1,59.67,63.56,42.19,25.3,34.0,49.4,88.26,41.59,7.28,88.57,15.65,81.5,48.47,29.61,40.8,56.01,41.23
10,31.11,44.41,44.94,46.39,43.86,41.76,36.88,39.6,42.52,56.32,0.0,2.0,42.05,18.11,51.26,36.88,52.84,16.97,12.17,17.2,24.41,46.17,57.58,29.53,44.41,12.81,41.76,11.66,56.04,55.57,50.48,29.73,34.0,10.77,56.36,31.05,73.59,43.68,54.38,53.24,50.33,34.06,55.76,36.8,9.22,26.93,15.52,17.12,15.23
11,32.56,42.43,46.04,44.41,45.69,43.68,34.93,41.04,41.04,56.92,2.0,0.0,44.05,18.0,53.14,38.21,54.59,18.44,10.2,15.62,25.61,45.61,58.31,30.53,42.8,11.31,41.23,10.77,57.69,56.6,49.4,28.43,32.25,8.94,55.46,31.62,74.97,45.61,56.08,52.33,51.08,32.8,56.86,38.18,9.0,27.73,16.16,19.1,16.12
12,28.28,86.37,40.25,88.09,20.1,14.14,78.23,29.53,79.85,58.14,42.05,44.05,0.0,46.82,20.88,31.62,28.28,33.11,54.15,56.57,35.61,70.0,56.46,39.6,82.87,52.95,66.03,48.66,34.23,48.08,80.62,66.48,73.35,52.35,83.23,44.05,52.61,10.0,31.26,80.71,51.0,69.86,46.57,33.62,44.55,39.41,40.16,25.32,37.95
13,24.33,48.37,32.8,45.61,55.32,51.61,35.44,31.62,54.92,40.25,18.11,18.0,46.82,0.0,61.61,27.86,65.12,33.11,22.36,14.42,41.23,28.64,42.19,46.82,55.61,27.2,24.17,8.94,69.31,42.43,35.38,43.86,28.07,23.41,40.0,15.62,63.25,44.41,67.18,37.01,35.23,48.33,43.19,52.48,9.0,13.89,6.71,27.59,8.94
14,47.71,92.78,60.93,97.02,8.0,10.0,87.93,50.16,80.62,78.79,51.26,53.14,20.88,61.61,0.0,51.88,8.25,36.5,62.1,68.03,34.06,87.68,77.25,34.93,84.38,58.86,83.45,60.83,14.14,68.96,96.83,68.12,85.09,59.67,100.5,62.48,72.03,30.59,11.18,97.74,71.59,70.46,67.45,24.7,56.82,57.38,55.0,34.89,52.8
15,6.32,76.03,10.0,73.38,48.7,43.08,63.25,4.0,79.2,27.2,36.88,38.21,31.62,27.86,51.88,0.0,58.31,41.76,46.86,42.05,49.03,41.23,26.31,54.92,80.72,49.52,37.95,34.99,63.91,20.4,53.85,66.6,55.32,46.69,54.63,16.12,36.77,24.08,61.1,52.55,19.92,70.94,19.92,55.01,32.2,14.32,23.85,30.81,22.8
16,53.67,92.2,67.68,97.41,10.0,15.23,88.77,56.92,78.03,85.44,52.84,54.59,28.28,65.12,8.25,58.31,0.0,36.77,62.77,69.97,32.56,92.2,84.12,32.0,82.0,58.82,87.86,63.25,6.0,76.16,100.5,66.12,86.83,60.17,104.69,67.68,80.1,38.21,3.0,101.83,78.19,68.0,74.73,21.02,59.41,62.43,58.69,37.64,56.57
17,35.44,56.32,51.42,60.73,28.64,28.0,52.0,43.08,46.82,66.12,16.97,18.44,33.11,33.11,36.5,41.76,36.77,0.0,26.0,34.06,8.25,61.74,66.48,14.14,50.0,22.36,57.27,28.43,39.45,62.1,67.2,33.53,50.48,23.41,72.72,42.19,76.16,38.42,38.01,69.64,59.3,36.77,61.68,19.85,25.24,37.05,28.16,11.18,26.68
18,41.62,32.25,53.81,34.93,54.41,52.95,26.0,50.0,32.8,62.61,12.17,10.2,54.15,22.36,62.1,46.86,62.77,26.0,0.0,12.17,31.62,46.04,64.5,35.38,33.94,6.32,42.0,13.42,65.3,64.03,46.82,21.54,25.46,2.83,53.85,37.74,83.55,55.79,63.98,50.7,57.45,26.0,64.54,44.65,14.87,34.83,23.35,29.0,24.08
19,37.95,34.0,47.2,32.25,60.83,58.31,22.09,45.69,42.05,53.25,17.2,15.62,56.57,14.42,68.03,42.05,69.97,34.06,12.17,0.0,41.04,34.0,55.61,45.61,42.19,18.44,30.07,8.0,73.24,56.64,34.93,32.56,17.09,14.56,41.76,29.73,77.67,56.04,71.56,38.6,48.92,36.88,57.49,53.76,12.04,28.3,18.68,33.24,20.4
20,42.76,59.67,58.86,65.39,26.08,27.2,57.31,50.0,46.69,74.03,24.41,25.61,35.61,41.23,34.06,49.03,32.56,8.25,31.62,41.04,0.0,69.86,74.24,6.0,50.36,26.83,65.39,36.06,34.18,69.43,74.89,34.06,56.85,28.84,80.62,50.36,82.29,42.52,33.24,77.52,67.12,36.5,68.88,13.04,33.12,45.18,36.4,18.25,34.93
21,42.19,58.31,38.47,49.68,82.22,77.79,42.19,44.94,74.22,31.62,46.17,45.61,70.0,28.64,87.68,41.23,92.2,61.74,46.04,34.0,69.86,0.0,35.44,75.39,73.38,52.15,4.47,34.93,96.83,42.19,14.14,66.27,32.25,48.17,13.42,26.08,64.78,64.5,94.49,11.4,32.14,70.46,44.1,81.01,37.0,30.61,34.13,55.47,36.06
22,32.06,87.73,16.49,81.61,74.73,68.96,72.47,27.2,97.1,4.0,57.58,58.31,56.46,42.19,77.25,26.31,84.12,66.48,64.5,55.61,74.24,35.44,0.0,80.22,97.65,68.88,34.93,51.11,89.84,10.0,49.48,85.88,62.8,65.3,46.17,26.83,30.0,47.41,86.98,45.54,7.28,90.35,12.21,81.15,50.09,30.68,42.15,56.08,42.38
23,48.66,61.35,64.78,68.0,27.2,29.53,60.46,55.79,46.04,80.02,29.53,30.53,39.6,46.82,34.93,54.92,32.0,14.14,35.38,45.61,6.0,75.39,80.22,0.0,50.0,30.0,70.94,41.18,32.56,75.31,79.92,34.23,60.83,32.56,85.88,56.32,87.73,47.2,32.14,82.76,73.11,36.0,74.73,11.05,38.48,51.16,42.2,24.19,40.79
24,75.29,21.54,87.73,33.53,76.42,77.28,34.0,83.74,4.47,95.41,44.41,42.8,82.87,55.61,84.38,80.72,82.0,50.0,33.94,42.19,50.36,73.38,97.65,50.0,0.0,31.62,70.23,46.86,82.22,97.84,68.47,16.49,42.43,34.06,76.66,71.22,117.46,86.76,82.05,73.82,90.8,14.0,98.41,61.01,48.8,68.68,57.28,58.18,58.0
25,43.86,34.06,57.2,38.63,50.99,50.16,30.53,52.35,29.73,67.23,12.81,11.31,52.95,27.2,58.86,49.52,58.82,22.36,6.32,18.44,26.83,52.15,68.88,30.0,31.62,0.0,48.04,18.44,60.93,67.68,53.14,17.2,31.24,4.0,60.17,42.05,86.28,55.71,59.81,57.01,61.72,21.63,68.01,39.82,18.79,38.59,26.93,27.66,27.2
26,38.47,56.04,36.06,48.08,77.9,73.54,40.0,41.76,70.88,31.3,41.76,41.23,66.03,24.17,83.45,37.95,87.86,57.27,42.0,30.07,65.39,4.47,34.93,70.94,70.23,48.04,0.0,30.59,92.46,40.79,16.12,62.51,30.0,44.05,17.2,22.36,63.56,60.83,90.14,14.76,30.81,66.75,42.58,76.54,32.57,26.63,29.68,51.04,31.62
27,30.46,41.23,41.04,40.2,53.85,50.99,30.07,38.47,46.04,49.19,11.66,10.77,48.66,8.94,60.83,34.99,63.25,28.43,13.42,8.0,36.06,34.93,51.11,41.18,46.86,18.44,30.59,0.0,66.84,50.99,38.83,34.93,24.74,14.56,44.72,24.41,71.22,48.04,65.0,41.59,44.1,39.4,51.62,48.27,4.12,21.93,11.18,25.94,12.65
28,59.09,93.68,73.38,99.54,15.23,20.88,91.24,62.64,78.1,91.08,56.04,57.69,34.23,69.31,14.14,63.91,6.0,39.45,65.3,73.24,34.18,96.83,89.84,32.56,82.22,60.93,92.46,66.84,0.0,82.0,104.65,66.75,89.89,62.61,109.12,72.72,86.09,44.18,3.0,106.22,83.82,68.26,80.6,21.59,63.13,67.42,63.03,41.73,60.96
29,26.68,90.0,10.77,85.09,67.08,61.19,75.47,20.0,96.83,13.42,55.57,56.6,48.08,42.43,68.96,20.4,76.16,62.1,64.03,56.64,69.43,42.19,10.0,75.31,97.84,67.68,40.79,50.99,82.0,0.0,56.32,84.88,66.24,64.4,54.04,26.91,22.8,38.63,79.08,53.01,10.05,89.31,2.24,75.06,49.2,29.21,40.8,51.2,40.5
30,53.85,50.6,52.15,40.25,90.69,86.83,34.93,57.72,70.11,45.61,50.48,49.4,80.62,35.38,96.83,53.85,100.5,67.2,46.82,34.93,74.89,14.14,49.48,79.92,68.47,53.14,16.12,38.83,104.65,56.32,0.0,64.5,26.08,49.4,8.25,37.95,78.92,76.16,102.55,5.83,46.27,68.26,58.22,87.01,42.01,41.63,41.87,62.94,44.05
31,60.83,28.84,74.4,38.21,60.13,60.83,34.0,69.31,13.42,84.1,29.73,28.43,66.48,43.86,68.12,66.6,66.12,33.53,21.54,32.56,34.06,66.27,85.88,34.23,16.49,17.2,62.51,34.93,66.75,84.88,64.5,0.0,39.29,20.59,72.25,59.06,103.32,70.71,66.37,69.18,78.77,4.47,85.21,45.28,35.85,55.76,44.1,42.06,44.41
32,52.35,26.08,58.31,18.87,77.82,75.39,10.0,59.23,44.05,59.67,34.0,32.25,73.35,28.07,85.09,55.32,86.83,50.48,25.46,17.09,56.85,32.25,62.8,60.83,42.43,31.24,30.0,24.74,89.89,66.24,26.08,39.29,0.0,28.28,34.23,40.5,88.57,72.11,88.32,31.4,57.14,42.76,67.54,69.81,28.86,41.0,34.01,50.33,36.06
33,41.23,34.06,54.04,37.36,51.92,50.64,28.64,49.68,32.56,63.56,10.77,8.94,52.35,23.41,59.67,46.69,60.17,23.41,2.83,14.56,28.84,48.17,65.3,32.56,34.06,4.0,44.05,14.56,62.61,64.4,49.4,20.59,28.28,0.0,56.32,38.47,83.45,54.41,61.33,53.16,58.18,25.06,64.82,41.88,15.26,35.23,23.6,27.07,24.08
34,55.57,58.82,51.42,48.33,94.76,90.55,43.17,58.31,78.23,42.19,56.36,55.46,83.23,40.0,100.5,54.63,104.69,72.72,53.85,41.76,80.62,13.42,46.17,85.88,76.66,60.17,17.2,44.72,109.12,54.04,8.25,72.25,34.23,56.32,0.0,39.45,76.11,77.9,106.89,3.16,44.1,76.11,56.08,92.36,47.51,43.83,46.1,67.48,48.17
35,16.12,63.25,17.89,59.09,57.69,52.8,49.19,20.1,70.46,25.3,31.05,31.62,44.05,15.62,62.48,16.12,67.68,42.19,37.74,29.73,50.36,26.08,26.83,56.32,71.22,42.05,22.36,24.41,72.72,26.91,37.95,59.06,40.5,38.47,39.45,0.0,48.37,38.47,70.18,37.12,19.72,63.53,27.8,59.48,23.26,5.39,15.52,33.24,16.12
36,42.52,111.52,30.53,107.33,72.69,66.75,97.53,34.06,115.97,34.0,73.59,74.97,52.61,63.25,72.03,36.77,80.1,76.16,83.55,77.67,82.29,64.78,30.0,87.73,117.46,86.28,63.56,71.22,86.09,22.8,78.92,103.32,88.57,83.45,76.11,48.37,0.0,42.76,83.1,75.33,32.76,107.63,21.19,84.77,68.77,49.41,60.31,65.0,59.46
37,22.36,87.86,31.62,88.2,30.07,24.08,78.1,21.26,84.12,49.4,43.68,45.61,10.0,44.41,30.59,24.08,38.21,38.42,55.79,56.04,42.52,64.5,47.41,47.2,86.76,55.71,60.83,48.04,44.18,38.63,76.16,70.71,72.11,54.41,77.9,38.47,42.76,0.0,41.19,75.59,42.44,74.43,37.0,42.54,44.1,34.54,38.12,28.65,36.06
38,56.36,92.89,70.52,98.43,12.53,18.03,89.96,59.77,78.01,88.26,54.38,56.08,31.26,67.18,11.18,61.1,3.0,38.01,63.98,71.56,33.24,94.49,86.98,32.14,82.05,59.81,90.14,65.0,3.0,79.08,102.55,66.37,88.32,61.33,106.89,70.18,83.1,41.19,0.0,104.0,80.99,68.07,77.67,21.1,61.22,64.9,60.83,39.62,58.73
39,53.24,56.3,49.82,46.07,91.92,87.78,40.52,56.3,75.33,41.59,53.24,52.33,80.71,37.01,97.74,52.55,101.83,69.64,50.7,38.6,77.52,11.4,45.54,82.76,73.82,57.01,14.76,41.59,106.22,53.01,5.83,69.18,31.4,53.16,3.16,37.12,75.33,75.59,104.0,0.0,43.0,73.06,55.0,89.31,44.42,41.34,43.19,64.54,45.28
40,25.32,81.57,10.82,76.01,68.62,62.97,66.61,21.47,90.14,7.28,50.33,51.08,51.0,35.23,71.59,19.92,78.19,59.3,57.45,48.92,67.12,32.14,7.28,73.11,90.8,61.72,30.81,44.1,83.82,10.05,46.27,78.77,57.14,58.18,44.1,19.72,32.76,42.44,80.99,43.0,0.0,83.24,12.0,74.33,42.94,23.41,34.93,49.01,35.11
41,65.12,29.73,78.82,40.0,62.51,63.56,36.77,73.59,10.2,88.57,34.06,32.8,69.86,48.33,70.46,70.94,68.0,36.77,26.0,36.88,36.5,70.46,90.35,36.0,14.0,21.63,66.75,39.4,68.26,89.31,68.26,4.47,42.76,25.06,76.11,63.53,107.63,74.43,68.07,73.06,83.24,0.0,89.63,47.01,40.31,60.21,48.55,45.79,48.83
42,26.25,91.02,10.82,86.35,65.76,59.84,76.66,19.1,97.31,15.65,55.76,56.86,46.57,43.19,67.45,19.92,74.73,61.68,64.54,57.49,68.88,44.1,12.21,74.73,98.41,68.01,42.58,51.62,80.6,2.24,58.22,85.21,67.54,64.82,56.08,27.8,21.19,37.0,77.67,55.0,12.0,89.63,0.0,74.17,49.68,29.73,41.23,50.7,40.8
43,49.09,72.12,65.01,78.29,17.49,21.21,70.33,55.08,57.01,81.5,36.8,38.18,33.62,52.48,24.7,55.01,21.02,19.85,44.65,53.76,13.04,81.01,81.15,11.05,61.01,39.82,76.54,48.27,21.59,75.06,87.01,45.28,69.81,41.88,92.36,59.48,84.77,42.54,21.1,89.31,74.33,47.01,74.17,0.0,45.0,54.12,46.96,26.25,45.19
44,27.29,44.6,38.95,44.1,49.93,46.96,34.01,35.51,47.63,48.47,9.22,9.0,44.55,9.0,56.82,32.2,59.41,25.24,14.87,12.04,33.12,37.0,50.09,38.48,48.8,18.79,32.57,4.12,63.13,49.2,42.01,35.85,28.86,15.26,47.51,23.26,68.77,44.1,61.22,44.42,42.94,40.31,49.68,45.0,0.0,20.0,8.49,21.95,9.43
45,12.37,62.27,19.1,59.14,52.43,47.63,49.04,18.25,67.62,29.61,26.93,27.73,39.41,13.89,57.38,14.32,62.43,37.05,34.83,28.3,45.18,30.61,30.68,51.16,68.68,38.59,26.63,21.93,67.42,29.21,41.63,55.76,41.0,35.23,43.83,5.39,49.41,34.54,64.9,41.34,23.41,60.21,29.73,54.12,20.0,0.0,11.66,27.89,11.7
46,19.31,52.39,30.48,50.8,48.84,45.0,40.61,27.29,56.08,40.8,15.52,16.16,40.16,6.71,55.0,23.85,58.69,28.16,23.35,18.68,36.4,34.13,42.15,42.2,57.28,26.93,29.68,11.18,63.03,40.8,41.87,44.1,34.01,23.6,46.1,15.52,60.31,38.12,60.83,43.19,34.93,48.55,41.23,46.96,8.49,11.66,0.0,21.4,2.24
47,24.52,61.13,40.61,63.51,28.02,25.08,53.94,31.95,55.47,56.01,17.12,19.1,25.32,27.59,34.89,30.81,37.64,11.18,29.0,33.24,18.25,55.47,56.08,24.19,58.18,27.66,51.04,25.94,41.73,51.2,62.94,42.06,50.33,27.07,67.48,33.24,65.0,28.65,39.62,64.54,49.01,45.79,50.7,26.25,21.95,27.89,21.4,0.0,19.42
48,17.89,53.85,30.0,52.61,46.69,42.8,42.43,26.08,56.64,41.23,15.23,16.12,37.95,8.94,52.8,22.8,56.57,26.68,24.08,20.4,34.93,36.06,42.38,40.79,58.0,27.2,31.62,12.65,60.96,40.5,44.05,44.41,36.06,24.08,48.17,16.12,59.46,36.06,58.73,45.28,35.11,48.83,40.8,45.19,9.43,11.7,2.24,19.42,0.0
