set K:= 1	2	3	4	5;
set C_H:= 1	2	3	4	5	6	7	8	9	10	11	12	13	14	15	16	17	18	19	20;
set C_S:= 21	22	23	24	25	26	27	28	29;
set C_F:= 30	31	32;
set M:= 33	34	35	36;
set L_B:= 37	38	39	40	41;
set A1:=
(0,*) 1 2 3 4 5 6 7 8 9 10 11 12 13 14 15 16 17 18 19 20 30 31 32 33 34 35 36 37 38 39 40 41
(1,*) 0 2 3 4 5 6 7 8 9 10 11 12 13 14 15 16 17 18 19 20 30 31 32 33 34 35 36 37 38 39 40 41
(2,*) 0 1 3 4 5 6 7 8 9 10 11 12 13 14 15 16 17 18 19 20 30 31 32 33 34 35 36 37 38 39 40 41
(3,*) 0 1 2 4 5 6 7 8 9 10 11 12 13 14 15 16 17 18 19 20 30 31 32 33 34 35 36 37 38 39 40 41
(4,*) 0 1 2 3 5 6 7 8 9 10 11 12 13 14 15 16 17 18 19 20 30 31 32 33 34 35 36 37 38 39 40 41
(5,*) 0 1 2 3 4 6 7 8 9 10 11 12 13 14 15 16 17 18 19 20 30 31 32 33 34 35 36 37 38 39 40 41
(6,*) 0 1 2 3 4 5 7 8 9 10 11 12 13 14 15 16 17 18 19 20 30 31 32 33 34 35 36 37 38 39 40 41
(7,*) 0 1 2 3 4 5 6 8 9 10 11 12 13 14 15 16 17 18 19 20 30 31 32 33 34 35 36 37 38 39 40 41
(8,*) 0 1 2 3 4 5 6 7 9 10 11 12 13 14 15 16 17 18 19 20 30 31 32 33 34 35 36 37 38 39 40 41
(9,*) 0 1 2 3 4 5 6 7 8 10 11 12 13 14 15 16 17 18 19 20 30 31 32 33 34 35 36 37 38 39 40 41
(10,*) 0 1 2 3 4 5 6 7 8 9 11 12 13 14 15 16 17 18 19 20 30 31 32 33 34 35 36 37 38 39 40 41
(11,*) 0 1 2 3 4 5 6 7 8 9 10 12 13 14 15 16 17 18 19 20 30 31 32 33 34 35 36 37 38 39 40 41
(12,*) 0 1 2 3 4 5 6 7 8 9 10 11 13 14 15 16 17 18 19 20 30 31 32 33 34 35 36 37 38 39 40 41
(13,*) 0 1 2 3 4 5 6 7 8 9 10 11 12 14 15 16 17 18 19 20 30 31 32 33 34 35 36 37 38 39 40 41
(14,*) 0 1 2 3 4 5 6 7 8 9 10 11 12 13 15 16 17 18 19 20 30 31 32 33 34 35 36 37 38 39 40 41
(15,*) 0 1 2 3 4 5 6 7 8 9 10 11 12 13 14 16 17 18 19 20 30 31 32 33 34 35 36 37 38 39 40 41
(16,*) 0 1 2 3 4 5 6 7 8 9 10 11 12 13 14 15 17 18 19 20 30 31 32 33 34 35 36 37 38 39 40 41
(17,*) 0 1 2 3 4 5 6 7 8 9 10 11 12 13 14 15 16 18 19 20 30 31 32 33 34 35 36 37 38 39 40 41
(18,*) 0 1 2 3 4 5 6 7 8 9 10 11 12 13 14 15 16 17 19 20 30 31 32 33 34 35 36 37 38 39 40 41
(19,*) 0 1 2 3 4 5 6 7 8 9 10 11 12 13 14 15 16 17 18 20 30 31 32 33 34 35 36 37 38 39 40 41
(20,*) 0 1 2 3 4 5 6 7 8 9 10 11 12 13 14 15 16 17 18 19 30 31 32 33 34 35 36 37 38 39 40 41
(30,*) 0 1 2 3 4 5 6 7 8 9 10 11 12 13 14 15 16 17 18 19 20 31 32 33 34 35 36 37 38 39 40 41
(31,*) 0 1 2 3 4 5 6 7 8 9 10 11 12 13 14 15 16 17 18 19 20 30 32 33 34 35 36 37 38 39 40 41
(32,*) 0 1 2 3 4 5 6 7 8 9 10 11 12 13 14 15 16 17 18 19 20 30 31 33 34 35 36 37 38 39 40 41
(33,*) 0 1 2 3 4 5 6 7 8 9 10 11 12 13 14 15 16 17 18 19 20 30 31 32 34 35 36 37 38 39 40 41
(34,*) 0 1 2 3 4 5 6 7 8 9 10 11 12 13 14 15 16 17 18 19 20 30 31 32 33 35 36 37 38 39 40 41
(35,*) 0 1 2 3 4 5 6 7 8 9 10 11 12 13 14 15 16 17 18 19 20 30 31 32 33 34 36 37 38 39 40 41
(36,*) 0 1 2 3 4 5 6 7 8 9 10 11 12 13 14 15 16 17 18 19 20 30 31 32 33 34 35 37 38 39 40 41
(37,*) 0 1 2 3 4 5 6 7 8 9 10 11 12 13 14 15 16 17 18 19 20 30 31 32 33 34 35 36 38 39 40 41
(38,*) 0 1 2 3 4 5 6 7 8 9 10 11 12 13 14 15 16 17 18 19 20 30 31 32 33 34 35 36 37 39 40 41
(39,*) 0 1 2 3 4 5 6 7 8 9 10 11 12 13 14 15 16 17 18 19 20 30 31 32 33 34 35 36 37 38 40 41
(40,*) 0 1 2 3 4 5 6 7 8 9 10 11 12 13 14 15 16 17 18 19 20 30 31 32 33 34 35 36 37 38 39 41
(41,*) 0 1 2 3 4 5 6 7 8 9 10 11 12 13 14 15 16 17 18 19 20 30 31 32 33 34 35 36 37 38 39 40
;
set A2:=
(33,*) 34
(34,*) 33
(35,*) 36
(36,*) 35
;
param BigM:=99999;
param n:= 5;
param d:=
1	5
2	14
3	18
4	19
5	10
6	18
7	20
8	5
9	9
10	9
11	8
12	10
13	14
14	13
15	14
16	23
17	8
18	20
19	24
20	3
21	23
22	13
23	8
24	18
25	10
26	24
27	19
28	2
29	15
30	23
31	13
32	14
;
param Q:=100;
param w:=
[33,*] 34 1
[34,*] 33 1
[35,*] 36 1
[36,*] 35 1
;
param V:=
[33,*] 34 75
[34,*] 33 75
[35,*] 36 88
[36,*] 35 88
;
param f:=
33	100
34	100
35	100
36	100
37	100
38	100
39	100
40	100
41	100
;
param e:
	33	34	35	36	37	38	39	40	41:=
21	0	1	0	0	1	0	1	0	1	
22	0	0	0	1	0	1	0	1	1	
23	0	0	0	1	0	1	0	1	0	
24	0	0	1	0	1	0	1	1	1	
25	1	0	0	0	1	0	0	1	1	
26	1	0	0	0	0	1	0	1	0	
27	0	1	1	0	1	0	1	1	1	
28	0	0	0	1	0	1	0	0	0	
29	0	0	1	0	1	0	1	0	1	
30	0	0	0	1	0	1	0	0	0	
31	0	0	1	0	1	0	1	0	1	
32	0	1	1	0	1	0	1	0	1	
;
param p:=
1	1
2	1
3	1
4	1
5	1
;
param G:=
33	75
34	74
35	70
36	88
37	90
38	92
39	78
40	96
41	100
;
param s:=
0	0
1	15
2	15
3	15
4	15
5	15
6	15
7	15
8	15
9	15
10	15
11	15
12	15
13	15
14	15
15	15
16	15
17	15
18	15
19	15
20	15
30	15
31	15
32	15
33	10
34	10
35	10
36	10
37	10
38	10
39	10
40	10
41	10
;
param t:
	0	1	2	3	4	5	6	7	8	9	10	11	12	13	14	15	16	17	18	19	20	21	22	23	24	25	26	27	28	29	30	31	32	33	34	35	36	37	38	39	40	41:=
0	0.0	45.45	45.45	24.0	73.36	64.35	64.82	55.33	17.8	41.11	39.05	31.4	39.7	10.77	22.36	61.07	61.13	40.01	61.0	29.53	40.31	14.56	36.4	60.83	20.0	39.05	72.01	7.81	65.0	17.09	56.22	19.24	33.12	75.74	28.28	30.48	55.66	16.28	53.0	15.26	39.85	14.87
1	45.45	0.0	58.0	35.36	116.61	108.58	80.16	88.87	28.3	79.65	10.05	76.37	9.06	35.36	45.89	97.69	98.09	30.41	96.57	17.49	85.45	59.08	78.24	99.73	50.54	54.23	94.09	46.1	107.34	29.83	101.14	26.91	19.0	86.49	55.73	15.0	97.1	32.2	89.16	45.88	70.84	39.96
2	45.45	58.0	0.0	63.51	77.83	74.33	22.56	38.95	49.24	39.85	59.84	54.15	59.68	41.4	66.53	49.68	50.45	28.44	47.42	43.93	70.58	55.01	45.4	54.64	26.42	6.4	36.22	37.8	67.54	39.82	71.59	42.05	61.03	31.38	73.66	50.45	57.27	37.22	42.44	60.11	24.7	31.89
3	24.0	35.36	63.51	0.0	95.27	85.49	85.0	79.23	14.87	65.07	25.71	52.55	26.68	22.36	10.77	85.05	85.09	47.17	85.0	27.86	56.22	31.3	59.84	84.59	41.76	57.45	94.24	30.41	87.64	24.08	76.48	22.67	16.76	94.87	20.4	23.35	78.85	26.4	77.0	13.6	63.15	32.2
4	73.36	116.61	77.83	95.27	0.0	11.05	75.31	41.23	90.92	39.2	111.83	42.72	112.36	81.84	88.32	31.26	30.27	97.84	34.23	99.2	45.01	64.2	38.42	24.52	67.21	75.47	65.0	70.72	10.3	86.84	21.02	89.87	106.47	85.48	86.15	102.34	20.81	84.4	36.06	82.22	53.34	76.84
5	64.35	108.58	74.33	85.49	11.05	0.0	75.06	41.01	82.1	34.54	103.23	33.12	103.81	73.41	78.11	32.76	31.78	91.84	35.69	91.35	34.0	54.23	31.4	25.71	60.44	71.18	66.91	62.48	11.66	78.75	10.0	81.69	97.42	86.02	75.5	94.02	18.03	76.49	35.01	72.24	49.65	69.3
6	64.82	80.16	22.56	85.0	75.31	75.06	0.0	34.23	71.18	44.15	82.38	64.47	82.2	62.65	86.84	44.15	45.12	50.0	41.23	66.49	81.15	71.59	52.5	50.8	44.82	27.86	16.64	57.01	65.62	61.85	75.33	64.26	83.52	12.08	92.96	73.01	57.04	59.09	40.05	80.0	30.87	52.84
7	55.33	88.87	38.95	79.23	41.23	41.01	34.23	0.0	69.18	16.64	87.1	39.05	87.32	59.14	76.69	10.82	11.66	63.81	8.49	71.84	53.91	54.78	25.61	16.76	39.46	38.42	26.93	49.01	31.4	61.81	42.45	64.94	84.59	45.01	79.38	76.9	23.09	58.86	6.32	69.43	18.03	50.64
8	17.8	28.3	49.24	14.87	90.92	82.1	71.18	69.18	0.0	56.75	21.26	49.2	21.93	10.05	21.84	76.3	76.49	32.65	75.8	15.0	57.2	30.81	53.31	76.92	30.02	43.38	81.49	20.88	82.29	9.43	74.03	7.81	15.81	80.62	31.58	13.42	72.62	12.08	67.9	19.03	52.01	19.24
9	41.11	79.65	39.85	65.07	39.2	34.54	44.15	16.64	56.75	0.0	76.32	22.63	76.69	46.84	61.4	20.0	20.02	58.73	20.22	62.18	38.28	38.6	9.22	20.25	29.15	36.67	41.62	35.9	29.07	50.7	32.14	53.85	72.53	56.04	63.32	66.31	18.44	47.93	12.37	54.23	15.3	39.81
10	39.05	10.05	59.84	25.71	111.83	103.23	82.38	87.1	21.26	76.32	0.0	70.43	1.0	30.02	36.4	95.21	95.51	34.44	94.37	16.03	78.1	51.74	73.82	96.57	47.8	55.23	95.19	41.18	102.96	25.63	95.27	22.47	9.06	89.84	46.1	10.2	93.02	28.46	86.68	37.12	69.23	36.69
11	31.4	76.37	54.15	52.55	42.72	33.12	64.47	39.05	49.2	22.63	70.43	0.0	71.06	41.01	45.89	39.4	39.0	63.69	40.71	59.55	16.76	21.59	13.45	36.14	32.28	49.0	64.03	30.61	35.51	46.75	24.84	49.52	64.35	76.56	45.01	61.55	28.07	44.82	33.84	39.56	33.62	38.59
12	39.7	9.06	59.68	26.68	112.36	103.81	82.2	87.32	21.93	76.69	1.0	71.06	0.0	30.53	37.36	95.51	95.82	34.01	94.64	16.0	78.87	52.5	74.3	96.93	48.08	55.15	95.13	41.68	103.45	26.0	95.9	22.85	10.05	89.56	47.07	10.44	93.48	28.79	86.98	38.01	69.43	37.0
13	10.77	35.36	41.4	22.36	81.84	73.41	62.65	59.14	10.05	46.84	30.02	41.01	30.53	0.0	25.61	66.29	66.49	30.41	65.76	18.87	51.0	25.3	43.83	67.05	20.1	35.23	72.12	11.18	72.95	6.32	65.8	8.6	25.71	72.67	34.0	20.62	63.07	6.08	57.87	20.12	42.05	9.85
14	22.36	45.89	66.53	10.77	88.32	78.11	86.84	76.69	21.84	61.4	36.4	45.89	37.36	25.61	0.0	81.3	81.22	54.23	81.61	36.5	47.17	24.33	55.0	80.0	42.19	60.21	94.37	30.02	81.39	29.53	68.71	29.15	27.51	97.45	10.0	33.0	73.33	31.06	73.68	7.28	62.03	34.66
15	61.07	97.69	49.68	85.05	31.26	32.76	44.15	10.82	76.3	20.0	95.21	39.4	95.51	66.29	81.3	0.0	1.0	73.82	3.0	80.41	52.01	58.05	26.93	7.07	47.43	48.84	34.23	55.58	22.02	69.64	36.24	72.8	91.98	54.23	82.76	85.07	16.12	66.76	8.54	74.17	27.46	58.52
16	61.13	98.09	50.45	85.09	30.27	31.78	45.12	11.66	76.49	20.02	95.51	39.0	95.82	66.49	81.22	1.0	0.0	74.4	4.0	80.78	51.4	57.87	26.68	6.08	47.76	49.52	35.23	55.73	21.02	69.92	35.36	73.08	92.2	55.23	82.57	85.38	15.26	67.05	8.94	74.11	28.02	58.82
17	40.01	30.41	28.44	47.17	97.84	91.84	50.0	63.81	32.65	58.73	34.44	63.69	34.01	30.41	54.23	73.82	74.4	0.0	72.11	20.52	77.37	54.08	60.46	77.34	31.76	26.0	64.63	35.36	87.78	25.0	86.45	25.08	38.42	56.09	63.57	27.02	77.16	24.33	65.6	50.0	46.4	26.31
18	61.0	96.57	47.42	85.0	34.23	35.69	41.23	8.49	75.8	20.22	94.37	40.71	94.64	65.76	81.61	3.0	4.0	72.11	0.0	79.38	53.91	58.69	27.86	10.05	46.57	46.86	31.26	55.23	25.02	68.88	38.91	72.03	91.41	51.24	83.43	84.2	18.79	65.97	8.0	74.43	25.94	57.72
19	29.53	17.49	43.93	27.86	99.2	91.35	66.49	71.84	15.0	62.18	16.03	59.55	16.0	18.87	36.5	80.41	80.78	20.52	79.38	0.0	69.84	43.86	60.8	82.29	33.11	39.2	79.16	29.0	89.87	12.81	84.17	10.3	18.03	74.33	46.39	6.71	79.61	14.87	71.87	34.01	53.85	22.47
20	40.31	85.45	70.58	56.22	45.01	34.0	81.15	53.91	57.2	38.28	78.1	16.76	78.87	51.0	47.17	52.01	51.4	77.37	53.91	69.84	0.0	26.4	29.15	47.17	47.17	65.19	79.88	42.38	41.23	57.25	24.0	59.54	70.72	93.23	42.72	70.46	37.59	55.95	48.1	42.64	50.33	51.24
21	14.56	59.08	55.01	31.3	64.2	54.23	71.59	54.78	30.81	38.6	51.74	21.59	52.5	25.3	24.33	58.05	57.87	54.08	58.69	43.86	26.4	0.0	31.26	56.14	28.64	48.75	75.8	19.1	57.07	31.62	45.18	33.62	44.6	83.24	24.74	44.1	49.09	30.81	50.96	18.03	42.8	28.02
22	36.4	78.24	45.4	59.84	38.42	31.4	52.5	25.61	53.31	9.22	73.82	13.45	74.3	43.83	55.0	26.93	26.68	60.46	27.86	60.8	29.15	31.26	0.0	25.0	29.07	41.23	50.8	32.65	29.15	48.55	26.57	51.62	69.08	64.51	55.9	64.14	19.31	46.04	20.59	48.04	22.2	38.42
23	60.83	99.73	54.64	84.59	24.52	25.71	50.8	16.76	76.92	20.25	96.57	36.14	96.93	67.05	80.0	7.07	6.08	77.34	10.05	82.29	47.17	56.14	25.0	0.0	49.19	53.15	41.3	56.04	15.0	70.94	29.68	74.09	92.72	61.13	80.62	86.54	9.9	68.15	12.21	73.03	31.11	60.01
24	20.0	50.54	26.42	41.76	67.21	60.44	44.82	39.46	30.02	29.15	47.8	32.28	48.08	20.1	42.19	47.43	47.76	31.76	46.57	33.11	47.17	28.64	29.07	49.19	0.0	20.12	52.55	12.21	57.49	22.36	54.71	25.5	45.18	55.87	48.17	37.64	47.01	19.42	38.9	35.23	22.0	11.18
25	39.05	54.23	6.4	57.45	75.47	71.18	27.86	38.42	43.38	36.67	55.23	49.0	55.15	35.23	60.21	48.84	49.52	26.0	46.86	39.2	65.19	48.75	41.23	53.15	20.12	0.0	40.01	31.4	65.19	34.01	67.72	36.4	55.79	37.44	67.27	45.54	54.71	31.3	41.04	53.74	22.2	25.61
26	72.01	94.09	36.22	94.24	65.0	66.91	16.64	26.93	81.49	41.62	95.19	64.03	95.13	72.12	94.37	34.23	35.23	64.63	31.26	79.16	79.88	75.8	50.8	41.3	52.55	40.01	0.0	64.47	56.22	72.57	69.26	75.31	95.19	21.93	99.13	85.38	49.48	69.63	33.24	87.21	33.02	62.36
27	7.81	46.1	37.8	30.41	70.72	62.48	57.01	49.01	20.88	35.9	41.18	30.61	41.68	11.18	30.02	55.58	55.73	35.36	55.23	29.0	42.38	19.1	32.65	56.04	12.21	31.4	64.47	0.0	61.77	16.28	55.17	19.21	36.69	67.94	36.07	31.62	51.89	14.21	47.27	23.02	32.76	9.06
28	65.0	107.34	67.54	87.64	10.3	11.66	65.62	31.4	82.29	29.07	102.96	35.51	103.45	72.95	81.39	22.02	21.02	87.78	25.02	89.87	41.23	57.07	29.15	15.0	57.49	65.19	56.22	61.77	0.0	77.7	18.87	80.78	97.99	76.11	80.16	93.3	10.63	75.17	25.96	74.95	43.05	67.42
29	17.09	29.83	39.82	24.08	86.84	78.75	61.85	61.81	9.43	50.7	25.63	46.75	26.0	6.32	29.53	69.64	69.92	25.0	68.88	12.81	57.25	31.62	48.55	70.94	22.36	34.01	72.57	16.28	77.7	0.0	71.42	3.16	23.0	71.2	38.63	15.65	67.6	3.0	61.13	25.0	44.18	11.18
30	56.22	101.14	71.59	76.48	21.02	10.0	75.33	42.45	74.03	32.14	95.27	24.84	95.9	65.8	68.71	36.24	35.36	86.45	38.91	84.17	24.0	45.18	26.57	29.68	54.71	67.72	69.26	55.17	18.87	71.42	0.0	74.25	89.05	86.83	65.73	86.37	20.12	69.35	36.14	63.07	47.38	62.63
31	19.24	26.91	42.05	22.67	89.87	81.69	64.26	64.94	7.81	53.85	22.47	49.52	22.85	8.6	29.15	72.8	73.08	25.08	72.03	10.3	59.54	33.62	51.62	74.09	25.5	36.4	75.31	19.21	80.78	3.16	74.25	0.0	20.02	73.36	38.6	12.53	70.71	6.08	64.29	25.32	47.27	14.32
32	33.12	19.0	61.03	16.76	106.47	97.42	83.52	84.59	15.81	72.53	9.06	64.35	10.05	25.71	27.51	91.98	92.2	38.42	91.41	18.03	70.72	44.6	69.08	92.72	45.18	55.79	95.19	36.69	97.99	23.0	89.05	20.02	0.0	91.92	37.11	11.4	88.39	26.0	83.55	28.84	67.12	34.06
33	75.74	86.49	31.38	94.87	85.48	86.02	12.08	45.01	80.62	56.04	89.84	76.56	89.56	72.67	97.45	54.23	55.23	56.09	51.24	74.33	93.23	83.24	64.51	61.13	55.87	37.44	21.93	67.94	76.11	71.2	86.83	73.36	91.92	0.0	104.0	80.99	68.07	68.6	51.09	90.79	42.95	63.01
34	28.28	55.73	73.66	20.4	86.15	75.5	92.96	79.38	31.58	63.32	46.1	45.01	47.07	34.0	10.0	82.76	82.57	63.57	83.43	46.39	42.72	24.74	55.9	80.62	48.17	67.27	99.13	36.07	80.16	38.63	65.73	38.6	37.11	104.0	0.0	43.0	73.06	39.81	75.69	13.89	66.24	42.2
35	30.48	15.0	50.45	23.35	102.34	94.02	73.01	76.9	13.42	66.31	10.2	61.55	10.44	20.62	33.0	85.07	85.38	27.02	84.2	6.71	70.46	44.1	64.14	86.54	37.64	45.54	85.38	31.62	93.3	15.65	86.37	12.53	11.4	80.99	43.0	0.0	83.24	18.38	76.54	31.78	59.03	26.57
36	55.66	97.1	57.27	78.85	20.81	18.03	57.04	23.09	72.62	18.44	93.02	28.07	93.48	63.07	73.33	16.12	15.26	77.16	18.79	79.61	37.59	49.09	19.31	9.9	47.01	54.71	49.48	51.89	10.63	67.6	20.12	70.71	88.39	68.07	73.06	83.24	0.0	65.0	17.0	66.61	32.65	57.14
37	16.28	32.2	37.22	26.4	84.4	76.49	59.09	58.86	12.08	47.93	28.46	44.82	28.79	6.08	31.06	66.76	67.05	24.33	65.97	14.87	55.95	30.81	46.04	68.15	19.42	31.3	69.63	14.21	75.17	3.0	69.35	6.08	26.0	68.6	39.81	18.38	65.0	0.0	58.24	26.0	41.19	8.25
38	53.0	89.16	42.44	77.0	36.06	35.01	40.05	6.32	67.9	12.37	86.68	33.84	86.98	57.87	73.68	8.54	8.94	65.6	8.0	71.87	48.1	50.96	20.59	12.21	38.9	41.04	33.24	47.27	25.96	61.13	36.14	64.29	83.55	51.09	75.69	76.54	17.0	58.24	0.0	66.48	19.21	50.0
39	15.26	45.88	60.11	13.6	82.22	72.24	80.0	69.43	19.03	54.23	37.12	39.56	38.01	20.12	7.28	74.17	74.11	50.0	74.43	34.01	42.64	18.03	48.04	73.03	35.23	53.74	87.21	23.02	74.95	25.0	63.07	25.32	28.84	90.79	13.89	31.78	66.61	26.0	66.48	0.0	54.78	28.43
40	39.85	70.84	24.7	63.15	53.34	49.65	30.87	18.03	52.01	15.3	69.23	33.62	69.43	42.05	62.03	27.46	28.02	46.4	25.94	53.85	50.33	42.8	22.2	31.11	22.0	22.2	33.02	32.76	43.05	44.18	47.38	47.27	67.12	42.95	66.24	59.03	32.65	41.19	19.21	54.78	0.0	33.06
41	14.87	39.96	31.89	32.2	76.84	69.3	52.84	50.64	19.24	39.81	36.69	38.59	37.0	9.85	34.66	58.52	58.82	26.31	57.72	22.47	51.24	28.02	38.42	60.01	11.18	25.61	62.36	9.06	67.42	11.18	62.63	14.32	34.06	63.01	42.2	26.57	57.14	8.25	50.0	28.43	33.06	0.0
;
