set K:= 1	2	3	4	5	6;
set C_H:= 1	2	3	4	5	6	7	8	9	10	11	12	13	14	15	16	17	18	19	20	21	22	23;
set C_S:= 24	25	26	27	28	29	30	31	32	33;
set C_F:= 34	35	36;
set M:= 37	38;
set L_B:= 39	40	41	42	43	44;
set A1:=
(0,*) 1 2 3 4 5 6 7 8 9 10 11 12 13 14 15 16 17 18 19 20 21 22 23 34 35 36 37 38 39 40 41 42 43 44
(1,*) 0 2 3 4 5 6 7 8 9 10 11 12 13 14 15 16 17 18 19 20 21 22 23 34 35 36 37 38 39 40 41 42 43 44
(2,*) 0 1 3 4 5 6 7 8 9 10 11 12 13 14 15 16 17 18 19 20 21 22 23 34 35 36 37 38 39 40 41 42 43 44
(3,*) 0 1 2 4 5 6 7 8 9 10 11 12 13 14 15 16 17 18 19 20 21 22 23 34 35 36 37 38 39 40 41 42 43 44
(4,*) 0 1 2 3 5 6 7 8 9 10 11 12 13 14 15 16 17 18 19 20 21 22 23 34 35 36 37 38 39 40 41 42 43 44
(5,*) 0 1 2 3 4 6 7 8 9 10 11 12 13 14 15 16 17 18 19 20 21 22 23 34 35 36 37 38 39 40 41 42 43 44
(6,*) 0 1 2 3 4 5 7 8 9 10 11 12 13 14 15 16 17 18 19 20 21 22 23 34 35 36 37 38 39 40 41 42 43 44
(7,*) 0 1 2 3 4 5 6 8 9 10 11 12 13 14 15 16 17 18 19 20 21 22 23 34 35 36 37 38 39 40 41 42 43 44
(8,*) 0 1 2 3 4 5 6 7 9 10 11 12 13 14 15 16 17 18 19 20 21 22 23 34 35 36 37 38 39 40 41 42 43 44
(9,*) 0 1 2 3 4 5 6 7 8 10 11 12 13 14 15 16 17 18 19 20 21 22 23 34 35 36 37 38 39 40 41 42 43 44
(10,*) 0 1 2 3 4 5 6 7 8 9 11 12 13 14 15 16 17 18 19 20 21 22 23 34 35 36 37 38 39 40 41 42 43 44
(11,*) 0 1 2 3 4 5 6 7 8 9 10 12 13 14 15 16 17 18 19 20 21 22 23 34 35 36 37 38 39 40 41 42 43 44
(12,*) 0 1 2 3 4 5 6 7 8 9 10 11 13 14 15 16 17 18 19 20 21 22 23 34 35 36 37 38 39 40 41 42 43 44
(13,*) 0 1 2 3 4 5 6 7 8 9 10 11 12 14 15 16 17 18 19 20 21 22 23 34 35 36 37 38 39 40 41 42 43 44
(14,*) 0 1 2 3 4 5 6 7 8 9 10 11 12 13 15 16 17 18 19 20 21 22 23 34 35 36 37 38 39 40 41 42 43 44
(15,*) 0 1 2 3 4 5 6 7 8 9 10 11 12 13 14 16 17 18 19 20 21 22 23 34 35 36 37 38 39 40 41 42 43 44
(16,*) 0 1 2 3 4 5 6 7 8 9 10 11 12 13 14 15 17 18 19 20 21 22 23 34 35 36 37 38 39 40 41 42 43 44
(17,*) 0 1 2 3 4 5 6 7 8 9 10 11 12 13 14 15 16 18 19 20 21 22 23 34 35 36 37 38 39 40 41 42 43 44
(18,*) 0 1 2 3 4 5 6 7 8 9 10 11 12 13 14 15 16 17 19 20 21 22 23 34 35 36 37 38 39 40 41 42 43 44
(19,*) 0 1 2 3 4 5 6 7 8 9 10 11 12 13 14 15 16 17 18 20 21 22 23 34 35 36 37 38 39 40 41 42 43 44
(20,*) 0 1 2 3 4 5 6 7 8 9 10 11 12 13 14 15 16 17 18 19 21 22 23 34 35 36 37 38 39 40 41 42 43 44
(21,*) 0 1 2 3 4 5 6 7 8 9 10 11 12 13 14 15 16 17 18 19 20 22 23 34 35 36 37 38 39 40 41 42 43 44
(22,*) 0 1 2 3 4 5 6 7 8 9 10 11 12 13 14 15 16 17 18 19 20 21 23 34 35 36 37 38 39 40 41 42 43 44
(23,*) 0 1 2 3 4 5 6 7 8 9 10 11 12 13 14 15 16 17 18 19 20 21 22 34 35 36 37 38 39 40 41 42 43 44
(34,*) 0 1 2 3 4 5 6 7 8 9 10 11 12 13 14 15 16 17 18 19 20 21 22 23 35 36 37 38 39 40 41 42 43 44
(35,*) 0 1 2 3 4 5 6 7 8 9 10 11 12 13 14 15 16 17 18 19 20 21 22 23 34 36 37 38 39 40 41 42 43 44
(36,*) 0 1 2 3 4 5 6 7 8 9 10 11 12 13 14 15 16 17 18 19 20 21 22 23 34 35 37 38 39 40 41 42 43 44
(37,*) 0 1 2 3 4 5 6 7 8 9 10 11 12 13 14 15 16 17 18 19 20 21 22 23 34 35 36 38 39 40 41 42 43 44
(38,*) 0 1 2 3 4 5 6 7 8 9 10 11 12 13 14 15 16 17 18 19 20 21 22 23 34 35 36 37 39 40 41 42 43 44
(39,*) 0 1 2 3 4 5 6 7 8 9 10 11 12 13 14 15 16 17 18 19 20 21 22 23 34 35 36 37 38 40 41 42 43 44
(40,*) 0 1 2 3 4 5 6 7 8 9 10 11 12 13 14 15 16 17 18 19 20 21 22 23 34 35 36 37 38 39 41 42 43 44
(41,*) 0 1 2 3 4 5 6 7 8 9 10 11 12 13 14 15 16 17 18 19 20 21 22 23 34 35 36 37 38 39 40 42 43 44
(42,*) 0 1 2 3 4 5 6 7 8 9 10 11 12 13 14 15 16 17 18 19 20 21 22 23 34 35 36 37 38 39 40 41 43 44
(43,*) 0 1 2 3 4 5 6 7 8 9 10 11 12 13 14 15 16 17 18 19 20 21 22 23 34 35 36 37 38 39 40 41 42 44
(44,*) 0 1 2 3 4 5 6 7 8 9 10 11 12 13 14 15 16 17 18 19 20 21 22 23 34 35 36 37 38 39 40 41 42 43
;
set A2:=
(37,*) 38
(38,*) 37
;
param BigM:=99999;
param n:= 6;
param d:=
1	1
2	23
3	23
4	5
5	7
6	18
7	12
8	20
9	19
10	19
11	16
12	2
13	17
14	14
15	8
16	10
17	5
18	19
19	12
20	8
21	18
22	8
23	21
24	26
25	13
26	19
27	9
28	4
29	20
30	3
31	21
32	19
33	66
34	18
35	26
36	21
;
param Q:=100;
param w:=
[37,*] 38 1
[38,*] 37 1
;
param V:=
[37,*] 38 93
[38,*] 37 93
;
param f:=
37	100
38	100
39	100
40	100
41	100
42	100
43	100
44	100
;
param e:
	37	38	39	40	41	42	43	44:=
24	0	0	1	1	1	0	1	1	
25	1	0	1	1	1	0	0	1	
26	0	1	1	1	1	1	1	1	
27	0	1	0	0	0	0	0	0	
28	0	0	0	1	1	1	1	1	
29	0	1	1	1	1	0	1	1	
30	0	1	0	0	0	0	0	0	
31	0	0	1	1	1	0	1	1	
32	0	0	1	1	1	0	1	1	
33	0	0	0	1	1	1	1	1	
34	1	0	0	1	0	0	0	0	
35	0	1	1	1	1	1	1	1	
36	0	0	0	1	0	1	1	1	
;
param p:=
1	1
2	1
3	1
4	1
5	1
6	1
;
param G:=
37	75
38	93
39	77
40	75
41	74
42	96
43	75
44	94
;
param s:=
0	0
1	15
2	15
3	15
4	15
5	15
6	15
7	15
8	15
9	15
10	15
11	15
12	15
13	15
14	15
15	15
16	15
17	15
18	15
19	15
20	15
21	15
22	15
23	15
34	15
35	15
36	15
37	10
38	10
39	10
40	10
41	10
42	10
43	10
44	10
;
param t:
	0	1	2	3	4	5	6	7	8	9	10	11	12	13	14	15	16	17	18	19	20	21	22	23	24	25	26	27	28	29	30	31	32	33	34	35	36	37	38	39	40	41	42	43	44:=
0	0.0	57.22	86.65	61.66	24.21	74.53	25.0	16.12	55.36	70.84	69.66	78.82	94.37	16.03	36.24	23.32	43.46	39.32	72.45	90.61	56.75	18.03	71.39	20.1	41.88	11.18	67.78	104.04	50.16	58.26	91.92	42.15	38.48	52.09	10.0	66.64	69.38	12.21	91.93	43.91	29.07	42.8	88.54	55.15	44.2
1	57.22	0.0	41.4	5.66	42.94	18.87	33.06	58.87	14.87	29.73	60.42	69.87	77.1	61.68	33.3	40.72	27.8	18.0	37.85	66.75	92.96	67.74	23.02	57.01	52.5	46.53	75.15	70.77	76.38	43.68	48.83	27.66	30.41	78.52	65.92	70.77	81.88	64.2	71.34	33.02	53.82	38.6	93.61	47.54	50.0
2	86.65	41.4	0.0	42.54	64.33	43.93	67.74	80.89	55.76	15.81	46.04	50.91	48.75	83.86	51.2	64.03	43.42	54.2	17.46	36.25	99.72	101.55	18.44	93.3	59.41	75.61	66.89	32.14	81.04	38.08	7.62	44.64	48.51	82.57	92.65	61.91	74.95	96.77	42.05	44.41	69.03	48.04	77.79	44.38	55.44
3	61.66	5.66	42.54	0.0	48.37	13.42	37.05	64.08	13.45	32.56	65.25	74.53	81.0	66.85	38.95	46.07	33.42	22.36	41.19	70.26	98.6	71.25	24.7	60.02	58.14	51.2	80.5	73.05	82.04	48.7	50.12	33.3	36.07	84.17	70.61	76.06	87.32	68.01	75.06	38.6	59.41	44.2	98.68	52.8	55.61
4	24.21	42.94	64.33	48.37	0.0	61.77	22.56	17.03	47.38	48.66	46.32	55.95	70.8	20.02	13.15	3.16	21.1	28.28	49.04	66.48	51.86	41.73	51.01	38.91	20.4	15.26	48.37	79.88	38.08	34.06	68.96	20.02	16.03	40.31	28.46	46.1	52.01	36.07	68.01	20.25	12.53	18.6	69.58	31.24	21.54
5	74.53	18.87	43.93	13.42	61.77	0.0	49.65	77.47	21.38	38.47	74.85	83.49	87.82	80.23	52.01	59.48	45.97	35.44	47.68	76.24	111.66	83.0	29.15	71.18	70.71	64.29	91.59	75.95	94.79	59.06	51.42	46.01	49.04	96.9	83.68	86.95	98.74	80.16	81.5	50.93	72.67	56.59	108.75	63.81	67.94
6	25.0	33.06	67.74	37.05	22.56	49.65	0.0	31.83	30.46	52.43	64.2	74.33	87.24	33.97	25.3	19.42	28.84	15.13	56.59	80.45	72.72	34.93	50.57	25.55	42.01	15.81	70.01	90.61	60.41	48.75	74.06	27.46	25.5	62.63	34.54	67.19	74.24	31.14	83.24	32.2	34.79	34.48	91.09	48.38	42.11
7	16.12	58.87	80.89	64.08	17.03	77.47	31.83	0.0	61.03	65.38	56.64	65.12	81.34	3.0	30.02	18.44	38.01	42.54	65.0	79.06	42.15	33.24	68.03	36.0	28.32	16.64	52.33	93.94	34.06	47.85	85.15	37.0	33.0	36.01	14.14	51.62	53.45	27.51	79.65	36.5	14.87	33.53	72.8	43.57	31.4
8	55.36	14.87	55.76	13.45	47.38	21.38	30.46	61.03	0.0	44.6	73.44	83.22	91.44	63.51	41.18	44.55	37.95	19.1	52.63	81.39	99.16	62.13	37.59	50.01	61.29	46.07	86.33	85.62	84.05	56.44	63.29	37.34	38.91	86.27	65.0	82.28	92.48	59.68	85.84	43.32	59.55	48.47	105.76	59.44	59.51
9	70.84	29.73	15.81	32.56	48.66	38.47	52.43	65.38	44.6	0.0	38.6	46.07	49.37	68.36	35.51	48.27	27.66	39.6	9.22	38.0	87.09	85.87	9.49	77.94	45.61	59.81	58.0	41.15	68.54	26.08	21.63	28.86	32.76	70.26	76.9	53.04	65.86	81.02	43.1	29.02	54.08	33.14	72.4	32.25	41.76
10	69.66	60.42	46.04	65.25	46.32	74.85	64.2	56.64	73.44	38.6	0.0	10.2	24.76	58.9	38.9	48.37	37.22	59.21	30.41	24.04	58.01	87.62	47.71	85.09	28.32	61.59	21.02	41.44	40.2	17.03	45.19	38.33	39.05	41.05	70.77	16.16	29.07	81.84	23.32	32.56	41.77	29.73	34.0	15.81	25.5
11	78.82	69.87	50.91	74.53	55.95	83.49	74.33	65.12	83.22	46.07	10.2	0.0	17.0	67.18	49.04	58.14	47.38	69.35	37.22	21.21	60.67	96.83	55.46	94.83	37.01	71.2	21.02	39.2	44.27	27.02	48.6	48.51	49.24	44.64	79.25	17.46	28.16	91.02	18.11	42.76	50.33	39.85	26.91	25.96	34.67
12	94.37	77.1	48.75	81.0	70.8	87.82	87.24	81.34	91.44	49.37	24.76	17.0	0.0	83.55	62.18	72.67	58.87	80.08	40.2	12.53	76.9	112.29	58.69	109.29	53.04	86.02	37.11	26.83	61.1	38.48	44.1	60.17	61.74	61.35	95.48	34.18	43.29	106.53	6.71	55.04	66.48	53.34	35.11	39.66	50.25
13	16.03	61.68	83.86	66.85	20.02	80.23	33.97	3.0	63.51	68.36	58.9	67.18	83.55	0.0	33.02	21.38	41.01	45.18	67.91	81.54	41.11	32.28	71.03	36.12	30.61	18.44	53.71	96.6	34.37	50.57	88.07	40.0	36.0	36.22	12.21	53.25	54.42	26.68	82.01	39.46	17.2	36.4	73.93	46.14	33.84
14	36.24	33.3	51.2	38.95	13.15	52.01	25.3	30.02	41.18	35.51	38.9	49.04	62.18	33.02	0.0	13.0	8.0	23.09	36.25	56.22	59.67	52.8	38.12	47.63	20.12	25.81	46.53	68.25	43.28	23.85	55.97	7.07	3.16	45.45	41.48	43.1	51.92	47.43	58.52	7.81	21.02	9.22	67.12	23.09	18.68
15	23.32	40.72	64.03	46.07	3.16	59.48	19.42	18.44	44.55	48.27	48.37	58.14	72.67	21.38	13.0	0.0	20.62	25.5	49.24	67.9	54.82	40.36	50.04	36.72	23.19	13.45	51.24	80.8	41.23	35.36	68.95	19.42	15.52	43.46	28.64	48.84	55.04	34.83	69.66	20.59	15.65	19.8	72.44	33.02	24.04
16	43.46	27.8	43.42	33.42	21.1	45.97	28.84	38.01	37.95	27.66	37.22	47.38	58.87	41.01	8.0	20.62	0.0	22.02	29.15	51.62	66.03	59.36	30.15	53.04	24.76	32.65	48.38	62.24	48.84	20.62	48.47	1.41	5.1	50.93	49.24	44.38	54.63	54.2	54.56	5.39	28.46	10.82	68.07	22.02	22.2
17	39.32	18.0	54.2	22.36	28.28	35.44	15.13	42.54	19.1	39.6	59.21	69.35	80.08	45.18	23.09	25.5	22.02	0.0	45.22	71.69	80.06	50.01	36.36	39.92	43.08	28.86	69.43	79.63	65.19	42.43	60.96	21.0	21.38	67.42	48.27	65.76	75.0	46.27	75.27	27.02	40.46	31.4	89.68	44.0	41.76
18	72.45	37.85	17.46	41.19	49.04	47.68	56.59	65.0	52.63	9.22	30.41	37.22	40.2	67.91	36.25	49.24	29.15	45.22	0.0	29.07	82.28	88.51	18.68	81.69	42.11	61.77	50.61	34.41	63.6	20.62	20.22	30.53	34.0	65.15	77.49	45.61	58.6	83.35	34.01	28.79	52.35	31.58	63.82	26.93	38.12
19	90.61	66.75	36.25	70.26	66.48	76.24	80.45	79.06	81.39	38.0	24.04	21.21	12.53	81.54	56.22	67.9	51.62	71.69	29.07	0.0	81.22	108.19	47.1	103.86	51.11	81.34	42.05	18.03	63.95	32.56	31.62	53.0	55.22	64.63	93.01	38.01	49.37	102.55	5.83	48.6	64.35	48.1	45.28	35.61	47.71
20	56.75	92.96	99.72	98.6	51.86	111.66	72.72	42.15	99.16	87.09	58.01	60.67	76.9	41.11	59.67	54.82	66.03	80.06	82.28	81.22	0.0	70.11	93.47	76.69	42.06	58.6	39.81	99.13	18.68	61.68	101.0	65.8	62.63	17.26	49.37	43.29	34.18	65.38	78.77	61.59	39.62	56.08	51.04	55.36	45.62
21	18.03	67.74	101.55	71.25	41.73	83.0	34.93	33.24	62.13	85.87	87.62	96.83	112.29	32.28	52.8	40.36	59.36	50.01	88.51	108.19	70.11	0.0	85.09	13.0	59.91	27.02	85.49	121.04	66.49	75.69	107.35	57.98	54.64	68.25	21.1	84.53	86.65	5.83	109.71	60.61	47.01	60.14	106.04	72.92	62.2
22	71.39	23.02	18.44	24.7	51.01	29.15	50.57	68.03	37.59	9.49	47.71	55.46	58.69	71.03	38.12	50.04	30.15	36.36	18.68	47.1	93.47	85.09	0.0	76.03	51.48	60.21	66.53	48.38	75.18	33.97	25.81	31.06	35.06	77.03	78.41	61.62	74.25	80.65	52.35	32.98	58.25	37.95	81.63	39.82	47.85
23	20.1	57.01	93.3	60.02	38.91	71.18	25.55	36.0	50.01	77.94	85.09	94.83	109.29	36.12	47.63	36.72	53.04	39.92	81.69	103.86	76.69	13.0	76.03	0.0	58.87	23.77	86.13	115.28	70.03	71.4	99.57	51.62	48.84	72.01	27.86	84.43	88.46	13.45	106.02	55.32	47.3	56.04	107.2	69.64	60.42
24	41.88	52.5	59.41	58.14	20.4	70.71	42.01	28.32	61.29	45.61	28.32	37.01	53.04	30.61	20.12	23.19	24.76	43.08	42.11	51.11	42.06	59.91	51.48	58.87	0.0	35.11	28.07	66.85	24.21	22.09	62.0	24.84	22.47	26.25	42.45	25.71	32.39	54.08	51.4	19.85	13.45	14.21	49.25	16.49	4.0
25	11.18	46.53	75.61	51.2	15.26	64.29	15.81	16.64	46.07	59.81	61.59	71.2	86.02	18.44	25.81	13.45	32.65	28.86	61.77	81.34	58.6	27.02	60.21	23.77	35.11	0.0	62.59	94.02	48.51	48.8	81.02	31.3	27.78	50.64	19.42	60.73	65.38	21.63	83.1	33.6	24.08	33.24	83.74	46.4	36.67
26	67.78	75.15	66.89	80.5	48.37	91.59	70.01	52.33	86.33	58.0	21.02	21.02	37.11	53.71	46.53	51.24	48.38	69.43	50.61	42.05	39.81	85.49	66.53	86.13	28.07	62.59	0.0	60.07	24.7	32.8	66.21	49.04	48.05	24.6	65.86	5.0	8.06	79.71	39.12	43.01	38.9	38.08	21.21	27.78	28.07
27	104.04	70.77	32.14	73.05	79.88	75.95	90.61	93.94	85.62	41.15	41.44	39.2	26.83	96.6	68.25	80.8	62.24	79.63	34.41	18.03	99.13	121.04	48.38	115.28	66.85	94.02	60.07	0.0	81.61	46.14	25.0	63.66	66.6	82.39	107.54	56.0	67.36	115.6	21.84	60.44	79.62	61.29	61.85	50.57	63.16
28	50.16	76.38	81.04	82.04	38.08	94.79	60.41	34.06	84.05	68.54	40.2	44.27	61.1	34.37	43.28	41.23	48.84	65.19	63.6	63.95	18.68	66.49	75.18	70.03	24.21	48.51	24.7	81.61	0.0	43.01	82.38	48.8	46.01	2.24	45.61	26.93	22.02	61.0	62.1	44.05	25.63	38.42	41.62	36.69	27.46
29	58.26	43.68	38.08	48.7	34.06	59.06	48.75	47.85	56.44	26.08	17.03	27.02	38.48	50.57	23.85	35.36	20.62	42.43	20.62	32.56	61.68	75.69	33.97	71.4	22.09	48.8	32.8	46.14	43.01	0.0	40.05	21.84	23.26	44.6	61.4	28.02	40.36	70.09	34.67	16.55	33.84	15.56	49.98	6.32	18.11
30	91.92	48.83	7.62	50.12	68.96	51.42	74.06	85.15	63.29	21.63	45.19	48.6	44.1	88.07	55.97	68.95	48.47	60.96	20.22	31.62	101.0	107.35	25.81	99.57	62.0	81.02	66.21	25.0	82.38	40.05	0.0	49.77	53.49	83.74	97.42	61.33	74.25	102.42	37.44	48.76	72.56	51.79	75.17	46.17	58.0
31	42.15	27.66	44.64	33.3	20.02	46.01	27.46	37.0	37.34	28.86	38.33	48.51	60.17	40.0	7.07	19.42	1.41	21.0	30.53	53.0	65.8	57.98	31.06	51.62	24.84	31.3	49.04	63.66	48.8	21.84	49.77	0.0	4.0	50.91	48.05	45.12	55.15	52.84	55.9	6.08	27.86	11.18	68.88	23.0	22.47
32	38.48	30.41	48.51	36.07	16.03	49.04	25.5	33.0	38.91	32.76	39.05	49.24	61.74	36.0	3.16	15.52	5.1	21.38	34.0	55.22	62.63	54.64	35.06	48.84	22.47	27.78	48.05	66.6	46.01	23.26	53.49	4.0	0.0	48.17	44.15	44.41	53.76	49.4	57.8	6.71	24.17	10.05	68.36	23.35	20.62
33	52.09	78.52	82.57	84.17	40.31	96.9	62.63	36.01	86.27	70.26	41.05	44.64	61.35	36.22	45.45	43.46	50.93	67.42	65.15	64.63	17.26	68.25	77.03	72.01	26.25	50.64	24.6	82.39	2.24	44.6	83.74	50.91	48.17	0.0	47.3	27.2	21.21	62.8	62.59	46.1	27.86	40.46	40.61	38.28	29.41
34	10.0	65.92	92.65	70.61	28.46	83.68	34.54	14.14	65.0	76.9	70.77	79.25	95.48	12.21	41.48	28.64	49.24	48.27	77.49	93.01	49.37	21.1	78.41	27.86	42.45	19.42	65.86	107.54	45.61	61.4	97.42	48.05	44.15	47.3	0.0	65.46	66.31	16.03	93.72	48.7	29.0	46.52	85.91	57.43	45.45
35	66.64	70.77	61.91	76.06	46.1	86.95	67.19	51.62	82.28	53.04	16.16	17.46	34.18	53.25	43.1	48.84	44.38	65.76	45.61	38.01	43.29	84.53	61.62	84.43	25.71	60.73	5.0	56.0	26.93	28.02	61.33	45.12	44.41	27.2	65.46	0.0	13.04	78.71	35.51	39.05	37.58	34.37	24.02	23.26	25.08
36	69.38	81.88	74.95	87.32	52.01	98.74	74.24	53.45	92.48	65.86	29.07	28.16	43.29	54.42	51.92	55.04	54.63	75.0	58.6	49.37	34.18	86.65	74.25	88.46	32.39	65.38	8.06	67.36	22.02	40.36	74.25	55.15	53.76	21.21	66.31	13.04	0.0	80.96	46.01	49.24	41.3	44.01	19.72	35.0	33.24
37	12.21	64.2	96.77	68.01	36.07	80.16	31.14	27.51	59.68	81.02	81.84	91.02	106.53	26.68	47.43	34.83	54.2	46.27	83.35	102.55	65.38	5.83	80.65	13.45	54.08	21.63	79.71	115.6	61.0	70.09	102.42	52.84	49.4	62.8	16.03	78.71	80.96	0.0	104.0	55.22	41.18	54.56	100.3	67.21	56.4
38	91.93	71.34	42.05	75.06	68.01	81.5	83.24	79.65	85.84	43.1	23.32	18.11	6.71	82.01	58.52	69.66	54.56	75.27	34.01	5.83	78.77	109.71	52.35	106.02	51.4	83.1	39.12	21.84	62.1	34.67	37.44	55.9	57.8	62.59	93.72	35.51	46.01	104.0	0.0	51.11	64.82	50.0	40.25	36.8	48.27
39	43.91	33.02	44.41	38.6	20.25	50.93	32.2	36.5	43.32	29.02	32.56	42.76	55.04	39.46	7.81	20.59	5.39	27.02	28.79	48.6	61.59	60.61	32.98	55.32	19.85	33.6	43.01	60.44	44.05	16.55	48.76	6.08	6.71	46.1	48.7	39.05	49.24	55.22	51.11	0.0	25.32	5.66	62.8	17.03	17.03
40	29.07	53.82	69.03	59.41	12.53	72.67	34.79	14.87	59.55	54.08	41.77	50.33	66.48	17.2	21.02	15.65	28.46	40.46	52.35	64.35	39.62	47.01	58.25	47.3	13.45	24.08	38.9	79.62	25.63	33.84	72.56	27.86	24.17	27.86	29.0	37.58	41.3	41.18	64.82	25.32	0.0	21.0	59.91	29.07	16.64
41	42.8	38.6	48.04	44.2	18.6	56.59	34.48	33.53	48.47	33.14	29.73	39.85	53.34	36.4	9.22	19.8	10.82	31.4	31.58	48.1	56.08	60.14	37.95	56.04	14.21	33.24	38.08	61.29	38.42	15.56	51.79	11.18	10.05	40.46	46.52	34.37	44.01	54.56	50.0	5.66	21.0	0.0	58.31	13.93	11.4
42	88.54	93.61	77.79	98.68	69.58	108.75	91.09	72.8	105.76	72.4	34.0	26.91	35.11	73.93	67.12	72.44	68.07	89.68	63.82	45.28	51.04	106.04	81.63	107.2	49.25	83.74	21.21	61.85	41.62	49.98	75.17	68.88	68.36	40.61	85.91	24.02	19.72	100.3	40.25	62.8	59.91	58.31	0.0	46.32	49.01
43	55.15	47.54	44.38	52.8	31.24	63.81	48.38	43.57	59.44	32.25	15.81	25.96	39.66	46.14	23.09	33.02	22.02	44.0	26.93	35.61	55.36	72.92	39.82	69.64	16.49	46.4	27.78	50.57	36.69	6.32	46.17	23.0	23.35	38.28	57.43	23.26	35.0	67.21	36.8	17.03	29.07	13.93	46.32	0.0	12.65
44	44.2	50.0	55.44	55.61	21.54	67.94	42.11	31.4	59.51	41.76	25.5	34.67	50.25	33.84	18.68	24.04	22.2	41.76	38.12	47.71	45.62	62.2	47.85	60.42	4.0	36.67	28.07	63.16	27.46	18.11	58.0	22.47	20.62	29.41	45.45	25.08	33.24	56.4	48.27	17.03	16.64	11.4	49.01	12.65	0.0
;
