set K:= 1	2	3	4	5;
set C_H:= 1	2	3	4	5	6	7	8	9	10	11	12	13	14	15	16	17	18	19	20	21	22	23;
set C_S:= 24	25	26	27	28	29	30	31	32	33;
set C_F:= 34	35	36;
set M:= 37	38;
set L_B:= 39	40	41	42	43;
set A1:=
(0,*) 1 2 3 4 5 6 7 8 9 10 11 12 13 14 15 16 17 18 19 20 21 22 23 34 35 36 37 38 39 40 41 42 43
(1,*) 0 2 3 4 5 6 7 8 9 10 11 12 13 14 15 16 17 18 19 20 21 22 23 34 35 36 37 38 39 40 41 42 43
(2,*) 0 1 3 4 5 6 7 8 9 10 11 12 13 14 15 16 17 18 19 20 21 22 23 34 35 36 37 38 39 40 41 42 43
(3,*) 0 1 2 4 5 6 7 8 9 10 11 12 13 14 15 16 17 18 19 20 21 22 23 34 35 36 37 38 39 40 41 42 43
(4,*) 0 1 2 3 5 6 7 8 9 10 11 12 13 14 15 16 17 18 19 20 21 22 23 34 35 36 37 38 39 40 41 42 43
(5,*) 0 1 2 3 4 6 7 8 9 10 11 12 13 14 15 16 17 18 19 20 21 22 23 34 35 36 37 38 39 40 41 42 43
(6,*) 0 1 2 3 4 5 7 8 9 10 11 12 13 14 15 16 17 18 19 20 21 22 23 34 35 36 37 38 39 40 41 42 43
(7,*) 0 1 2 3 4 5 6 8 9 10 11 12 13 14 15 16 17 18 19 20 21 22 23 34 35 36 37 38 39 40 41 42 43
(8,*) 0 1 2 3 4 5 6 7 9 10 11 12 13 14 15 16 17 18 19 20 21 22 23 34 35 36 37 38 39 40 41 42 43
(9,*) 0 1 2 3 4 5 6 7 8 10 11 12 13 14 15 16 17 18 19 20 21 22 23 34 35 36 37 38 39 40 41 42 43
(10,*) 0 1 2 3 4 5 6 7 8 9 11 12 13 14 15 16 17 18 19 20 21 22 23 34 35 36 37 38 39 40 41 42 43
(11,*) 0 1 2 3 4 5 6 7 8 9 10 12 13 14 15 16 17 18 19 20 21 22 23 34 35 36 37 38 39 40 41 42 43
(12,*) 0 1 2 3 4 5 6 7 8 9 10 11 13 14 15 16 17 18 19 20 21 22 23 34 35 36 37 38 39 40 41 42 43
(13,*) 0 1 2 3 4 5 6 7 8 9 10 11 12 14 15 16 17 18 19 20 21 22 23 34 35 36 37 38 39 40 41 42 43
(14,*) 0 1 2 3 4 5 6 7 8 9 10 11 12 13 15 16 17 18 19 20 21 22 23 34 35 36 37 38 39 40 41 42 43
(15,*) 0 1 2 3 4 5 6 7 8 9 10 11 12 13 14 16 17 18 19 20 21 22 23 34 35 36 37 38 39 40 41 42 43
(16,*) 0 1 2 3 4 5 6 7 8 9 10 11 12 13 14 15 17 18 19 20 21 22 23 34 35 36 37 38 39 40 41 42 43
(17,*) 0 1 2 3 4 5 6 7 8 9 10 11 12 13 14 15 16 18 19 20 21 22 23 34 35 36 37 38 39 40 41 42 43
(18,*) 0 1 2 3 4 5 6 7 8 9 10 11 12 13 14 15 16 17 19 20 21 22 23 34 35 36 37 38 39 40 41 42 43
(19,*) 0 1 2 3 4 5 6 7 8 9 10 11 12 13 14 15 16 17 18 20 21 22 23 34 35 36 37 38 39 40 41 42 43
(20,*) 0 1 2 3 4 5 6 7 8 9 10 11 12 13 14 15 16 17 18 19 21 22 23 34 35 36 37 38 39 40 41 42 43
(21,*) 0 1 2 3 4 5 6 7 8 9 10 11 12 13 14 15 16 17 18 19 20 22 23 34 35 36 37 38 39 40 41 42 43
(22,*) 0 1 2 3 4 5 6 7 8 9 10 11 12 13 14 15 16 17 18 19 20 21 23 34 35 36 37 38 39 40 41 42 43
(23,*) 0 1 2 3 4 5 6 7 8 9 10 11 12 13 14 15 16 17 18 19 20 21 22 34 35 36 37 38 39 40 41 42 43
(34,*) 0 1 2 3 4 5 6 7 8 9 10 11 12 13 14 15 16 17 18 19 20 21 22 23 35 36 37 38 39 40 41 42 43
(35,*) 0 1 2 3 4 5 6 7 8 9 10 11 12 13 14 15 16 17 18 19 20 21 22 23 34 36 37 38 39 40 41 42 43
(36,*) 0 1 2 3 4 5 6 7 8 9 10 11 12 13 14 15 16 17 18 19 20 21 22 23 34 35 37 38 39 40 41 42 43
(37,*) 0 1 2 3 4 5 6 7 8 9 10 11 12 13 14 15 16 17 18 19 20 21 22 23 34 35 36 38 39 40 41 42 43
(38,*) 0 1 2 3 4 5 6 7 8 9 10 11 12 13 14 15 16 17 18 19 20 21 22 23 34 35 36 37 39 40 41 42 43
(39,*) 0 1 2 3 4 5 6 7 8 9 10 11 12 13 14 15 16 17 18 19 20 21 22 23 34 35 36 37 38 40 41 42 43
(40,*) 0 1 2 3 4 5 6 7 8 9 10 11 12 13 14 15 16 17 18 19 20 21 22 23 34 35 36 37 38 39 41 42 43
(41,*) 0 1 2 3 4 5 6 7 8 9 10 11 12 13 14 15 16 17 18 19 20 21 22 23 34 35 36 37 38 39 40 42 43
(42,*) 0 1 2 3 4 5 6 7 8 9 10 11 12 13 14 15 16 17 18 19 20 21 22 23 34 35 36 37 38 39 40 41 43
(43,*) 0 1 2 3 4 5 6 7 8 9 10 11 12 13 14 15 16 17 18 19 20 21 22 23 34 35 36 37 38 39 40 41 42
;
set A2:=
(37,*) 38
(38,*) 37
;
param BigM:=99999;
param n:= 5;
param d:=
1	16
2	18
3	1
4	13
5	23
6	7
7	27
8	1
9	6
10	2
11	5
12	16
13	7
14	22
15	23
16	2
17	2
18	12
19	1
20	9
21	23
22	19
23	20
24	8
25	3
26	24
27	19
28	7
29	16
30	9
31	6
32	7
33	20
34	4
35	2
36	7
;
param Q:=100;
param w:=
[37,*] 38 1
[38,*] 37 1
;
param V:=
[37,*] 38 91
[38,*] 37 91
;
param f:=
37	100
38	100
39	100
40	100
41	100
42	100
43	100
;
param e:
	37	38	39	40	41	42	43:=
24	1	0	0	0	1	0	1	
25	1	0	1	1	1	0	0	
26	1	0	1	1	1	1	1	
27	1	0	1	1	1	1	1	
28	0	0	0	1	1	0	0	
29	0	0	1	1	1	1	1	
30	0	1	0	1	0	0	0	
31	0	1	0	0	0	0	0	
32	0	1	1	1	0	1	1	
33	0	1	1	1	0	1	1	
34	0	1	0	0	0	0	0	
35	0	0	1	1	1	1	0	
36	0	0	0	0	0	0	1	
;
param p:=
1	1
2	1
3	1
4	1
5	1
;
param G:=
37	91
38	91
39	84
40	70
41	91
42	81
43	79
;
param s:=
0	0
1	15
2	15
3	15
4	15
5	15
6	15
7	15
8	15
9	15
10	15
11	15
12	15
13	15
14	15
15	15
16	15
17	15
18	15
19	15
20	15
21	15
22	15
23	15
34	15
35	15
36	15
37	10
38	10
39	10
40	10
41	10
42	10
43	10
;
param t:
	0	1	2	3	4	5	6	7	8	9	10	11	12	13	14	15	16	17	18	19	20	21	22	23	24	25	26	27	28	29	30	31	32	33	34	35	36	37	38	39	40	41	42	43:=
0	0.0	21.0	58.14	17.49	33.24	69.89	21.02	54.92	55.17	70.43	41.76	2.83	12.21	36.69	60.21	6.4	47.38	34.83	62.2	33.6	29.15	29.07	30.02	47.42	48.83	47.54	36.22	34.06	56.32	25.81	42.01	37.2	14.42	17.46	53.0	44.28	45.61	64.66	44.94	13.6	19.7	30.08	13.0	13.34
1	21.0	0.0	37.22	19.21	45.28	53.76	30.41	46.87	42.49	55.61	22.47	23.09	17.2	17.8	39.32	16.49	35.47	50.77	52.5	52.0	50.09	42.8	49.34	59.41	40.61	29.21	15.52	26.02	36.67	21.84	47.41	55.54	33.96	37.66	66.53	26.87	44.91	48.08	55.97	8.94	8.54	11.31	10.3	22.2
2	58.14	37.22	0.0	52.55	75.03	35.0	61.4	57.31	45.69	48.09	24.08	60.3	51.35	27.46	9.22	53.0	44.1	85.8	57.94	88.32	87.28	77.08	86.12	91.07	46.86	19.8	22.0	42.19	20.4	46.24	74.81	91.76	71.02	74.81	98.98	29.21	60.96	30.15	87.13	45.71	41.76	29.27	46.87	55.73
3	17.49	19.21	52.55	0.0	50.57	72.92	37.36	37.44	38.6	54.38	31.14	17.03	25.08	26.31	51.97	19.42	30.81	33.24	44.82	36.35	39.85	24.6	35.0	40.31	58.19	48.1	33.02	43.01	45.01	36.5	28.79	39.62	22.14	26.25	47.63	31.26	59.08	67.21	36.8	11.7	11.4	30.48	10.44	28.64
4	33.24	45.28	75.03	50.57	0.0	70.46	14.87	87.71	86.4	100.57	67.48	34.48	28.32	63.03	80.5	31.91	78.82	58.86	94.67	53.16	38.01	57.01	48.08	74.43	41.0	57.49	55.07	34.37	81.02	28.79	73.82	55.97	39.0	38.21	77.67	72.14	27.29	67.07	73.11	43.01	49.2	47.01	43.27	23.43
5	69.89	53.76	35.0	72.92	70.46	0.0	61.68	89.49	79.08	83.05	54.08	72.67	58.67	55.04	44.05	63.51	75.89	103.71	91.44	103.47	96.61	96.26	99.86	113.17	30.02	25.24	41.34	38.28	55.15	46.62	100.21	107.07	84.31	87.13	120.22	60.73	46.27	5.83	109.71	62.24	61.72	42.45	63.66	60.84
6	21.02	30.41	61.4	37.36	14.87	61.68	0.0	73.82	71.85	85.8	52.63	23.02	13.6	48.17	66.31	18.03	64.35	52.39	80.53	48.55	36.88	48.51	43.83	66.76	34.67	45.1	40.72	23.54	66.29	16.0	63.0	51.87	31.02	31.76	71.31	57.28	26.42	57.49	64.76	28.65	34.67	32.7	29.07	8.94
7	54.92	46.87	57.31	37.44	87.71	89.49	73.82	0.0	12.81	25.08	35.44	54.41	60.54	35.36	50.8	55.9	13.6	55.36	8.06	62.65	73.01	47.42	64.01	50.09	86.02	65.51	50.36	72.44	38.42	68.66	31.26	64.62	56.64	60.31	58.01	28.79	91.78	83.82	46.17	45.31	39.85	54.01	44.78	64.88
8	55.17	42.49	45.69	38.6	86.4	79.08	71.85	12.81	0.0	16.16	26.0	55.32	58.25	27.46	38.59	54.67	7.81	62.97	12.37	69.38	77.37	54.34	69.89	60.21	78.92	56.14	42.19	66.48	26.08	64.08	41.19	71.81	60.03	64.01	68.36	19.0	86.65	73.55	56.14	43.42	37.2	47.3	43.28	63.01
9	70.43	55.61	48.09	54.38	100.57	83.05	85.8	25.08	16.16	0.0	35.34	70.8	72.25	38.59	39.32	69.31	23.71	78.85	18.97	85.44	93.47	70.34	86.03	75.01	88.23	62.97	51.62	77.39	28.02	76.32	56.04	87.8	76.06	80.06	83.01	29.15	97.94	78.0	71.03	58.0	51.62	58.14	58.05	77.16
10	41.76	22.47	24.08	31.14	67.48	54.08	52.63	35.44	26.0	35.34	0.0	43.17	39.66	5.1	21.19	38.48	21.84	63.79	38.12	67.48	69.58	54.82	66.07	67.54	53.37	30.27	16.49	42.05	14.56	41.4	50.8	70.71	52.15	56.22	75.58	7.0	62.61	48.38	63.53	28.16	22.36	22.83	28.86	44.65
11	2.83	23.09	60.3	17.03	34.48	72.67	23.02	54.41	55.32	70.8	43.17	0.0	15.0	38.08	62.07	9.22	47.51	32.02	61.85	30.81	27.02	26.4	27.29	44.78	51.61	50.16	38.47	36.88	57.72	28.6	40.01	34.41	11.66	14.87	50.25	45.31	48.08	67.42	42.38	15.13	20.88	32.57	14.32	15.81
12	12.21	17.2	51.35	25.08	28.32	58.67	13.6	60.54	58.25	72.25	39.66	15.0	0.0	35.0	55.08	6.32	50.77	47.01	67.08	45.34	38.28	41.18	41.4	59.48	36.62	37.85	29.61	21.93	53.71	13.6	52.61	48.92	26.17	28.6	65.19	43.93	34.37	53.67	56.86	15.23	21.1	22.09	15.81	5.0
13	36.69	17.8	27.46	26.31	63.03	55.04	48.17	35.36	27.46	38.59	5.1	38.08	35.0	0.0	25.71	33.54	22.02	59.2	39.05	62.65	64.5	50.29	61.13	63.63	51.48	30.36	15.03	39.22	19.65	37.74	47.51	65.92	47.1	51.16	71.59	9.43	59.62	49.24	59.68	23.09	17.26	19.92	23.77	40.0
14	60.21	39.32	9.22	51.97	80.5	44.05	66.31	50.8	38.59	39.32	21.19	62.07	55.08	25.71	0.0	55.73	38.21	84.9	50.54	88.28	89.02	75.96	86.58	88.57	55.22	28.02	25.63	49.04	12.53	51.97	71.34	91.59	72.06	76.03	96.66	24.41	68.59	39.32	84.53	47.01	42.11	33.62	48.0	59.77
15	6.4	16.49	53.0	19.42	31.91	63.51	18.03	55.9	54.67	69.31	38.48	9.22	6.32	33.54	55.73	0.0	47.01	41.11	62.77	40.0	34.71	34.99	36.36	53.24	42.72	41.44	31.0	27.8	52.92	19.72	46.39	43.6	20.81	23.71	59.08	41.88	40.61	58.31	50.57	11.31	17.69	24.33	11.4	9.22
16	47.38	35.47	44.1	30.81	78.82	75.89	64.35	13.6	7.81	23.71	21.84	47.51	50.77	22.02	38.21	47.01	0.0	56.32	17.26	62.37	69.78	47.52	62.64	54.92	73.25	51.97	37.05	60.21	26.25	57.25	36.14	64.94	52.35	56.36	63.15	15.23	80.08	70.21	50.8	35.81	29.68	41.3	35.61	55.47
17	34.83	50.77	85.8	33.24	58.86	103.71	52.39	55.36	62.97	78.85	63.79	32.02	47.01	59.2	84.9	41.11	56.32	0.0	63.32	8.6	25.0	9.06	12.65	16.12	83.6	79.88	65.76	68.88	76.79	60.61	25.81	9.43	21.47	20.88	18.97	62.51	78.72	98.23	16.16	41.88	44.28	61.85	40.5	47.17
18	62.2	52.5	57.94	44.82	94.67	91.44	80.53	8.06	12.37	18.97	38.12	61.85	67.08	39.05	50.54	62.77	17.26	63.32	0.0	70.68	81.02	55.46	72.07	57.43	90.45	68.36	54.01	77.47	38.01	74.33	38.83	72.62	64.54	68.25	65.19	31.14	97.27	85.91	53.6	51.88	46.1	58.55	51.48	71.59
19	33.6	52.0	88.32	36.35	53.16	103.47	48.55	62.65	69.38	85.44	67.48	30.81	45.34	62.65	88.28	40.0	62.37	8.6	70.68	0.0	17.12	15.23	5.1	24.04	81.39	80.53	67.42	67.21	81.1	58.69	34.06	3.61	19.21	17.03	25.02	67.01	74.95	98.18	24.6	43.08	46.57	62.61	41.79	44.6
20	29.15	50.09	87.28	39.85	38.01	96.61	36.88	73.01	77.37	93.47	69.58	27.02	38.28	64.5	89.02	34.71	69.78	25.0	81.02	17.12	0.0	28.02	12.37	41.0	71.4	75.96	65.38	58.67	84.01	50.12	48.01	19.03	17.72	13.6	42.01	70.83	62.37	91.79	41.11	42.01	47.27	59.03	41.05	35.78
21	29.07	42.8	77.08	24.6	57.01	96.26	48.51	47.42	54.34	70.34	54.82	26.4	41.18	50.29	75.96	34.99	47.52	9.06	55.46	15.23	28.02	0.0	17.03	18.38	77.7	72.01	57.45	62.68	67.74	54.71	20.0	17.46	18.03	19.24	24.21	53.46	74.33	90.69	16.28	34.06	35.85	54.04	32.65	42.15
22	30.02	49.34	86.12	35.0	48.08	99.86	43.83	64.01	69.89	86.03	66.07	27.29	41.4	61.13	86.58	36.36	62.64	12.65	72.07	5.1	12.37	17.03	0.0	28.64	77.08	77.39	64.85	63.13	80.01	54.56	36.8	8.06	15.65	12.81	30.07	66.12	70.18	94.67	28.79	40.52	44.55	59.62	39.29	40.31
23	47.42	59.41	91.07	40.31	74.43	113.17	66.76	50.09	60.21	75.01	67.54	44.78	59.48	63.63	88.57	53.24	54.92	16.12	57.43	24.04	41.0	18.38	28.64	0.0	95.88	88.41	73.11	80.78	78.77	72.95	19.03	23.26	35.9	36.22	8.25	64.62	92.7	107.49	4.12	51.09	51.66	70.72	49.68	60.54
24	48.83	40.61	46.86	58.19	41.0	30.02	34.67	86.02	78.92	88.23	53.37	51.61	36.62	51.48	55.22	42.72	73.25	83.6	90.45	81.39	71.4	77.7	77.08	95.88	0.0	27.2	36.88	15.23	61.74	23.02	86.98	84.9	62.48	64.38	101.79	60.21	16.49	27.66	93.06	46.49	49.03	32.02	47.76	36.8
25	47.54	29.21	19.8	48.1	57.49	25.24	45.1	65.51	56.14	62.97	30.27	50.16	37.85	30.36	28.02	41.44	51.97	79.88	68.36	80.53	75.96	72.01	77.39	88.41	27.2	0.0	16.12	23.41	35.44	29.15	75.0	84.12	61.74	65.0	95.67	37.22	41.23	19.42	84.85	38.01	36.77	18.03	39.41	41.3
26	36.22	15.52	22.0	33.02	55.07	41.34	40.72	50.36	42.19	51.62	16.49	38.47	29.61	15.03	25.63	31.0	37.05	65.76	54.01	67.42	65.38	57.45	64.85	73.11	36.88	16.12	0.0	26.08	26.91	27.02	59.03	70.94	49.48	53.15	80.6	23.35	46.65	35.51	69.43	24.35	21.63	8.06	25.63	34.21
27	34.06	26.02	42.19	43.01	34.37	38.28	23.54	72.44	66.48	77.39	42.05	36.88	21.93	39.22	49.04	27.8	60.21	68.88	77.47	67.21	58.67	62.68	63.13	80.78	15.23	23.41	26.08	0.0	52.8	8.6	71.78	70.77	48.08	50.33	86.84	48.47	20.59	33.96	77.9	31.32	34.23	19.31	32.57	23.02
28	56.32	36.67	20.4	45.01	81.02	55.15	66.29	38.42	26.08	28.02	14.56	57.72	53.71	19.65	12.53	52.92	26.25	76.79	38.01	81.1	84.01	67.74	80.01	78.77	61.74	35.44	26.91	52.8	0.0	53.76	60.84	84.21	66.48	70.58	86.98	14.32	73.24	50.01	74.67	42.72	36.88	34.66	43.42	58.67
29	25.81	21.84	46.24	36.5	28.79	46.62	16.0	68.66	64.08	76.32	41.4	28.6	13.6	37.74	51.97	19.72	57.25	60.61	74.33	58.69	50.12	54.71	54.56	72.95	23.02	29.15	27.02	8.6	53.76	0.0	65.0	62.24	39.62	41.77	78.77	47.17	23.19	42.06	70.21	25.08	29.15	19.1	26.17	14.42
30	42.01	47.41	74.81	28.79	73.82	100.21	63.0	31.26	41.19	56.04	50.8	40.01	52.61	47.51	71.34	46.39	36.14	25.81	38.83	34.06	48.01	20.0	36.8	19.03	86.98	75.0	59.03	71.78	60.84	65.0	0.0	35.23	35.74	38.08	27.17	47.01	86.98	94.4	15.0	40.5	38.95	58.31	39.22	55.15
31	37.2	55.54	91.76	39.62	55.97	107.07	51.87	64.62	71.81	87.8	70.71	34.41	48.92	65.92	91.59	43.6	64.94	9.43	72.62	3.61	19.03	17.46	8.06	23.26	84.9	84.12	70.94	70.77	84.21	62.24	35.23	0.0	22.8	20.52	23.09	70.06	78.23	101.79	24.41	46.62	50.0	66.19	45.31	48.1
32	14.42	33.96	71.02	22.14	39.0	84.31	31.02	56.64	60.03	76.06	52.15	11.66	26.17	47.1	72.06	20.81	52.35	21.47	64.54	19.21	17.72	18.03	15.65	35.9	62.48	61.74	49.48	48.08	66.48	39.62	35.74	22.8	0.0	4.12	40.31	53.15	57.27	79.08	34.23	25.32	30.0	44.01	24.19	25.81
33	17.46	37.66	74.81	26.25	38.21	87.13	31.76	60.31	64.01	80.06	56.22	14.87	28.6	51.16	76.03	23.71	56.36	20.88	68.25	17.03	13.6	19.24	12.81	36.22	64.38	65.0	53.15	50.33	70.58	41.77	38.08	20.52	4.12	0.0	39.85	57.27	58.18	81.99	35.0	29.15	34.01	47.43	28.07	27.59
34	53.0	66.53	98.98	47.63	77.67	120.22	71.31	58.01	68.36	83.01	75.58	50.25	65.19	71.59	96.66	59.08	63.15	18.97	65.19	25.02	42.01	24.21	30.07	8.25	101.79	95.67	80.6	86.84	86.98	78.77	27.17	23.09	40.31	39.85	0.0	72.8	97.58	114.59	12.37	57.98	59.03	77.83	56.57	65.76
35	44.28	26.87	29.21	31.26	72.14	60.73	57.28	28.79	19.0	29.15	7.0	45.31	43.93	9.43	24.41	41.88	15.23	62.51	31.14	67.01	70.83	53.46	66.12	64.62	60.21	37.22	23.35	48.47	14.32	47.17	47.01	70.06	53.15	57.27	72.8	0.0	68.94	55.08	60.54	30.89	24.6	29.15	31.3	48.92
36	45.61	44.91	60.96	59.08	27.29	46.27	26.42	91.78	86.65	97.94	62.61	48.08	34.37	59.62	68.59	40.61	80.08	78.72	97.27	74.95	62.37	74.33	70.18	92.7	16.49	41.23	46.65	20.59	73.24	23.19	86.98	78.23	57.27	58.18	97.58	68.94	0.0	44.15	90.44	48.01	52.35	39.81	49.0	32.28
37	64.66	48.08	30.15	67.21	67.07	5.83	57.49	83.82	73.55	78.0	48.38	67.42	53.67	49.24	39.32	58.31	70.21	98.23	85.91	98.18	91.79	90.69	94.67	107.49	27.66	19.42	35.51	33.96	50.01	42.06	94.4	101.79	79.08	81.99	114.59	55.08	44.15	0.0	104.0	56.64	55.97	36.77	58.05	56.08
38	44.94	55.97	87.13	36.8	73.11	109.71	64.76	46.17	56.14	71.03	63.53	42.38	56.86	59.68	84.53	50.57	50.8	16.16	53.6	24.6	41.11	16.28	28.79	4.12	93.06	84.85	69.43	77.9	74.67	70.21	15.0	24.41	34.23	35.0	12.37	60.54	90.44	104.0	0.0	47.8	48.08	67.27	46.4	58.19
39	13.6	8.94	45.71	11.7	43.01	62.24	28.65	45.31	43.42	58.0	28.16	15.13	15.23	23.09	47.01	11.31	35.81	41.88	51.88	43.08	42.01	34.06	40.52	51.09	46.49	38.01	24.35	31.32	42.72	25.08	40.5	46.62	25.32	29.15	57.98	30.89	48.01	56.64	47.8	0.0	6.4	20.0	1.41	19.72
40	19.7	8.54	41.76	11.4	49.2	61.72	34.67	39.85	37.2	51.62	22.36	20.88	21.1	17.26	42.11	17.69	29.68	44.28	46.1	46.57	47.27	35.85	44.55	51.66	49.03	36.77	21.63	34.23	36.88	29.15	38.95	50.0	30.0	34.01	59.03	24.6	52.35	55.97	48.08	6.4	0.0	19.42	6.71	25.81
41	30.08	11.31	29.27	30.48	47.01	42.45	32.7	54.01	47.3	58.14	22.83	32.57	22.09	19.92	33.62	24.33	41.3	61.85	58.55	62.61	59.03	54.04	59.62	70.72	32.02	18.03	8.06	19.31	34.66	19.1	58.31	66.19	44.01	47.43	77.83	29.15	39.81	36.77	67.27	20.0	19.42	0.0	21.4	26.48
42	13.0	10.3	46.87	10.44	43.27	63.66	29.07	44.78	43.28	58.05	28.86	14.32	15.81	23.77	48.0	11.4	35.61	40.5	51.48	41.79	41.05	32.65	39.29	49.68	47.76	39.41	25.63	32.57	43.42	26.17	39.22	45.31	24.19	28.07	56.57	31.3	49.0	58.05	46.4	1.41	6.71	21.4	0.0	20.12
43	13.34	22.2	55.73	28.64	23.43	60.84	8.94	64.88	63.01	77.16	44.65	15.81	5.0	40.0	59.77	9.22	55.47	47.17	71.59	44.6	35.78	42.15	40.31	60.54	36.8	41.3	34.21	23.02	58.67	14.42	55.15	48.1	25.81	27.59	65.76	48.92	32.28	56.08	58.19	19.72	25.81	26.48	20.12	0.0
;
