vehicles
vehicle_idx, capacity, cost_per_unit_distance
1,100,1
2,100,1
3,100,1
4,100,1
5,100,1
depot
node_idx,x,y
0,9,35
home delivery customers
node_idx,x,y,service_time,demand
1,43,19,15,5
2,79,35,15,24
3,93,7,15,3
4,67,13,15,26
5,31,77,15,23
6,27,35,15,20
7,31,51,15,9
8,27,27,15,21
9,15,83,15,3
10,7,35,15,24
11,75,13,15,6
12,47,49,15,6
13,25,33,15,13
14,1,23,15,5
15,93,15,15,20
16,3,1,15,10
17,57,91,15,20
18,21,97,15,24
19,55,13,15,6
20,3,71,15,1
21,37,19,15,2
22,19,19,15,7
23,41,87,15,19
24,45,29,15,7
self pickup customers
node_idx,x,y,service_time,demand,locker_idxs
25,13,35,15,20,45-47-43-42
26,27,49,15,3,40-45-42-47-43-44
27,69,23,15,16,44-43-46-39
28,53,25,15,14,47-44-42-43-46
29,45,11,15,3,46-42-43-47
30,1,47,15,3,45-42-47
31,41,9,15,16,42-43-47
32,51,67,15,12,41-40-44-43-47
33,73,21,15,13,39-46-44-43
34,75,73,15,6,41-44-43
35,97,73,15,4,41-44
flexible customers
node_idx,x,y,service_time,demand,locker_idxs
36,81,7,15,15,39-46
37,75,55,15,22,41-44-43
38,93,49,15,24,39-46-44
lockers
node_idx,x,y,service_time,capacity,cost_per_unit_good
39,93,12,10,76,100
40,22,88,10,78,100
41,65,88,10,88,100
42,25,15,10,81,100
43,48,47,10,78,100
44,61,59,10,90,100
45,4,41,10,75,100
46,84,10,10,93,100
47,31,46,10,86,100
mrt lines
start_node_idx,end_node_idx,freight_capacity,cost_per_unit_good
39,40,78,1
40,39,78,1
41,42,88,1
42,41,88,1
distance matrix
,0,1,2,3,4,5,6,7,8,9,10,11,12,13,14,15,16,17,18,19,20,21,22,23,24,25,26,27,28,29,30,31,32,33,34,35,36,37,38,39,40,41,42,43,44,45,46,47,
0,0.0,37.58,70.0,88.54,62.03,47.41,18.0,27.2,19.7,48.37,2.0,69.57,40.5,16.12,14.42,86.35,34.53,73.76,63.15,50.99,36.5,32.25,18.87,61.06,36.5,4.0,22.8,61.19,45.12,43.27,14.42,41.23,52.8,65.51,76.16,95.85,77.25,68.96,85.16,87.09,54.57,77.1,25.61,40.8,57.27,7.81,79.06,24.6
1,37.58,0.0,39.4,51.42,24.74,59.23,22.63,34.18,17.89,69.86,39.4,32.56,30.27,22.8,42.19,50.16,43.86,73.35,81.04,13.42,65.6,6.0,24.0,68.03,10.2,34.0,34.0,26.31,11.66,8.25,50.48,10.2,48.66,30.07,62.77,76.37,39.85,48.17,58.31,50.49,72.12,72.42,18.44,28.44,43.86,44.78,41.98,29.55
2,70.0,39.4,0.0,31.3,25.06,63.78,52.0,50.6,52.61,80.0,72.0,22.36,34.93,54.04,78.92,24.41,83.26,60.17,84.9,32.56,84.1,44.94,62.1,64.4,34.53,66.0,53.85,15.62,27.86,41.62,78.92,46.04,42.52,15.23,38.21,42.05,28.07,20.4,19.8,26.93,77.83,54.82,57.58,33.24,30.0,75.24,25.5,49.24
3,88.54,51.42,31.3,0.0,26.68,93.51,71.69,76.03,68.96,108.9,90.44,18.97,62.29,72.8,93.38,8.0,90.2,91.39,115.26,38.47,110.44,57.27,74.97,95.41,52.8,84.76,78.23,28.84,43.86,48.17,100.32,52.04,73.24,24.41,68.41,66.12,12.0,51.26,42.0,5.0,107.71,85.7,68.47,60.21,61.06,95.27,9.49,73.25
4,62.03,24.74,25.06,26.68,0.0,73.43,45.65,52.35,42.38,87.2,63.91,8.0,41.18,46.52,66.75,26.08,65.12,78.64,95.77,12.0,86.37,30.59,48.37,78.43,27.2,58.31,53.81,10.2,18.44,22.09,74.24,26.31,56.32,10.0,60.53,67.08,15.23,42.76,44.41,26.02,87.46,75.03,42.05,38.95,46.39,68.94,17.26,48.84
5,47.41,59.23,63.78,93.51,73.43,0.0,42.19,26.0,50.16,17.09,48.37,77.67,32.25,44.41,61.77,87.68,80.99,29.53,22.36,68.35,28.64,58.31,59.23,14.14,50.0,45.69,28.28,66.03,56.46,67.47,42.43,68.73,22.36,70.0,44.18,66.12,86.02,49.19,68.03,89.83,14.21,35.74,62.29,34.48,34.99,45.0,85.43,31.0
6,18.0,22.63,52.0,71.69,45.65,42.19,0.0,16.49,8.0,49.48,20.0,52.8,24.41,2.83,28.64,68.96,41.62,63.53,62.29,35.61,43.27,18.87,17.89,53.85,18.97,14.0,14.0,43.68,27.86,30.0,28.64,29.53,40.0,48.08,61.22,79.65,60.83,52.0,67.47,69.89,53.24,65.22,20.1,24.19,41.62,23.77,62.24,11.7
7,27.2,34.18,50.6,76.03,52.35,26.0,16.49,0.0,24.33,35.78,28.84,58.14,16.12,18.97,41.04,71.69,57.31,47.71,47.07,44.94,34.41,32.56,34.18,37.36,26.08,24.08,4.47,47.2,34.06,42.38,30.27,43.17,25.61,51.61,49.19,69.57,66.6,44.18,62.03,73.25,38.08,50.25,36.5,17.46,31.05,28.79,67.01,5.0
8,19.7,17.89,52.61,68.96,42.38,50.16,8.0,24.33,0.0,57.27,21.54,50.0,29.73,6.32,26.31,67.08,35.38,70.68,70.26,31.3,50.12,12.81,11.31,61.61,18.11,16.12,22.0,42.19,26.08,24.08,32.8,22.8,46.65,46.39,66.48,83.76,57.58,55.57,69.57,67.68,61.2,71.87,12.17,29.0,46.69,26.93,59.48,19.42
9,48.37,69.86,80.0,108.9,87.2,17.09,49.48,35.78,57.27,0.0,48.66,92.2,46.69,50.99,61.61,103.48,82.87,42.76,15.23,80.62,16.97,67.68,64.12,26.31,61.77,48.04,36.06,80.72,69.34,78.0,38.63,78.43,39.4,84.9,60.83,82.61,100.66,66.21,85.09,105.48,8.6,50.25,68.73,48.84,51.88,43.42,100.45,40.31
10,2.0,39.4,72.0,90.44,63.91,48.37,20.0,28.84,21.54,48.66,0.0,71.47,42.38,18.11,13.42,88.29,34.23,75.07,63.56,52.8,36.22,34.0,20.0,62.13,38.47,6.0,24.41,63.15,47.07,44.94,13.42,42.8,54.41,67.47,77.9,97.69,79.12,70.88,87.13,89.02,55.08,78.57,26.91,42.72,59.09,6.71,80.96,26.4
11,69.57,32.56,22.36,18.97,8.0,77.67,52.8,58.14,50.0,92.2,71.47,0.0,45.61,53.85,74.67,18.11,72.99,80.05,99.86,20.0,92.46,38.47,56.32,81.44,34.0,65.79,60.0,11.66,25.06,30.07,81.44,34.23,59.09,8.25,60.0,63.91,8.49,42.0,40.25,18.03,91.84,75.66,50.04,43.42,48.08,76.32,9.49,55.0
12,40.5,30.27,34.93,62.29,41.18,32.25,24.41,16.12,29.73,46.69,42.38,45.61,0.0,27.2,52.84,57.2,65.12,43.17,54.59,36.88,49.19,31.62,41.04,38.47,20.1,36.77,20.0,34.06,24.74,38.05,46.04,40.45,18.44,38.21,36.88,55.46,54.04,28.64,46.0,59.03,46.32,42.95,40.5,2.24,17.2,43.74,53.76,16.28
13,16.12,22.8,54.04,72.8,46.52,44.41,2.83,18.97,6.32,50.99,18.11,53.85,27.2,0.0,26.0,70.34,38.83,66.24,64.12,36.06,43.91,18.44,15.23,56.32,20.4,12.17,16.12,45.12,29.12,29.73,27.78,28.84,42.8,49.48,64.03,82.37,61.74,54.63,69.86,71.17,55.08,68.01,18.0,26.93,44.41,22.47,63.32,14.32
14,14.42,42.19,78.92,93.38,66.75,61.77,28.64,41.04,26.31,61.61,13.42,74.67,52.84,26.0,0.0,92.35,22.09,88.09,76.66,54.92,48.04,36.22,18.44,75.47,44.41,16.97,36.77,68.0,52.04,45.61,24.0,42.38,66.6,72.03,89.31,108.24,81.58,80.62,95.6,92.66,68.31,91.22,25.3,52.77,69.97,18.25,84.01,37.8
15,86.35,50.16,24.41,8.0,26.08,87.68,68.96,71.69,67.08,103.48,88.29,18.11,57.2,70.34,92.35,0.0,91.08,84.1,109.12,38.05,106.0,56.14,74.11,88.81,50.0,82.46,74.24,25.3,41.23,48.17,97.41,52.35,66.84,20.88,60.73,58.14,14.42,43.86,34.0,3.0,101.83,78.19,68.0,55.22,54.41,92.72,10.3,69.32
16,34.53,43.86,83.26,90.2,65.12,80.99,41.62,57.31,35.38,82.87,34.23,72.99,65.12,38.83,22.09,91.08,0.0,104.96,97.67,53.37,70.0,38.47,24.08,94.02,50.48,35.44,53.67,69.57,55.46,43.17,46.04,38.83,81.61,72.8,101.82,118.41,78.23,90.0,102.0,90.67,89.05,106.83,26.08,64.35,82.02,40.01,81.5,53.0
17,73.76,73.35,60.17,91.39,78.64,29.53,63.53,47.71,70.68,42.76,75.07,80.05,43.17,66.24,88.09,84.1,104.96,0.0,36.5,78.03,57.58,74.73,81.41,16.49,63.15,71.22,51.61,69.05,66.12,80.89,71.22,83.55,24.74,71.81,25.46,43.86,87.36,40.25,55.32,86.82,35.13,8.54,82.46,44.91,32.25,72.86,85.38,51.97
18,63.15,81.04,84.9,115.26,95.77,22.36,62.29,47.07,70.26,15.23,63.56,99.86,54.59,64.12,76.66,109.12,97.67,36.5,0.0,90.62,31.62,79.62,78.03,22.36,72.11,62.51,48.37,88.2,78.79,89.29,53.85,90.24,42.43,92.09,59.09,79.7,108.17,68.41,86.53,111.4,9.06,44.91,82.1,56.82,55.17,58.52,107.42,51.97
19,50.99,13.42,32.56,38.47,12.0,68.35,35.61,44.94,31.3,80.62,52.8,20.0,36.88,36.06,54.92,38.05,53.37,78.03,90.62,0.0,77.9,18.97,36.5,75.31,18.87,47.41,45.61,17.2,12.17,10.2,63.81,14.56,54.15,19.7,63.25,73.24,26.68,46.52,52.35,38.01,81.94,75.66,30.07,34.71,46.39,58.18,29.15,40.8
20,36.5,65.6,84.1,110.44,86.37,28.64,43.27,34.41,50.12,16.97,36.22,92.46,49.19,43.91,48.04,106.0,70.0,57.58,31.62,77.9,0.0,62.13,54.41,41.23,59.4,37.36,32.56,81.61,67.94,73.24,24.08,72.72,48.17,86.02,72.03,94.02,100.9,73.76,92.65,107.62,25.5,64.29,60.17,51.0,59.23,30.02,101.4,37.54
21,32.25,6.0,44.94,57.27,30.59,58.31,18.87,32.56,12.81,67.68,34.0,38.47,31.62,18.44,36.22,56.14,38.47,74.73,79.62,18.97,62.13,0.0,18.0,68.12,12.81,28.84,31.62,32.25,17.09,11.31,45.61,10.77,50.0,36.06,66.03,80.72,45.61,52.35,63.53,56.44,70.61,74.46,12.65,30.08,46.65,39.66,47.85,27.66
22,18.87,24.0,62.1,74.97,48.37,59.23,17.89,34.18,11.31,64.12,20.0,56.32,41.04,15.23,18.44,74.11,24.08,81.41,78.03,36.5,54.41,18.0,0.0,71.47,27.86,17.09,31.05,50.16,34.53,27.2,33.29,24.17,57.69,54.04,77.79,94.87,63.15,66.57,79.85,74.33,69.07,82.93,7.21,40.31,58.0,26.63,65.62,29.55
23,61.06,68.03,64.4,95.41,78.43,14.14,53.85,37.36,61.61,26.31,62.13,81.44,38.47,56.32,75.47,88.81,94.02,16.49,22.36,75.31,41.23,68.12,71.47,0.0,58.14,59.06,40.5,69.86,63.15,76.11,56.57,78.0,22.36,73.35,36.77,57.72,89.44,46.69,64.4,91.26,19.03,24.02,73.76,40.61,34.41,59.03,88.19,42.2
24,36.5,10.2,34.53,52.8,27.2,50.0,18.97,26.08,18.11,61.77,38.47,34.0,20.1,20.4,44.41,50.0,50.48,63.15,72.11,18.87,59.4,12.81,27.86,58.14,0.0,32.56,26.91,24.74,8.94,18.0,47.54,20.4,38.47,29.12,53.25,68.12,42.19,39.7,52.0,50.92,63.32,62.3,24.41,18.25,34.0,42.72,43.38,22.02
25,4.0,34.0,66.0,84.76,58.31,45.69,14.0,24.08,16.12,48.04,6.0,65.79,36.77,12.17,16.97,82.46,35.44,71.22,62.51,47.41,37.36,28.84,17.09,59.06,32.56,0.0,19.8,57.27,41.23,40.0,16.97,38.21,49.68,61.61,72.72,92.2,73.54,65.15,81.22,83.24,53.76,74.25,23.32,37.0,53.67,10.82,75.27,21.1
26,22.8,34.0,53.85,78.23,53.81,28.28,14.0,4.47,22.0,36.06,24.41,60.0,20.0,16.12,36.77,74.24,53.67,51.61,48.37,45.61,32.56,31.62,31.05,40.5,26.91,19.8,0.0,49.4,35.38,42.05,26.08,42.38,30.0,53.85,53.67,74.0,68.41,48.37,66.0,75.66,39.32,54.45,34.06,21.1,35.44,24.35,69.07,5.0
27,61.19,26.31,15.62,28.84,10.2,66.03,43.68,47.2,42.19,80.72,63.15,11.66,34.06,45.12,68.0,25.3,69.57,69.05,88.2,17.2,81.61,32.25,50.16,69.86,24.74,57.27,49.4,0.0,16.12,26.83,72.11,31.3,47.54,4.47,50.36,57.31,20.0,32.56,35.38,26.4,80.21,65.12,44.72,31.89,36.88,67.45,19.85,44.42
28,45.12,11.66,27.86,43.86,18.44,56.46,27.86,34.06,26.08,69.34,47.07,25.06,24.74,29.12,52.04,41.23,55.46,66.12,78.79,12.17,67.94,17.09,34.53,63.15,8.94,41.23,35.38,16.12,0.0,16.12,56.46,20.0,42.05,20.4,52.8,65.12,33.29,37.2,46.65,42.06,70.21,64.13,29.73,22.56,34.93,51.55,34.44,30.41
29,43.27,8.25,41.62,48.17,22.09,67.47,30.0,42.38,24.08,78.0,44.94,30.07,38.05,29.73,45.61,48.17,43.17,80.89,89.29,10.2,73.24,11.31,27.2,76.11,18.0,40.0,42.05,26.83,16.12,0.0,56.85,4.47,56.32,29.73,68.88,80.92,36.22,53.25,61.22,48.01,80.36,79.56,20.4,36.12,50.6,50.8,39.01,37.7
30,14.42,50.48,78.92,100.32,74.24,42.43,28.64,30.27,32.8,38.63,13.42,81.44,46.04,27.78,24.0,97.41,46.04,71.22,53.85,63.81,24.08,45.61,33.29,56.57,47.54,16.97,26.08,72.11,56.46,56.85,0.0,55.17,53.85,76.55,78.43,99.46,89.44,74.43,92.02,98.43,46.07,76.01,40.0,47.0,61.19,6.71,90.87,30.02
31,41.23,10.2,46.04,52.04,26.31,68.73,29.53,43.17,22.8,78.43,42.8,34.23,40.45,28.84,42.38,52.35,38.83,83.55,90.24,14.56,72.72,10.77,24.17,78.0,20.4,38.21,42.38,31.3,20.0,4.47,55.17,0.0,58.86,34.18,72.47,85.04,40.05,57.2,65.6,52.09,81.25,82.57,17.09,38.64,53.85,48.92,43.01,38.33
32,52.8,48.66,42.52,73.24,56.32,22.36,40.0,25.61,46.65,39.4,54.41,59.09,18.44,42.8,66.6,66.84,81.61,24.74,42.43,54.15,48.17,50.0,57.69,22.36,38.47,49.68,30.0,47.54,42.05,56.32,53.85,58.86,0.0,50.99,24.74,46.39,67.08,26.83,45.69,69.2,35.81,25.24,58.14,20.22,12.81,53.71,65.86,29.0
33,65.51,30.07,15.23,24.41,10.0,70.0,48.08,51.61,46.39,84.9,67.47,8.25,38.21,49.48,72.03,20.88,72.8,71.81,92.09,19.7,86.02,36.06,54.04,73.35,29.12,61.61,53.85,4.47,20.4,29.73,76.55,34.18,50.99,0.0,52.04,57.27,16.12,34.06,34.41,21.93,84.2,67.48,48.37,36.07,39.85,71.84,15.56,48.88
34,76.16,62.77,38.21,68.41,60.53,44.18,61.22,49.19,66.48,60.83,77.9,60.0,36.88,64.03,89.31,60.73,101.82,25.46,59.09,63.25,72.03,66.03,77.79,36.77,53.25,72.72,53.67,50.36,52.8,68.88,78.43,72.47,24.74,52.04,0.0,22.0,66.27,18.0,30.0,63.6,55.08,18.03,76.58,37.48,19.8,77.88,63.64,51.62
35,95.85,76.37,42.05,66.12,67.08,66.12,79.65,69.57,83.76,82.61,97.69,63.91,55.46,82.37,108.24,58.14,118.41,43.86,79.7,73.24,94.02,80.72,94.87,57.72,68.12,92.2,74.0,57.31,65.12,80.92,99.46,85.04,46.39,57.27,22.0,0.0,67.91,28.43,24.33,61.13,76.49,35.34,92.46,55.47,38.63,98.35,64.33,71.31
36,77.25,39.85,28.07,12.0,15.23,86.02,60.83,66.6,57.58,100.66,79.12,8.49,54.04,61.74,81.58,14.42,78.23,87.36,108.17,26.68,100.9,45.61,63.15,89.44,42.19,73.54,68.41,20.0,33.29,36.22,89.44,40.05,67.08,16.12,66.27,67.91,0.0,48.37,43.68,13.0,100.21,82.57,56.57,51.86,55.71,84.17,4.24,63.41
37,68.96,48.17,20.4,51.26,42.76,49.19,52.0,44.18,55.57,66.21,70.88,42.0,28.64,54.63,80.62,43.86,90.0,40.25,68.41,46.52,73.76,52.35,66.57,46.69,39.7,65.15,48.37,32.56,37.2,53.25,74.43,57.2,26.83,34.06,18.0,28.43,48.37,0.0,18.97,46.62,62.43,34.48,64.03,28.16,14.56,72.37,45.89,44.91
38,85.16,58.31,19.8,42.0,44.41,68.03,67.47,62.03,69.57,85.09,87.13,40.25,46.0,69.86,95.6,34.0,102.0,55.32,86.53,52.35,92.65,63.53,79.85,64.4,52.0,81.22,66.0,35.38,46.65,61.22,92.02,65.6,45.69,34.41,30.0,24.33,43.68,18.97,0.0,37.0,81.01,48.01,76.03,45.04,33.53,89.36,40.02,62.07
39,87.09,50.49,26.93,5.0,26.02,89.83,69.89,73.25,67.68,105.48,89.02,18.03,59.03,71.17,92.66,3.0,90.67,86.82,111.4,38.01,107.62,56.44,74.33,91.26,50.92,83.24,75.66,26.4,42.06,48.01,98.43,52.09,69.2,21.93,63.6,61.13,13.0,46.62,37.0,0.0,104.0,80.99,68.07,57.01,56.86,93.61,9.22,70.71
40,54.57,72.12,77.83,107.71,87.46,14.21,53.24,38.08,61.2,8.6,55.08,91.84,46.32,55.08,68.31,101.83,89.05,35.13,9.06,81.94,25.5,70.61,69.07,19.03,63.32,53.76,39.32,80.21,70.21,80.36,46.07,81.25,35.81,84.2,55.08,76.49,100.21,62.43,81.01,104.0,0.0,43.0,73.06,48.55,48.6,50.33,99.64,42.95
41,77.1,72.42,54.82,85.7,75.03,35.74,65.22,50.25,71.87,50.25,78.57,75.66,42.95,68.01,91.22,78.19,106.83,8.54,44.91,75.66,64.29,74.46,82.93,24.02,62.3,74.25,54.45,65.12,64.13,79.56,76.01,82.57,25.24,67.48,18.03,35.34,82.57,34.48,48.01,80.99,43.0,0.0,83.24,44.38,29.27,77.01,80.28,54.04
42,25.61,18.44,57.58,68.47,42.05,62.29,20.1,36.5,12.17,68.73,26.91,50.04,40.5,18.0,25.3,68.0,26.08,82.46,82.1,30.07,60.17,12.65,7.21,73.76,24.41,23.32,34.06,44.72,29.73,20.4,40.0,17.09,58.14,48.37,76.58,92.46,56.57,64.03,76.03,68.07,73.06,83.24,0.0,39.41,56.85,33.42,59.21,31.58
43,40.8,28.44,33.24,60.21,38.95,34.48,24.19,17.46,29.0,48.84,42.72,43.42,2.24,26.93,52.77,55.22,64.35,44.91,56.82,34.71,51.0,30.08,40.31,40.61,18.25,37.0,21.1,31.89,22.56,36.12,47.0,38.64,20.22,36.07,37.48,55.47,51.86,28.16,45.04,57.01,48.55,44.38,39.41,0.0,17.69,44.41,51.62,17.03
44,57.27,43.86,30.0,61.06,46.39,34.99,41.62,31.05,46.69,51.88,59.09,48.08,17.2,44.41,69.97,54.41,82.02,32.25,55.17,46.39,59.23,46.65,58.0,34.41,34.0,53.67,35.44,36.88,34.93,50.6,61.19,53.85,12.81,39.85,19.8,38.63,55.71,14.56,33.53,56.86,48.6,29.27,56.85,17.69,0.0,59.77,54.13,32.7
45,7.81,44.78,75.24,95.27,68.94,45.0,23.77,28.79,26.93,43.42,6.71,76.32,43.74,22.47,18.25,92.72,40.01,72.86,58.52,58.18,30.02,39.66,26.63,59.03,42.72,10.82,24.35,67.45,51.55,50.8,6.71,48.92,53.71,71.84,77.88,98.35,84.17,72.37,89.36,93.61,50.33,77.01,33.42,44.41,59.77,0.0,85.8,27.46
46,79.06,41.98,25.5,9.49,17.26,85.43,62.24,67.01,59.48,100.45,80.96,9.49,53.76,63.32,84.01,10.3,81.5,85.38,107.42,29.15,101.4,47.85,65.62,88.19,43.38,75.27,69.07,19.85,34.44,39.01,90.87,43.01,65.86,15.56,63.64,64.33,4.24,45.89,40.02,9.22,99.64,80.28,59.21,51.62,54.13,85.8,0.0,64.07
47,24.6,29.55,49.24,73.25,48.84,31.0,11.7,5.0,19.42,40.31,26.4,55.0,16.28,14.32,37.8,69.32,53.0,51.97,51.97,40.8,37.54,27.66,29.55,42.2,22.02,21.1,5.0,44.42,30.41,37.7,30.02,38.33,29.0,48.88,51.62,71.31,63.41,44.91,62.07,70.71,42.95,54.04,31.58,17.03,32.7,27.46,64.07,0.0
