vehicles
vehicle_idx, capacity, cost_per_unit_distance
1,100,1
2,100,1
3,100,1
4,100,1
5,100,1
6,100,1
depot
node_idx,x,y
0,34,31
home delivery customers
node_idx,x,y,service_time,demand
1,45,55,15,26
2,85,61,15,15
3,59,55,15,7
4,50,64,15,15
5,80,64,15,16
6,75,90,15,17
7,1,44,15,66
8,50,54,15,25
9,45,59,15,17
10,66,84,15,10
11,11,35,15,25
12,81,46,15,16
13,85,10,15,7
14,75,20,15,21
15,15,21,15,11
16,90,45,15,21
17,15,0,15,11
18,31,26,15,21
19,6,6,15,25
20,26,36,15,22
self pickup customers
node_idx,x,y,service_time,demand,locker_idxs
21,81,70,15,6,35-38-37
22,45,60,15,5,34-41-42-40-37-38-35
23,25,40,15,1,36-39-41-40-42-38-37
24,9,66,15,21,34-41-42
25,35,45,15,16,36-41-39-40-42-37-38
26,1,9,15,7,36
27,45,71,15,22,35-38-34-37-40-42-41
28,10,95,15,22,34-41
29,51,5,15,2,36-39-40
flexible customers
node_idx,x,y,service_time,demand,locker_idxs
30,70,80,15,17,37-38-35
31,71,84,15,11,35-38
32,25,54,15,17,34-36-41-42-40-38-37
lockers
node_idx,x,y,service_time,capacity,cost_per_unit_good
33,93,12,10,96,100
34,22,88,10,95,100
35,65,88,10,74,100
36,25,15,10,84,100
37,49,48,10,100,100
38,52,68,10,74,100
39,53,19,10,84,100
40,44,38,10,95,100
41,25,59,10,91,100
42,40,46,10,75,100
mrt lines
start_node_idx,end_node_idx,freight_capacity,cost_per_unit_good
33,34,96,1
34,33,96,1
35,36,84,1
36,35,84,1
distance matrix
,0,1,2,3,4,5,6,7,8,9,10,11,12,13,14,15,16,17,18,19,20,21,22,23,24,25,26,27,28,29,30,31,32,33,34,35,36,37,38,39,40,41,42,
0,0.0,26.4,59.17,34.66,36.67,56.61,71.85,35.47,28.02,30.08,61.91,23.35,49.34,55.15,42.45,21.47,57.72,36.36,5.83,37.54,9.43,61.07,31.02,12.73,43.01,14.04,39.66,41.48,68.35,31.06,60.8,64.64,24.7,61.98,58.25,64.88,18.36,22.67,41.15,22.47,12.21,29.41,16.16
1,26.4,0.0,40.45,14.0,10.3,36.14,46.1,45.35,5.1,4.0,35.81,39.45,37.11,60.21,46.1,45.34,46.1,62.65,32.2,62.63,26.87,39.0,5.0,25.0,37.64,14.14,63.66,16.0,53.15,50.36,35.36,38.95,20.02,64.44,40.22,38.59,44.72,8.06,14.76,36.88,17.03,20.4,10.3
2,59.17,40.45,0.0,26.68,35.13,5.83,30.68,85.7,35.69,40.05,29.83,78.43,15.52,51.0,42.2,80.62,16.76,92.85,64.35,96.26,64.08,9.85,40.01,63.57,76.16,52.5,98.79,41.23,82.35,65.51,24.21,26.93,60.41,49.65,68.54,33.6,75.6,38.28,33.73,52.8,47.01,60.03,47.43
3,34.66,14.0,26.68,0.0,12.73,22.85,38.48,59.03,9.06,14.56,29.83,52.0,23.77,51.97,38.48,55.61,32.57,70.43,40.31,72.18,38.08,26.63,14.87,37.16,51.2,26.0,74.03,21.26,63.25,50.64,27.31,31.38,34.01,54.82,49.58,33.54,52.5,12.21,14.76,36.5,22.67,34.23,21.02
4,36.67,10.3,35.13,12.73,0.0,30.0,36.07,52.92,10.0,7.07,25.61,48.6,35.85,64.35,50.61,55.44,44.28,72.95,42.49,72.8,36.88,31.58,6.4,34.66,41.05,24.21,73.66,8.6,50.61,59.01,25.61,29.0,26.93,67.48,36.88,28.3,55.01,16.03,4.47,45.1,26.68,25.5,20.59
5,56.61,36.14,5.83,22.85,30.0,0.0,26.48,81.49,31.62,35.36,24.41,74.85,18.03,54.23,44.28,77.94,21.47,91.22,62.01,94.02,60.83,6.08,35.23,60.01,71.03,48.85,96.26,35.69,76.56,65.74,18.87,21.93,55.9,53.6,62.77,28.3,73.66,34.89,28.28,52.48,44.41,55.23,43.86
6,71.85,46.1,30.68,38.48,36.07,26.48,0.0,87.13,43.83,43.14,10.82,84.39,44.41,80.62,70.0,91.44,47.43,108.17,77.67,108.71,72.92,20.88,42.43,70.71,70.23,60.21,109.71,35.51,65.19,88.32,11.18,7.21,61.61,80.05,53.04,10.2,90.14,49.4,31.83,74.33,60.54,58.83,56.22
7,35.47,45.35,85.7,59.03,52.92,81.49,87.13,0.0,50.01,46.49,76.32,13.45,80.02,90.62,77.79,26.93,89.01,46.17,34.99,38.33,26.25,84.12,46.82,24.33,23.41,34.01,35.0,51.62,51.79,63.41,77.83,80.62,26.0,97.41,48.75,77.67,37.64,48.17,56.36,57.7,43.42,28.3,39.05
8,28.02,5.1,35.69,9.06,10.0,31.62,43.83,50.01,0.0,7.07,34.0,43.38,32.02,56.22,42.2,48.1,41.0,64.35,33.84,65.12,30.0,34.89,7.81,28.65,42.72,17.49,66.53,17.72,57.28,49.01,32.8,36.62,25.0,60.11,44.05,37.16,46.32,6.08,14.14,35.13,17.09,25.5,12.81
9,30.08,4.0,40.05,14.56,7.07,35.36,43.14,46.49,7.07,0.0,32.65,41.62,38.28,63.25,49.2,48.41,47.13,66.19,35.85,65.8,29.83,37.64,1.0,27.59,36.67,17.2,66.6,12.0,50.21,54.33,32.65,36.07,20.62,67.18,37.01,35.23,48.33,11.7,11.4,40.79,21.02,20.0,13.93
10,61.91,35.81,29.83,29.83,25.61,24.41,10.82,76.32,34.0,32.65,0.0,73.66,40.85,76.4,64.63,81.06,45.79,98.27,67.74,98.41,62.48,20.52,31.89,60.14,59.77,49.82,99.25,24.7,57.07,80.41,5.66,5.0,50.8,76.9,44.18,4.12,80.26,39.81,21.26,66.29,50.99,48.02,46.04
11,23.35,39.45,78.43,52.0,48.6,74.85,84.39,13.45,43.38,41.62,73.66,0.0,70.86,78.11,65.73,14.56,79.63,35.23,21.93,29.43,15.03,78.26,42.2,14.87,31.06,26.0,27.86,49.52,60.01,50.0,74.2,77.47,23.6,85.16,54.13,75.66,24.41,40.16,52.63,44.94,33.14,27.78,31.02
12,49.34,37.11,15.52,23.77,35.85,18.03,44.41,80.02,32.02,38.28,40.85,70.86,0.0,36.22,26.68,70.58,9.06,80.45,53.85,85.0,55.9,24.0,38.63,56.32,74.73,46.01,88.14,43.83,86.27,50.8,35.74,39.29,56.57,36.06,72.42,44.94,64.01,32.06,36.4,38.9,37.85,57.49,41.0
13,55.15,60.21,51.0,51.97,64.35,54.23,80.62,90.62,56.22,63.25,76.4,78.11,36.22,0.0,14.14,70.86,35.36,70.71,56.32,79.1,64.47,60.13,64.03,67.08,94.4,61.03,84.01,72.95,113.36,34.37,71.59,75.31,74.4,8.25,100.26,80.52,60.21,52.35,66.73,33.24,49.65,77.47,57.63
14,42.45,46.1,42.2,38.48,50.61,44.28,70.0,77.79,42.2,49.2,64.63,65.73,26.68,14.14,0.0,60.01,29.15,63.25,44.41,70.41,51.55,50.36,50.0,53.85,80.45,47.17,74.81,59.17,99.25,28.3,60.21,64.12,60.46,19.7,86.21,68.73,50.25,38.21,53.23,22.02,35.85,63.41,43.6
15,21.47,45.34,80.62,55.61,55.44,77.94,91.44,26.93,48.1,48.41,81.06,14.56,70.58,70.86,60.01,0.0,78.75,21.0,16.76,17.49,18.6,82.2,49.2,21.47,45.4,31.24,18.44,58.31,74.17,39.4,80.66,84.29,34.48,78.52,67.36,83.6,11.66,43.42,59.82,38.05,33.62,39.29,35.36
16,57.72,46.1,16.76,32.57,44.28,21.47,47.43,89.01,41.0,47.13,45.79,79.63,9.06,35.36,29.15,78.75,0.0,87.46,61.98,92.61,64.63,26.57,47.43,65.19,83.68,55.0,96.01,51.97,94.34,55.87,40.31,43.38,65.62,33.14,80.45,49.74,71.59,41.11,44.42,45.22,46.53,66.49,50.01
17,36.36,62.65,92.85,70.43,72.95,91.22,108.17,46.17,64.35,66.19,98.27,35.23,80.45,70.71,63.25,21.0,87.46,0.0,30.53,10.82,37.64,96.21,67.08,41.23,66.27,49.24,16.64,77.08,95.13,36.35,97.08,100.96,54.92,78.92,88.28,101.21,18.03,58.82,77.41,42.49,47.8,59.84,52.35
18,5.83,32.2,64.35,40.31,42.49,62.01,77.67,34.99,33.84,35.85,67.74,21.93,53.85,56.32,44.41,16.76,61.98,30.53,0.0,32.02,11.18,66.6,36.77,15.23,45.65,19.42,34.48,47.13,72.12,29.0,66.61,70.46,28.64,63.56,62.65,70.71,12.53,28.43,46.96,23.09,17.69,33.54,21.93
19,37.54,62.63,96.26,72.18,72.8,94.02,108.71,38.33,65.12,65.8,98.41,29.43,85.0,79.1,70.41,17.49,92.61,10.82,32.02,0.0,36.06,98.6,66.61,38.95,60.07,48.6,5.83,75.8,89.09,45.01,97.84,101.53,51.62,87.21,83.55,101.02,21.02,60.11,77.2,48.76,49.68,56.3,52.5
20,9.43,26.87,64.08,38.08,36.88,60.83,72.92,26.25,30.0,29.83,62.48,15.03,55.9,64.47,51.55,18.6,64.63,37.64,11.18,36.06,0.0,64.66,30.61,4.12,34.48,12.73,36.8,39.82,61.13,39.82,62.23,65.8,18.03,71.17,52.15,65.0,21.02,25.94,41.23,31.91,18.11,23.02,17.2
21,61.07,39.0,9.85,26.63,31.58,6.08,20.88,84.12,34.89,37.64,20.52,78.26,24.0,60.13,50.36,82.2,26.57,96.21,66.6,98.6,64.66,0.0,37.36,63.53,72.11,52.35,100.6,36.01,75.27,71.59,14.87,17.2,58.24,59.23,61.68,24.08,78.49,38.83,29.07,58.18,48.92,57.07,47.51
22,31.02,5.0,40.01,14.87,6.4,35.23,42.43,46.82,7.81,1.0,31.89,42.2,38.63,64.03,50.0,49.2,47.43,67.08,36.77,66.61,30.61,37.36,0.0,28.28,36.5,18.03,67.36,11.0,49.5,55.33,32.02,35.38,20.88,67.88,36.24,34.41,49.24,12.65,10.63,41.77,22.02,20.02,14.87
23,12.73,25.0,63.57,37.16,34.66,60.01,70.71,24.33,28.65,27.59,60.14,14.87,56.32,67.08,53.85,21.47,65.19,41.23,15.23,38.95,4.12,63.53,28.28,0.0,30.53,11.18,39.2,36.89,57.01,43.6,60.21,63.66,14.0,73.54,48.09,62.48,25.0,25.3,38.9,35.0,19.1,19.0,16.16
24,43.01,37.64,76.16,51.2,41.05,71.03,70.23,23.41,42.72,36.67,59.77,31.06,74.73,94.4,80.45,45.4,83.68,66.27,45.65,60.07,34.48,72.11,36.5,30.53,0.0,33.42,57.56,36.35,29.02,74.06,62.59,64.56,20.0,99.86,25.55,60.17,53.45,43.86,43.05,64.38,44.82,17.46,36.89
25,14.04,14.14,52.5,26.0,24.21,48.85,60.21,34.01,17.49,17.2,49.82,26.0,46.01,61.03,47.17,31.24,55.0,49.24,19.42,48.6,12.73,52.35,18.03,11.18,33.42,0.0,49.52,27.86,55.9,43.08,49.5,53.08,13.45,66.73,44.92,52.43,31.62,14.32,28.6,31.62,11.4,17.2,5.1
26,39.66,63.66,98.79,74.03,73.66,96.26,109.71,35.0,66.53,66.6,99.25,27.86,88.14,84.01,74.81,18.44,96.01,16.64,34.48,5.83,36.8,100.6,67.36,39.2,57.56,49.52,0.0,76.03,86.47,50.16,99.01,102.59,51.0,92.05,81.74,101.67,24.74,61.85,77.99,52.95,51.87,55.46,53.76
27,41.48,16.0,41.23,21.26,8.6,35.69,35.51,51.62,17.72,12.0,24.7,49.52,43.83,72.95,59.17,58.31,51.97,77.08,47.13,75.8,39.82,36.01,11.0,36.89,36.35,27.86,76.03,0.0,42.44,66.27,26.57,29.07,26.25,76.06,28.6,26.25,59.46,23.35,7.62,52.61,33.02,23.32,25.5
28,68.35,53.15,82.35,63.25,50.61,76.56,65.19,51.79,57.28,50.21,57.07,60.01,86.27,113.36,99.25,74.17,94.34,95.13,72.12,89.09,61.13,75.27,49.5,57.01,29.02,55.9,86.47,42.44,0.0,98.9,61.85,61.98,43.66,117.38,13.89,55.44,81.39,61.07,49.93,87.32,66.37,39.0,57.45
29,31.06,50.36,65.51,50.64,59.01,65.74,88.32,63.41,49.01,54.33,80.41,50.0,50.8,34.37,28.3,39.4,55.87,36.35,29.0,45.01,39.82,71.59,55.33,43.6,74.06,43.08,50.16,66.27,98.9,0.0,77.37,81.49,55.47,42.58,87.92,84.17,27.86,43.05,63.01,14.14,33.73,59.93,42.45
30,60.8,35.36,24.21,27.31,25.61,18.87,11.18,77.83,32.8,32.65,5.66,74.2,35.74,71.59,60.21,80.66,40.31,97.08,66.61,97.84,62.23,14.87,32.02,60.21,62.59,49.5,99.01,26.57,61.85,77.37,0.0,4.12,51.97,71.78,48.66,9.43,79.06,38.28,21.63,63.32,49.4,49.66,45.34
31,64.64,38.95,26.93,31.38,29.0,21.93,7.21,80.62,36.62,36.07,5.0,77.47,39.29,75.31,64.12,84.29,43.38,100.96,70.46,101.53,65.8,17.2,35.38,63.66,64.56,53.08,102.59,29.07,61.98,81.49,4.12,0.0,54.92,75.29,49.16,7.21,82.93,42.19,24.84,67.45,53.34,52.35,49.04
32,24.7,20.02,60.41,34.01,26.93,55.9,61.61,26.0,25.0,20.62,50.8,23.6,56.57,74.4,60.46,34.48,65.62,54.92,28.64,51.62,18.03,58.24,20.88,14.0,20.0,13.45,51.0,26.25,43.66,55.47,51.97,54.92,0.0,79.92,34.13,52.5,39.0,24.74,30.41,44.82,24.84,5.0,17.0
33,61.98,64.44,49.65,54.82,67.48,53.6,80.05,97.41,60.11,67.18,76.9,85.16,36.06,8.25,19.7,78.52,33.14,78.92,63.56,87.21,71.17,59.23,67.88,73.54,99.86,66.73,92.05,76.06,117.38,42.58,71.78,75.29,79.92,0.0,104.0,80.99,68.07,56.85,69.4,40.61,55.47,82.66,62.97
34,58.25,40.22,68.54,49.58,36.88,62.77,53.04,48.75,44.05,37.01,44.18,54.13,72.42,100.26,86.21,67.36,80.45,88.28,62.65,83.55,52.15,61.68,36.24,48.09,25.55,44.92,81.74,28.6,13.89,87.92,48.66,49.16,34.13,104.0,0.0,43.0,73.06,48.26,36.06,75.64,54.63,29.15,45.69
35,64.88,38.59,33.6,33.54,28.3,28.3,10.2,77.67,37.16,35.23,4.12,75.66,44.94,80.52,68.73,83.6,49.74,101.21,70.71,101.02,65.0,24.08,34.41,62.48,60.17,52.43,101.67,26.25,55.44,84.17,9.43,7.21,52.5,80.99,43.0,0.0,83.24,43.08,23.85,70.04,54.23,49.41,48.88
36,18.36,44.72,75.6,52.5,55.01,73.66,90.14,37.64,46.32,48.33,80.26,24.41,64.01,60.21,50.25,11.66,71.59,18.03,12.53,21.02,21.02,78.49,49.24,25.0,53.45,31.62,24.74,59.46,81.39,27.86,79.06,82.93,39.0,68.07,73.06,83.24,0.0,40.8,59.48,28.28,29.83,44.0,34.44
37,22.67,8.06,38.28,12.21,16.03,34.89,49.4,48.17,6.08,11.7,39.81,40.16,32.06,52.35,38.21,43.42,41.11,58.82,28.43,60.11,25.94,38.83,12.65,25.3,43.86,14.32,61.85,23.35,61.07,43.05,38.28,42.19,24.74,56.85,48.26,43.08,40.8,0.0,20.22,29.27,11.18,26.4,9.22
38,41.15,14.76,33.73,14.76,4.47,28.28,31.83,56.36,14.14,11.4,21.26,52.63,36.4,66.73,53.23,59.82,44.42,77.41,46.96,77.2,41.23,29.07,10.63,38.9,43.05,28.6,77.99,7.62,49.93,63.01,21.63,24.84,30.41,69.4,36.06,23.85,59.48,20.22,0.0,49.01,31.05,28.46,25.06
39,22.47,36.88,52.8,36.5,45.1,52.48,74.33,57.7,35.13,40.79,66.29,44.94,38.9,33.24,22.02,38.05,45.22,42.49,23.09,48.76,31.91,58.18,41.77,35.0,64.38,31.62,52.95,52.61,87.32,14.14,63.32,67.45,44.82,40.61,75.64,70.04,28.28,29.27,49.01,0.0,21.02,48.83,29.97
40,12.21,17.03,47.01,22.67,26.68,44.41,60.54,43.42,17.09,21.02,50.99,33.14,37.85,49.65,35.85,33.62,46.53,47.8,17.69,49.68,18.11,48.92,22.02,19.1,44.82,11.4,51.87,33.02,66.37,33.73,49.4,53.34,24.84,55.47,54.63,54.23,29.83,11.18,31.05,21.02,0.0,28.32,8.94
41,29.41,20.4,60.03,34.23,25.5,55.23,58.83,28.3,25.5,20.0,48.02,27.78,57.49,77.47,63.41,39.29,66.49,59.84,33.54,56.3,23.02,57.07,20.02,19.0,17.46,17.2,55.46,23.32,39.0,59.93,49.66,52.35,5.0,82.66,29.15,49.41,44.0,26.4,28.46,48.83,28.32,0.0,19.85
42,16.16,10.3,47.43,21.02,20.59,43.86,56.22,39.05,12.81,13.93,46.04,31.02,41.0,57.63,43.6,35.36,50.01,52.35,21.93,52.5,17.2,47.51,14.87,16.16,36.89,5.1,53.76,25.5,57.45,42.45,45.34,49.04,17.0,62.97,45.69,48.88,34.44,9.22,25.06,29.97,8.94,19.85,0.0
