set K:= 1	2	3	4	5;
set C_H:= 1	2	3	4	5	6	7	8	9	10	11	12	13	14	15	16	17	18	19	20;
set C_S:= 21	22	23	24	25	26	27	28	29;
set C_F:= 30	31	32;
set M:= 33	34	35	36	37	38;
set L_B:= 39	40	41	42	43;
set A1:=
(0,*) 1 2 3 4 5 6 7 8 9 10 11 12 13 14 15 16 17 18 19 20 30 31 32 33 34 35 36 37 38 39 40 41 42 43
(1,*) 0 2 3 4 5 6 7 8 9 10 11 12 13 14 15 16 17 18 19 20 30 31 32 33 34 35 36 37 38 39 40 41 42 43
(2,*) 0 1 3 4 5 6 7 8 9 10 11 12 13 14 15 16 17 18 19 20 30 31 32 33 34 35 36 37 38 39 40 41 42 43
(3,*) 0 1 2 4 5 6 7 8 9 10 11 12 13 14 15 16 17 18 19 20 30 31 32 33 34 35 36 37 38 39 40 41 42 43
(4,*) 0 1 2 3 5 6 7 8 9 10 11 12 13 14 15 16 17 18 19 20 30 31 32 33 34 35 36 37 38 39 40 41 42 43
(5,*) 0 1 2 3 4 6 7 8 9 10 11 12 13 14 15 16 17 18 19 20 30 31 32 33 34 35 36 37 38 39 40 41 42 43
(6,*) 0 1 2 3 4 5 7 8 9 10 11 12 13 14 15 16 17 18 19 20 30 31 32 33 34 35 36 37 38 39 40 41 42 43
(7,*) 0 1 2 3 4 5 6 8 9 10 11 12 13 14 15 16 17 18 19 20 30 31 32 33 34 35 36 37 38 39 40 41 42 43
(8,*) 0 1 2 3 4 5 6 7 9 10 11 12 13 14 15 16 17 18 19 20 30 31 32 33 34 35 36 37 38 39 40 41 42 43
(9,*) 0 1 2 3 4 5 6 7 8 10 11 12 13 14 15 16 17 18 19 20 30 31 32 33 34 35 36 37 38 39 40 41 42 43
(10,*) 0 1 2 3 4 5 6 7 8 9 11 12 13 14 15 16 17 18 19 20 30 31 32 33 34 35 36 37 38 39 40 41 42 43
(11,*) 0 1 2 3 4 5 6 7 8 9 10 12 13 14 15 16 17 18 19 20 30 31 32 33 34 35 36 37 38 39 40 41 42 43
(12,*) 0 1 2 3 4 5 6 7 8 9 10 11 13 14 15 16 17 18 19 20 30 31 32 33 34 35 36 37 38 39 40 41 42 43
(13,*) 0 1 2 3 4 5 6 7 8 9 10 11 12 14 15 16 17 18 19 20 30 31 32 33 34 35 36 37 38 39 40 41 42 43
(14,*) 0 1 2 3 4 5 6 7 8 9 10 11 12 13 15 16 17 18 19 20 30 31 32 33 34 35 36 37 38 39 40 41 42 43
(15,*) 0 1 2 3 4 5 6 7 8 9 10 11 12 13 14 16 17 18 19 20 30 31 32 33 34 35 36 37 38 39 40 41 42 43
(16,*) 0 1 2 3 4 5 6 7 8 9 10 11 12 13 14 15 17 18 19 20 30 31 32 33 34 35 36 37 38 39 40 41 42 43
(17,*) 0 1 2 3 4 5 6 7 8 9 10 11 12 13 14 15 16 18 19 20 30 31 32 33 34 35 36 37 38 39 40 41 42 43
(18,*) 0 1 2 3 4 5 6 7 8 9 10 11 12 13 14 15 16 17 19 20 30 31 32 33 34 35 36 37 38 39 40 41 42 43
(19,*) 0 1 2 3 4 5 6 7 8 9 10 11 12 13 14 15 16 17 18 20 30 31 32 33 34 35 36 37 38 39 40 41 42 43
(20,*) 0 1 2 3 4 5 6 7 8 9 10 11 12 13 14 15 16 17 18 19 30 31 32 33 34 35 36 37 38 39 40 41 42 43
(30,*) 0 1 2 3 4 5 6 7 8 9 10 11 12 13 14 15 16 17 18 19 20 31 32 33 34 35 36 37 38 39 40 41 42 43
(31,*) 0 1 2 3 4 5 6 7 8 9 10 11 12 13 14 15 16 17 18 19 20 30 32 33 34 35 36 37 38 39 40 41 42 43
(32,*) 0 1 2 3 4 5 6 7 8 9 10 11 12 13 14 15 16 17 18 19 20 30 31 33 34 35 36 37 38 39 40 41 42 43
(33,*) 0 1 2 3 4 5 6 7 8 9 10 11 12 13 14 15 16 17 18 19 20 30 31 32 34 35 36 37 38 39 40 41 42 43
(34,*) 0 1 2 3 4 5 6 7 8 9 10 11 12 13 14 15 16 17 18 19 20 30 31 32 33 35 36 37 38 39 40 41 42 43
(35,*) 0 1 2 3 4 5 6 7 8 9 10 11 12 13 14 15 16 17 18 19 20 30 31 32 33 34 36 37 38 39 40 41 42 43
(36,*) 0 1 2 3 4 5 6 7 8 9 10 11 12 13 14 15 16 17 18 19 20 30 31 32 33 34 35 37 38 39 40 41 42 43
(37,*) 0 1 2 3 4 5 6 7 8 9 10 11 12 13 14 15 16 17 18 19 20 30 31 32 33 34 35 36 38 39 40 41 42 43
(38,*) 0 1 2 3 4 5 6 7 8 9 10 11 12 13 14 15 16 17 18 19 20 30 31 32 33 34 35 36 37 39 40 41 42 43
(39,*) 0 1 2 3 4 5 6 7 8 9 10 11 12 13 14 15 16 17 18 19 20 30 31 32 33 34 35 36 37 38 40 41 42 43
(40,*) 0 1 2 3 4 5 6 7 8 9 10 11 12 13 14 15 16 17 18 19 20 30 31 32 33 34 35 36 37 38 39 41 42 43
(41,*) 0 1 2 3 4 5 6 7 8 9 10 11 12 13 14 15 16 17 18 19 20 30 31 32 33 34 35 36 37 38 39 40 42 43
(42,*) 0 1 2 3 4 5 6 7 8 9 10 11 12 13 14 15 16 17 18 19 20 30 31 32 33 34 35 36 37 38 39 40 41 43
(43,*) 0 1 2 3 4 5 6 7 8 9 10 11 12 13 14 15 16 17 18 19 20 30 31 32 33 34 35 36 37 38 39 40 41 42
;
set A2:=
(33,*) 34
(34,*) 33
(35,*) 36
(36,*) 35
(37,*) 38
(38,*) 37
;
param BigM:=99999;
param n:= 5;
param d:=
1	5
2	23
3	14
4	13
5	8
6	19
7	10
8	18
9	20
10	23
11	14
12	8
13	10
14	19
15	14
16	13
17	14
18	23
19	15
20	8
21	5
22	9
23	10
24	24
25	13
26	2
27	20
28	24
29	3
30	18
31	9
32	18
;
param Q:=100;
param w:=
[33,*] 34 1
[34,*] 33 1
[35,*] 36 1
[36,*] 35 1
[37,*] 38 1
[38,*] 37 1
;
param V:=
[33,*] 34 93
[34,*] 33 93
[35,*] 36 91
[36,*] 35 91
[37,*] 38 90
[38,*] 37 90
;
param f:=
33	100
34	100
35	100
36	100
37	100
38	100
39	100
40	100
41	100
42	100
43	100
;
param e:
	33	34	35	36	37	38	39	40	41	42	43:=
21	0	1	1	0	1	0	1	0	1	0	1	
22	0	0	1	0	1	0	1	0	0	0	1	
23	1	0	0	0	0	1	1	0	0	0	1	
24	1	0	0	0	0	1	0	1	0	0	0	
25	0	0	1	0	1	0	1	0	1	0	1	
26	0	0	0	1	0	0	0	1	0	1	0	
27	0	0	0	1	0	1	0	1	0	1	0	
28	0	0	1	0	1	0	1	0	1	0	1	
29	0	0	0	1	0	0	0	0	0	1	0	
30	0	1	1	0	1	0	1	0	1	0	1	
31	0	0	0	1	0	1	0	1	0	1	0	
32	0	0	1	0	0	0	1	0	1	1	1	
;
param p:=
1	1
2	1
3	1
4	1
5	1
;
param G:=
33	93
34	87
35	70
36	91
37	90
38	80
39	97
40	83
41	87
42	79
43	96
;
param s:=
0	0
1	15
2	15
3	15
4	15
5	15
6	15
7	15
8	15
9	15
10	15
11	15
12	15
13	15
14	15
15	15
16	15
17	15
18	15
19	15
20	15
30	15
31	15
32	15
33	10
34	10
35	10
36	10
37	10
38	10
39	10
40	10
41	10
42	10
43	10
;
param t:
	0	1	2	3	4	5	6	7	8	9	10	11	12	13	14	15	16	17	18	19	20	21	22	23	24	25	26	27	28	29	30	31	32	33	34	35	36	37	38	39	40	41	42	43:=
0	0.0	45.45	14.56	45.45	36.4	60.83	73.36	64.35	64.82	55.33	56.22	33.12	31.4	39.7	7.81	10.77	22.36	61.07	61.13	17.09	40.01	17.8	39.05	39.05	72.01	19.24	65.0	61.0	29.53	40.31	24.0	41.11	20.0	75.74	28.28	30.48	55.66	40.31	61.77	13.15	63.39	5.0	39.46	17.46
1	45.45	0.0	59.08	58.0	78.24	99.73	116.61	108.58	80.16	88.87	101.14	19.0	76.37	9.06	46.1	35.36	45.89	97.69	98.09	29.83	30.41	28.3	10.05	54.23	94.09	26.91	107.34	96.57	17.49	85.45	35.36	79.65	50.54	86.49	55.73	15.0	97.1	9.0	83.15	38.01	96.17	46.87	79.4	29.07
2	14.56	59.08	0.0	55.01	31.26	56.14	64.2	54.23	71.59	54.78	45.18	44.6	21.59	52.5	19.1	25.3	24.33	58.05	57.87	31.62	54.08	30.81	51.74	48.75	75.8	33.62	57.07	58.69	43.86	26.4	31.3	38.6	28.64	83.24	24.74	44.1	49.09	54.56	66.6	27.07	62.63	12.21	35.9	31.95
3	45.45	58.0	55.01	0.0	45.4	54.64	77.83	74.33	22.56	38.95	71.59	61.03	54.15	59.68	37.8	41.4	66.53	49.68	50.45	39.82	28.44	49.24	59.84	6.4	36.22	42.05	67.54	47.42	43.93	70.58	63.51	39.85	26.42	31.38	73.66	50.45	57.27	49.0	25.5	34.83	44.05	50.45	42.2	40.71
4	36.4	78.24	31.26	45.4	0.0	25.0	38.42	31.4	52.5	25.61	26.57	69.08	13.45	74.3	32.65	43.83	55.0	26.93	26.68	48.55	60.46	53.31	73.82	41.23	50.8	51.62	29.15	27.86	60.8	29.15	59.84	9.22	29.07	64.51	55.9	64.14	19.31	71.06	44.28	40.22	32.76	38.47	5.66	49.4
5	60.83	99.73	56.14	54.64	25.0	0.0	24.52	25.71	50.8	16.76	29.68	92.72	36.14	96.93	56.04	67.05	80.0	7.07	6.08	70.94	77.34	76.92	96.57	53.15	41.3	74.09	15.0	10.05	82.29	47.17	84.59	20.25	49.19	61.13	80.62	86.54	9.9	91.79	40.45	62.39	17.26	63.29	21.38	71.87
6	73.36	116.61	64.2	77.83	38.42	24.52	0.0	11.05	75.31	41.23	21.02	106.47	42.72	112.36	70.72	81.84	88.32	31.26	30.27	86.84	97.84	90.92	111.83	75.47	65.0	89.87	10.3	34.23	99.2	45.01	95.27	39.2	67.21	85.48	86.15	102.34	20.81	109.48	64.94	78.6	41.05	74.32	38.21	87.66
7	64.35	108.58	54.23	74.33	31.4	25.71	11.05	0.0	75.06	41.01	10.0	97.42	33.12	103.81	62.48	73.41	78.11	32.76	31.78	78.75	91.84	82.1	103.23	71.18	66.91	81.69	11.66	35.69	91.35	34.0	85.49	34.54	60.44	86.02	75.5	94.02	18.03	101.86	65.0	70.77	42.95	64.88	32.65	79.51
8	64.82	80.16	71.59	22.56	52.5	50.8	75.31	75.06	0.0	34.23	75.33	83.52	64.47	82.2	57.01	62.65	86.84	44.15	45.12	61.85	50.0	71.18	82.38	27.86	16.64	64.26	65.62	41.23	66.49	81.15	85.0	44.15	44.82	12.08	92.96	73.01	57.04	71.18	10.44	55.95	35.11	69.66	47.54	62.77
9	55.33	88.87	54.78	38.95	25.61	16.76	41.23	41.01	34.23	0.0	42.45	84.59	39.05	87.32	49.01	59.14	76.69	10.82	11.66	61.81	63.81	69.18	87.1	38.42	26.93	64.94	31.4	8.49	71.84	53.91	79.23	16.64	39.46	45.01	79.38	76.9	23.09	80.41	24.02	53.46	8.06	58.86	20.0	62.8
10	56.22	101.14	45.18	71.59	26.57	29.68	21.02	10.0	75.33	42.45	0.0	89.05	24.84	95.9	55.17	65.8	68.71	36.24	35.36	71.42	86.45	74.03	95.27	67.72	69.26	74.25	18.87	38.91	84.17	24.0	76.48	32.14	54.71	86.83	65.73	86.37	20.12	94.85	65.76	63.78	46.1	56.3	29.43	72.12
11	33.12	19.0	44.6	61.03	69.08	92.72	106.47	97.42	83.52	84.59	89.05	0.0	64.35	10.05	36.69	25.71	27.51	91.98	92.2	23.0	38.42	15.81	9.06	55.79	95.19	20.02	97.99	91.41	18.03	70.72	16.76	72.53	45.18	91.92	37.11	11.4	88.39	21.02	84.17	31.14	92.44	32.8	71.47	22.0
12	31.4	76.37	21.59	54.15	13.45	36.14	42.72	33.12	64.47	39.05	24.84	64.35	0.0	71.06	30.61	41.01	45.89	39.4	39.0	46.75	63.69	49.2	70.43	49.0	64.03	49.52	35.51	40.71	59.55	16.76	52.55	22.63	32.28	76.56	45.01	61.55	28.07	70.29	56.94	39.41	46.04	31.76	19.1	47.42
13	39.7	9.06	52.5	59.68	74.3	96.93	112.36	103.81	82.2	87.32	95.9	10.05	71.06	0.0	41.68	30.53	37.36	95.51	95.82	26.0	34.01	21.93	1.0	55.15	95.13	22.85	103.45	94.64	16.0	78.87	26.68	76.69	48.08	89.56	47.07	10.44	93.48	13.45	84.1	34.54	94.92	40.36	76.06	25.08
14	7.81	46.1	19.1	37.8	32.65	56.04	70.72	62.48	57.01	49.01	55.17	36.69	30.61	41.68	0.0	11.18	30.02	55.58	55.73	16.28	35.36	20.88	41.18	31.4	64.47	19.21	61.77	55.23	29.0	42.38	30.41	35.9	12.21	67.94	36.07	31.62	51.89	39.7	54.12	8.94	57.04	12.73	34.79	17.03
15	10.77	35.36	25.3	41.4	43.83	67.05	81.84	73.41	62.65	59.14	65.8	25.71	41.01	30.53	11.18	0.0	25.61	66.29	66.49	6.32	30.41	10.05	30.02	35.23	72.12	8.6	72.95	65.76	18.87	51.0	22.36	46.84	20.1	72.67	34.0	20.62	63.07	29.68	61.35	6.71	67.07	14.04	45.88	6.71
16	22.36	45.89	24.33	66.53	55.0	80.0	88.32	78.11	86.84	76.69	68.71	27.51	45.89	37.36	30.02	25.61	0.0	81.3	81.22	29.53	54.23	21.84	36.4	60.21	94.37	29.15	81.39	81.61	36.5	47.17	10.77	61.4	42.19	97.45	10.0	33.0	73.33	45.0	84.12	31.83	84.72	18.03	59.14	29.07
17	61.07	97.69	58.05	49.68	26.93	7.07	31.26	32.76	44.15	10.82	36.24	91.98	39.4	95.51	55.58	66.29	81.3	0.0	1.0	69.64	73.82	76.3	95.21	48.84	34.23	72.8	22.02	3.0	80.41	52.01	85.05	20.0	47.43	54.23	82.76	85.07	16.12	89.47	33.73	61.13	10.2	64.01	22.2	70.6
18	61.13	98.09	57.87	50.45	26.68	6.08	30.27	31.78	45.12	11.66	35.36	92.2	39.0	95.82	55.73	66.49	81.22	1.0	0.0	69.92	74.4	76.49	95.51	49.52	35.23	73.08	21.02	4.0	80.78	51.4	85.09	20.02	47.76	55.23	82.57	85.38	15.26	89.9	34.71	61.4	11.18	64.0	22.09	70.88
19	17.09	29.83	31.62	39.82	48.55	70.94	86.84	78.75	61.85	61.81	71.42	23.0	46.75	26.0	16.28	6.32	29.53	69.64	69.92	0.0	25.0	9.43	25.63	34.01	72.57	3.16	77.7	68.88	12.81	57.25	24.08	50.7	22.36	71.2	38.63	15.65	67.6	23.6	61.61	8.54	69.58	20.22	50.09	1.0
20	40.01	30.41	54.08	28.44	60.46	77.34	97.84	91.84	50.0	63.81	86.45	38.42	63.69	34.01	35.36	30.41	54.23	73.82	74.4	25.0	0.0	32.65	34.44	26.0	64.63	25.08	87.78	72.11	20.52	77.37	47.17	58.73	31.76	56.09	63.57	27.02	77.16	21.59	53.94	27.02	70.24	44.18	59.67	25.3
21	17.8	28.3	30.81	49.24	53.31	76.92	90.92	82.1	71.18	69.18	74.03	15.81	49.2	21.93	20.88	10.05	21.84	76.3	76.49	9.43	32.65	0.0	21.26	43.38	81.49	7.81	82.29	75.8	15.0	57.2	14.87	56.75	30.02	80.62	31.58	13.42	72.62	24.74	70.6	16.12	77.1	18.6	55.66	8.6
22	39.05	10.05	51.74	59.84	73.82	96.57	111.83	103.23	82.38	87.1	95.27	9.06	70.43	1.0	41.18	30.02	36.4	95.21	95.51	25.63	34.44	21.26	0.0	55.23	95.19	22.47	102.96	94.37	16.03	78.1	25.71	76.32	47.8	89.84	46.1	10.2	93.02	14.14	84.15	34.18	94.73	39.62	75.64	24.7
23	39.05	54.23	48.75	6.4	41.23	53.15	75.47	71.18	27.86	38.42	67.72	55.79	49.0	55.15	31.4	35.23	60.21	48.84	49.52	34.01	26.0	43.38	55.23	0.0	40.01	36.4	65.19	46.86	39.2	65.19	57.45	36.67	20.12	37.44	67.27	45.54	54.71	45.28	29.0	28.6	44.42	44.05	38.63	34.93
24	72.01	94.09	75.8	36.22	50.8	41.3	65.0	66.91	16.64	26.93	69.26	95.19	64.03	95.13	64.47	72.12	94.37	34.23	35.23	72.57	64.63	81.49	95.19	40.01	0.0	75.31	56.22	31.26	79.16	79.88	94.24	41.62	52.55	21.93	99.13	85.38	49.48	85.09	11.05	65.52	24.08	76.48	45.22	73.55
25	19.24	26.91	33.62	42.05	51.62	74.09	89.87	81.69	64.26	64.94	74.25	20.02	49.52	22.85	19.21	8.6	29.15	72.8	73.08	3.16	25.08	7.81	22.47	36.4	75.31	0.0	80.78	72.03	10.3	59.54	22.67	53.85	25.5	73.36	38.6	12.53	70.71	21.1	64.33	11.7	72.69	21.84	53.23	2.24
26	65.0	107.34	57.07	67.54	29.15	15.0	10.3	11.66	65.62	31.4	18.87	97.99	35.51	103.45	61.77	72.95	81.39	22.02	21.02	77.7	87.78	82.29	102.96	65.19	56.22	80.78	0.0	25.02	89.87	41.23	87.64	29.07	57.49	76.11	80.16	93.3	10.63	100.0	55.33	69.34	32.14	66.41	28.32	78.55
27	61.0	96.57	58.69	47.42	27.86	10.05	34.23	35.69	41.23	8.49	38.91	91.41	40.71	94.64	55.23	65.76	81.61	3.0	4.0	68.88	72.11	75.8	94.37	46.86	31.26	72.03	25.02	0.0	79.38	53.91	85.0	20.22	46.57	51.24	83.43	84.2	18.79	88.24	30.81	60.42	7.28	64.12	22.8	69.86
28	29.53	17.49	43.86	43.93	60.8	82.29	99.2	91.35	66.49	71.84	84.17	18.03	59.55	16.0	29.0	18.87	36.5	80.41	80.78	12.81	20.52	15.0	16.03	39.2	79.16	10.3	89.87	79.38	0.0	69.84	27.86	62.18	33.11	74.33	46.39	6.71	79.61	10.82	68.12	20.62	79.31	31.95	61.91	12.21
29	40.31	85.45	26.4	70.58	29.15	47.17	45.01	34.0	81.15	53.91	24.0	70.72	16.76	78.87	42.38	51.0	47.17	52.01	51.4	57.25	77.37	57.2	78.1	65.19	79.88	59.54	41.23	53.91	69.84	0.0	56.22	38.28	47.17	93.23	42.72	70.46	37.59	80.62	73.36	51.26	60.11	38.6	34.67	57.71
30	24.0	35.36	31.3	63.51	59.84	84.59	95.27	85.49	85.0	79.23	76.48	16.76	52.55	26.68	30.41	22.36	10.77	85.05	85.09	24.08	47.17	14.87	25.71	57.45	94.24	22.67	87.64	85.0	27.86	56.22	0.0	65.07	41.76	94.87	20.4	23.35	78.85	35.23	83.57	29.07	87.28	21.38	63.29	23.35
31	41.11	79.65	38.6	39.85	9.22	20.25	39.2	34.54	44.15	16.64	32.14	72.53	22.63	76.69	35.9	46.84	61.4	20.0	20.02	50.7	58.73	56.75	76.32	36.67	41.62	53.85	29.07	20.22	62.18	38.28	65.07	0.0	29.15	56.04	63.32	66.31	18.44	71.87	35.47	42.15	24.17	44.01	3.61	51.62
32	20.0	50.54	28.64	26.42	29.07	49.19	67.21	60.44	44.82	39.46	54.71	45.18	32.28	48.08	12.21	20.1	42.19	47.43	47.76	22.36	31.76	30.02	47.8	20.12	52.55	25.5	57.49	46.57	33.11	47.17	41.76	29.15	0.0	55.87	48.17	37.64	47.01	42.72	42.05	14.04	47.27	24.84	29.21	23.35
33	75.74	86.49	83.24	31.38	64.51	61.13	85.48	86.02	12.08	45.01	86.83	91.92	76.56	89.56	67.94	72.67	97.45	54.23	55.23	71.2	56.09	80.62	89.84	37.44	21.93	73.36	76.11	51.24	74.33	93.23	94.87	56.04	55.87	0.0	104.0	80.99	68.07	77.67	21.1	66.03	44.55	80.66	59.48	72.07
34	28.28	55.73	24.74	73.66	55.9	80.62	86.15	75.5	92.96	79.38	65.73	37.11	45.01	47.07	36.07	34.0	10.0	82.76	82.57	38.63	63.57	31.58	46.1	67.27	99.13	38.6	80.16	83.43	46.39	42.72	20.4	63.32	48.17	104.0	0.0	43.0	73.06	55.0	89.31	39.66	87.28	23.35	60.64	38.28
35	30.48	15.0	44.1	50.45	64.14	86.54	102.34	94.02	73.01	76.9	86.37	11.4	61.55	10.44	31.62	20.62	33.0	85.07	85.38	15.65	27.02	13.42	10.2	45.54	85.38	12.53	93.3	84.2	6.71	70.46	23.35	66.31	37.64	80.99	43.0	0.0	83.24	12.0	74.33	24.17	84.53	31.91	65.74	14.76
36	55.66	97.1	49.09	57.27	19.31	9.9	20.81	18.03	57.04	23.09	20.12	88.39	28.07	93.48	51.89	63.07	73.33	16.12	15.26	67.6	77.16	72.62	93.02	54.71	49.48	70.71	10.63	18.79	79.61	37.59	78.85	18.44	47.01	68.07	73.06	83.24	0.0	89.63	47.01	59.17	26.0	57.49	17.8	68.48
37	40.31	9.0	54.56	49.0	71.06	91.79	109.48	101.86	71.18	80.41	94.85	21.02	70.29	13.45	39.7	29.68	45.0	89.47	89.9	23.6	21.59	24.74	14.14	45.28	85.09	21.1	100.0	88.24	10.82	80.62	35.23	71.87	42.72	77.67	55.0	12.0	89.63	0.0	74.17	31.11	87.6	42.54	71.85	23.02
38	61.77	83.15	66.6	25.5	44.28	40.45	64.94	65.0	10.44	24.02	65.76	84.17	56.94	84.1	54.12	61.35	84.12	33.73	34.71	61.61	53.94	70.6	84.15	29.0	11.05	64.33	55.33	30.81	68.12	73.36	83.57	35.47	42.05	21.1	89.31	74.33	47.01	74.17	0.0	54.71	24.7	66.37	39.0	62.59
39	13.15	38.01	27.07	34.83	40.22	62.39	78.6	70.77	55.95	53.46	63.78	31.14	39.41	34.54	8.94	6.71	31.83	61.13	61.4	8.54	27.02	16.12	34.18	28.6	65.52	11.7	69.34	60.42	20.62	51.26	29.07	42.15	14.04	66.03	39.66	24.17	59.17	31.11	54.71	0.0	61.29	17.72	41.59	9.49
40	63.39	96.17	62.63	44.05	32.76	17.26	41.05	42.95	35.11	8.06	46.1	92.44	46.04	94.92	57.04	67.07	84.72	10.2	11.18	69.58	70.24	77.1	94.73	44.42	24.08	72.69	32.14	7.28	79.31	60.11	87.28	24.17	47.27	44.55	87.28	84.53	26.0	87.6	24.7	61.29	0.0	66.91	27.29	70.58
41	5.0	46.87	12.21	50.45	38.47	63.29	74.32	64.88	69.66	58.86	56.3	32.8	31.76	40.36	12.73	14.04	18.03	64.01	64.0	20.22	44.18	18.6	39.62	44.05	76.48	21.84	66.41	64.12	31.95	38.6	21.38	44.01	24.84	80.66	23.35	31.91	57.49	42.54	66.37	17.72	66.91	0.0	42.05	20.4
42	39.46	79.4	35.9	42.2	5.66	21.38	38.21	32.65	47.54	20.0	29.43	71.47	19.1	76.06	34.79	45.88	59.14	22.2	22.09	50.09	59.67	55.66	75.64	38.63	45.22	53.23	28.32	22.8	61.91	34.67	63.29	3.61	29.21	59.48	60.64	65.74	17.8	71.85	39.0	41.59	27.29	42.05	0.0	50.99
43	17.46	29.07	31.95	40.71	49.4	71.87	87.66	79.51	62.77	62.8	72.12	22.0	47.42	25.08	17.03	6.71	29.07	70.6	70.88	1.0	25.3	8.6	24.7	34.93	73.55	2.24	78.55	69.86	12.21	57.71	23.35	51.62	23.35	72.07	38.28	14.76	68.48	23.02	62.59	9.49	70.58	20.4	50.99	0.0
;
