set K:= 1	2	3	4	5	6;
set C_H:= 1	2	3	4	5	6	7	8	9	10	11	12	13	14	15	16	17	18	19	20	21	22	23;
set C_S:= 24	25	26	27	28	29	30	31	32	33;
set C_F:= 34	35	36;
set M:= 37	38	39	40	41	42;
set L_B:= 43	44	45	46	47	48;
set A1:=
(0,*) 1 2 3 4 5 6 7 8 9 10 11 12 13 14 15 16 17 18 19 20 21 22 23 34 35 36 37 38 39 40 41 42 43 44 45 46 47 48
(1,*) 0 2 3 4 5 6 7 8 9 10 11 12 13 14 15 16 17 18 19 20 21 22 23 34 35 36 37 38 39 40 41 42 43 44 45 46 47 48
(2,*) 0 1 3 4 5 6 7 8 9 10 11 12 13 14 15 16 17 18 19 20 21 22 23 34 35 36 37 38 39 40 41 42 43 44 45 46 47 48
(3,*) 0 1 2 4 5 6 7 8 9 10 11 12 13 14 15 16 17 18 19 20 21 22 23 34 35 36 37 38 39 40 41 42 43 44 45 46 47 48
(4,*) 0 1 2 3 5 6 7 8 9 10 11 12 13 14 15 16 17 18 19 20 21 22 23 34 35 36 37 38 39 40 41 42 43 44 45 46 47 48
(5,*) 0 1 2 3 4 6 7 8 9 10 11 12 13 14 15 16 17 18 19 20 21 22 23 34 35 36 37 38 39 40 41 42 43 44 45 46 47 48
(6,*) 0 1 2 3 4 5 7 8 9 10 11 12 13 14 15 16 17 18 19 20 21 22 23 34 35 36 37 38 39 40 41 42 43 44 45 46 47 48
(7,*) 0 1 2 3 4 5 6 8 9 10 11 12 13 14 15 16 17 18 19 20 21 22 23 34 35 36 37 38 39 40 41 42 43 44 45 46 47 48
(8,*) 0 1 2 3 4 5 6 7 9 10 11 12 13 14 15 16 17 18 19 20 21 22 23 34 35 36 37 38 39 40 41 42 43 44 45 46 47 48
(9,*) 0 1 2 3 4 5 6 7 8 10 11 12 13 14 15 16 17 18 19 20 21 22 23 34 35 36 37 38 39 40 41 42 43 44 45 46 47 48
(10,*) 0 1 2 3 4 5 6 7 8 9 11 12 13 14 15 16 17 18 19 20 21 22 23 34 35 36 37 38 39 40 41 42 43 44 45 46 47 48
(11,*) 0 1 2 3 4 5 6 7 8 9 10 12 13 14 15 16 17 18 19 20 21 22 23 34 35 36 37 38 39 40 41 42 43 44 45 46 47 48
(12,*) 0 1 2 3 4 5 6 7 8 9 10 11 13 14 15 16 17 18 19 20 21 22 23 34 35 36 37 38 39 40 41 42 43 44 45 46 47 48
(13,*) 0 1 2 3 4 5 6 7 8 9 10 11 12 14 15 16 17 18 19 20 21 22 23 34 35 36 37 38 39 40 41 42 43 44 45 46 47 48
(14,*) 0 1 2 3 4 5 6 7 8 9 10 11 12 13 15 16 17 18 19 20 21 22 23 34 35 36 37 38 39 40 41 42 43 44 45 46 47 48
(15,*) 0 1 2 3 4 5 6 7 8 9 10 11 12 13 14 16 17 18 19 20 21 22 23 34 35 36 37 38 39 40 41 42 43 44 45 46 47 48
(16,*) 0 1 2 3 4 5 6 7 8 9 10 11 12 13 14 15 17 18 19 20 21 22 23 34 35 36 37 38 39 40 41 42 43 44 45 46 47 48
(17,*) 0 1 2 3 4 5 6 7 8 9 10 11 12 13 14 15 16 18 19 20 21 22 23 34 35 36 37 38 39 40 41 42 43 44 45 46 47 48
(18,*) 0 1 2 3 4 5 6 7 8 9 10 11 12 13 14 15 16 17 19 20 21 22 23 34 35 36 37 38 39 40 41 42 43 44 45 46 47 48
(19,*) 0 1 2 3 4 5 6 7 8 9 10 11 12 13 14 15 16 17 18 20 21 22 23 34 35 36 37 38 39 40 41 42 43 44 45 46 47 48
(20,*) 0 1 2 3 4 5 6 7 8 9 10 11 12 13 14 15 16 17 18 19 21 22 23 34 35 36 37 38 39 40 41 42 43 44 45 46 47 48
(21,*) 0 1 2 3 4 5 6 7 8 9 10 11 12 13 14 15 16 17 18 19 20 22 23 34 35 36 37 38 39 40 41 42 43 44 45 46 47 48
(22,*) 0 1 2 3 4 5 6 7 8 9 10 11 12 13 14 15 16 17 18 19 20 21 23 34 35 36 37 38 39 40 41 42 43 44 45 46 47 48
(23,*) 0 1 2 3 4 5 6 7 8 9 10 11 12 13 14 15 16 17 18 19 20 21 22 34 35 36 37 38 39 40 41 42 43 44 45 46 47 48
(34,*) 0 1 2 3 4 5 6 7 8 9 10 11 12 13 14 15 16 17 18 19 20 21 22 23 35 36 37 38 39 40 41 42 43 44 45 46 47 48
(35,*) 0 1 2 3 4 5 6 7 8 9 10 11 12 13 14 15 16 17 18 19 20 21 22 23 34 36 37 38 39 40 41 42 43 44 45 46 47 48
(36,*) 0 1 2 3 4 5 6 7 8 9 10 11 12 13 14 15 16 17 18 19 20 21 22 23 34 35 37 38 39 40 41 42 43 44 45 46 47 48
(37,*) 0 1 2 3 4 5 6 7 8 9 10 11 12 13 14 15 16 17 18 19 20 21 22 23 34 35 36 38 39 40 41 42 43 44 45 46 47 48
(38,*) 0 1 2 3 4 5 6 7 8 9 10 11 12 13 14 15 16 17 18 19 20 21 22 23 34 35 36 37 39 40 41 42 43 44 45 46 47 48
(39,*) 0 1 2 3 4 5 6 7 8 9 10 11 12 13 14 15 16 17 18 19 20 21 22 23 34 35 36 37 38 40 41 42 43 44 45 46 47 48
(40,*) 0 1 2 3 4 5 6 7 8 9 10 11 12 13 14 15 16 17 18 19 20 21 22 23 34 35 36 37 38 39 41 42 43 44 45 46 47 48
(41,*) 0 1 2 3 4 5 6 7 8 9 10 11 12 13 14 15 16 17 18 19 20 21 22 23 34 35 36 37 38 39 40 42 43 44 45 46 47 48
(42,*) 0 1 2 3 4 5 6 7 8 9 10 11 12 13 14 15 16 17 18 19 20 21 22 23 34 35 36 37 38 39 40 41 43 44 45 46 47 48
(43,*) 0 1 2 3 4 5 6 7 8 9 10 11 12 13 14 15 16 17 18 19 20 21 22 23 34 35 36 37 38 39 40 41 42 44 45 46 47 48
(44,*) 0 1 2 3 4 5 6 7 8 9 10 11 12 13 14 15 16 17 18 19 20 21 22 23 34 35 36 37 38 39 40 41 42 43 45 46 47 48
(45,*) 0 1 2 3 4 5 6 7 8 9 10 11 12 13 14 15 16 17 18 19 20 21 22 23 34 35 36 37 38 39 40 41 42 43 44 46 47 48
(46,*) 0 1 2 3 4 5 6 7 8 9 10 11 12 13 14 15 16 17 18 19 20 21 22 23 34 35 36 37 38 39 40 41 42 43 44 45 47 48
(47,*) 0 1 2 3 4 5 6 7 8 9 10 11 12 13 14 15 16 17 18 19 20 21 22 23 34 35 36 37 38 39 40 41 42 43 44 45 46 48
(48,*) 0 1 2 3 4 5 6 7 8 9 10 11 12 13 14 15 16 17 18 19 20 21 22 23 34 35 36 37 38 39 40 41 42 43 44 45 46 47
;
set A2:=
(37,*) 38
(38,*) 37
(39,*) 40
(40,*) 39
(41,*) 42
(42,*) 41
;
param BigM:=99999;
param n:= 6;
param d:=
1	23
2	23
3	18
4	12
5	20
6	19
7	19
8	16
9	2
10	26
11	13
12	19
13	8
14	10
15	5
16	19
17	9
18	4
19	3
20	26
21	21
22	19
23	21
24	1
25	5
26	7
27	14
28	12
29	18
30	20
31	18
32	8
33	66
34	17
35	8
36	21
;
param Q:=100;
param w:=
[37,*] 38 1
[38,*] 37 1
[39,*] 40 1
[40,*] 39 1
[41,*] 42 1
[42,*] 41 1
;
param V:=
[37,*] 38 87
[38,*] 37 87
[39,*] 40 94
[40,*] 39 94
[41,*] 42 84
[42,*] 41 84
;
param f:=
37	100
38	100
39	100
40	100
41	100
42	100
43	100
44	100
45	100
46	100
47	100
48	100
;
param e:
	37	38	39	40	41	42	43	44	45	46	47	48:=
24	0	0	0	1	0	0	0	1	0	1	1	0	
25	1	0	0	0	0	1	1	1	1	1	1	1	
26	0	0	0	1	0	0	0	0	0	0	0	0	
27	0	0	0	1	0	1	1	1	1	1	1	1	
28	0	1	0	0	0	0	0	0	1	0	0	0	
29	1	0	0	0	0	1	0	0	0	0	0	1	
30	0	1	1	0	0	0	1	1	1	1	1	1	
31	1	0	0	0	0	1	0	0	0	0	0	1	
32	0	0	0	1	0	0	0	1	1	1	1	0	
33	0	0	1	0	1	0	1	0	0	0	0	1	
34	1	0	0	0	0	1	1	1	0	0	1	1	
35	0	0	1	0	1	0	0	0	0	0	0	0	
36	0	0	0	1	0	1	1	1	1	1	1	1	
;
param p:=
1	1
2	1
3	1
4	1
5	1
6	1
;
param G:=
37	87
38	71
39	94
40	81
41	77
42	84
43	80
44	78
45	76
46	76
47	97
48	81
;
param s:=
0	0
1	15
2	15
3	15
4	15
5	15
6	15
7	15
8	15
9	15
10	15
11	15
12	15
13	15
14	15
15	15
16	15
17	15
18	15
19	15
20	15
21	15
22	15
23	15
34	15
35	15
36	15
37	10
38	10
39	10
40	10
41	10
42	10
43	10
44	10
45	10
46	10
47	10
48	10
;
param t:
	0	1	2	3	4	5	6	7	8	9	10	11	12	13	14	15	16	17	18	19	20	21	22	23	24	25	26	27	28	29	30	31	32	33	34	35	36	37	38	39	40	41	42	43	44	45	46	47	48:=
0	0.0	86.65	61.66	25.0	16.12	55.36	70.84	69.66	78.82	94.37	41.88	11.18	67.78	23.32	43.46	39.32	72.45	104.04	50.16	91.92	66.64	69.38	38.48	20.1	57.22	24.21	74.53	36.24	90.61	10.0	58.26	18.03	71.39	52.09	16.03	56.75	42.15	12.21	91.93	69.26	61.4	66.61	16.12	43.19	42.44	63.6	44.72	44.2	22.63
1	86.65	0.0	42.54	67.74	80.89	55.76	15.81	46.04	50.91	48.75	59.41	75.61	66.89	64.03	43.42	54.2	17.46	32.14	81.04	7.62	61.91	74.95	48.51	93.3	41.4	64.33	43.93	51.2	36.25	92.65	38.08	101.55	18.44	82.57	83.86	99.72	44.64	96.77	42.05	71.87	40.82	82.3	76.94	50.01	47.17	32.57	42.76	47.01	67.08
2	61.66	42.54	0.0	37.05	64.08	13.45	32.56	65.25	74.53	81.0	58.14	51.2	80.5	46.07	33.42	22.36	41.19	73.05	82.04	50.12	76.06	87.32	36.07	60.02	5.66	48.37	13.42	38.95	70.26	70.61	48.7	71.25	24.7	84.17	66.85	98.6	33.3	68.01	75.06	85.0	2.0	91.26	47.01	47.8	42.01	48.05	35.81	44.41	51.48
3	25.0	67.74	37.05	0.0	31.83	30.46	52.43	64.2	74.33	87.24	42.01	15.81	70.01	19.42	28.84	15.13	56.59	90.61	60.41	74.06	67.19	74.24	25.5	25.55	33.06	22.56	49.65	25.3	80.45	34.54	48.75	34.93	50.57	62.63	33.97	72.72	27.46	31.14	83.24	73.06	37.0	74.53	10.05	36.88	32.89	52.48	31.38	35.74	24.35
4	16.12	80.89	64.08	31.83	0.0	61.03	65.38	56.64	65.12	81.34	28.32	16.64	52.33	18.44	38.01	42.54	65.0	93.94	34.06	85.15	51.62	53.45	33.0	36.0	58.87	17.03	77.47	30.02	79.06	14.14	47.85	33.24	68.03	36.01	3.0	42.15	37.0	27.51	79.65	53.49	63.32	50.49	26.83	32.7	33.96	53.71	38.21	34.79	14.0
5	55.36	55.76	13.45	30.46	61.03	0.0	44.6	73.44	83.22	91.44	61.29	46.07	86.33	44.55	37.95	19.1	52.63	85.62	84.05	63.29	82.28	92.48	38.91	50.01	14.87	47.38	21.38	41.18	81.39	65.0	56.44	62.13	37.59	86.27	63.51	99.16	37.34	59.68	85.84	90.48	15.0	95.26	39.56	52.0	46.24	57.01	40.8	49.04	50.21
6	70.84	15.81	32.56	52.43	65.38	44.6	0.0	38.6	46.07	49.37	45.61	59.81	58.0	48.27	27.66	39.6	9.22	41.15	68.54	21.63	53.04	65.86	32.76	77.94	29.73	48.66	38.47	35.51	38.0	76.9	26.08	85.87	9.49	70.26	68.36	87.09	28.86	81.02	43.1	62.97	30.59	72.2	61.4	35.51	32.02	21.93	27.17	32.25	51.48
7	69.66	46.04	65.25	64.2	56.64	73.44	38.6	0.0	10.2	24.76	28.32	61.59	21.02	48.37	37.22	59.21	30.41	41.44	40.2	45.19	16.16	29.07	39.05	85.09	60.42	46.32	74.85	38.9	24.04	70.77	17.03	87.62	47.71	41.05	58.9	58.01	38.33	81.84	23.32	25.94	63.32	37.0	68.88	27.73	31.32	17.46	34.23	28.46	47.2
8	78.82	50.91	74.53	74.33	65.12	83.22	46.07	10.2	0.0	17.0	37.01	71.2	21.02	58.14	47.38	69.35	37.22	39.2	44.27	48.6	17.46	28.16	49.24	94.83	69.87	55.95	83.49	49.04	21.21	79.25	27.02	96.83	55.46	44.64	67.18	60.67	48.51	91.02	18.11	25.08	72.57	37.05	78.79	37.7	41.48	26.48	44.41	38.6	56.6
9	94.37	48.75	81.0	87.24	81.34	91.44	49.37	24.76	17.0	0.0	53.04	86.02	37.11	72.67	58.87	80.08	40.2	26.83	61.1	44.1	34.18	43.29	61.74	109.29	77.1	70.8	87.82	62.18	12.53	95.48	38.48	112.29	58.69	61.35	83.55	76.9	60.17	106.53	6.71	40.45	79.0	52.35	92.78	51.87	54.59	35.44	56.08	51.97	71.84
10	41.88	59.41	58.14	42.01	28.32	61.29	45.61	28.32	37.01	53.04	0.0	35.11	28.07	23.19	24.76	43.08	42.11	66.85	24.21	62.0	25.71	32.39	22.47	58.87	52.5	20.4	70.71	20.12	51.11	42.45	22.09	59.91	51.48	26.25	30.61	42.06	24.84	54.08	51.4	31.06	56.64	34.01	43.93	10.82	16.28	28.16	22.67	14.42	20.25
11	11.18	75.61	51.2	15.81	16.64	46.07	59.81	61.59	71.2	86.02	35.11	0.0	62.59	13.45	32.65	28.86	61.77	94.02	48.51	81.02	60.73	65.38	27.78	23.77	46.53	15.26	64.29	25.81	81.34	19.42	48.8	27.02	60.21	50.64	18.44	58.6	31.3	21.63	83.1	64.78	50.8	64.03	10.44	34.21	32.56	53.81	34.13	34.66	14.87
12	67.78	66.89	80.5	70.01	52.33	86.33	58.0	21.02	21.02	37.11	28.07	62.59	0.0	51.24	48.38	69.43	50.61	60.07	24.7	66.21	5.0	8.06	48.05	86.13	75.15	48.37	91.59	46.53	42.05	65.86	32.8	85.49	66.53	24.6	53.71	39.81	49.04	79.71	39.12	5.0	78.71	16.28	71.85	34.71	40.26	36.07	45.54	37.36	47.85
13	23.32	64.03	46.07	19.42	18.44	44.55	48.27	48.37	58.14	72.67	23.19	13.45	51.24	0.0	20.62	25.5	49.24	80.8	41.23	68.95	48.84	55.04	15.52	36.72	40.72	3.16	59.48	13.0	67.9	28.64	35.36	40.36	50.04	43.46	21.38	54.82	19.42	34.83	69.66	54.01	45.19	55.11	20.88	20.81	19.21	40.46	21.54	21.21	5.66
14	43.46	43.42	33.42	28.84	38.01	37.95	27.66	37.22	47.38	58.87	24.76	32.65	48.38	20.62	0.0	22.02	29.15	62.24	48.84	48.47	44.38	54.63	5.1	53.04	27.8	21.1	45.97	8.0	51.62	49.24	20.62	59.36	30.15	50.93	41.01	66.03	1.41	54.2	54.56	52.55	31.89	57.98	36.07	14.42	8.6	23.71	3.0	11.18	24.02
15	39.32	54.2	22.36	15.13	42.54	19.1	39.6	59.21	69.35	80.08	43.08	28.86	69.43	25.5	22.02	0.0	45.22	79.63	65.19	60.96	65.76	75.0	21.38	39.92	18.0	28.28	35.44	23.09	71.69	48.27	42.43	50.01	36.36	67.42	45.18	80.06	21.0	46.27	75.27	73.25	22.09	77.08	25.18	34.71	29.27	44.64	25.02	32.25	31.14
16	72.45	17.46	41.19	56.59	65.0	52.63	9.22	30.41	37.22	40.2	42.11	61.77	50.61	49.24	29.15	45.22	0.0	34.41	63.6	20.22	45.61	58.6	34.0	81.69	37.85	49.04	47.68	36.25	29.07	77.49	20.62	88.51	18.68	65.15	67.91	82.28	30.53	83.35	34.01	55.61	39.2	65.51	64.82	33.14	31.05	15.23	27.73	30.41	51.55
17	104.04	32.14	73.05	90.61	93.94	85.62	41.15	41.44	39.2	26.83	66.85	94.02	60.07	80.8	62.24	79.63	34.41	0.0	81.61	25.0	56.0	67.36	66.6	115.28	70.77	79.88	75.95	68.25	18.03	107.54	46.14	121.04	48.38	82.39	96.6	99.13	63.66	115.6	21.84	64.28	71.17	76.24	98.31	61.4	61.61	40.5	60.21	59.91	81.84
18	50.16	81.04	82.04	60.41	34.06	84.05	68.54	40.2	44.27	61.1	24.21	48.51	24.7	41.23	48.84	65.19	63.6	81.61	0.0	82.38	26.93	22.02	46.01	70.03	76.38	38.08	94.79	43.28	63.95	45.61	43.01	66.49	75.18	2.24	34.37	18.68	48.8	61.0	62.1	23.35	80.61	16.76	58.86	35.0	40.46	48.51	46.86	38.6	36.06
19	91.92	7.62	50.12	74.06	85.15	63.29	21.63	45.19	48.6	44.1	62.0	81.02	66.21	68.95	48.47	60.96	20.22	25.0	82.38	0.0	61.33	74.25	53.49	99.57	48.83	68.96	51.42	55.97	31.62	97.42	40.05	107.35	25.81	83.74	88.07	101.0	49.77	102.42	37.44	71.11	48.37	82.08	83.01	53.34	51.2	34.13	47.43	50.64	71.57
20	66.64	61.91	76.06	67.19	51.62	82.28	53.04	16.16	17.46	34.18	25.71	60.73	5.0	48.84	44.38	65.76	45.61	56.0	26.93	61.33	0.0	13.04	44.41	84.43	70.77	46.1	86.95	43.1	38.01	65.46	28.02	84.53	61.62	27.2	53.25	43.29	45.12	78.71	35.51	10.0	74.25	20.88	69.63	31.14	36.5	31.11	41.48	33.54	45.88
21	69.38	74.95	87.32	74.24	53.45	92.48	65.86	29.07	28.16	43.29	32.39	65.38	8.06	55.04	54.63	75.0	58.6	67.36	22.02	74.25	13.04	0.0	53.76	88.46	81.88	52.01	98.74	51.92	49.37	66.31	40.36	86.65	74.25	21.21	54.42	34.18	55.15	80.96	46.01	3.16	85.59	9.06	75.11	40.5	46.24	43.93	51.89	43.46	51.04
22	38.48	48.51	36.07	25.5	33.0	38.91	32.76	39.05	49.24	61.74	22.47	27.78	48.05	15.52	5.1	21.38	34.0	66.6	46.01	53.49	44.41	53.76	0.0	48.84	30.41	16.03	49.04	3.16	55.22	44.15	23.26	54.64	35.06	48.17	36.0	62.63	4.0	49.4	57.8	51.92	34.71	56.36	31.89	13.34	8.0	27.2	6.4	11.0	19.0
23	20.1	93.3	60.02	25.55	36.0	50.01	77.94	85.09	94.83	109.29	58.87	23.77	86.13	36.72	53.04	39.92	81.69	115.28	70.03	99.57	84.43	88.46	48.84	0.0	57.01	38.91	71.18	47.63	103.86	27.86	71.4	13.0	76.03	72.01	36.12	76.69	51.62	13.45	106.02	88.07	60.42	86.28	16.97	57.45	55.0	75.93	55.17	57.43	38.63
24	57.22	41.4	5.66	33.06	58.87	14.87	29.73	60.42	69.87	77.1	52.5	46.53	75.15	40.72	27.8	18.0	37.85	70.77	76.38	48.83	70.77	81.88	30.41	57.01	0.0	42.94	18.87	33.3	66.75	65.92	43.68	67.74	23.02	78.52	61.68	92.96	27.66	64.2	71.34	79.61	4.47	85.7	43.1	42.2	36.4	43.42	30.23	38.83	46.07
25	24.21	64.33	48.37	22.56	17.03	47.38	48.66	46.32	55.95	70.8	20.4	15.26	48.37	3.16	21.1	28.28	49.04	79.88	38.08	68.96	46.1	52.01	16.03	38.91	42.94	0.0	61.77	13.15	66.48	28.46	34.06	41.73	51.01	40.31	20.02	51.86	20.02	36.07	68.01	51.04	47.41	51.97	23.54	19.1	18.36	39.41	21.59	20.0	3.16
26	74.53	43.93	13.42	49.65	77.47	21.38	38.47	74.85	83.49	87.82	70.71	64.29	91.59	59.48	45.97	35.44	47.68	75.95	94.79	51.42	86.95	98.74	49.04	71.18	18.87	61.77	0.0	52.01	76.24	83.68	59.06	83.0	29.15	96.9	80.23	111.66	46.01	80.16	81.5	96.25	14.42	103.23	59.41	60.14	54.45	57.38	48.1	56.64	64.88
27	36.24	51.2	38.95	25.3	30.02	41.18	35.51	38.9	49.04	62.18	20.12	25.81	46.53	13.0	8.0	23.09	36.25	68.25	43.28	55.97	43.1	51.92	3.16	47.63	33.3	13.15	52.01	0.0	56.22	41.48	23.85	52.8	38.12	45.45	33.02	59.67	7.07	47.43	58.52	50.22	37.64	54.13	30.81	12.0	7.62	28.32	8.54	10.44	16.03
28	90.61	36.25	70.26	80.45	79.06	81.39	38.0	24.04	21.21	12.53	51.11	81.34	42.05	67.9	51.62	71.69	29.07	18.03	63.95	31.62	38.01	49.37	55.22	103.86	66.75	66.48	76.24	56.22	0.0	93.01	32.56	108.19	47.1	64.63	81.54	81.22	53.0	102.55	5.83	46.27	68.26	58.22	87.01	47.42	48.92	28.02	49.09	46.69	68.01
29	10.0	92.65	70.61	34.54	14.14	65.0	76.9	70.77	79.25	95.48	42.45	19.42	65.86	28.64	49.24	48.27	77.49	107.54	45.61	97.42	65.46	66.31	44.15	27.86	65.92	28.46	83.68	41.48	93.01	0.0	61.4	21.1	78.41	47.3	12.21	49.37	48.05	16.03	93.72	66.64	70.21	62.36	26.08	46.14	46.62	67.12	50.0	47.85	26.0
30	58.26	38.08	48.7	48.75	47.85	56.44	26.08	17.03	27.02	38.48	22.09	48.8	32.8	35.36	20.62	42.43	20.62	46.14	43.01	40.05	28.02	40.36	23.26	71.4	43.68	34.06	59.06	23.85	32.56	61.4	0.0	75.69	33.97	44.6	50.57	61.68	21.84	70.09	34.67	37.64	46.82	46.23	54.64	15.26	16.4	6.08	17.72	14.14	35.81
31	18.03	101.55	71.25	34.93	33.24	62.13	85.87	87.62	96.83	112.29	59.91	27.02	85.49	40.36	59.36	50.01	88.51	121.04	66.49	107.35	84.53	86.65	54.64	13.0	67.74	41.73	83.0	52.8	108.19	21.1	75.69	0.0	85.09	68.25	32.28	70.11	57.98	5.83	109.71	86.73	71.45	83.2	25.0	60.83	59.55	80.81	61.03	61.55	40.46
32	71.39	18.44	24.7	50.57	68.03	37.59	9.49	47.71	55.46	58.69	51.48	60.21	66.53	50.04	30.15	36.36	18.68	48.38	75.18	25.81	61.62	74.25	35.06	76.03	23.02	51.01	29.15	38.12	47.1	78.41	33.97	85.09	0.0	77.03	71.03	93.47	31.06	80.65	52.35	71.45	22.85	80.16	60.17	40.85	36.4	30.61	30.59	37.34	54.04
33	52.09	82.57	84.17	62.63	36.01	86.27	70.26	41.05	44.64	61.35	26.25	50.64	24.6	43.46	50.93	67.42	65.15	82.39	2.24	83.74	27.2	21.21	48.17	72.01	78.52	40.31	96.9	45.45	64.63	47.3	44.6	68.25	77.03	0.0	36.22	17.26	50.91	62.8	62.59	22.8	82.73	15.23	61.0	37.01	42.52	50.0	48.92	40.61	38.28
34	16.03	83.86	66.85	33.97	3.0	63.51	68.36	58.9	67.18	83.55	30.61	18.44	53.71	21.38	41.01	45.18	67.91	96.6	34.37	88.07	53.25	54.42	36.0	36.12	61.68	20.02	80.23	33.02	81.54	12.21	50.57	32.28	71.03	36.22	0.0	41.11	40.0	26.68	82.01	54.63	66.13	50.99	28.3	35.47	36.88	56.46	41.19	37.64	17.0
35	56.75	99.72	98.6	72.72	42.15	99.16	87.09	58.01	60.67	76.9	42.06	58.6	39.81	54.82	66.03	80.06	82.28	99.13	18.68	101.0	43.29	34.18	62.63	76.69	92.96	51.86	111.66	59.67	81.22	49.37	61.68	70.11	93.47	17.26	41.11	0.0	65.8	65.38	78.77	36.69	97.31	25.5	68.94	52.84	57.98	67.19	64.35	56.44	49.2
36	42.15	44.64	33.3	27.46	37.0	37.34	28.86	38.33	48.51	60.17	24.84	31.3	49.04	19.42	1.41	21.0	30.53	63.66	48.8	49.77	45.12	55.15	4.0	51.62	27.66	20.02	46.01	7.07	53.0	48.05	21.84	57.98	31.06	50.91	40.0	65.8	0.0	52.84	55.9	53.14	31.83	58.31	34.66	14.76	8.94	25.06	4.12	11.7	23.0
37	12.21	96.77	68.01	31.14	27.51	59.68	81.02	81.84	91.02	106.53	54.08	21.63	79.71	34.83	54.2	46.27	83.35	115.6	61.0	102.42	78.71	80.96	49.4	13.45	64.2	36.07	80.16	47.43	102.55	16.03	70.09	5.83	80.65	62.8	26.68	65.38	52.84	0.0	104.0	80.99	68.07	77.67	21.1	55.15	54.04	75.29	55.76	55.97	34.71
38	91.93	42.05	75.06	83.24	79.65	85.84	43.1	23.32	18.11	6.71	51.4	83.1	39.12	69.66	54.56	75.27	34.01	21.84	62.1	37.44	35.51	46.01	57.8	106.02	71.34	68.01	81.5	58.52	5.83	93.72	34.67	109.71	52.35	62.59	82.01	78.77	55.9	104.0	0.0	43.0	73.06	55.0	89.31	48.92	51.04	30.87	51.88	48.6	69.31
39	69.26	71.87	85.0	73.06	53.49	90.48	62.97	25.94	25.08	40.45	31.06	64.78	5.0	54.01	52.55	73.25	55.61	64.28	23.35	71.11	10.0	3.16	51.92	88.07	79.61	51.04	96.25	50.22	46.27	66.64	37.64	86.73	71.45	22.8	54.63	36.69	53.14	80.99	43.0	0.0	83.24	12.0	74.33	38.6	44.27	41.04	49.77	41.44	50.25
40	61.4	40.82	2.0	37.0	63.32	15.0	30.59	63.32	72.57	79.0	56.64	50.8	78.71	45.19	31.89	22.09	39.2	71.17	80.61	48.37	74.25	85.59	34.71	60.42	4.47	47.41	14.42	37.64	68.26	70.21	46.82	71.45	22.85	82.73	66.13	97.31	31.83	68.07	73.06	83.24	0.0	89.63	47.01	46.23	40.46	46.1	34.21	42.8	50.54
41	66.61	82.3	91.26	74.53	50.49	95.26	72.2	37.0	37.05	52.35	34.01	64.03	16.28	55.11	57.98	77.08	65.51	76.24	16.76	82.08	20.88	9.06	56.36	86.28	85.7	51.97	103.23	54.13	58.22	62.36	46.23	83.2	80.16	15.23	50.99	25.5	58.31	77.67	55.0	12.0	89.63	0.0	74.17	43.57	49.4	50.48	55.47	46.87	50.49
42	16.12	76.94	47.01	10.05	26.83	39.56	61.4	68.88	78.79	92.78	43.93	10.44	71.85	20.88	36.07	25.18	64.82	98.31	58.86	83.01	69.63	75.11	31.89	16.97	43.1	23.54	59.41	30.81	87.01	26.08	54.64	25.0	60.17	61.0	28.3	68.94	34.66	21.1	89.31	74.33	47.01	74.17	0.0	41.15	38.28	59.03	38.21	40.82	24.08
43	43.19	50.01	47.8	36.88	32.7	52.0	35.51	27.73	37.7	51.87	10.82	34.21	34.71	20.81	14.42	34.71	33.14	61.4	35.0	53.34	31.14	40.5	13.34	57.45	42.2	19.1	60.14	12.0	47.42	46.14	15.26	60.83	40.85	37.01	35.47	52.84	14.76	55.15	48.92	38.6	46.23	43.57	41.15	0.0	5.83	21.02	12.04	3.61	20.62
44	42.44	47.17	42.01	32.89	33.96	46.24	32.02	31.32	41.48	54.59	16.28	32.56	40.26	19.21	8.6	29.27	31.05	61.61	40.46	51.2	36.5	46.24	8.0	55.0	36.4	18.36	54.45	7.62	48.92	46.62	16.4	59.55	36.4	42.52	36.88	57.98	8.94	54.04	51.04	44.27	40.46	49.4	38.28	5.83	0.0	21.26	6.4	3.0	20.62
45	63.6	32.57	48.05	52.48	53.71	57.01	21.93	17.46	26.48	35.44	28.16	53.81	36.07	40.46	23.71	44.64	15.23	40.5	48.51	34.13	31.11	43.93	27.2	75.93	43.42	39.41	57.38	28.32	28.02	67.12	6.08	80.81	30.61	50.0	56.46	67.19	25.06	75.29	30.87	41.04	46.1	50.48	59.03	21.02	21.26	0.0	21.1	19.42	41.34
46	44.72	42.76	35.81	31.38	38.21	40.8	27.17	34.23	44.41	56.08	22.67	34.13	45.54	21.54	3.0	25.02	27.73	60.21	46.86	47.43	41.48	51.89	6.4	55.17	30.23	21.59	48.1	8.54	49.09	50.0	17.72	61.03	30.59	48.92	41.19	64.35	4.12	55.76	51.88	49.77	34.21	55.47	38.21	12.04	6.4	21.1	0.0	8.6	24.33
47	44.2	47.01	44.41	35.74	34.79	49.04	32.25	28.46	38.6	51.97	14.42	34.66	37.36	21.21	11.18	32.25	30.41	59.91	38.6	50.64	33.54	43.46	11.0	57.43	38.83	20.0	56.64	10.44	46.69	47.85	14.14	61.55	37.34	40.61	37.64	56.44	11.7	55.97	48.6	41.44	42.8	46.87	40.82	3.61	3.0	19.42	8.6	0.0	21.95
48	22.63	67.08	51.48	24.35	14.0	50.21	51.48	47.2	56.6	71.84	20.25	14.87	47.85	5.66	24.02	31.14	51.55	81.84	36.06	71.57	45.88	51.04	19.0	38.63	46.07	3.16	64.88	16.03	68.01	26.0	35.81	40.46	54.04	38.28	17.0	49.2	23.0	34.71	69.31	50.25	50.54	50.49	24.08	20.62	20.62	41.34	24.33	21.95	0.0
;
