vehicles
vehicle_idx, capacity, cost_per_unit_distance
1,100,1
2,100,1
3,100,1
4,100,1
5,100,1
depot
node_idx,x,y
0,15,19
home delivery customers
node_idx,x,y,service_time,demand
1,87,25,15,14
2,33,31,15,18
3,71,61,15,2
4,29,9,15,22
5,93,7,15,7
6,55,47,15,18
7,23,13,15,23
8,57,63,15,21
9,5,95,15,2
10,65,43,15,14
11,69,1,15,9
12,21,81,15,19
13,41,23,15,20
14,15,79,15,11
15,79,47,15,6
16,27,49,15,19
17,25,65,15,8
18,59,51,15,15
19,27,95,15,18
20,21,91,15,11
21,61,83,15,21
22,91,21,15,11
self pickup customers
node_idx,x,y,service_time,demand,locker_idxs
23,1,49,15,1,41
24,69,65,15,15,40-38-41-42-39
25,19,47,15,12,40-41-39-42-38
26,3,25,15,10,39
27,19,91,15,4,37-40
28,67,91,15,2,40
29,19,75,15,15,37-40-41-42
30,19,65,15,13,37-39-41-40-42-38
31,29,17,15,13,39-42-41
32,31,87,15,2,37-40-41
flexible customers
node_idx,x,y,service_time,demand,locker_idxs
33,93,91,15,11,36
34,15,83,15,12,40-37
35,71,41,15,23,36-38-41-42-39
lockers
node_idx,x,y,service_time,capacity,cost_per_unit_good
36,93,12,10,96,100
37,22,88,10,73,100
38,52,51,10,77,100
39,42,42,10,76,100
40,36,71,10,99,100
41,38,50,10,81,100
42,43,47,10,77,100
mrt lines
start_node_idx,end_node_idx,freight_capacity,cost_per_unit_good
36,37,96,1
37,36,96,1
distance matrix
,0,1,2,3,4,5,6,7,8,9,10,11,12,13,14,15,16,17,18,19,20,21,22,23,24,25,26,27,28,29,30,31,32,33,34,35,36,37,38,39,40,41,42,
0,0.0,72.25,21.63,70.0,17.2,78.92,48.83,10.0,60.83,76.66,55.46,56.92,62.29,26.31,60.0,69.86,32.31,47.07,54.41,76.94,72.25,78.82,76.03,33.11,70.94,28.28,13.42,72.11,88.81,56.14,46.17,14.14,69.86,106.15,64.0,60.17,78.31,69.35,48.92,35.47,56.08,38.6,39.6
1,72.25,0.0,54.33,39.4,60.17,18.97,38.83,65.12,48.41,107.81,28.43,30.0,86.56,46.04,90.0,23.41,64.62,73.78,38.21,92.2,93.34,63.56,5.66,89.29,43.86,71.47,84.0,94.76,68.96,84.4,78.89,58.55,83.55,66.27,92.46,22.63,14.32,90.52,43.6,48.1,68.68,55.01,49.19
2,21.63,54.33,0.0,48.41,22.36,64.62,27.2,20.59,40.0,69.86,34.18,46.86,51.42,11.31,51.26,48.7,18.97,34.93,32.8,64.28,61.19,59.06,58.86,36.72,49.52,21.26,30.59,61.61,68.96,46.17,36.77,14.56,56.04,84.85,55.03,39.29,62.94,58.05,27.59,14.21,40.11,19.65,18.87
3,70.0,39.4,48.41,0.0,66.84,58.31,21.26,67.88,14.14,74.24,18.97,60.03,53.85,48.41,58.82,16.12,45.61,46.17,15.62,55.61,58.31,24.17,44.72,71.02,4.47,53.85,76.94,60.03,30.27,53.85,52.15,60.83,47.71,37.2,60.17,20.0,53.71,55.95,21.47,34.67,36.4,34.79,31.3
4,17.2,60.17,22.36,66.84,0.0,64.03,46.04,7.21,60.83,89.29,49.52,40.79,72.44,18.44,71.39,62.8,40.05,56.14,51.61,86.02,82.39,80.62,63.15,48.83,68.82,39.29,30.53,82.61,90.38,66.75,56.89,8.0,78.03,104.02,75.31,52.8,64.07,79.31,47.89,35.47,62.39,41.98,40.5
5,78.92,18.97,64.62,58.31,64.03,0.0,55.17,70.26,66.57,124.45,45.61,24.74,103.25,54.41,106.15,42.38,78.23,89.38,55.61,110.0,110.63,82.46,14.14,101.13,62.77,84.12,91.78,111.95,87.93,100.5,94.02,64.78,101.21,84.0,108.9,40.5,5.0,107.71,60.14,61.85,85.7,69.81,64.03
6,48.83,38.83,27.2,21.26,46.04,55.17,0.0,46.69,16.12,69.31,10.77,48.08,48.08,27.78,51.22,24.0,28.07,34.99,5.66,55.57,55.61,36.5,44.41,54.04,22.8,36.0,56.46,56.85,45.61,45.61,40.25,39.7,46.65,58.14,53.81,17.09,51.66,52.63,5.0,13.93,30.61,17.26,12.0
7,10.0,65.12,20.59,67.88,7.21,70.26,46.69,0.0,60.46,83.95,51.61,47.54,68.03,20.59,66.48,65.51,36.22,52.04,52.35,82.1,78.03,79.65,68.47,42.19,69.43,34.23,23.32,78.1,89.55,62.13,52.15,7.21,74.43,104.8,70.46,55.57,70.01,75.01,47.8,34.67,59.44,39.92,39.45
8,60.83,48.41,40.0,14.14,60.83,66.57,16.12,60.46,0.0,61.06,21.54,63.15,40.25,43.08,44.94,27.2,33.11,32.06,12.17,43.86,45.61,20.4,54.04,57.72,12.17,41.23,66.03,47.2,29.73,39.85,38.05,53.85,35.38,45.61,46.52,26.08,62.43,43.01,13.0,25.81,22.47,23.02,21.26
9,76.66,107.81,69.86,74.24,89.29,124.45,69.31,83.95,61.06,0.0,79.4,113.72,21.26,80.5,18.87,88.2,50.99,36.06,69.66,22.0,16.49,57.27,113.45,46.17,70.68,50.0,70.03,14.56,62.13,24.41,33.11,81.61,27.2,88.09,15.62,85.28,120.97,18.38,64.38,64.64,39.2,55.8,61.22
10,55.46,28.43,34.18,18.97,49.52,45.61,10.77,51.61,21.54,79.4,0.0,42.19,58.14,31.24,61.61,14.56,38.47,45.65,10.0,64.4,65.12,40.2,34.06,64.28,22.36,46.17,64.56,66.48,48.04,56.04,50.99,44.41,55.61,55.57,64.03,6.32,41.77,62.24,15.26,23.02,40.31,27.89,22.36
11,56.92,30.0,46.86,60.03,40.79,24.74,48.08,47.54,63.15,113.72,42.19,0.0,93.3,35.61,94.87,47.07,63.78,77.67,50.99,102.96,102.0,82.39,29.73,83.23,64.0,67.94,70.23,102.96,90.02,89.31,81.22,43.08,94.02,93.15,98.18,40.05,26.4,98.88,52.81,49.09,77.39,57.98,52.84
12,62.29,86.56,51.42,53.85,72.44,103.25,48.08,68.03,40.25,21.26,58.14,93.3,0.0,61.35,6.32,67.23,32.56,16.49,48.41,15.23,10.0,40.05,92.2,37.74,50.6,34.06,58.82,10.2,47.07,6.32,16.12,64.5,11.66,72.69,6.32,64.03,99.72,7.07,43.14,44.29,18.03,35.36,40.5
13,26.31,46.04,11.31,48.41,18.44,54.41,27.78,20.59,43.08,80.5,31.24,35.61,61.35,0.0,61.74,44.94,29.53,44.94,33.29,73.35,70.88,63.25,50.04,47.71,50.48,32.56,38.05,71.47,72.8,56.46,47.41,13.42,64.78,85.6,65.39,34.99,53.15,67.72,30.08,19.03,48.26,27.17,24.08
14,60.0,90.0,51.26,58.82,71.39,106.15,51.22,66.48,44.94,18.87,61.61,94.87,6.32,61.74,0.0,71.55,32.31,17.2,52.15,20.0,13.42,46.17,95.6,33.11,55.79,32.25,55.32,12.65,53.37,5.66,14.56,63.56,17.89,78.92,4.0,67.68,102.83,11.4,46.4,45.8,22.47,37.01,42.52
15,69.86,23.41,48.7,16.12,62.8,42.38,24.0,65.51,27.2,88.2,14.56,47.07,67.23,44.94,71.55,0.0,52.04,56.92,20.4,70.77,72.8,40.25,28.64,78.03,20.59,60.0,79.12,74.4,45.61,66.21,62.64,58.31,62.48,46.17,73.43,10.0,37.7,70.21,27.29,37.34,49.24,41.11,36.0
16,32.31,64.62,18.97,45.61,40.05,78.23,28.07,36.22,33.11,50.99,38.47,63.78,32.56,29.53,32.31,52.04,0.0,16.12,32.06,46.0,42.43,48.08,69.86,26.0,44.94,8.25,33.94,42.76,58.0,27.2,17.89,32.06,38.21,78.23,36.06,44.72,75.66,39.32,25.08,16.55,23.77,11.05,16.12
17,47.07,73.78,34.93,46.17,56.14,89.38,34.99,52.04,32.06,36.06,45.65,77.67,16.49,44.94,17.2,56.92,16.12,0.0,36.77,30.07,26.31,40.25,79.32,28.84,44.0,18.97,45.65,26.68,49.4,11.66,6.0,48.17,22.8,72.8,20.59,51.88,86.21,23.19,30.41,28.6,12.53,19.85,25.46
18,54.41,38.21,32.8,15.62,51.61,55.61,5.66,52.35,12.17,69.66,10.0,50.99,48.41,33.29,52.15,20.4,32.06,36.77,0.0,54.41,55.17,32.06,43.86,58.03,17.2,40.2,61.74,56.57,40.79,46.65,42.38,45.34,45.61,52.5,54.41,15.62,51.74,52.33,7.0,19.24,30.48,21.02,16.49
19,76.94,92.2,64.28,55.61,86.02,110.0,55.57,82.1,43.86,22.0,64.4,102.96,15.23,73.35,20.0,70.77,46.0,30.07,54.41,0.0,7.21,36.06,97.84,52.84,51.61,48.66,74.0,8.94,40.2,21.54,31.05,78.03,8.94,66.12,16.97,69.66,106.04,8.6,50.61,55.08,25.63,46.32,50.6
20,72.25,93.34,61.19,58.31,82.39,110.63,55.61,78.03,45.61,16.49,65.12,102.0,10.0,70.88,13.42,72.8,42.43,26.31,55.17,7.21,0.0,40.79,98.99,46.52,54.59,44.05,68.41,2.0,46.0,16.12,26.08,74.43,10.77,72.0,10.0,70.71,106.89,3.16,50.61,53.31,25.0,44.38,49.19
21,78.82,63.56,59.06,24.17,80.62,82.46,36.5,79.65,20.4,57.27,40.2,82.39,40.05,63.25,46.17,40.25,48.08,40.25,32.06,36.06,40.79,0.0,68.88,68.96,19.7,55.32,82.02,42.76,10.0,42.76,45.69,73.35,30.27,32.98,46.0,43.17,77.88,39.32,33.24,45.19,27.73,40.22,40.25
22,76.03,5.66,58.86,44.72,63.15,14.14,44.41,68.47,54.04,113.45,34.06,29.73,92.2,50.04,95.6,28.64,69.86,79.32,43.86,97.84,98.99,68.88,0.0,94.25,49.19,76.55,88.09,100.42,74.0,90.0,84.38,62.13,89.2,70.03,98.08,28.28,9.22,96.18,49.2,53.31,74.33,60.42,54.59
23,33.11,89.29,36.72,71.02,48.83,101.13,54.04,42.19,57.72,46.17,64.28,83.23,37.74,47.71,33.11,78.03,26.0,28.84,58.03,52.84,46.52,68.96,94.25,0.0,69.86,18.11,24.08,45.69,78.23,31.62,24.08,42.52,48.41,101.13,36.77,70.46,99.16,44.29,51.04,41.59,41.34,37.01,42.05
24,70.94,43.86,49.52,4.47,68.82,62.77,22.8,69.43,12.17,70.68,22.36,64.0,50.6,50.48,55.79,20.59,44.94,44.0,17.2,51.61,54.59,19.7,49.19,69.86,0.0,53.14,77.18,56.36,26.08,50.99,50.0,62.48,43.91,35.38,56.92,24.08,58.18,52.33,22.02,35.47,33.54,34.44,31.62
25,28.28,71.47,21.26,53.85,39.29,84.12,36.0,34.23,41.23,50.0,46.17,67.94,34.06,32.56,32.25,60.0,8.25,18.97,40.2,48.66,44.05,55.32,76.55,18.11,53.14,0.0,27.2,44.0,65.12,28.0,18.0,31.62,41.76,86.09,36.22,52.35,81.86,41.11,33.24,23.54,29.41,19.24,24.0
26,13.42,84.0,30.59,76.94,30.53,91.78,56.46,23.32,66.03,70.03,64.56,70.23,58.82,38.05,55.32,79.12,33.94,45.65,61.74,74.0,68.41,82.02,88.09,24.08,77.18,27.2,0.0,67.91,91.93,52.5,43.08,27.2,68.03,111.61,59.23,69.86,90.93,65.8,55.47,42.54,56.61,43.01,45.65
27,72.11,94.76,61.61,60.03,82.61,111.95,56.85,78.1,47.2,14.56,66.48,102.96,10.2,71.47,12.65,74.4,42.76,26.68,56.57,8.94,2.0,42.76,100.42,45.69,56.36,44.0,67.91,0.0,48.0,16.0,26.0,74.67,12.65,74.0,8.94,72.14,108.25,4.24,51.86,54.13,26.25,45.19,50.12
28,88.81,68.96,68.96,30.27,90.38,87.93,45.61,89.55,29.73,62.13,48.04,90.02,47.07,72.8,53.37,45.61,58.0,49.4,40.79,40.2,46.0,10.0,74.0,78.23,26.08,65.12,91.93,48.0,0.0,50.6,54.59,83.19,36.22,26.0,52.61,50.16,83.17,45.1,42.72,55.01,36.89,50.22,50.12
29,56.14,84.4,46.17,53.85,66.75,100.5,45.61,62.13,39.85,24.41,56.04,89.31,6.32,56.46,5.66,66.21,27.2,11.66,46.65,21.54,16.12,42.76,90.0,31.62,50.99,28.0,52.5,16.0,50.6,0.0,10.0,58.86,16.97,75.71,8.94,62.13,97.19,13.34,40.8,40.22,17.46,31.4,36.88
30,46.17,78.89,36.77,52.15,56.89,94.02,40.25,52.15,38.05,33.11,50.99,81.22,16.12,47.41,14.56,62.64,17.89,6.0,42.38,31.05,26.08,45.69,84.38,24.08,50.0,18.0,43.08,26.0,54.59,10.0,0.0,49.03,25.06,78.43,18.44,57.27,91.02,23.19,35.85,32.53,18.03,24.21,30.0
31,14.14,58.55,14.56,60.83,8.0,64.78,39.7,7.21,53.85,81.61,44.41,43.08,64.5,13.42,63.56,58.31,32.06,48.17,45.34,78.03,74.43,73.35,62.13,42.52,62.48,31.62,27.2,74.67,83.19,58.86,49.03,0.0,70.03,97.84,67.47,48.37,64.2,71.34,41.05,28.18,54.45,34.21,33.11
32,69.86,83.55,56.04,47.71,78.03,101.21,46.65,74.43,35.38,27.2,55.61,94.02,11.66,64.78,17.89,62.48,38.21,22.8,45.61,8.94,10.77,30.27,89.2,48.41,43.91,41.76,68.03,12.65,36.22,16.97,25.06,70.03,0.0,62.13,16.49,60.96,97.31,9.06,41.68,46.32,16.76,37.66,41.76
33,106.15,66.27,84.85,37.2,104.02,84.0,58.14,104.8,45.61,88.09,55.57,93.15,72.69,85.6,78.92,46.17,78.23,72.8,52.5,66.12,72.0,32.98,70.03,101.13,35.38,86.09,111.61,74.0,26.0,75.71,78.43,97.84,62.13,0.0,78.41,54.63,79.0,71.06,57.28,70.72,60.41,68.6,66.6
34,64.0,92.46,55.03,60.17,75.31,108.9,53.81,70.46,46.52,15.62,64.03,98.18,6.32,65.39,4.0,73.43,36.06,20.59,54.41,16.97,10.0,46.0,98.08,36.77,56.92,36.22,59.23,8.94,52.61,8.94,18.44,67.47,16.49,78.41,0.0,70.0,105.48,8.6,48.92,49.09,24.19,40.22,45.61
35,60.17,22.63,39.29,20.0,52.8,40.5,17.09,55.57,26.08,85.28,6.32,40.05,64.03,34.99,67.68,10.0,44.72,51.88,15.62,69.66,70.71,43.17,28.28,70.46,24.08,52.35,69.86,72.14,50.16,62.13,57.27,48.37,60.96,54.63,70.0,0.0,36.4,67.9,21.47,29.02,46.1,34.21,28.64
36,78.31,14.32,62.94,53.71,64.07,5.0,51.66,70.01,62.43,120.97,41.77,26.4,99.72,53.15,102.83,37.7,75.66,86.21,51.74,106.04,106.89,77.88,9.22,99.16,58.18,81.86,90.93,108.25,83.17,97.19,91.02,64.2,97.31,79.0,105.48,36.4,0.0,104.0,56.59,59.17,82.04,66.85,61.03
37,69.35,90.52,58.05,55.95,79.31,107.71,52.63,75.01,43.01,18.38,62.24,98.88,7.07,67.72,11.4,70.21,39.32,23.19,52.33,8.6,3.16,39.32,96.18,44.29,52.33,41.11,65.8,4.24,45.1,13.34,23.19,71.34,9.06,71.06,8.6,67.9,104.0,0.0,47.63,50.16,22.02,41.23,46.07
38,48.92,43.6,27.59,21.47,47.89,60.14,5.0,47.8,13.0,64.38,15.26,52.81,43.14,30.08,46.4,27.29,25.08,30.41,7.0,50.61,50.61,33.24,49.2,51.04,22.02,33.24,55.47,51.86,42.72,40.8,35.85,41.05,41.68,57.28,48.92,21.47,56.59,47.63,0.0,13.45,25.61,14.04,9.85
39,35.47,48.1,14.21,34.67,35.47,61.85,13.93,34.67,25.81,64.64,23.02,49.09,44.29,19.03,45.8,37.34,16.55,28.6,19.24,55.08,53.31,45.19,53.31,41.59,35.47,23.54,42.54,54.13,55.01,40.22,32.53,28.18,46.32,70.72,49.09,29.02,59.17,50.16,13.45,0.0,29.61,8.94,5.1
40,56.08,68.68,40.11,36.4,62.39,85.7,30.61,59.44,22.47,39.2,40.31,77.39,18.03,48.26,22.47,49.24,23.77,12.53,30.48,25.63,25.0,27.73,74.33,41.34,33.54,29.41,56.61,26.25,36.89,17.46,18.03,54.45,16.76,60.41,24.19,46.1,82.04,22.02,25.61,29.61,0.0,21.1,25.0
41,38.6,55.01,19.65,34.79,41.98,69.81,17.26,39.92,23.02,55.8,27.89,57.98,35.36,27.17,37.01,41.11,11.05,19.85,21.02,46.32,44.38,40.22,60.42,37.01,34.44,19.24,43.01,45.19,50.22,31.4,24.21,34.21,37.66,68.6,40.22,34.21,66.85,41.23,14.04,8.94,21.1,0.0,5.83
42,39.6,49.19,18.87,31.3,40.5,64.03,12.0,39.45,21.26,61.22,22.36,52.84,40.5,24.08,42.52,36.0,16.12,25.46,16.49,50.6,49.19,40.25,54.59,42.05,31.62,24.0,45.65,50.12,50.12,36.88,30.0,33.11,41.76,66.6,45.61,28.64,61.03,46.07,9.85,5.1,25.0,5.83,0.0
