vehicles
vehicle_idx, capacity, cost_per_unit_distance
1,100,1
2,100,1
3,100,1
4,100,1
5,100,1
6,100,1
depot
node_idx,x,y
0,34,31
home delivery customers
node_idx,x,y,service_time,demand
1,70,80,15,17
2,81,70,15,6
3,50,64,15,15
4,80,64,15,16
5,75,90,15,17
6,25,40,15,1
7,9,66,15,21
8,1,44,15,66
9,35,45,15,16
10,25,54,15,17
11,66,84,15,10
12,11,35,15,25
13,81,46,15,16
14,85,10,15,7
15,75,20,15,21
16,15,21,15,11
17,90,45,15,21
18,10,95,15,22
19,51,5,15,2
20,26,36,15,22
self pickup customers
node_idx,x,y,service_time,demand,locker_idxs
21,45,55,15,26,35-39-37-38-36-40
22,85,61,15,15,40
23,59,55,15,7,35-37-39-38-36-40
24,45,60,15,5,34-39-35-37-38-36-40
25,50,54,15,25,35-39-37-38-36-40
26,1,9,15,7,39
27,45,59,15,17,37-35-38-40-36-39-34
28,15,0,15,11,39
29,31,26,15,21,36-37-38-35-39
flexible customers
node_idx,x,y,service_time,demand,locker_idxs
30,71,84,15,11,40-36
31,45,71,15,22,35-39-34-37-38-36-40
32,6,6,15,25,39
lockers
node_idx,x,y,service_time,capacity,cost_per_unit_good
33,93,12,10,98,100
34,22,88,10,95,100
35,43,42,10,77,100
36,44,59,10,73,100
37,47,45,10,73,100
38,46,49,10,80,100
39,38,49,10,96,100
40,45,70,10,70,100
mrt lines
start_node_idx,end_node_idx,freight_capacity,cost_per_unit_good
33,34,98,1
34,33,98,1
distance matrix
,0,1,2,3,4,5,6,7,8,9,10,11,12,13,14,15,16,17,18,19,20,21,22,23,24,25,26,27,28,29,30,31,32,33,34,35,36,37,38,39,40,
0,0.0,60.8,61.07,36.67,56.61,71.85,12.73,43.01,35.47,14.04,24.7,61.91,23.35,49.34,55.15,42.45,21.47,57.72,68.35,31.06,9.43,26.4,59.17,34.66,31.02,28.02,39.66,30.08,36.36,5.83,64.64,41.48,37.54,61.98,58.25,14.21,29.73,19.1,21.63,18.44,40.52
1,60.8,0.0,14.87,25.61,18.87,11.18,60.21,62.59,77.83,49.5,51.97,5.66,74.2,35.74,71.59,60.21,80.66,40.31,61.85,77.37,62.23,35.36,24.21,27.31,32.02,32.8,99.01,32.65,97.08,66.61,4.12,26.57,97.84,71.78,48.66,46.62,33.42,41.88,39.2,44.55,26.93
2,61.07,14.87,0.0,31.58,6.08,20.88,63.53,72.11,84.12,52.35,58.24,20.52,78.26,24.0,60.13,50.36,82.2,26.57,75.27,71.59,64.66,39.0,9.85,26.63,37.36,34.89,100.6,37.64,96.21,66.6,17.2,36.01,98.6,59.23,61.68,47.2,38.6,42.2,40.82,47.85,36.0
3,36.67,25.61,31.58,0.0,30.0,36.07,34.66,41.05,52.92,24.21,26.93,25.61,48.6,35.85,64.35,50.61,55.44,44.28,50.61,59.01,36.88,10.3,35.13,12.73,6.4,10.0,73.66,7.07,72.95,42.49,29.0,8.6,72.8,67.48,36.88,23.09,7.81,19.24,15.52,19.21,7.81
4,56.61,18.87,6.08,30.0,0.0,26.48,60.01,71.03,81.49,48.85,55.9,24.41,74.85,18.03,54.23,44.28,77.94,21.47,76.56,65.74,60.83,36.14,5.83,22.85,35.23,31.62,96.26,35.36,91.22,62.01,21.93,35.69,94.02,53.6,62.77,43.05,36.35,38.08,37.16,44.6,35.51
5,71.85,11.18,20.88,36.07,26.48,0.0,70.71,70.23,87.13,60.21,61.61,10.82,84.39,44.41,80.62,70.0,91.44,47.43,65.19,88.32,72.92,46.1,30.68,38.48,42.43,43.83,109.71,43.14,108.17,77.67,7.21,35.51,108.71,80.05,53.04,57.69,43.84,53.0,50.22,55.23,36.06
6,12.73,60.21,63.53,34.66,60.01,70.71,0.0,30.53,24.33,11.18,14.0,60.14,14.87,56.32,67.08,53.85,21.47,65.19,57.01,43.6,4.12,25.0,63.57,37.16,28.28,28.65,39.2,27.59,41.23,15.23,63.66,36.89,38.95,73.54,48.09,18.11,26.87,22.56,22.85,15.81,36.06
7,43.01,62.59,72.11,41.05,71.03,70.23,30.53,0.0,23.41,33.42,20.0,59.77,31.06,74.73,94.4,80.45,45.4,83.68,29.02,74.06,34.48,37.64,76.16,51.2,36.5,42.72,57.56,36.67,66.27,45.65,64.56,36.35,60.07,99.86,25.55,41.62,35.69,43.42,40.72,33.62,36.22
8,35.47,77.83,84.12,52.92,81.49,87.13,24.33,23.41,0.0,34.01,26.0,76.32,13.45,80.02,90.62,77.79,26.93,89.01,51.79,63.41,26.25,45.35,85.7,59.03,46.82,50.01,35.0,46.49,46.17,34.99,80.62,51.62,38.33,97.41,48.75,42.05,45.54,46.01,45.28,37.34,51.11
9,14.04,49.5,52.35,24.21,48.85,60.21,11.18,33.42,34.01,0.0,13.45,49.82,26.0,46.01,61.03,47.17,31.24,55.0,55.9,43.08,12.73,14.14,52.5,26.0,18.03,17.49,49.52,17.2,49.24,19.42,53.08,27.86,48.6,66.73,44.92,8.54,16.64,12.0,11.7,5.0,26.93
10,24.7,51.97,58.24,26.93,55.9,61.61,14.0,20.0,26.0,13.45,0.0,50.8,23.6,56.57,74.4,60.46,34.48,65.62,43.66,55.47,18.03,20.02,60.41,34.01,20.88,25.0,51.0,20.62,54.92,28.64,54.92,26.25,51.62,79.92,34.13,21.63,19.65,23.77,21.59,13.93,25.61
11,61.91,5.66,20.52,25.61,24.41,10.82,60.14,59.77,76.32,49.82,50.8,0.0,73.66,40.85,76.4,64.63,81.06,45.79,57.07,80.41,62.48,35.81,29.83,29.83,31.89,34.0,99.25,32.65,98.27,67.74,5.0,24.7,98.41,76.9,44.18,47.89,33.3,43.38,40.31,44.82,25.24
12,23.35,74.2,78.26,48.6,74.85,84.39,14.87,31.06,13.45,26.0,23.6,73.66,0.0,70.86,78.11,65.73,14.56,79.63,60.01,50.0,15.03,39.45,78.43,52.0,42.2,43.38,27.86,41.62,35.23,21.93,77.47,49.52,29.43,85.16,54.13,32.76,40.8,37.36,37.7,30.41,48.8
13,49.34,35.74,24.0,35.85,18.03,44.41,56.32,74.73,80.02,46.01,56.57,40.85,70.86,0.0,36.22,26.68,70.58,9.06,86.27,50.8,55.9,37.11,15.52,23.77,38.63,32.02,88.14,38.28,80.45,53.85,39.29,43.83,85.0,36.06,72.42,38.21,39.22,34.01,35.13,43.1,43.27
14,55.15,71.59,60.13,64.35,54.23,80.62,67.08,94.4,90.62,61.03,74.4,76.4,78.11,36.22,0.0,14.14,70.86,35.36,113.36,34.37,64.47,60.21,51.0,51.97,64.03,56.22,84.01,63.25,70.71,56.32,75.31,72.95,79.1,8.25,100.26,52.8,63.89,51.66,55.15,61.07,72.11
15,42.45,60.21,50.36,50.61,44.28,70.0,53.85,80.45,77.79,47.17,60.46,64.63,65.73,26.68,14.14,0.0,60.01,29.15,99.25,28.3,51.55,46.1,42.2,38.48,50.0,42.2,74.81,49.2,63.25,44.41,64.12,59.17,70.41,19.7,86.21,38.83,49.82,37.54,41.01,47.01,58.31
16,21.47,80.66,82.2,55.44,77.94,91.44,21.47,45.4,26.93,31.24,34.48,81.06,14.56,70.58,70.86,60.01,0.0,78.75,74.17,39.4,18.6,45.34,80.62,55.61,49.2,48.1,18.44,48.41,21.0,16.76,84.29,58.31,17.49,78.52,67.36,35.0,47.8,40.0,41.77,36.24,57.45
17,57.72,40.31,26.57,44.28,21.47,47.43,65.19,83.68,89.01,55.0,65.62,45.79,79.63,9.06,35.36,29.15,78.75,0.0,94.34,55.87,64.63,46.1,16.76,32.57,47.43,41.0,96.01,47.13,87.46,61.98,43.38,51.97,92.61,33.14,80.45,47.1,48.08,43.0,44.18,52.15,51.48
18,68.35,61.85,75.27,50.61,76.56,65.19,57.01,29.02,51.79,55.9,43.66,57.07,60.01,86.27,113.36,99.25,74.17,94.34,0.0,98.9,61.13,53.15,82.35,63.25,49.5,57.28,86.47,50.21,95.13,72.12,61.98,42.44,89.09,117.38,13.89,62.43,49.52,62.2,58.41,53.85,43.01
19,31.06,77.37,71.59,59.01,65.74,88.32,43.6,74.06,63.41,43.08,55.47,80.41,50.0,50.8,34.37,28.3,39.4,55.87,98.9,0.0,39.82,50.36,65.51,50.64,55.33,49.01,50.16,54.33,36.35,29.0,81.49,66.27,45.01,42.58,87.92,37.85,54.45,40.2,44.28,45.88,65.28
20,9.43,62.23,64.66,36.88,60.83,72.92,4.12,34.48,26.25,12.73,18.03,62.48,15.03,55.9,64.47,51.55,18.6,64.63,61.13,39.82,0.0,26.87,64.08,38.08,30.61,30.0,36.8,29.83,37.64,11.18,65.8,39.82,36.06,71.17,52.15,18.03,29.21,22.85,23.85,17.69,38.95
21,26.4,35.36,39.0,10.3,36.14,46.1,25.0,37.64,45.35,14.14,20.02,35.81,39.45,37.11,60.21,46.1,45.34,46.1,53.15,50.36,26.87,0.0,40.45,14.0,5.0,5.1,63.66,4.0,62.65,32.2,38.95,16.0,62.63,64.44,40.22,13.15,4.12,10.2,6.08,9.22,15.0
22,59.17,24.21,9.85,35.13,5.83,30.68,63.57,76.16,85.7,52.5,60.41,29.83,78.43,15.52,51.0,42.2,80.62,16.76,82.35,65.51,64.08,40.45,0.0,26.68,40.01,35.69,98.79,40.05,92.85,64.35,26.93,41.23,96.26,49.65,68.54,46.1,41.05,41.23,40.8,48.51,41.0
23,34.66,27.31,26.63,12.73,22.85,38.48,37.16,51.2,59.03,26.0,34.01,29.83,52.0,23.77,51.97,38.48,55.61,32.57,63.25,50.64,38.08,14.0,26.68,0.0,14.87,9.06,74.03,14.56,70.43,40.31,31.38,21.26,72.18,54.82,49.58,20.62,15.52,15.62,14.32,21.84,20.52
24,31.02,32.02,37.36,6.4,35.23,42.43,28.28,36.5,46.82,18.03,20.88,31.89,42.2,38.63,64.03,50.0,49.2,47.43,49.5,55.33,30.61,5.0,40.01,14.87,0.0,7.81,67.36,1.0,67.08,36.77,35.38,11.0,66.61,67.88,36.24,18.11,1.41,15.13,11.05,13.04,10.0
25,28.02,32.8,34.89,10.0,31.62,43.83,28.65,42.72,50.01,17.49,25.0,34.0,43.38,32.02,56.22,42.2,48.1,41.0,57.28,49.01,30.0,5.1,35.69,9.06,7.81,0.0,66.53,7.07,64.35,33.84,36.62,17.72,65.12,60.11,44.05,13.89,7.81,9.49,6.4,13.0,16.76
26,39.66,99.01,100.6,73.66,96.26,109.71,39.2,57.56,35.0,49.52,51.0,99.25,27.86,88.14,84.01,74.81,18.44,96.01,86.47,50.16,36.8,63.66,98.79,74.03,67.36,66.53,0.0,66.6,16.64,34.48,102.59,76.03,5.83,92.05,81.74,53.41,65.95,58.41,60.21,54.49,75.21
27,30.08,32.65,37.64,7.07,35.36,43.14,27.59,36.67,46.49,17.2,20.62,32.65,41.62,38.28,63.25,49.2,48.41,47.13,50.21,54.33,29.83,4.0,40.05,14.56,1.0,7.07,66.6,0.0,66.19,35.85,36.07,12.0,65.8,67.18,37.01,17.12,1.0,14.14,10.05,12.21,11.0
28,36.36,97.08,96.21,72.95,91.22,108.17,41.23,66.27,46.17,49.24,54.92,98.27,35.23,80.45,70.71,63.25,21.0,87.46,95.13,36.35,37.64,62.65,92.85,70.43,67.08,64.35,16.64,66.19,0.0,30.53,100.96,77.08,10.82,78.92,88.28,50.48,65.74,55.22,57.98,54.13,76.16
29,5.83,66.61,66.6,42.49,62.01,77.67,15.23,45.65,34.99,19.42,28.64,67.74,21.93,53.85,56.32,44.41,16.76,61.98,72.12,29.0,11.18,32.2,64.35,40.31,36.77,33.84,34.48,35.85,30.53,0.0,70.46,47.13,32.02,63.56,62.65,20.0,35.47,24.84,27.46,24.04,46.17
30,64.64,4.12,17.2,29.0,21.93,7.21,63.66,64.56,80.62,53.08,54.92,5.0,77.47,39.29,75.31,64.12,84.29,43.38,61.98,81.49,65.8,38.95,26.93,31.38,35.38,36.62,102.59,36.07,100.96,70.46,0.0,29.07,101.53,75.29,49.16,50.48,36.8,45.79,43.01,48.1,29.53
31,41.48,26.57,36.01,8.6,35.69,35.51,36.89,36.35,51.62,27.86,26.25,24.7,49.52,43.83,72.95,59.17,58.31,51.97,42.44,66.27,39.82,16.0,41.23,21.26,11.0,17.72,76.03,12.0,77.08,47.13,29.07,0.0,75.8,76.06,28.6,29.07,12.04,26.08,22.02,23.09,1.0
32,37.54,97.84,98.6,72.8,94.02,108.71,38.95,60.07,38.33,48.6,51.62,98.41,29.43,85.0,79.1,70.41,17.49,92.61,89.09,45.01,36.06,62.63,96.26,72.18,66.61,65.12,5.83,65.8,10.82,32.02,101.53,75.8,0.0,87.21,83.55,51.62,65.22,56.59,58.73,53.6,74.95
33,61.98,71.78,59.23,67.48,53.6,80.05,73.54,99.86,97.41,66.73,79.92,76.9,85.16,36.06,8.25,19.7,78.52,33.14,117.38,42.58,71.17,64.44,49.65,54.82,67.88,60.11,92.05,67.18,78.92,63.56,75.29,76.06,87.21,0.0,104.0,58.31,67.9,56.61,59.82,66.29,75.29
34,58.25,48.66,61.68,36.88,62.77,53.04,48.09,25.55,48.75,44.92,34.13,44.18,54.13,72.42,100.26,86.21,67.36,80.45,13.89,87.92,52.15,40.22,68.54,49.58,36.24,44.05,81.74,37.01,88.28,62.65,49.16,28.6,83.55,104.0,0.0,50.57,36.4,49.74,45.79,42.15,29.21
35,14.21,46.62,47.2,23.09,43.05,57.69,18.11,41.62,42.05,8.54,21.63,47.89,32.76,38.21,52.8,38.83,35.0,47.1,62.43,37.85,18.03,13.15,46.1,20.62,18.11,13.89,53.41,17.12,50.48,20.0,50.48,29.07,51.62,58.31,50.57,0.0,17.03,5.0,7.62,8.6,28.07
36,29.73,33.42,38.6,7.81,36.35,43.84,26.87,35.69,45.54,16.64,19.65,33.3,40.8,39.22,63.89,49.82,47.8,48.08,49.52,54.45,29.21,4.12,41.05,15.52,1.41,7.81,65.95,1.0,65.74,35.47,36.8,12.04,65.22,67.9,36.4,17.03,0.0,14.32,10.2,11.66,11.05
37,19.1,41.88,42.2,19.24,38.08,53.0,22.56,43.42,46.01,12.0,23.77,43.38,37.36,34.01,51.66,37.54,40.0,43.0,62.2,40.2,22.85,10.2,41.23,15.62,15.13,9.49,58.41,14.14,55.22,24.84,45.79,26.08,56.59,56.61,49.74,5.0,14.32,0.0,4.12,9.85,25.08
38,21.63,39.2,40.82,15.52,37.16,50.22,22.85,40.72,45.28,11.7,21.59,40.31,37.7,35.13,55.15,41.01,41.77,44.18,58.41,44.28,23.85,6.08,40.8,14.32,11.05,6.4,60.21,10.05,57.98,27.46,43.01,22.02,58.73,59.82,45.79,7.62,10.2,4.12,0.0,8.0,21.02
39,18.44,44.55,47.85,19.21,44.6,55.23,15.81,33.62,37.34,5.0,13.93,44.82,30.41,43.1,61.07,47.01,36.24,52.15,53.85,45.88,17.69,9.22,48.51,21.84,13.04,13.0,54.49,12.21,54.13,24.04,48.1,23.09,53.6,66.29,42.15,8.6,11.66,9.85,8.0,0.0,22.14
40,40.52,26.93,36.0,7.81,35.51,36.06,36.06,36.22,51.11,26.93,25.61,25.24,48.8,43.27,72.11,58.31,57.45,51.48,43.01,65.28,38.95,15.0,41.0,20.52,10.0,16.76,75.21,11.0,76.16,46.17,29.53,1.0,74.95,75.29,29.21,28.07,11.05,25.08,21.02,22.14,0.0
