set K:= 1	2	3	4	5;
set C_H:= 1	2	3	4	5	6	7	8	9	10	11	12	13	14	15	16	17	18	19	20	21;
set C_S:= 22	23	24	25	26	27	28	29	30;
set C_F:= 31	32	33;
set M:= 34	35;
set L_B:= 36	37	38	39	40;
set A1:=
(0,*) 1 2 3 4 5 6 7 8 9 10 11 12 13 14 15 16 17 18 19 20 21 31 32 33 34 35 36 37 38 39 40
(1,*) 0 2 3 4 5 6 7 8 9 10 11 12 13 14 15 16 17 18 19 20 21 31 32 33 34 35 36 37 38 39 40
(2,*) 0 1 3 4 5 6 7 8 9 10 11 12 13 14 15 16 17 18 19 20 21 31 32 33 34 35 36 37 38 39 40
(3,*) 0 1 2 4 5 6 7 8 9 10 11 12 13 14 15 16 17 18 19 20 21 31 32 33 34 35 36 37 38 39 40
(4,*) 0 1 2 3 5 6 7 8 9 10 11 12 13 14 15 16 17 18 19 20 21 31 32 33 34 35 36 37 38 39 40
(5,*) 0 1 2 3 4 6 7 8 9 10 11 12 13 14 15 16 17 18 19 20 21 31 32 33 34 35 36 37 38 39 40
(6,*) 0 1 2 3 4 5 7 8 9 10 11 12 13 14 15 16 17 18 19 20 21 31 32 33 34 35 36 37 38 39 40
(7,*) 0 1 2 3 4 5 6 8 9 10 11 12 13 14 15 16 17 18 19 20 21 31 32 33 34 35 36 37 38 39 40
(8,*) 0 1 2 3 4 5 6 7 9 10 11 12 13 14 15 16 17 18 19 20 21 31 32 33 34 35 36 37 38 39 40
(9,*) 0 1 2 3 4 5 6 7 8 10 11 12 13 14 15 16 17 18 19 20 21 31 32 33 34 35 36 37 38 39 40
(10,*) 0 1 2 3 4 5 6 7 8 9 11 12 13 14 15 16 17 18 19 20 21 31 32 33 34 35 36 37 38 39 40
(11,*) 0 1 2 3 4 5 6 7 8 9 10 12 13 14 15 16 17 18 19 20 21 31 32 33 34 35 36 37 38 39 40
(12,*) 0 1 2 3 4 5 6 7 8 9 10 11 13 14 15 16 17 18 19 20 21 31 32 33 34 35 36 37 38 39 40
(13,*) 0 1 2 3 4 5 6 7 8 9 10 11 12 14 15 16 17 18 19 20 21 31 32 33 34 35 36 37 38 39 40
(14,*) 0 1 2 3 4 5 6 7 8 9 10 11 12 13 15 16 17 18 19 20 21 31 32 33 34 35 36 37 38 39 40
(15,*) 0 1 2 3 4 5 6 7 8 9 10 11 12 13 14 16 17 18 19 20 21 31 32 33 34 35 36 37 38 39 40
(16,*) 0 1 2 3 4 5 6 7 8 9 10 11 12 13 14 15 17 18 19 20 21 31 32 33 34 35 36 37 38 39 40
(17,*) 0 1 2 3 4 5 6 7 8 9 10 11 12 13 14 15 16 18 19 20 21 31 32 33 34 35 36 37 38 39 40
(18,*) 0 1 2 3 4 5 6 7 8 9 10 11 12 13 14 15 16 17 19 20 21 31 32 33 34 35 36 37 38 39 40
(19,*) 0 1 2 3 4 5 6 7 8 9 10 11 12 13 14 15 16 17 18 20 21 31 32 33 34 35 36 37 38 39 40
(20,*) 0 1 2 3 4 5 6 7 8 9 10 11 12 13 14 15 16 17 18 19 21 31 32 33 34 35 36 37 38 39 40
(21,*) 0 1 2 3 4 5 6 7 8 9 10 11 12 13 14 15 16 17 18 19 20 31 32 33 34 35 36 37 38 39 40
(31,*) 0 1 2 3 4 5 6 7 8 9 10 11 12 13 14 15 16 17 18 19 20 21 32 33 34 35 36 37 38 39 40
(32,*) 0 1 2 3 4 5 6 7 8 9 10 11 12 13 14 15 16 17 18 19 20 21 31 33 34 35 36 37 38 39 40
(33,*) 0 1 2 3 4 5 6 7 8 9 10 11 12 13 14 15 16 17 18 19 20 21 31 32 34 35 36 37 38 39 40
(34,*) 0 1 2 3 4 5 6 7 8 9 10 11 12 13 14 15 16 17 18 19 20 21 31 32 33 35 36 37 38 39 40
(35,*) 0 1 2 3 4 5 6 7 8 9 10 11 12 13 14 15 16 17 18 19 20 21 31 32 33 34 36 37 38 39 40
(36,*) 0 1 2 3 4 5 6 7 8 9 10 11 12 13 14 15 16 17 18 19 20 21 31 32 33 34 35 37 38 39 40
(37,*) 0 1 2 3 4 5 6 7 8 9 10 11 12 13 14 15 16 17 18 19 20 21 31 32 33 34 35 36 38 39 40
(38,*) 0 1 2 3 4 5 6 7 8 9 10 11 12 13 14 15 16 17 18 19 20 21 31 32 33 34 35 36 37 39 40
(39,*) 0 1 2 3 4 5 6 7 8 9 10 11 12 13 14 15 16 17 18 19 20 21 31 32 33 34 35 36 37 38 40
(40,*) 0 1 2 3 4 5 6 7 8 9 10 11 12 13 14 15 16 17 18 19 20 21 31 32 33 34 35 36 37 38 39
;
set A2:=
(34,*) 35
(35,*) 34
;
param BigM:=99999;
param n:= 5;
param d:=
1	15
2	15
3	7
4	13
5	5
6	7
7	13
8	5
9	15
10	16
11	13
12	16
13	13
14	24
15	20
16	3
17	15
18	12
19	19
20	15
21	1
22	23
23	3
24	25
25	5
26	14
27	24
28	9
29	23
30	4
31	24
32	24
33	20
;
param Q:=100;
param w:=
[34,*] 35 1
[35,*] 34 1
;
param V:=
[34,*] 35 85
[35,*] 34 85
;
param f:=
34	100
35	100
36	100
37	100
38	100
39	100
40	100
;
param e:
	34	35	36	37	38	39	40:=
22	0	0	0	1	0	1	0	
23	0	0	1	0	1	0	1	
24	0	1	0	1	1	1	1	
25	0	0	1	0	0	0	0	
26	0	1	1	1	1	1	1	
27	0	0	1	0	0	0	0	
28	0	0	1	1	1	0	1	
29	0	1	0	0	1	1	0	
30	0	1	0	0	0	1	0	
31	0	1	0	0	0	0	0	
32	0	1	1	1	1	1	1	
33	1	0	0	0	0	0	0	
;
param p:=
1	1
2	1
3	1
4	1
5	1
;
param G:=
34	73
35	85
36	83
37	72
38	99
39	99
40	98
;
param s:=
0	0
1	15
2	15
3	15
4	15
5	15
6	15
7	15
8	15
9	15
10	15
11	15
12	15
13	15
14	15
15	15
16	15
17	15
18	15
19	15
20	15
21	15
31	15
32	15
33	15
34	10
35	10
36	10
37	10
38	10
39	10
40	10
;
param t:
	0	1	2	3	4	5	6	7	8	9	10	11	12	13	14	15	16	17	18	19	20	21	22	23	24	25	26	27	28	29	30	31	32	33	34	35	36	37	38	39	40:=
0	0.0	33.94	31.62	36.72	57.27	31.62	62.03	31.62	42.05	69.43	69.66	12.17	42.19	54.92	60.3	44.27	52.04	66.03	38.83	42.38	74.73	36.72	52.35	38.47	48.7	68.03	36.06	47.2	27.78	65.3	69.66	76.16	40.25	17.09	33.6	70.72	30.08	25.94	29.68	51.09	24.6
1	33.94	0.0	50.36	70.0	76.0	65.3	94.02	63.81	74.89	103.32	103.48	28.64	71.69	70.26	89.2	66.75	80.32	99.64	69.77	64.78	105.6	42.76	81.71	58.31	80.62	86.09	69.66	62.13	49.03	99.16	103.48	94.19	73.24	19.7	5.0	104.66	61.91	59.2	63.25	84.96	57.8
2	31.62	50.36	0.0	36.5	86.02	44.72	51.22	28.28	37.95	69.08	68.03	42.94	63.91	85.04	41.62	16.49	32.8	72.99	28.64	14.56	90.2	68.26	35.38	68.12	39.45	96.52	48.37	77.79	58.0	69.86	74.22	104.31	37.36	32.06	53.04	72.73	50.33	30.15	44.15	57.43	42.72
3	36.72	70.0	36.5	0.0	65.51	16.12	26.31	8.25	6.0	34.41	34.06	46.82	36.88	68.03	30.46	33.53	25.61	36.5	11.66	32.98	55.32	64.0	23.32	52.5	14.14	74.4	16.97	63.25	46.39	33.53	37.95	80.92	4.0	50.99	70.18	37.12	26.4	10.82	17.46	21.02	21.38
4	57.27	76.0	86.02	65.51	0.0	49.4	87.32	68.41	70.71	76.24	78.41	51.42	29.73	8.49	95.77	93.34	90.97	62.03	76.03	91.93	48.33	34.93	88.84	18.97	78.71	10.77	49.19	14.56	29.73	66.03	68.03	18.97	68.96	70.34	72.06	73.01	39.41	61.72	48.26	58.46	46.1
5	31.62	65.3	44.72	16.12	49.4	0.0	40.2	20.0	21.54	39.45	40.25	38.42	21.26	52.0	46.52	46.65	41.62	34.41	26.91	45.65	46.04	50.64	39.45	36.88	29.73	58.41	4.47	47.54	32.06	33.94	38.21	65.12	19.7	48.37	64.35	39.82	10.44	14.87	2.24	19.85	8.06
6	62.03	94.02	51.22	26.31	87.32	40.2	0.0	30.46	20.4	24.74	22.36	72.8	57.58	91.21	16.12	39.4	20.88	37.74	24.41	40.25	62.8	90.09	17.09	76.94	13.42	94.85	38.83	87.48	72.03	32.25	34.93	100.24	22.36	74.43	94.81	30.36	50.49	36.4	42.11	30.23	47.0
7	31.62	63.81	28.28	8.25	68.41	20.0	30.46	0.0	11.31	42.19	41.62	42.76	41.23	69.97	30.27	26.83	23.41	44.72	8.25	26.0	62.8	62.51	22.36	53.67	17.09	77.9	22.36	64.4	46.17	41.76	46.17	84.85	10.0	44.41	64.41	45.19	29.07	7.28	20.52	29.15	22.47
8	42.05	74.89	37.95	6.0	70.71	21.54	20.4	11.31	0.0	31.3	30.53	52.5	41.62	73.54	25.06	32.25	21.26	36.0	10.0	32.06	56.92	70.0	18.44	58.24	8.25	79.32	21.63	68.96	52.35	32.25	36.5	85.6	2.0	55.61	75.29	34.79	31.95	16.16	23.09	21.59	27.29
9	69.43	103.32	69.08	34.41	76.24	39.45	24.74	42.19	31.3	0.0	2.83	77.67	48.17	82.0	40.79	60.83	44.0	16.12	40.5	61.19	41.23	88.54	40.0	71.02	30.59	81.58	35.78	80.4	69.57	10.77	11.31	85.44	32.25	84.9	102.94	5.83	47.17	44.69	41.68	20.25	47.51
10	69.66	103.48	68.03	34.06	78.41	40.25	22.36	41.62	30.53	2.83	0.0	78.23	50.04	84.02	38.47	59.23	42.05	18.87	39.4	59.67	44.05	89.84	38.05	72.69	29.12	83.95	36.77	82.22	70.88	13.42	14.14	87.93	31.62	84.85	103.23	8.6	48.38	44.55	42.49	21.59	48.3
11	12.17	28.64	42.94	46.82	51.42	38.42	72.8	42.76	52.5	77.67	78.23	0.0	43.08	47.54	72.11	56.32	64.0	72.14	50.36	54.41	76.97	25.61	64.12	32.56	59.67	62.1	42.52	39.4	22.09	72.25	76.42	70.34	50.6	18.97	26.63	78.24	33.6	36.4	36.24	58.26	30.48
12	42.19	71.69	63.91	36.88	29.73	21.26	57.58	41.23	41.62	48.17	50.04	43.08	0.0	34.23	66.57	67.68	62.48	36.06	48.08	66.57	34.0	43.27	60.0	23.41	49.4	37.74	20.0	32.25	25.46	38.83	41.76	44.05	40.0	58.86	69.32	45.89	13.6	35.51	20.81	29.15	21.19
13	54.92	70.26	85.04	68.03	8.49	52.0	91.21	69.97	73.54	82.0	84.02	47.54	34.23	0.0	98.49	93.72	93.06	68.47	77.9	92.2	56.36	28.07	91.24	16.97	81.71	16.12	52.5	8.25	27.2	72.11	74.43	24.0	71.69	66.48	66.07	79.16	41.63	62.97	50.57	63.39	47.51
14	60.3	89.2	41.62	30.46	95.77	46.52	16.12	30.27	25.06	40.79	38.47	72.11	66.57	98.49	0.0	26.91	8.94	52.8	22.09	28.28	77.18	92.78	8.0	82.87	17.2	104.31	46.65	93.64	76.16	47.54	50.6	110.44	26.83	69.57	90.8	46.32	56.86	37.48	47.93	42.64	51.55
15	44.27	66.75	16.49	33.53	93.34	46.65	39.4	26.83	32.25	60.83	59.23	56.32	67.68	93.72	26.91	0.0	18.87	68.12	22.36	2.0	88.77	80.62	22.36	76.84	30.27	103.32	49.19	87.2	67.68	64.0	68.03	110.63	32.56	48.04	69.26	65.38	54.82	32.2	46.87	53.76	47.51
16	52.04	80.32	32.8	25.61	90.97	41.62	20.88	23.41	21.26	44.0	42.05	64.0	62.48	93.06	8.94	18.87	0.0	53.85	15.23	20.0	76.97	85.51	4.0	76.97	15.23	100.0	42.52	87.73	69.57	49.03	52.61	106.53	22.63	60.73	82.01	49.09	51.62	30.68	42.72	41.59	45.62
17	66.03	99.64	72.99	36.5	62.03	34.41	37.74	44.72	36.0	16.12	18.87	72.14	36.06	68.47	52.8	68.12	53.85	0.0	46.0	68.03	25.46	78.71	50.0	59.46	38.83	66.48	30.0	67.91	60.03	5.66	6.0	69.86	36.06	82.68	98.49	11.4	39.05	44.6	36.4	15.81	41.87
18	38.83	69.77	28.64	11.66	76.03	26.91	24.41	8.25	10.0	40.5	39.4	50.36	48.08	77.9	22.09	22.36	15.23	46.0	0.0	22.09	66.48	70.71	14.14	61.74	11.31	85.28	28.43	72.5	54.41	42.19	46.39	92.02	10.2	50.12	70.77	44.38	36.62	15.52	27.8	31.4	30.41
19	42.38	64.78	14.56	32.98	91.93	45.65	40.25	26.0	32.06	61.19	59.67	54.41	66.57	92.2	28.28	2.0	20.0	68.03	22.09	0.0	88.29	78.79	23.32	75.29	30.59	101.98	48.33	85.6	66.03	64.03	68.12	109.34	32.25	46.04	67.27	65.62	53.6	31.06	45.79	53.46	46.23
20	74.73	105.6	90.2	55.32	48.33	46.04	62.8	62.8	56.92	41.23	44.05	76.97	34.0	56.36	77.18	88.77	76.97	25.46	66.48	88.29	0.0	74.97	73.35	53.74	61.74	49.03	42.0	58.82	58.82	31.11	30.0	50.04	56.32	91.76	103.31	35.81	44.64	60.07	47.17	35.47	50.8
21	36.72	42.76	68.26	64.0	34.93	50.64	90.09	62.51	70.0	88.54	89.84	25.61	43.27	28.07	92.78	80.62	85.51	78.71	70.71	78.79	74.97	0.0	84.85	21.26	78.03	44.18	53.37	20.4	18.97	80.62	84.1	52.04	68.0	42.8	38.33	87.46	41.48	55.33	48.51	68.31	43.19
22	52.35	81.71	35.38	23.32	88.84	39.45	17.09	22.36	18.44	40.0	38.05	64.12	60.0	91.24	8.0	22.36	4.0	50.0	14.14	23.32	73.35	84.85	0.0	75.39	11.66	97.65	40.0	86.16	68.41	45.12	48.66	104.02	20.0	62.03	83.17	45.1	49.65	29.61	40.71	38.08	44.01
23	38.47	58.31	68.12	52.5	18.97	36.88	76.94	53.67	58.24	71.02	72.69	32.56	23.41	16.97	82.87	76.84	76.97	59.46	61.74	75.29	53.74	21.26	75.39	0.0	66.48	29.73	38.21	10.77	10.77	62.1	65.15	37.95	56.32	51.42	54.74	69.12	26.48	46.53	35.17	51.24	31.38
24	48.7	80.62	39.45	14.14	78.71	29.73	13.42	17.09	8.25	30.59	29.12	59.67	49.4	81.71	17.2	30.27	15.23	38.83	11.31	30.59	61.74	78.03	11.66	66.48	0.0	87.13	29.53	77.2	60.53	34.23	38.05	93.23	10.2	61.06	81.39	35.13	40.16	23.35	31.32	26.42	35.51
25	68.03	86.09	96.52	74.4	10.77	58.41	94.85	77.9	79.32	81.58	83.95	62.1	37.74	16.12	104.31	103.32	100.0	66.48	85.28	101.98	49.03	44.18	97.65	29.73	87.13	0.0	57.69	24.0	40.5	71.02	72.44	8.25	77.67	81.04	82.01	77.78	48.84	71.42	57.49	65.19	55.87
26	36.06	69.66	48.37	16.97	49.19	4.47	38.83	22.36	21.63	35.78	36.77	42.52	20.0	52.5	46.65	49.19	42.52	30.0	28.43	48.33	42.0	53.37	40.0	38.21	29.53	57.69	0.0	48.66	34.53	29.73	33.94	64.03	20.0	52.84	68.62	35.81	12.04	18.25	6.4	15.81	12.04
27	47.2	62.13	77.79	63.25	14.56	47.54	87.48	64.4	68.96	80.4	82.22	39.4	32.25	8.25	93.64	87.2	87.73	67.91	72.5	85.6	58.82	20.4	86.16	10.77	77.2	24.0	48.66	0.0	19.8	71.02	73.76	32.06	67.05	58.31	58.01	78.09	37.11	57.25	45.88	61.01	42.15
28	27.78	49.03	58.0	46.39	29.73	32.06	72.03	46.17	52.35	69.57	70.88	22.09	25.46	27.2	76.16	67.68	69.57	60.03	54.41	66.03	58.82	18.97	68.41	10.77	60.53	40.5	34.53	19.8	0.0	61.74	65.3	48.7	50.36	40.79	45.88	68.54	22.56	38.9	30.02	49.34	25.08
29	65.3	99.16	69.86	33.53	66.03	33.94	32.25	41.76	32.25	10.77	13.42	72.25	38.83	72.11	47.54	64.0	49.03	5.66	42.19	64.03	31.11	80.62	45.12	62.1	34.23	71.02	29.73	71.02	61.74	0.0	4.47	74.73	32.56	81.61	98.29	7.07	39.96	42.49	36.07	14.21	41.77
30	69.66	103.48	74.22	37.95	68.03	38.21	34.93	46.17	36.5	11.31	14.14	76.42	41.76	74.43	50.6	68.03	52.61	6.0	46.39	68.12	30.0	84.1	48.66	65.15	38.05	72.44	33.94	73.76	65.3	4.47	0.0	75.71	36.88	86.02	102.55	5.83	43.83	46.96	40.31	18.6	45.97
31	76.16	94.19	104.31	80.92	18.97	65.12	100.24	84.85	85.6	85.44	87.93	70.34	44.05	24.0	110.44	110.63	106.53	69.86	92.02	109.34	50.04	52.04	104.02	37.95	93.23	8.25	64.03	32.06	48.7	74.73	75.71	0.0	84.02	89.29	90.05	81.25	55.9	78.57	64.35	70.21	63.13
32	40.25	73.24	37.36	4.0	68.96	19.7	22.36	10.0	2.0	32.25	31.62	50.6	40.0	71.69	26.83	32.56	22.63	36.06	10.2	32.25	56.32	68.0	20.0	56.32	10.2	77.67	20.0	67.05	50.36	32.56	36.88	84.02	0.0	54.04	73.57	35.47	30.08	14.32	21.19	21.21	25.32
33	17.09	19.7	32.06	50.99	70.34	48.37	74.43	44.41	55.61	84.9	84.85	18.97	58.86	66.48	69.57	48.04	60.73	82.68	50.12	46.04	91.76	42.8	62.03	51.42	61.06	81.04	52.84	58.31	40.79	81.61	86.02	89.29	54.04	0.0	21.38	86.68	47.13	40.31	46.53	67.42	41.63
34	33.6	5.0	53.04	70.18	72.06	64.35	94.81	64.41	75.29	102.94	103.23	26.63	69.32	66.07	90.8	69.26	82.01	98.49	70.77	67.27	103.31	38.33	83.17	54.74	81.39	82.01	68.62	58.01	45.88	98.29	102.55	90.05	73.57	21.38	0.0	104.0	60.22	59.36	62.24	84.15	56.64
35	70.72	104.66	72.73	37.12	73.01	39.82	30.36	45.19	34.79	5.83	8.6	78.24	45.89	79.16	46.32	65.38	49.09	11.4	44.38	65.62	35.81	87.46	45.1	69.12	35.13	77.78	35.81	78.09	68.54	7.07	5.83	81.25	35.47	86.68	104.0	0.0	46.53	46.87	42.01	20.0	47.8
36	30.08	61.91	50.33	26.4	39.41	10.44	50.49	29.07	31.95	47.17	48.38	33.6	13.6	41.63	56.86	54.82	51.62	39.05	36.62	53.6	44.64	41.48	49.65	26.48	40.16	48.84	12.04	37.11	22.56	39.96	43.83	55.9	30.08	47.13	60.22	46.53	0.0	22.67	8.94	26.93	7.62
37	25.94	59.2	30.15	10.82	61.72	14.87	36.4	7.28	16.16	44.69	44.55	36.4	35.51	62.97	37.48	32.2	30.68	44.6	15.52	31.06	60.07	55.33	29.61	46.53	23.35	71.42	18.25	57.25	38.9	42.49	46.96	78.57	14.32	40.31	59.36	46.87	22.67	0.0	14.76	28.79	15.62
38	29.68	63.25	44.15	17.46	48.26	2.24	42.11	20.52	23.09	41.68	42.49	36.24	20.81	50.57	47.93	46.87	42.72	36.4	27.8	45.79	47.17	48.51	40.71	35.17	31.32	57.49	6.4	45.88	30.02	36.07	40.31	64.35	21.19	46.53	62.24	42.01	8.94	14.76	0.0	22.02	5.83
39	51.09	84.96	57.43	21.02	58.46	19.85	30.23	29.15	21.59	20.25	21.59	58.26	29.15	63.39	42.64	53.76	41.59	15.81	31.4	53.46	35.47	68.31	38.08	51.24	26.42	65.19	15.81	61.01	49.34	14.21	18.6	70.21	21.21	67.42	84.15	20.0	26.93	28.79	22.02	0.0	27.8
40	24.6	57.8	42.72	21.38	46.1	8.06	47.0	22.47	27.29	47.51	48.3	30.48	21.19	47.51	51.55	47.51	45.62	41.87	30.41	46.23	50.8	43.19	44.01	31.38	35.51	55.87	12.04	42.15	25.08	41.77	45.97	63.13	25.32	41.63	56.64	47.8	7.62	15.62	5.83	27.8	0.0
;
