set K:= 1	2	3	4	5;
set C_H:= 1	2	3	4	5	6	7	8	9	10	11	12	13	14	15	16	17	18	19	20	21	22	23;
set C_S:= 24	25	26	27	28	29	30	31	32	33	34;
set C_F:= 35	36	37;
set M:= 38	39;
set L_B:= 40	41	42	43	44;
set A1:=
(0,*) 1 2 3 4 5 6 7 8 9 10 11 12 13 14 15 16 17 18 19 20 21 22 23 35 36 37 38 39 40 41 42 43 44
(1,*) 0 2 3 4 5 6 7 8 9 10 11 12 13 14 15 16 17 18 19 20 21 22 23 35 36 37 38 39 40 41 42 43 44
(2,*) 0 1 3 4 5 6 7 8 9 10 11 12 13 14 15 16 17 18 19 20 21 22 23 35 36 37 38 39 40 41 42 43 44
(3,*) 0 1 2 4 5 6 7 8 9 10 11 12 13 14 15 16 17 18 19 20 21 22 23 35 36 37 38 39 40 41 42 43 44
(4,*) 0 1 2 3 5 6 7 8 9 10 11 12 13 14 15 16 17 18 19 20 21 22 23 35 36 37 38 39 40 41 42 43 44
(5,*) 0 1 2 3 4 6 7 8 9 10 11 12 13 14 15 16 17 18 19 20 21 22 23 35 36 37 38 39 40 41 42 43 44
(6,*) 0 1 2 3 4 5 7 8 9 10 11 12 13 14 15 16 17 18 19 20 21 22 23 35 36 37 38 39 40 41 42 43 44
(7,*) 0 1 2 3 4 5 6 8 9 10 11 12 13 14 15 16 17 18 19 20 21 22 23 35 36 37 38 39 40 41 42 43 44
(8,*) 0 1 2 3 4 5 6 7 9 10 11 12 13 14 15 16 17 18 19 20 21 22 23 35 36 37 38 39 40 41 42 43 44
(9,*) 0 1 2 3 4 5 6 7 8 10 11 12 13 14 15 16 17 18 19 20 21 22 23 35 36 37 38 39 40 41 42 43 44
(10,*) 0 1 2 3 4 5 6 7 8 9 11 12 13 14 15 16 17 18 19 20 21 22 23 35 36 37 38 39 40 41 42 43 44
(11,*) 0 1 2 3 4 5 6 7 8 9 10 12 13 14 15 16 17 18 19 20 21 22 23 35 36 37 38 39 40 41 42 43 44
(12,*) 0 1 2 3 4 5 6 7 8 9 10 11 13 14 15 16 17 18 19 20 21 22 23 35 36 37 38 39 40 41 42 43 44
(13,*) 0 1 2 3 4 5 6 7 8 9 10 11 12 14 15 16 17 18 19 20 21 22 23 35 36 37 38 39 40 41 42 43 44
(14,*) 0 1 2 3 4 5 6 7 8 9 10 11 12 13 15 16 17 18 19 20 21 22 23 35 36 37 38 39 40 41 42 43 44
(15,*) 0 1 2 3 4 5 6 7 8 9 10 11 12 13 14 16 17 18 19 20 21 22 23 35 36 37 38 39 40 41 42 43 44
(16,*) 0 1 2 3 4 5 6 7 8 9 10 11 12 13 14 15 17 18 19 20 21 22 23 35 36 37 38 39 40 41 42 43 44
(17,*) 0 1 2 3 4 5 6 7 8 9 10 11 12 13 14 15 16 18 19 20 21 22 23 35 36 37 38 39 40 41 42 43 44
(18,*) 0 1 2 3 4 5 6 7 8 9 10 11 12 13 14 15 16 17 19 20 21 22 23 35 36 37 38 39 40 41 42 43 44
(19,*) 0 1 2 3 4 5 6 7 8 9 10 11 12 13 14 15 16 17 18 20 21 22 23 35 36 37 38 39 40 41 42 43 44
(20,*) 0 1 2 3 4 5 6 7 8 9 10 11 12 13 14 15 16 17 18 19 21 22 23 35 36 37 38 39 40 41 42 43 44
(21,*) 0 1 2 3 4 5 6 7 8 9 10 11 12 13 14 15 16 17 18 19 20 22 23 35 36 37 38 39 40 41 42 43 44
(22,*) 0 1 2 3 4 5 6 7 8 9 10 11 12 13 14 15 16 17 18 19 20 21 23 35 36 37 38 39 40 41 42 43 44
(23,*) 0 1 2 3 4 5 6 7 8 9 10 11 12 13 14 15 16 17 18 19 20 21 22 35 36 37 38 39 40 41 42 43 44
(35,*) 0 1 2 3 4 5 6 7 8 9 10 11 12 13 14 15 16 17 18 19 20 21 22 23 36 37 38 39 40 41 42 43 44
(36,*) 0 1 2 3 4 5 6 7 8 9 10 11 12 13 14 15 16 17 18 19 20 21 22 23 35 37 38 39 40 41 42 43 44
(37,*) 0 1 2 3 4 5 6 7 8 9 10 11 12 13 14 15 16 17 18 19 20 21 22 23 35 36 38 39 40 41 42 43 44
(38,*) 0 1 2 3 4 5 6 7 8 9 10 11 12 13 14 15 16 17 18 19 20 21 22 23 35 36 37 39 40 41 42 43 44
(39,*) 0 1 2 3 4 5 6 7 8 9 10 11 12 13 14 15 16 17 18 19 20 21 22 23 35 36 37 38 40 41 42 43 44
(40,*) 0 1 2 3 4 5 6 7 8 9 10 11 12 13 14 15 16 17 18 19 20 21 22 23 35 36 37 38 39 41 42 43 44
(41,*) 0 1 2 3 4 5 6 7 8 9 10 11 12 13 14 15 16 17 18 19 20 21 22 23 35 36 37 38 39 40 42 43 44
(42,*) 0 1 2 3 4 5 6 7 8 9 10 11 12 13 14 15 16 17 18 19 20 21 22 23 35 36 37 38 39 40 41 43 44
(43,*) 0 1 2 3 4 5 6 7 8 9 10 11 12 13 14 15 16 17 18 19 20 21 22 23 35 36 37 38 39 40 41 42 44
(44,*) 0 1 2 3 4 5 6 7 8 9 10 11 12 13 14 15 16 17 18 19 20 21 22 23 35 36 37 38 39 40 41 42 43
;
set A2:=
(38,*) 39
(39,*) 38
;
param BigM:=99999;
param n:= 5;
param d:=
1	5
2	8
3	12
4	18
5	12
6	23
7	8
8	5
9	17
10	13
11	5
12	20
13	21
14	12
15	13
16	12
17	19
18	25
19	3
20	2
21	24
22	13
23	14
24	12
25	19
26	25
27	1
28	13
29	19
30	26
31	9
32	4
33	7
34	14
35	11
36	9
37	8
;
param Q:=100;
param w:=
[38,*] 39 1
[39,*] 38 1
;
param V:=
[38,*] 39 99
[39,*] 38 99
;
param f:=
38	100
39	100
40	100
41	100
42	100
43	100
44	100
;
param e:
	38	39	40	41	42	43	44:=
24	0	0	1	0	0	0	0	
25	0	1	1	1	0	0	1	
26	1	0	0	0	0	0	0	
27	0	0	0	1	0	0	0	
28	0	0	0	0	1	0	0	
29	0	0	1	1	1	1	1	
30	1	0	1	0	1	1	0	
31	0	1	1	1	1	1	1	
32	1	0	1	1	1	1	1	
33	1	0	1	1	1	1	1	
34	1	0	1	0	1	1	0	
35	1	0	0	0	1	1	0	
36	0	1	0	0	0	0	0	
37	0	0	1	1	1	1	1	
;
param p:=
1	1
2	1
3	1
4	1
5	1
;
param G:=
38	99
39	97
40	78
41	78
42	84
43	75
44	89
;
param s:=
0	0
1	15
2	15
3	15
4	15
5	15
6	15
7	15
8	15
9	15
10	15
11	15
12	15
13	15
14	15
15	15
16	15
17	15
18	15
19	15
20	15
21	15
22	15
23	15
35	15
36	15
37	15
38	10
39	10
40	10
41	10
42	10
43	10
44	10
;
param t:
	0	1	2	3	4	5	6	7	8	9	10	11	12	13	14	15	16	17	18	19	20	21	22	23	24	25	26	27	28	29	30	31	32	33	34	35	36	37	38	39	40	41	42	43	44:=
0	0.0	16.12	69.86	75.29	43.86	43.86	16.12	30.46	26.68	8.49	32.56	32.56	47.71	53.85	60.83	52.35	53.67	41.62	37.95	22.36	42.19	41.23	55.57	32.06	71.69	38.47	59.09	59.67	42.52	31.11	28.28	24.33	35.44	42.76	48.66	38.47	73.59	6.32	56.36	53.24	17.2	24.17	29.15	20.81	18.79
1	16.12	0.0	76.97	87.73	58.24	57.2	17.89	41.04	10.77	10.77	17.89	46.04	60.93	52.15	74.4	58.31	67.68	53.81	47.2	31.62	38.47	54.04	51.42	16.49	80.99	36.06	73.38	67.08	30.53	44.94	40.25	32.8	51.42	58.86	64.78	52.5	86.56	10.0	70.52	49.82	30.53	35.38	44.38	35.85	30.61
2	69.86	76.97	0.0	33.53	89.29	38.63	59.09	40.2	85.09	77.2	78.41	44.41	97.02	40.25	38.21	18.87	97.41	34.93	32.25	88.2	49.68	37.36	48.33	81.61	12.17	48.08	99.54	10.2	107.33	46.39	88.09	45.61	60.73	65.39	68.0	87.86	36.77	73.38	98.43	46.07	54.33	46.39	53.76	56.01	51.62
3	75.29	87.73	33.53	0.0	76.42	31.62	71.22	46.86	97.84	83.74	95.41	42.8	84.38	68.47	16.49	42.43	82.0	33.94	42.19	86.76	73.38	34.06	76.66	97.65	21.54	70.23	82.22	34.0	117.46	44.41	82.87	55.61	50.0	50.36	50.0	77.28	4.47	80.72	82.05	73.82	58.14	52.35	48.76	55.47	57.28
4	43.86	58.24	89.29	76.42	0.0	50.99	57.69	53.85	67.08	47.54	75.89	45.69	8.0	90.69	60.13	77.82	10.0	54.41	60.83	30.07	82.22	51.92	94.76	74.73	84.85	77.9	15.23	80.32	72.69	43.86	20.1	55.32	28.64	26.08	27.2	6.0	72.69	48.7	12.53	91.92	43.86	50.0	36.25	37.8	47.42
5	43.86	57.2	38.63	31.62	50.99	0.0	42.05	18.44	67.68	52.35	67.23	11.31	58.86	53.14	17.2	31.24	58.82	6.32	18.44	55.71	52.15	4.0	60.17	68.88	34.06	48.04	60.93	30.53	86.28	12.81	52.95	27.2	22.36	26.83	30.0	50.16	29.73	49.52	59.81	57.01	26.91	22.36	17.72	23.85	26.63
6	16.12	17.89	59.09	71.22	57.69	42.05	0.0	24.41	26.91	20.1	25.3	31.62	62.48	37.95	59.06	40.5	67.68	37.74	29.73	38.47	26.08	38.47	39.45	26.83	63.25	22.36	72.72	49.19	48.37	31.05	44.05	15.62	42.19	50.36	56.32	52.8	70.46	16.12	70.18	37.12	18.0	19.7	33.02	25.08	16.28
7	30.46	41.04	40.2	46.86	53.85	18.44	24.41	0.0	50.99	38.47	49.19	10.77	60.83	38.83	34.93	24.74	63.25	13.42	8.0	48.04	34.93	14.56	44.72	51.11	41.23	30.59	66.84	30.07	71.22	11.66	48.66	8.94	28.43	36.06	41.18	50.99	46.04	34.99	65.0	41.59	14.14	6.32	18.38	16.76	11.7
8	26.68	10.77	85.09	97.84	67.08	67.68	26.91	50.99	0.0	20.0	13.42	56.6	68.96	56.32	84.88	66.24	76.16	64.03	56.64	38.63	42.19	64.4	54.04	10.0	90.0	40.79	82.0	75.47	22.8	55.57	48.08	42.43	62.1	69.43	75.31	61.19	96.83	20.4	79.08	53.01	41.18	45.61	55.15	46.62	41.05
9	8.49	10.77	77.2	83.74	47.54	52.35	20.1	38.47	20.0	0.0	28.64	41.04	50.16	57.72	69.31	59.23	56.92	50.0	45.69	21.26	44.94	49.68	58.31	27.2	79.62	41.76	62.64	67.05	34.06	39.6	29.53	31.62	43.08	50.0	55.79	41.76	82.07	4.0	59.77	56.3	25.61	32.25	37.44	29.21	26.93
10	32.56	17.89	78.41	95.41	75.89	67.23	25.3	49.19	13.42	28.64	0.0	56.92	78.79	45.61	84.1	59.67	85.44	62.61	53.25	49.4	31.62	63.56	42.19	4.0	84.85	31.3	91.08	69.43	34.0	56.32	58.14	40.25	66.12	74.03	80.02	70.23	95.02	27.2	88.26	41.59	42.76	44.94	57.71	49.37	41.48
11	32.56	46.04	44.41	42.8	45.69	11.31	31.62	10.77	56.6	41.04	56.92	0.0	53.14	49.4	28.43	32.25	54.59	10.2	15.62	45.61	45.61	8.94	55.46	58.31	42.43	41.23	57.69	34.93	74.97	2.0	44.05	18.0	18.44	25.61	30.53	43.68	41.04	38.21	56.08	52.33	15.62	12.17	9.49	13.0	15.65
12	47.71	60.93	97.02	84.38	8.0	58.86	62.48	60.83	68.96	50.16	78.79	53.14	0.0	96.83	68.12	85.09	8.25	62.1	68.03	30.59	87.68	59.67	100.5	77.25	92.78	83.45	14.14	87.93	72.03	51.26	20.88	61.61	36.5	34.06	34.93	10.0	80.62	51.88	11.18	97.74	50.0	56.6	43.66	44.42	53.6
13	53.85	52.15	40.25	68.47	90.69	53.14	37.95	38.83	56.32	57.72	45.61	49.4	96.83	0.0	64.5	26.08	100.5	46.82	34.93	76.16	14.14	49.4	8.25	49.48	50.6	16.12	104.65	34.93	78.92	50.48	80.62	35.38	67.2	74.89	79.92	86.83	70.11	53.85	102.55	5.83	46.86	41.04	57.01	53.04	43.28
14	60.83	74.4	38.21	16.49	60.13	17.2	59.06	34.93	84.88	69.31	84.1	28.43	68.12	64.5	0.0	39.29	66.12	21.54	32.56	70.71	66.27	20.59	72.25	85.88	28.84	62.51	66.75	34.0	103.32	29.73	66.48	43.86	33.53	34.06	34.23	60.83	13.42	66.6	66.37	69.18	44.05	39.45	33.02	40.36	43.83
15	52.35	58.31	18.87	42.43	77.82	31.24	40.5	24.74	66.24	59.23	59.67	32.25	85.09	26.08	39.29	0.0	86.83	25.46	17.09	72.11	32.25	28.28	34.23	62.8	26.08	30.0	89.89	10.0	88.57	34.0	73.35	28.07	50.48	56.85	60.83	75.39	44.05	55.32	88.32	31.4	38.21	30.27	41.59	41.48	35.06
16	53.67	67.68	97.41	82.0	10.0	58.82	67.68	63.25	76.16	56.92	85.44	54.59	8.25	100.5	66.12	86.83	0.0	62.77	69.97	38.21	92.2	60.17	104.69	84.12	92.2	87.86	6.0	88.77	80.1	52.84	28.28	65.12	36.77	32.56	32.0	15.23	78.03	58.31	3.0	101.83	53.74	59.67	45.28	47.51	57.28
17	41.62	53.81	34.93	33.94	54.41	6.32	37.74	13.42	64.03	50.0	62.61	10.2	62.1	46.82	21.54	25.46	62.77	0.0	12.17	55.79	46.04	2.83	53.85	64.5	32.25	42.0	65.3	26.0	83.55	12.17	54.15	22.36	26.0	31.62	35.38	52.95	32.8	46.86	63.98	50.7	24.41	18.44	19.03	23.09	23.35
18	37.95	47.2	32.25	42.19	60.83	18.44	29.73	8.0	56.64	45.69	53.25	15.62	68.03	34.93	32.56	17.09	69.97	12.17	0.0	56.04	34.0	14.56	41.76	55.61	34.0	30.07	73.24	22.09	77.67	17.2	56.57	14.42	34.06	41.04	45.61	58.31	42.05	42.05	71.56	38.6	22.09	14.14	24.7	24.52	19.42
19	22.36	31.62	88.2	86.76	30.07	55.71	38.47	48.04	38.63	21.26	49.4	45.61	30.59	76.16	70.71	72.11	38.21	55.79	56.04	0.0	64.5	54.41	77.9	47.41	87.86	60.83	44.18	78.1	42.76	43.68	10.0	44.41	38.42	42.52	47.2	24.08	84.12	24.08	41.19	75.59	34.0	42.0	38.08	32.76	37.05
20	42.19	38.47	49.68	73.38	82.22	52.15	26.08	34.93	42.19	44.94	31.62	45.61	87.68	14.14	66.27	32.25	92.2	46.04	34.0	64.5	0.0	48.17	13.42	35.44	58.31	4.47	96.83	42.19	64.78	46.17	70.0	28.64	61.74	69.86	75.39	77.79	74.22	41.23	94.49	11.4	38.83	34.93	51.48	45.79	35.51
21	41.23	54.04	37.36	34.06	51.92	4.0	38.47	14.56	64.4	49.68	63.56	8.94	59.67	49.4	20.59	28.28	60.17	2.83	14.56	54.41	48.17	0.0	56.32	65.3	34.06	44.05	62.61	28.64	83.45	10.77	52.35	23.41	23.41	28.84	32.56	50.64	32.56	46.69	61.33	53.16	24.08	18.87	17.03	21.93	23.43
22	55.57	51.42	48.33	76.66	94.76	60.17	39.45	44.72	54.04	58.31	42.19	55.46	100.5	8.25	72.25	34.23	104.69	53.85	41.76	77.9	13.42	56.32	0.0	46.17	58.82	17.2	109.12	43.17	76.11	56.36	83.23	40.0	72.72	80.62	85.88	90.55	78.23	54.63	106.89	3.16	50.99	46.04	62.43	57.63	47.51
23	32.06	16.49	81.61	97.65	74.73	68.88	26.83	51.11	10.0	27.2	4.0	58.31	77.25	49.48	85.88	62.8	84.12	64.5	55.61	47.41	35.44	65.3	46.17	0.0	87.73	34.93	89.84	72.47	30.0	57.58	56.46	42.19	66.48	74.24	80.22	68.96	97.1	26.31	86.98	45.54	43.68	46.52	58.46	50.01	42.72
24	71.69	80.99	12.17	21.54	84.85	34.06	63.25	41.23	90.0	79.62	84.85	42.43	92.78	50.6	28.84	26.08	92.2	32.25	34.0	87.86	58.31	34.06	58.82	87.73	0.0	56.04	93.68	16.12	111.52	44.41	86.37	48.37	56.32	59.67	61.35	84.21	25.06	76.03	92.89	56.3	55.03	47.54	51.09	55.11	52.92
25	38.47	36.06	48.08	70.23	77.9	48.04	22.36	30.59	40.79	41.76	31.3	41.23	83.45	16.12	62.51	30.0	87.86	42.0	30.07	60.83	4.47	44.05	17.2	34.93	56.04	0.0	92.46	40.0	63.56	41.76	66.03	24.17	57.27	65.39	70.94	73.54	70.88	37.95	90.14	14.76	34.41	30.46	47.01	41.34	31.06
26	59.09	73.38	99.54	82.22	15.23	60.93	72.72	66.84	82.0	62.64	91.08	57.69	14.14	104.65	66.75	89.89	6.0	65.3	73.24	44.18	96.83	62.61	109.12	89.84	93.68	92.46	0.0	91.24	86.09	56.04	34.23	69.31	39.45	34.18	32.56	20.88	78.1	63.91	3.0	106.22	58.14	63.66	48.6	51.62	61.62
27	59.67	67.08	10.2	34.0	80.32	30.53	49.19	30.07	75.47	67.05	69.43	34.93	87.93	34.93	34.0	10.0	88.77	26.0	22.09	78.1	42.19	28.64	43.17	72.47	16.12	40.0	91.24	0.0	97.53	36.88	78.23	35.44	52.0	57.31	60.46	78.59	36.22	63.25	89.96	40.52	44.18	36.22	44.38	46.1	41.44
28	42.52	30.53	107.33	117.46	72.69	86.28	48.37	71.22	22.8	34.06	34.0	74.97	72.03	78.92	103.32	88.57	80.1	83.55	77.67	42.76	64.78	83.45	76.11	30.0	111.52	63.56	86.09	97.53	0.0	73.59	52.61	63.25	76.16	82.29	87.73	66.75	115.97	36.77	83.1	75.33	59.4	65.3	71.4	63.25	60.21
29	31.11	44.94	46.39	44.41	43.86	12.81	31.05	11.66	55.57	39.6	56.32	2.0	51.26	50.48	29.73	34.0	52.84	12.17	17.2	43.68	46.17	10.77	56.36	57.58	44.41	41.76	56.04	36.88	73.59	0.0	42.05	18.11	16.97	24.41	29.53	41.76	42.52	36.88	54.38	53.24	14.42	12.0	7.62	11.18	14.87
30	28.28	40.25	88.09	82.87	20.1	52.95	44.05	48.66	48.08	29.53	58.14	44.05	20.88	80.62	66.48	73.35	28.28	54.15	56.57	10.0	70.0	52.35	83.23	56.46	86.37	66.03	34.23	78.23	52.61	42.05	0.0	46.82	33.11	35.61	39.6	14.14	79.85	31.62	31.26	80.71	35.44	43.17	35.36	32.14	38.9
31	24.33	32.8	45.61	55.61	55.32	27.2	15.62	8.94	42.43	31.62	40.25	18.0	61.61	35.38	43.86	28.07	65.12	22.36	14.42	44.41	28.64	23.41	40.0	42.19	48.37	24.17	69.31	35.44	63.25	18.11	46.82	0.0	33.11	41.23	46.82	51.61	54.92	27.86	67.18	37.01	11.66	6.32	22.85	17.69	8.06
32	35.44	51.42	60.73	50.0	28.64	22.36	42.19	28.43	62.1	43.08	66.12	18.44	36.5	67.2	33.53	50.48	36.77	26.0	34.06	38.42	61.74	23.41	72.72	66.48	56.32	57.27	39.45	52.0	76.16	16.97	33.11	33.11	0.0	8.25	14.14	28.0	46.82	41.76	38.01	69.64	24.33	26.83	10.3	17.12	26.93
33	42.76	58.86	65.39	50.36	26.08	26.83	50.36	36.06	69.43	50.0	74.03	25.61	34.06	74.89	34.06	56.85	32.56	31.62	41.04	42.52	69.86	28.84	80.62	74.24	59.67	65.39	34.18	57.31	82.29	24.41	35.61	41.23	8.25	0.0	6.0	27.2	46.69	49.03	33.24	77.52	32.56	34.93	18.38	25.32	35.17
34	48.66	64.78	68.0	50.0	27.2	30.0	56.32	41.18	75.31	55.79	80.02	30.53	34.93	79.92	34.23	60.83	32.0	35.38	45.61	47.2	75.39	32.56	85.88	80.22	61.35	70.94	32.56	60.46	87.73	29.53	39.6	46.82	14.14	6.0	0.0	29.53	46.04	54.92	32.14	82.76	38.47	40.5	24.04	31.26	41.0
35	38.47	52.5	87.86	77.28	6.0	50.16	52.8	50.99	61.19	41.76	70.23	43.68	10.0	86.83	60.83	75.39	15.23	52.95	58.31	24.08	77.79	50.64	90.55	68.96	84.21	73.54	20.88	78.59	66.75	41.76	14.14	51.61	28.0	27.2	29.53	0.0	73.76	43.08	18.03	87.78	40.0	46.65	34.21	34.48	43.6
36	73.59	86.56	36.77	4.47	72.69	29.73	70.46	46.04	96.83	82.07	95.02	41.04	80.62	70.11	13.42	44.05	78.03	32.8	42.05	84.12	74.22	32.56	78.23	97.1	25.06	70.88	78.1	36.22	115.97	42.52	79.85	54.92	46.82	46.69	46.04	73.76	0.0	79.2	78.01	75.33	56.57	51.22	46.32	53.41	55.97
37	6.32	10.0	73.38	80.72	48.7	49.52	16.12	34.99	20.4	4.0	27.2	38.21	51.88	53.85	66.6	55.32	58.31	46.86	42.05	24.08	41.23	46.69	54.63	26.31	76.03	37.95	63.91	63.25	36.77	36.88	31.62	27.86	41.76	49.03	54.92	43.08	79.2	0.0	61.1	52.55	22.63	28.84	35.36	26.93	23.6
38	56.36	70.52	98.43	82.05	12.53	59.81	70.18	65.0	79.08	59.77	88.26	56.08	11.18	102.55	66.37	88.32	3.0	63.98	71.56	41.19	94.49	61.33	106.89	86.98	92.89	90.14	3.0	89.96	83.1	54.38	31.26	67.18	38.01	33.24	32.14	18.03	78.01	61.1	0.0	104.0	55.9	61.62	46.87	49.52	59.41
39	53.24	49.82	46.07	73.82	91.92	57.01	37.12	41.59	53.01	56.3	41.59	52.33	97.74	5.83	69.18	31.4	101.83	50.7	38.6	75.59	11.4	53.16	3.16	45.54	56.3	14.76	106.22	40.52	75.33	53.24	80.71	37.01	69.64	77.52	82.76	87.78	75.33	52.55	104.0	0.0	48.1	43.01	59.36	54.67	44.6
40	17.2	30.53	54.33	58.14	43.86	26.91	18.0	14.14	41.18	25.61	42.76	15.62	50.0	46.86	44.05	38.21	53.74	24.41	22.09	34.0	38.83	24.08	50.99	43.68	55.03	34.41	58.14	44.18	59.4	14.42	35.44	11.66	24.33	32.56	38.47	40.0	56.57	22.63	55.9	48.1	0.0	8.0	15.03	7.28	3.61
41	24.17	35.38	46.39	52.35	50.0	22.36	19.7	6.32	45.61	32.25	44.94	12.17	56.6	41.04	39.45	30.27	59.67	18.44	14.14	42.0	34.93	18.87	46.04	46.52	47.54	30.46	63.66	36.22	65.3	12.0	43.17	6.32	26.83	34.93	40.5	46.65	51.22	28.84	61.62	43.01	8.0	0.0	16.55	12.21	5.39
42	29.15	44.38	53.76	48.76	36.25	17.72	33.02	18.38	55.15	37.44	57.71	9.49	43.66	57.01	33.02	41.59	45.28	19.03	24.7	38.08	51.48	17.03	62.43	58.46	51.09	47.01	48.6	44.38	71.4	7.62	35.36	22.85	10.3	18.38	24.04	34.21	46.32	35.36	46.87	59.36	15.03	16.55	0.0	8.54	17.12
43	20.81	35.85	56.01	55.47	37.8	23.85	25.08	16.76	46.62	29.21	49.37	13.0	44.42	53.04	40.36	41.48	47.51	23.09	24.52	32.76	45.79	21.93	57.63	50.01	55.11	41.34	51.62	46.1	63.25	11.18	32.14	17.69	17.12	25.32	31.26	34.48	53.41	26.93	49.52	54.67	7.28	12.21	8.54	0.0	10.3
44	18.79	30.61	51.62	57.28	47.42	26.63	16.28	11.7	41.05	26.93	41.48	15.65	53.6	43.28	43.83	35.06	57.28	23.35	19.42	37.05	35.51	23.43	47.51	42.72	52.92	31.06	61.62	41.44	60.21	14.87	38.9	8.06	26.93	35.17	41.0	43.6	55.97	23.6	59.41	44.6	3.61	5.39	17.12	10.3	0.0
;
