set K:= 1	2	3	4	5	6;
set C_H:= 1	2	3	4	5	6	7	8	9	10	11	12	13	14	15	16	17	18	19	20	21	22	23	24;
set C_S:= 25	26	27	28	29	30	31	32	33	34	35;
set C_F:= 36	37	38;
set M:= 39	40;
set L_B:= 41	42	43	44	45	46;
set A1:=
(0,*) 1 2 3 4 5 6 7 8 9 10 11 12 13 14 15 16 17 18 19 20 21 22 23 24 36 37 38 39 40 41 42 43 44 45 46
(1,*) 0 2 3 4 5 6 7 8 9 10 11 12 13 14 15 16 17 18 19 20 21 22 23 24 36 37 38 39 40 41 42 43 44 45 46
(2,*) 0 1 3 4 5 6 7 8 9 10 11 12 13 14 15 16 17 18 19 20 21 22 23 24 36 37 38 39 40 41 42 43 44 45 46
(3,*) 0 1 2 4 5 6 7 8 9 10 11 12 13 14 15 16 17 18 19 20 21 22 23 24 36 37 38 39 40 41 42 43 44 45 46
(4,*) 0 1 2 3 5 6 7 8 9 10 11 12 13 14 15 16 17 18 19 20 21 22 23 24 36 37 38 39 40 41 42 43 44 45 46
(5,*) 0 1 2 3 4 6 7 8 9 10 11 12 13 14 15 16 17 18 19 20 21 22 23 24 36 37 38 39 40 41 42 43 44 45 46
(6,*) 0 1 2 3 4 5 7 8 9 10 11 12 13 14 15 16 17 18 19 20 21 22 23 24 36 37 38 39 40 41 42 43 44 45 46
(7,*) 0 1 2 3 4 5 6 8 9 10 11 12 13 14 15 16 17 18 19 20 21 22 23 24 36 37 38 39 40 41 42 43 44 45 46
(8,*) 0 1 2 3 4 5 6 7 9 10 11 12 13 14 15 16 17 18 19 20 21 22 23 24 36 37 38 39 40 41 42 43 44 45 46
(9,*) 0 1 2 3 4 5 6 7 8 10 11 12 13 14 15 16 17 18 19 20 21 22 23 24 36 37 38 39 40 41 42 43 44 45 46
(10,*) 0 1 2 3 4 5 6 7 8 9 11 12 13 14 15 16 17 18 19 20 21 22 23 24 36 37 38 39 40 41 42 43 44 45 46
(11,*) 0 1 2 3 4 5 6 7 8 9 10 12 13 14 15 16 17 18 19 20 21 22 23 24 36 37 38 39 40 41 42 43 44 45 46
(12,*) 0 1 2 3 4 5 6 7 8 9 10 11 13 14 15 16 17 18 19 20 21 22 23 24 36 37 38 39 40 41 42 43 44 45 46
(13,*) 0 1 2 3 4 5 6 7 8 9 10 11 12 14 15 16 17 18 19 20 21 22 23 24 36 37 38 39 40 41 42 43 44 45 46
(14,*) 0 1 2 3 4 5 6 7 8 9 10 11 12 13 15 16 17 18 19 20 21 22 23 24 36 37 38 39 40 41 42 43 44 45 46
(15,*) 0 1 2 3 4 5 6 7 8 9 10 11 12 13 14 16 17 18 19 20 21 22 23 24 36 37 38 39 40 41 42 43 44 45 46
(16,*) 0 1 2 3 4 5 6 7 8 9 10 11 12 13 14 15 17 18 19 20 21 22 23 24 36 37 38 39 40 41 42 43 44 45 46
(17,*) 0 1 2 3 4 5 6 7 8 9 10 11 12 13 14 15 16 18 19 20 21 22 23 24 36 37 38 39 40 41 42 43 44 45 46
(18,*) 0 1 2 3 4 5 6 7 8 9 10 11 12 13 14 15 16 17 19 20 21 22 23 24 36 37 38 39 40 41 42 43 44 45 46
(19,*) 0 1 2 3 4 5 6 7 8 9 10 11 12 13 14 15 16 17 18 20 21 22 23 24 36 37 38 39 40 41 42 43 44 45 46
(20,*) 0 1 2 3 4 5 6 7 8 9 10 11 12 13 14 15 16 17 18 19 21 22 23 24 36 37 38 39 40 41 42 43 44 45 46
(21,*) 0 1 2 3 4 5 6 7 8 9 10 11 12 13 14 15 16 17 18 19 20 22 23 24 36 37 38 39 40 41 42 43 44 45 46
(22,*) 0 1 2 3 4 5 6 7 8 9 10 11 12 13 14 15 16 17 18 19 20 21 23 24 36 37 38 39 40 41 42 43 44 45 46
(23,*) 0 1 2 3 4 5 6 7 8 9 10 11 12 13 14 15 16 17 18 19 20 21 22 24 36 37 38 39 40 41 42 43 44 45 46
(24,*) 0 1 2 3 4 5 6 7 8 9 10 11 12 13 14 15 16 17 18 19 20 21 22 23 36 37 38 39 40 41 42 43 44 45 46
(36,*) 0 1 2 3 4 5 6 7 8 9 10 11 12 13 14 15 16 17 18 19 20 21 22 23 24 37 38 39 40 41 42 43 44 45 46
(37,*) 0 1 2 3 4 5 6 7 8 9 10 11 12 13 14 15 16 17 18 19 20 21 22 23 24 36 38 39 40 41 42 43 44 45 46
(38,*) 0 1 2 3 4 5 6 7 8 9 10 11 12 13 14 15 16 17 18 19 20 21 22 23 24 36 37 39 40 41 42 43 44 45 46
(39,*) 0 1 2 3 4 5 6 7 8 9 10 11 12 13 14 15 16 17 18 19 20 21 22 23 24 36 37 38 40 41 42 43 44 45 46
(40,*) 0 1 2 3 4 5 6 7 8 9 10 11 12 13 14 15 16 17 18 19 20 21 22 23 24 36 37 38 39 41 42 43 44 45 46
(41,*) 0 1 2 3 4 5 6 7 8 9 10 11 12 13 14 15 16 17 18 19 20 21 22 23 24 36 37 38 39 40 42 43 44 45 46
(42,*) 0 1 2 3 4 5 6 7 8 9 10 11 12 13 14 15 16 17 18 19 20 21 22 23 24 36 37 38 39 40 41 43 44 45 46
(43,*) 0 1 2 3 4 5 6 7 8 9 10 11 12 13 14 15 16 17 18 19 20 21 22 23 24 36 37 38 39 40 41 42 44 45 46
(44,*) 0 1 2 3 4 5 6 7 8 9 10 11 12 13 14 15 16 17 18 19 20 21 22 23 24 36 37 38 39 40 41 42 43 45 46
(45,*) 0 1 2 3 4 5 6 7 8 9 10 11 12 13 14 15 16 17 18 19 20 21 22 23 24 36 37 38 39 40 41 42 43 44 46
(46,*) 0 1 2 3 4 5 6 7 8 9 10 11 12 13 14 15 16 17 18 19 20 21 22 23 24 36 37 38 39 40 41 42 43 44 45
;
set A2:=
(39,*) 40
(40,*) 39
;
param BigM:=99999;
param n:= 6;
param d:=
1	18
2	16
3	22
4	24
5	19
6	6
7	12
8	18
9	16
10	72
11	7
12	22
13	23
14	7
15	11
16	1
17	7
18	5
19	22
20	11
21	3
22	7
23	15
24	10
25	3
26	6
27	16
28	23
29	4
30	11
31	22
32	16
33	15
34	9
35	9
36	6
37	10
38	2
;
param Q:=100;
param w:=
[39,*] 40 1
[40,*] 39 1
;
param V:=
[39,*] 40 89
[40,*] 39 89
;
param f:=
39	100
40	100
41	100
42	100
43	100
44	100
45	100
46	100
;
param e:
	39	40	41	42	43	44	45	46:=
25	0	0	0	0	1	0	0	0	
26	0	1	1	1	0	1	1	1	
27	0	0	1	0	1	1	1	0	
28	0	0	0	1	0	0	0	0	
29	1	0	0	0	0	0	0	0	
30	1	0	0	0	0	0	0	1	
31	0	0	1	0	1	1	1	0	
32	0	1	0	0	0	0	0	0	
33	0	0	1	0	1	0	0	0	
34	0	0	1	1	1	1	1	1	
35	0	1	0	1	0	1	1	0	
36	0	1	1	1	0	1	1	1	
37	0	1	0	0	1	1	1	0	
38	0	0	0	0	1	1	0	0	
;
param p:=
1	1
2	1
3	1
4	1
5	1
6	1
;
param G:=
39	85
40	89
41	81
42	87
43	83
44	72
45	89
46	89
;
param s:=
0	0
1	15
2	15
3	15
4	15
5	15
6	15
7	15
8	15
9	15
10	15
11	15
12	15
13	15
14	15
15	15
16	15
17	15
18	15
19	15
20	15
21	15
22	15
23	15
24	15
36	15
37	15
38	15
39	10
40	10
41	10
42	10
43	10
44	10
45	10
46	10
;
param t:
	0	1	2	3	4	5	6	7	8	9	10	11	12	13	14	15	16	17	18	19	20	21	22	23	24	25	26	27	28	29	30	31	32	33	34	35	36	37	38	39	40	41	42	43	44	45	46:=
0	0.0	40.0	60.03	18.44	77.79	30.07	42.05	67.2	24.41	42.05	12.17	56.32	52.84	72.69	28.84	45.12	48.17	60.83	32.31	26.68	45.25	64.9	85.09	42.76	46.69	15.23	57.72	8.25	87.13	54.33	61.77	8.94	80.52	10.2	18.44	74.24	56.92	49.4	38.83	54.45	71.06	26.42	55.66	17.26	35.01	38.6	47.42
1	40.0	0.0	71.02	55.32	75.71	10.2	80.05	54.0	24.41	80.05	39.85	77.79	26.68	78.0	33.94	10.77	8.94	42.19	71.02	66.27	32.98	38.63	107.52	8.25	79.62	48.08	61.74	42.76	74.24	15.23	33.11	48.17	98.41	39.29	40.25	81.44	58.31	78.23	75.29	15.65	89.5	35.47	57.78	40.72	52.4	47.01	35.9
2	60.03	71.02	0.0	50.6	26.08	68.03	87.66	38.47	76.16	58.0	48.0	18.97	55.61	14.42	38.63	65.3	72.47	45.69	78.79	71.69	41.04	57.27	40.25	78.89	42.8	74.43	12.65	52.15	46.17	84.02	60.03	56.89	28.43	70.0	42.05	14.56	17.09	33.29	50.99	84.81	21.02	38.6	16.55	43.01	25.02	24.7	39.05
3	18.44	55.32	50.6	0.0	72.72	46.17	38.42	68.41	42.8	24.74	16.0	42.05	61.61	64.62	32.31	58.03	62.51	65.3	28.84	21.63	50.16	72.11	68.96	59.46	28.43	27.2	52.15	12.65	86.28	70.34	70.34	10.0	66.27	27.2	18.97	65.15	52.8	32.31	20.59	70.6	57.08	29.15	51.4	17.72	27.46	35.36	51.43
4	77.79	75.71	26.08	72.72	0.0	76.24	110.94	25.61	88.09	83.55	65.79	44.72	52.8	14.14	50.64	67.05	74.0	37.74	101.55	94.34	42.76	48.41	58.14	83.95	68.82	92.97	20.59	70.94	22.0	85.44	53.25	76.97	44.18	86.83	59.46	18.0	20.88	59.36	76.42	86.38	41.3	52.17	22.14	60.75	45.28	39.22	39.81
5	30.07	10.2	68.03	46.17	76.24	0.0	69.86	56.89	15.62	70.88	31.3	72.47	32.25	76.66	29.53	18.44	18.97	46.17	60.83	56.14	34.06	44.94	102.45	13.42	71.69	37.95	60.17	33.53	77.67	24.33	40.0	38.47	94.34	29.12	32.8	79.7	57.27	71.22	66.48	24.52	85.15	30.23	56.52	33.02	47.01	43.38	37.05
6	42.05	80.05	87.66	38.42	110.94	69.86	0.0	106.15	58.14	36.0	50.0	75.29	94.83	102.0	68.41	86.65	88.77	101.61	10.0	16.97	86.02	106.68	96.08	80.62	52.35	32.25	90.44	44.41	124.58	92.78	103.77	37.2	97.67	40.79	55.32	101.98	91.21	61.19	40.45	92.66	89.5	65.44	89.81	53.91	65.8	73.66	87.8
7	67.2	54.0	38.47	68.41	25.61	56.89	106.15	0.0	70.88	85.91	56.64	56.0	28.64	34.99	38.42	44.18	50.64	12.65	96.21	89.2	23.41	22.8	77.79	62.03	74.73	82.1	26.08	62.29	20.88	61.61	27.78	69.31	64.62	74.43	50.91	39.45	22.0	67.08	78.79	62.59	58.94	41.11	23.02	52.33	43.38	33.62	20.62
8	24.41	24.41	76.16	42.8	88.09	15.62	58.14	70.88	0.0	66.24	31.62	76.94	47.71	86.58	38.21	33.94	33.29	60.93	50.04	46.69	47.54	60.46	106.68	22.8	70.77	26.0	70.26	31.11	91.76	34.93	55.61	33.29	100.32	18.44	35.78	89.11	68.03	72.47	63.25	34.71	90.87	37.66	67.07	35.36	52.55	51.79	50.45
9	42.05	80.05	58.0	24.74	83.55	70.88	36.0	85.91	66.24	0.0	40.45	42.19	84.38	72.25	54.33	82.39	87.13	85.44	31.05	26.83	71.39	93.74	60.13	84.12	17.09	45.25	64.4	37.36	100.96	95.08	92.78	33.11	62.64	48.83	42.0	71.22	66.57	26.83	7.21	95.34	55.15	51.24	65.19	41.01	42.54	52.55	72.03
10	12.17	39.85	48.0	16.0	65.79	31.3	50.0	56.64	31.62	40.45	0.0	45.69	46.17	60.53	18.44	42.05	46.69	51.61	40.0	33.29	36.06	57.27	75.18	44.72	40.5	27.2	45.61	5.66	76.03	55.03	55.03	12.81	69.57	22.0	6.32	62.13	44.94	41.04	35.44	55.36	60.08	15.56	43.66	5.1	23.02	26.57	37.8
11	56.32	77.79	18.97	42.05	44.72	72.47	75.29	56.0	76.94	42.19	45.69	0.0	68.03	31.62	43.86	74.4	81.22	61.19	67.47	60.83	52.8	72.28	30.0	84.9	25.61	68.73	30.07	48.08	65.15	92.2	74.0	50.64	24.33	66.48	41.18	29.73	34.0	15.62	35.78	92.85	15.03	42.45	33.02	41.59	25.5	31.91	51.62
12	52.84	26.68	55.61	61.61	52.8	32.25	94.83	28.64	47.71	84.38	46.17	68.03	0.0	58.41	30.07	16.12	22.09	16.12	84.97	78.79	15.23	12.81	95.41	34.23	78.41	65.6	43.86	51.26	48.0	32.98	8.94	58.31	84.02	56.85	42.76	62.48	39.6	73.76	78.1	33.96	76.28	33.14	39.62	43.93	45.89	36.69	16.64
13	72.69	78.0	14.42	64.62	14.14	76.66	102.0	34.99	86.58	72.25	60.53	31.62	58.41	0.0	48.37	70.71	77.9	45.34	93.04	85.91	45.65	56.85	44.41	86.16	56.64	87.48	16.49	65.12	36.06	89.55	60.83	70.34	30.59	82.39	54.33	4.47	19.7	46.86	65.3	90.43	27.17	49.09	20.25	55.44	38.08	35.01	43.05
14	28.84	33.94	38.63	32.31	50.64	29.53	68.41	38.42	38.21	54.33	18.44	43.86	30.07	48.37	0.0	31.3	37.74	33.29	58.41	51.61	17.89	39.85	73.59	41.23	49.03	43.91	32.06	24.08	58.31	48.41	38.47	31.24	64.9	36.77	13.42	50.99	30.07	45.69	48.04	49.04	55.8	3.16	29.02	14.76	18.6	13.93	19.42
15	45.12	10.77	65.3	58.03	67.05	18.44	86.65	44.18	33.94	82.39	42.05	74.4	16.12	70.71	31.3	0.0	7.21	32.0	77.2	71.81	25.06	27.86	103.48	18.11	79.7	55.46	54.92	46.04	64.03	18.87	22.36	52.35	93.38	46.52	40.79	74.43	51.11	76.97	76.94	19.72	84.86	33.62	50.77	41.59	49.74	42.64	27.73
16	48.17	8.94	72.47	62.51	74.0	18.97	88.77	50.64	33.29	87.13	46.69	81.22	22.09	77.9	37.74	7.21	0.0	38.21	79.62	74.67	32.25	32.56	110.45	13.42	85.44	56.92	62.13	50.16	70.03	11.66	26.68	56.0	100.5	48.08	46.17	81.63	58.31	83.19	82.0	12.53	91.92	39.82	57.98	46.84	56.3	49.58	34.89
17	60.83	42.19	45.69	65.3	37.74	46.17	101.61	12.65	60.93	85.44	51.61	61.19	16.12	45.34	33.29	32.0	38.21	0.0	91.61	84.88	15.62	11.66	85.91	50.04	76.42	75.07	33.11	57.2	32.06	49.03	15.62	64.4	73.43	66.84	46.65	49.68	28.64	70.0	78.59	50.01	66.71	36.36	29.15	48.02	43.57	33.38	13.89
18	32.31	71.02	78.79	28.84	101.55	60.83	10.0	96.21	50.04	31.05	40.0	67.47	84.97	93.04	58.41	77.2	79.62	91.61	0.0	7.21	76.03	96.75	90.09	72.11	46.04	24.08	80.99	34.41	114.77	84.21	93.91	27.2	90.55	32.06	45.34	93.23	81.61	54.15	34.06	84.15	82.04	55.44	80.21	43.93	56.3	63.89	77.8
19	26.68	66.27	71.69	21.63	94.34	56.14	16.97	89.2	46.69	26.83	33.29	60.83	78.79	85.91	51.61	71.81	74.67	84.88	7.21	0.0	69.34	90.35	84.38	68.03	40.45	21.54	73.78	27.78	107.63	80.0	87.73	20.59	84.21	28.28	38.42	86.16	74.4	48.0	28.64	80.01	75.54	48.6	73.01	37.01	49.09	56.73	71.03
20	45.25	32.98	41.04	50.16	42.76	34.06	86.02	23.41	47.54	71.39	36.06	52.8	15.23	45.65	17.89	25.06	32.25	15.62	76.03	69.34	0.0	22.36	80.45	41.23	64.03	59.67	30.0	41.62	44.27	43.91	22.09	48.83	69.43	51.61	31.3	49.4	26.08	58.86	64.78	44.78	61.4	21.02	25.81	32.65	31.14	21.59	3.0
21	64.9	38.63	57.27	72.11	48.41	44.94	106.68	22.8	60.46	93.74	57.27	72.28	12.81	56.85	39.85	27.86	32.56	11.66	96.75	90.35	22.36	0.0	97.51	45.61	86.02	78.1	44.72	62.61	38.83	42.0	6.0	69.77	85.09	69.43	53.14	61.22	40.25	80.22	87.13	43.0	78.29	43.01	40.72	54.42	53.01	43.01	22.02
22	85.09	107.52	40.25	68.96	58.14	102.45	96.08	77.79	106.68	60.13	75.18	30.0	95.41	44.41	73.59	103.48	110.45	85.91	90.09	84.38	80.45	97.51	0.0	114.77	44.05	96.17	52.8	76.97	80.1	121.66	100.24	78.43	14.0	95.08	71.02	40.2	57.27	36.88	56.04	122.35	19.24	72.35	56.8	71.34	55.44	60.88	78.77
23	42.76	8.25	78.89	59.46	83.95	13.42	80.62	62.03	22.8	84.12	44.72	84.9	34.23	86.16	41.23	18.11	13.42	50.04	72.11	68.03	41.23	45.61	114.77	0.0	85.09	48.37	69.86	46.82	82.1	12.17	39.85	51.42	106.02	40.05	46.04	89.55	66.48	84.4	79.85	12.04	97.01	42.45	65.92	46.32	59.41	54.64	44.15
24	46.69	79.62	42.8	28.43	68.82	71.69	52.35	74.73	70.77	17.09	40.5	25.61	78.41	56.64	49.03	79.7	85.44	76.42	46.04	40.45	64.03	86.02	44.05	85.09	0.0	54.59	50.99	39.7	87.66	94.85	86.09	38.42	45.61	55.61	39.4	55.17	53.85	10.0	12.0	95.27	38.08	46.32	52.55	38.91	33.02	43.1	64.01
25	15.23	48.08	74.43	27.2	92.97	37.95	32.25	82.1	26.0	45.25	27.2	68.73	65.6	87.48	43.91	55.46	56.92	75.07	24.08	21.54	59.67	78.1	96.17	48.37	54.59	0.0	72.8	22.36	102.22	60.53	74.4	18.11	93.06	8.94	33.53	88.81	72.11	59.46	44.41	60.41	83.73	41.59	70.84	32.28	49.5	53.76	62.01
26	57.72	61.74	12.65	52.15	20.59	60.17	90.44	26.08	70.26	64.4	45.61	30.07	43.86	16.49	32.06	54.92	62.13	33.11	80.99	73.78	30.0	44.72	52.8	69.86	50.99	72.8	0.0	50.6	36.72	73.78	47.71	56.46	40.5	67.08	39.29	19.7	4.47	42.38	57.2	74.63	33.62	33.02	4.24	40.52	24.7	19.24	27.66
27	8.25	42.76	52.15	12.65	70.94	33.53	44.41	62.29	31.11	37.36	5.66	48.08	51.26	65.12	24.08	46.04	50.16	57.2	34.41	27.78	41.62	62.61	76.97	46.82	39.7	22.36	50.6	0.0	81.61	57.72	60.17	7.21	72.28	18.44	11.66	66.48	50.16	41.62	33.11	57.97	62.82	21.21	48.85	10.3	27.17	31.78	43.42
28	87.13	74.24	46.17	86.28	22.0	77.67	124.58	20.88	91.76	100.96	76.03	65.15	48.0	36.06	58.31	64.03	70.03	32.06	114.77	107.63	44.27	38.83	80.1	82.1	87.66	102.22	36.72	81.61	0.0	80.4	44.72	88.41	66.12	94.83	70.0	40.0	34.41	78.79	93.74	81.39	63.2	60.75	35.81	71.4	59.55	50.93	41.44
29	54.33	15.23	84.02	70.34	85.44	24.33	92.78	61.61	34.93	95.08	55.03	92.2	32.98	89.55	48.41	18.87	11.66	49.03	84.21	80.0	43.91	42.0	121.66	12.17	94.85	60.53	73.78	57.72	80.4	0.0	36.0	62.8	111.95	52.15	55.46	93.3	69.97	93.3	90.44	1.0	103.28	50.22	69.64	55.95	67.01	60.81	46.53
30	61.77	33.11	60.03	70.34	53.25	40.0	103.77	27.78	55.61	92.78	55.03	74.0	8.94	60.83	38.47	22.36	26.68	15.62	93.91	87.73	22.09	6.0	100.24	39.85	86.09	74.4	47.71	60.17	44.72	36.0	0.0	67.23	88.2	65.6	51.42	65.12	43.27	80.89	86.37	37.0	81.01	41.59	43.57	52.63	53.24	43.57	22.56
31	8.94	48.17	56.89	10.0	76.97	38.47	37.2	69.31	33.29	33.11	12.81	50.64	58.31	70.34	31.24	52.35	56.0	64.4	27.2	20.59	48.83	69.77	78.43	51.42	38.42	18.11	56.46	7.21	88.41	62.8	67.23	0.0	74.97	17.2	18.44	71.39	56.36	42.05	30.0	62.97	65.62	28.32	55.01	17.03	32.28	38.08	50.61
32	80.52	98.41	28.43	66.27	44.18	94.34	97.67	64.62	100.32	62.64	69.57	24.33	84.02	30.59	64.9	93.38	100.5	73.43	90.55	84.21	69.43	85.09	14.0	106.02	45.61	93.06	40.5	72.28	66.12	111.95	88.2	74.97	0.0	90.71	64.62	26.31	44.94	36.5	57.27	112.7	9.49	64.14	44.65	65.19	47.85	51.4	67.48
33	10.2	39.29	70.0	27.2	86.83	29.12	40.79	74.43	18.44	48.83	22.0	66.48	56.85	82.39	36.77	46.52	48.08	66.84	32.06	28.28	51.61	69.43	95.08	40.05	55.61	8.94	67.08	18.44	94.83	52.15	65.6	17.2	90.71	0.0	28.07	84.1	65.97	59.06	46.69	52.09	81.25	34.79	64.76	27.02	45.01	47.85	54.08
34	18.44	40.25	42.05	18.97	59.46	32.8	55.32	50.91	35.78	42.0	6.32	41.18	42.76	54.33	13.42	40.79	46.17	46.65	45.34	38.42	31.3	53.14	71.02	46.04	39.4	33.53	39.29	11.66	70.0	55.46	51.42	18.44	64.62	28.07	0.0	56.04	38.63	38.42	36.22	55.9	55.15	10.3	37.34	1.41	17.26	20.25	32.76
35	74.24	81.44	14.56	65.15	18.0	79.7	101.98	39.45	89.11	71.22	62.13	29.73	62.48	4.47	50.99	74.43	81.63	49.68	93.23	86.16	49.4	61.22	40.2	89.55	55.17	88.81	19.7	66.48	40.0	93.3	65.12	71.39	26.31	84.1	56.04	0.0	23.32	45.25	64.4	94.15	23.54	51.48	23.71	57.08	39.32	37.34	46.87
36	56.92	58.31	17.09	52.8	20.88	57.27	91.21	22.0	68.03	66.57	44.94	34.0	39.6	19.7	30.07	51.11	58.31	28.64	81.61	74.4	26.08	40.25	57.27	66.48	53.85	72.11	4.47	50.16	34.41	69.97	43.27	56.36	44.94	65.97	38.63	23.32	0.0	45.61	59.36	70.83	38.08	31.4	1.41	39.92	25.5	18.38	23.6
37	49.4	78.23	33.29	32.31	59.36	71.22	61.19	67.08	72.47	26.83	41.04	15.62	73.76	46.86	45.69	76.97	83.19	70.0	54.15	48.0	58.86	80.22	36.88	84.4	10.0	59.46	42.38	41.62	78.79	93.3	80.89	42.05	36.5	59.06	38.42	45.25	45.61	0.0	20.88	93.81	28.46	43.38	44.38	38.29	27.89	37.34	58.42
38	38.83	75.29	50.99	20.59	76.42	66.48	40.45	78.79	63.25	7.21	35.44	35.78	78.1	65.3	48.04	76.94	82.0	78.59	34.06	28.64	64.78	87.13	56.04	79.85	12.0	44.41	57.2	33.11	93.74	90.44	86.37	30.0	57.27	46.69	36.22	64.4	59.36	20.88	0.0	90.76	49.34	45.01	57.98	35.36	35.47	45.54	65.31
39	54.45	15.65	84.81	70.6	86.38	24.52	92.66	62.59	34.71	95.34	55.36	92.85	33.96	90.43	49.04	19.72	12.53	50.01	84.15	80.01	44.78	43.0	122.35	12.04	95.27	60.41	74.63	57.97	81.39	1.0	37.0	62.97	112.7	52.09	55.9	94.15	70.83	93.81	90.76	0.0	104.0	50.8	70.49	56.36	67.62	61.52	47.41
40	71.06	89.5	21.02	57.08	41.3	85.15	89.5	58.94	90.87	55.15	60.08	15.03	76.28	27.17	55.8	84.86	91.92	66.71	82.04	75.54	61.4	78.29	19.24	97.01	38.08	83.73	33.62	62.82	63.2	103.28	81.01	65.62	9.49	81.25	55.15	23.54	38.08	28.46	49.34	104.0	0.0	54.92	37.58	55.71	38.47	42.52	59.64
41	26.42	35.47	38.6	29.15	52.17	30.23	65.44	41.11	37.66	51.24	15.56	42.45	33.14	49.09	3.16	33.62	39.82	36.36	55.44	48.6	21.02	43.01	72.35	42.45	46.32	41.59	33.02	21.21	60.75	50.22	41.59	28.32	64.14	34.79	10.3	51.48	31.4	43.38	45.01	50.8	54.92	0.0	30.27	11.66	16.97	14.14	22.47
42	55.66	57.78	16.55	51.4	22.14	56.52	89.81	23.02	67.07	65.19	43.66	33.02	39.62	20.25	29.02	50.77	57.98	29.15	80.21	73.01	25.81	40.72	56.8	65.92	52.55	70.84	4.24	48.85	35.81	69.64	43.57	55.01	44.65	64.76	37.34	23.71	1.41	44.38	57.98	70.49	37.58	30.27	0.0	38.63	24.08	17.09	23.43
43	17.26	40.72	43.01	17.72	60.75	33.02	53.91	52.33	35.36	41.01	5.1	41.59	43.93	55.44	14.76	41.59	46.84	48.02	43.93	37.01	32.65	54.42	71.34	46.32	38.91	32.28	40.52	10.3	71.4	55.95	52.63	17.03	65.19	27.02	1.41	57.08	39.92	38.29	35.36	56.36	55.71	11.66	38.63	0.0	18.11	21.54	34.13
44	35.01	52.4	25.02	27.46	45.28	47.01	65.8	43.38	52.55	42.54	23.02	25.5	45.89	38.08	18.6	49.74	56.3	43.57	56.3	49.09	31.14	53.01	55.44	59.41	33.02	49.5	24.7	27.17	59.55	67.01	53.24	32.28	47.85	45.01	17.26	39.32	25.5	27.89	35.47	67.62	38.47	16.97	24.08	18.11	0.0	10.2	31.0
45	38.6	47.01	24.7	35.36	39.22	43.38	73.66	33.62	51.79	52.55	26.57	31.91	36.69	35.01	13.93	42.64	49.58	33.38	63.89	56.73	21.59	43.01	60.88	54.64	43.1	53.76	19.24	31.78	50.93	60.81	43.57	38.08	51.4	47.85	20.25	37.34	18.38	37.34	45.54	61.52	42.52	14.14	17.09	21.54	10.2	0.0	21.1
46	47.42	35.9	39.05	51.43	39.81	37.05	87.8	20.62	50.45	72.03	37.8	51.62	16.64	43.05	19.42	27.73	34.89	13.89	77.8	71.03	3.0	22.02	78.77	44.15	64.01	62.01	27.66	43.42	41.44	46.53	22.56	50.61	67.48	54.08	32.76	46.87	23.6	58.42	65.31	47.41	59.64	22.47	23.43	34.13	31.0	21.1	0.0
;
