set K:= 1	2	3	4	5;
set C_H:= 1	2	3	4	5	6	7	8	9	10	11	12	13	14	15	16	17	18	19	20	21;
set C_S:= 22	23	24	25	26	27	28	29	30;
set C_F:= 31	32	33;
set M:= 34	35	36	37	38	39;
set L_B:= 40	41	42	43	44;
set A1:=
(0,*) 1 2 3 4 5 6 7 8 9 10 11 12 13 14 15 16 17 18 19 20 21 31 32 33 34 35 36 37 38 39 40 41 42 43 44
(1,*) 0 2 3 4 5 6 7 8 9 10 11 12 13 14 15 16 17 18 19 20 21 31 32 33 34 35 36 37 38 39 40 41 42 43 44
(2,*) 0 1 3 4 5 6 7 8 9 10 11 12 13 14 15 16 17 18 19 20 21 31 32 33 34 35 36 37 38 39 40 41 42 43 44
(3,*) 0 1 2 4 5 6 7 8 9 10 11 12 13 14 15 16 17 18 19 20 21 31 32 33 34 35 36 37 38 39 40 41 42 43 44
(4,*) 0 1 2 3 5 6 7 8 9 10 11 12 13 14 15 16 17 18 19 20 21 31 32 33 34 35 36 37 38 39 40 41 42 43 44
(5,*) 0 1 2 3 4 6 7 8 9 10 11 12 13 14 15 16 17 18 19 20 21 31 32 33 34 35 36 37 38 39 40 41 42 43 44
(6,*) 0 1 2 3 4 5 7 8 9 10 11 12 13 14 15 16 17 18 19 20 21 31 32 33 34 35 36 37 38 39 40 41 42 43 44
(7,*) 0 1 2 3 4 5 6 8 9 10 11 12 13 14 15 16 17 18 19 20 21 31 32 33 34 35 36 37 38 39 40 41 42 43 44
(8,*) 0 1 2 3 4 5 6 7 9 10 11 12 13 14 15 16 17 18 19 20 21 31 32 33 34 35 36 37 38 39 40 41 42 43 44
(9,*) 0 1 2 3 4 5 6 7 8 10 11 12 13 14 15 16 17 18 19 20 21 31 32 33 34 35 36 37 38 39 40 41 42 43 44
(10,*) 0 1 2 3 4 5 6 7 8 9 11 12 13 14 15 16 17 18 19 20 21 31 32 33 34 35 36 37 38 39 40 41 42 43 44
(11,*) 0 1 2 3 4 5 6 7 8 9 10 12 13 14 15 16 17 18 19 20 21 31 32 33 34 35 36 37 38 39 40 41 42 43 44
(12,*) 0 1 2 3 4 5 6 7 8 9 10 11 13 14 15 16 17 18 19 20 21 31 32 33 34 35 36 37 38 39 40 41 42 43 44
(13,*) 0 1 2 3 4 5 6 7 8 9 10 11 12 14 15 16 17 18 19 20 21 31 32 33 34 35 36 37 38 39 40 41 42 43 44
(14,*) 0 1 2 3 4 5 6 7 8 9 10 11 12 13 15 16 17 18 19 20 21 31 32 33 34 35 36 37 38 39 40 41 42 43 44
(15,*) 0 1 2 3 4 5 6 7 8 9 10 11 12 13 14 16 17 18 19 20 21 31 32 33 34 35 36 37 38 39 40 41 42 43 44
(16,*) 0 1 2 3 4 5 6 7 8 9 10 11 12 13 14 15 17 18 19 20 21 31 32 33 34 35 36 37 38 39 40 41 42 43 44
(17,*) 0 1 2 3 4 5 6 7 8 9 10 11 12 13 14 15 16 18 19 20 21 31 32 33 34 35 36 37 38 39 40 41 42 43 44
(18,*) 0 1 2 3 4 5 6 7 8 9 10 11 12 13 14 15 16 17 19 20 21 31 32 33 34 35 36 37 38 39 40 41 42 43 44
(19,*) 0 1 2 3 4 5 6 7 8 9 10 11 12 13 14 15 16 17 18 20 21 31 32 33 34 35 36 37 38 39 40 41 42 43 44
(20,*) 0 1 2 3 4 5 6 7 8 9 10 11 12 13 14 15 16 17 18 19 21 31 32 33 34 35 36 37 38 39 40 41 42 43 44
(21,*) 0 1 2 3 4 5 6 7 8 9 10 11 12 13 14 15 16 17 18 19 20 31 32 33 34 35 36 37 38 39 40 41 42 43 44
(31,*) 0 1 2 3 4 5 6 7 8 9 10 11 12 13 14 15 16 17 18 19 20 21 32 33 34 35 36 37 38 39 40 41 42 43 44
(32,*) 0 1 2 3 4 5 6 7 8 9 10 11 12 13 14 15 16 17 18 19 20 21 31 33 34 35 36 37 38 39 40 41 42 43 44
(33,*) 0 1 2 3 4 5 6 7 8 9 10 11 12 13 14 15 16 17 18 19 20 21 31 32 34 35 36 37 38 39 40 41 42 43 44
(34,*) 0 1 2 3 4 5 6 7 8 9 10 11 12 13 14 15 16 17 18 19 20 21 31 32 33 35 36 37 38 39 40 41 42 43 44
(35,*) 0 1 2 3 4 5 6 7 8 9 10 11 12 13 14 15 16 17 18 19 20 21 31 32 33 34 36 37 38 39 40 41 42 43 44
(36,*) 0 1 2 3 4 5 6 7 8 9 10 11 12 13 14 15 16 17 18 19 20 21 31 32 33 34 35 37 38 39 40 41 42 43 44
(37,*) 0 1 2 3 4 5 6 7 8 9 10 11 12 13 14 15 16 17 18 19 20 21 31 32 33 34 35 36 38 39 40 41 42 43 44
(38,*) 0 1 2 3 4 5 6 7 8 9 10 11 12 13 14 15 16 17 18 19 20 21 31 32 33 34 35 36 37 39 40 41 42 43 44
(39,*) 0 1 2 3 4 5 6 7 8 9 10 11 12 13 14 15 16 17 18 19 20 21 31 32 33 34 35 36 37 38 40 41 42 43 44
(40,*) 0 1 2 3 4 5 6 7 8 9 10 11 12 13 14 15 16 17 18 19 20 21 31 32 33 34 35 36 37 38 39 41 42 43 44
(41,*) 0 1 2 3 4 5 6 7 8 9 10 11 12 13 14 15 16 17 18 19 20 21 31 32 33 34 35 36 37 38 39 40 42 43 44
(42,*) 0 1 2 3 4 5 6 7 8 9 10 11 12 13 14 15 16 17 18 19 20 21 31 32 33 34 35 36 37 38 39 40 41 43 44
(43,*) 0 1 2 3 4 5 6 7 8 9 10 11 12 13 14 15 16 17 18 19 20 21 31 32 33 34 35 36 37 38 39 40 41 42 44
(44,*) 0 1 2 3 4 5 6 7 8 9 10 11 12 13 14 15 16 17 18 19 20 21 31 32 33 34 35 36 37 38 39 40 41 42 43
;
set A2:=
(34,*) 35
(35,*) 34
(36,*) 37
(37,*) 36
(38,*) 39
(39,*) 38
;
param BigM:=99999;
param n:= 5;
param d:=
1	23
2	3
3	24
4	15
5	24
6	7
7	13
8	5
9	5
10	14
11	5
12	24
13	15
14	9
15	16
16	13
17	24
18	23
19	20
20	15
21	4
22	15
23	25
24	7
25	13
26	16
27	13
28	20
29	3
30	15
31	12
32	19
33	1
;
param Q:=100;
param w:=
[34,*] 35 1
[35,*] 34 1
[36,*] 37 1
[37,*] 36 1
[38,*] 39 1
[39,*] 38 1
;
param V:=
[34,*] 35 81
[35,*] 34 81
[36,*] 37 91
[37,*] 36 91
[38,*] 39 92
[39,*] 38 92
;
param f:=
34	100
35	100
36	100
37	100
38	100
39	100
40	100
41	100
42	100
43	100
44	100
;
param e:
	34	35	36	37	38	39	40	41	42	43	44:=
22	1	0	0	0	0	1	0	1	0	0	0	
23	0	1	1	0	1	0	1	0	1	1	1	
24	0	1	1	0	1	0	0	0	0	1	0	
25	0	0	1	0	1	0	1	0	1	1	1	
26	0	1	1	0	0	0	0	0	0	1	0	
27	1	0	0	0	0	1	1	1	1	0	1	
28	0	0	1	0	1	0	0	0	0	0	0	
29	0	0	1	0	1	0	0	0	0	0	0	
30	0	1	0	0	0	0	0	0	0	1	0	
31	0	0	1	0	1	0	1	0	1	1	1	
32	0	0	1	0	1	0	0	0	0	0	0	
33	1	0	0	1	0	1	0	1	0	0	0	
;
param p:=
1	1
2	1
3	1
4	1
5	1
;
param G:=
34	80
35	81
36	75
37	91
38	75
39	92
40	94
41	73
42	95
43	94
44	73
;
param s:=
0	0
1	15
2	15
3	15
4	15
5	15
6	15
7	15
8	15
9	15
10	15
11	15
12	15
13	15
14	15
15	15
16	15
17	15
18	15
19	15
20	15
21	15
31	15
32	15
33	15
34	10
35	10
36	10
37	10
38	10
39	10
40	10
41	10
42	10
43	10
44	10
;
param t:
	0	1	2	3	4	5	6	7	8	9	10	11	12	13	14	15	16	17	18	19	20	21	22	23	24	25	26	27	28	29	30	31	32	33	34	35	36	37	38	39	40	41	42	43	44:=
0	0.0	52.35	38.47	76.16	31.62	40.25	36.72	57.27	31.62	68.03	36.06	42.05	47.2	69.43	27.78	42.19	54.92	60.3	65.3	17.09	66.03	69.66	33.94	48.7	62.03	31.62	69.66	12.17	44.27	52.04	74.73	38.83	42.38	36.72	33.6	70.72	49.65	53.67	49.16	25.02	25.61	17.69	30.23	62.29	25.5
1	52.35	0.0	75.39	104.02	35.38	20.0	23.32	88.84	39.45	97.65	40.0	18.44	86.16	40.0	68.41	60.0	91.24	8.0	45.12	62.03	50.0	48.66	81.71	11.66	17.09	22.36	38.05	64.12	22.36	4.0	73.35	14.14	23.32	84.85	83.17	45.1	3.61	86.83	10.44	77.16	38.63	65.28	39.82	36.5	44.38
2	38.47	75.39	0.0	37.95	68.12	56.32	52.5	18.97	36.88	29.73	38.21	58.24	10.77	71.02	10.77	23.41	16.97	82.87	62.1	51.42	59.46	65.15	58.31	66.48	76.94	53.67	72.69	32.56	76.84	76.97	53.74	61.74	75.29	21.26	54.74	69.12	71.87	15.23	77.03	33.73	36.77	22.56	36.14	64.5	31.02
3	76.16	104.02	37.95	0.0	104.31	84.02	80.92	18.97	65.12	8.25	64.03	85.6	32.06	85.44	48.7	44.05	24.0	110.44	74.73	89.29	69.86	75.71	94.19	93.23	100.24	84.85	87.93	70.34	110.63	106.53	50.04	92.02	109.34	52.04	90.05	81.25	100.42	22.8	108.25	69.18	67.94	60.44	65.07	80.99	62.37
4	31.62	35.38	68.12	104.31	0.0	37.36	36.5	86.02	44.72	96.52	48.37	37.95	77.79	69.08	58.0	63.91	85.04	41.62	69.86	32.06	72.99	74.22	50.36	39.45	51.22	28.28	68.03	42.94	16.49	32.8	90.2	28.64	14.56	68.26	53.04	72.73	34.71	82.8	26.93	54.42	39.29	49.2	43.93	63.25	43.66
5	40.25	20.0	56.32	84.02	37.36	0.0	4.0	68.96	19.7	77.67	20.0	2.0	67.05	32.25	50.36	40.0	71.69	26.83	32.56	54.04	36.06	36.88	73.24	10.2	22.36	10.0	31.62	50.6	32.56	22.63	56.32	10.2	32.25	68.0	73.57	35.47	16.4	67.08	25.55	63.32	20.1	49.37	20.25	26.0	25.5
6	36.72	23.32	52.5	80.92	36.5	4.0	0.0	65.51	16.12	74.4	16.97	6.0	63.25	34.41	46.39	36.88	68.03	30.46	33.53	50.99	36.5	37.95	70.0	14.14	26.31	8.25	34.06	46.82	33.53	25.61	55.32	11.66	32.98	64.0	70.18	37.12	19.72	63.53	27.8	59.48	16.12	45.4	16.55	27.78	21.59
7	57.27	88.84	18.97	18.97	86.02	68.96	65.51	0.0	49.4	10.77	49.19	70.71	14.56	76.24	29.73	29.73	8.49	95.77	66.03	70.34	62.03	68.03	76.0	78.71	87.32	68.41	78.41	51.42	93.34	90.97	48.33	76.03	91.93	34.93	72.06	73.01	85.23	4.0	92.01	51.01	51.22	41.48	49.09	70.71	45.45
8	31.62	39.45	36.88	65.12	44.72	19.7	16.12	49.4	0.0	58.41	4.47	21.54	47.54	39.45	32.06	21.26	52.0	46.52	33.94	48.37	34.41	38.21	65.3	29.73	40.2	20.0	40.25	38.42	46.65	41.62	46.04	26.91	45.65	50.64	64.35	39.82	35.85	47.41	43.14	49.74	6.32	34.01	1.41	32.25	7.62
9	68.03	97.65	29.73	8.25	96.52	77.67	74.4	10.77	58.41	0.0	57.69	79.32	24.0	81.58	40.5	37.74	16.12	104.31	71.02	81.04	66.48	72.44	86.09	87.13	94.85	77.9	83.95	62.1	103.32	100.0	49.03	85.28	101.98	44.18	82.01	77.78	94.05	14.56	101.41	61.07	60.83	52.2	58.26	76.66	55.15
10	36.06	40.0	38.21	64.03	48.37	20.0	16.97	49.19	4.47	57.69	0.0	21.63	48.66	35.78	34.53	20.0	52.5	46.65	29.73	52.84	30.0	33.94	69.66	29.53	38.83	22.36	36.77	42.52	49.19	42.52	42.0	28.43	48.33	53.37	68.62	35.81	36.4	47.54	44.69	53.54	10.77	37.59	5.83	28.64	11.4
11	42.05	18.44	58.24	85.6	37.95	2.0	6.0	70.71	21.54	79.32	21.63	0.0	68.96	31.3	52.35	41.62	73.54	25.06	32.25	55.61	36.0	36.5	74.89	8.25	20.4	11.31	30.53	52.5	32.25	21.26	56.92	10.0	32.06	70.0	75.29	34.79	14.87	68.88	24.6	65.25	22.09	51.35	22.14	25.3	27.46
12	47.2	86.16	10.77	32.06	77.79	67.05	63.25	14.56	47.54	24.0	48.66	68.96	0.0	80.4	19.8	32.25	8.25	93.64	71.02	58.31	67.91	73.76	62.13	77.2	87.48	64.4	82.22	39.4	87.2	87.73	58.82	72.5	85.6	20.4	58.01	78.09	82.64	10.77	87.71	37.12	47.54	30.02	46.84	74.11	41.79
13	69.43	40.0	71.02	85.44	69.08	32.25	34.41	76.24	39.45	81.58	35.78	31.3	80.4	0.0	69.57	48.17	82.0	40.79	10.77	84.9	16.12	11.31	103.32	30.59	24.74	42.19	2.83	77.67	60.83	44.0	41.23	40.5	61.19	88.54	102.94	5.83	38.12	76.03	50.09	89.19	44.41	73.36	40.82	7.21	47.01
14	27.78	68.41	10.77	48.7	58.0	50.36	46.39	29.73	32.06	40.5	34.53	52.35	19.8	69.57	0.0	25.46	27.2	76.16	61.74	40.79	60.03	65.3	49.03	60.53	72.03	46.17	70.88	22.09	67.68	69.57	58.82	54.41	66.03	18.97	45.88	68.54	65.0	26.0	68.94	25.5	30.27	12.04	31.02	62.64	25.02
15	42.19	60.0	23.41	44.05	63.91	40.0	36.88	29.73	21.26	37.74	20.0	41.62	32.25	48.17	25.46	0.0	34.23	66.57	38.83	58.86	36.06	41.76	71.69	49.4	57.58	41.23	50.04	43.08	67.68	62.48	34.0	48.08	66.57	43.27	69.32	45.89	56.4	28.64	64.35	50.22	25.06	34.48	21.4	42.0	20.25
16	54.92	91.24	16.97	24.0	85.04	71.69	68.03	8.49	52.0	16.12	52.5	73.54	8.25	82.0	27.2	34.23	0.0	98.49	72.11	66.48	68.47	74.43	70.26	81.71	91.21	69.97	84.02	47.54	93.72	93.06	56.36	77.9	92.2	28.07	66.07	79.16	87.66	6.32	93.49	45.28	52.84	38.01	51.48	76.11	47.01
17	60.3	8.0	82.87	110.44	41.62	26.83	30.46	95.77	46.52	104.31	46.65	25.06	93.64	40.79	76.16	66.57	98.49	0.0	47.54	69.57	52.8	50.6	89.2	17.2	16.12	30.27	38.47	72.11	26.91	8.94	77.18	22.09	28.28	92.78	90.8	46.32	11.18	93.91	14.87	85.15	46.17	73.25	47.01	38.63	51.87
18	65.3	45.12	62.1	74.73	69.86	32.56	33.53	66.03	33.94	71.02	29.73	32.25	71.02	10.77	61.74	38.83	72.11	47.54	0.0	81.61	5.66	4.47	99.16	34.23	32.25	41.76	13.42	72.25	64.0	49.03	31.11	42.19	64.03	80.62	98.29	7.07	42.58	66.03	54.45	83.01	39.7	66.85	35.36	8.94	41.11
19	17.09	62.03	51.42	89.29	32.06	54.04	50.99	70.34	48.37	81.04	52.84	55.61	58.31	84.9	40.79	58.86	66.48	69.57	81.61	0.0	82.68	86.02	19.7	61.06	74.43	44.41	84.85	18.97	48.04	60.73	91.76	50.12	46.04	42.8	21.38	86.68	60.01	66.48	56.29	25.5	42.19	28.86	47.01	77.9	42.54
20	66.03	50.0	59.46	69.86	72.99	36.06	36.5	62.03	34.41	66.48	30.0	36.0	67.91	16.12	60.03	36.06	68.47	52.8	5.66	82.68	0.0	6.0	99.64	38.83	37.74	44.72	18.87	72.14	68.12	53.85	25.46	46.0	68.03	78.71	98.49	11.4	47.3	62.29	59.03	82.33	40.5	66.07	35.81	14.42	41.11
21	69.66	48.66	65.15	75.71	74.22	36.88	37.95	68.03	38.21	72.44	33.94	36.5	73.76	11.31	65.3	41.76	74.43	50.6	4.47	86.02	6.0	0.0	103.48	38.05	34.93	46.17	14.14	76.42	68.03	52.61	30.0	46.39	68.12	84.1	102.55	5.83	46.27	68.26	58.22	87.01	44.05	70.8	39.62	12.17	45.28
22	33.94	81.71	58.31	94.19	50.36	73.24	70.0	76.0	65.3	86.09	69.66	74.89	62.13	103.32	49.03	71.69	70.26	89.2	99.16	19.7	99.64	103.48	0.0	80.62	94.02	63.81	103.48	28.64	66.75	80.32	105.6	69.77	64.78	42.76	5.0	104.66	79.71	72.0	75.69	25.02	59.46	37.64	63.89	96.21	58.6
23	48.7	11.66	66.48	93.23	39.45	10.2	14.14	78.71	29.73	87.13	29.53	8.25	77.2	30.59	60.53	49.4	81.71	17.2	34.23	61.06	38.83	38.05	80.62	0.0	13.42	17.09	29.12	59.67	30.27	15.23	61.74	11.31	30.59	78.03	81.39	35.13	8.54	76.97	20.22	72.57	30.27	59.14	30.36	26.0	35.69
24	62.03	17.09	76.94	100.24	51.22	22.36	26.31	87.32	40.2	94.85	38.83	20.4	87.48	24.74	72.03	57.58	91.21	16.12	32.25	74.43	37.74	34.93	94.02	13.42	0.0	30.46	22.36	72.8	39.4	20.88	62.8	24.41	40.25	90.09	94.81	30.36	16.64	86.02	27.51	85.62	42.05	71.7	41.11	23.32	47.01
25	31.62	22.36	53.67	84.85	28.28	10.0	8.25	68.41	20.0	77.9	22.36	11.31	64.4	42.19	46.17	41.23	69.97	30.27	41.76	44.41	44.72	46.17	63.81	17.09	30.46	0.0	41.62	42.76	26.83	23.41	62.8	8.25	26.0	62.51	64.41	45.19	19.1	66.03	23.6	55.73	17.2	43.05	19.85	35.78	23.02
26	69.66	38.05	72.69	87.93	68.03	31.62	34.06	78.41	40.25	83.95	36.77	30.53	82.22	2.83	70.88	50.04	84.02	38.47	13.42	84.85	18.87	14.14	103.48	29.12	22.36	41.62	0.0	78.23	59.23	42.05	44.05	39.4	59.67	89.84	103.23	8.6	36.35	78.1	48.26	89.94	44.94	74.25	41.59	8.25	47.85
27	12.17	64.12	32.56	70.34	42.94	50.6	46.82	51.42	38.42	62.1	42.52	52.5	39.4	77.67	22.09	43.08	47.54	72.11	72.25	18.97	72.14	76.42	28.64	59.67	72.8	42.76	78.23	0.0	56.32	64.0	76.97	50.36	54.41	25.61	26.63	78.24	61.29	47.54	61.29	13.04	33.29	10.05	37.01	70.46	31.14
28	44.27	22.36	76.84	110.63	16.49	32.56	33.53	93.34	46.65	103.32	49.19	32.25	87.2	60.83	67.68	67.68	93.72	26.91	64.0	48.04	68.12	68.03	66.75	30.27	39.4	26.83	59.23	56.32	0.0	18.87	88.77	22.36	2.0	80.62	69.26	65.38	23.09	90.55	12.21	68.66	42.8	60.84	46.32	56.14	48.27
29	52.04	4.0	76.97	106.53	32.8	22.63	25.61	90.97	41.62	100.0	42.52	21.26	87.73	44.0	69.57	62.48	93.06	8.94	49.03	60.73	53.85	52.61	80.32	15.23	20.88	23.41	42.05	64.0	18.87	0.0	76.97	15.23	20.0	85.51	82.01	49.09	6.71	88.84	6.71	77.01	40.25	65.76	41.88	40.45	46.07
30	74.73	73.35	53.74	50.04	90.2	56.32	55.32	48.33	46.04	49.03	42.0	56.92	58.82	41.23	58.82	34.0	56.36	77.18	31.11	91.76	25.46	30.0	105.6	61.74	62.8	62.8	44.05	76.97	88.77	76.97	0.0	66.48	88.29	74.97	103.31	35.81	70.26	50.12	81.34	84.06	52.15	68.48	47.1	39.7	49.82
31	38.83	14.14	61.74	92.02	28.64	10.2	11.66	76.03	26.91	85.28	28.43	10.0	72.5	40.5	54.41	48.08	77.9	22.09	42.19	50.12	46.0	46.39	69.77	11.31	24.41	8.25	39.4	50.36	22.36	15.23	66.48	0.0	22.09	70.71	70.77	44.38	11.0	73.78	16.28	63.39	25.06	51.16	27.02	34.93	30.89
32	42.38	23.32	75.29	109.34	14.56	32.25	32.98	91.93	45.65	101.98	48.33	32.06	85.6	61.19	66.03	66.57	92.2	28.28	64.03	46.04	68.03	68.12	64.78	30.59	40.25	26.0	59.67	54.41	2.0	20.0	88.29	22.09	0.0	78.79	67.27	65.62	23.77	89.11	13.45	66.71	41.62	59.03	45.28	56.32	47.01
33	36.72	84.85	21.26	52.04	68.26	68.0	64.0	34.93	50.64	44.18	53.37	70.0	20.4	88.54	18.97	43.27	28.07	92.78	80.62	42.8	78.71	84.1	42.76	78.03	90.09	62.51	89.84	25.61	80.62	85.51	74.97	70.71	78.79	0.0	38.33	87.46	81.61	31.05	83.93	18.38	48.04	19.92	49.5	81.61	43.29
34	33.6	83.17	54.74	90.05	53.04	73.57	70.18	72.06	64.35	82.01	68.62	75.29	58.01	102.94	45.88	69.32	66.07	90.8	98.29	21.38	98.49	102.55	5.0	81.39	94.81	64.41	103.23	26.63	69.26	82.01	103.31	70.77	67.27	38.33	0.0	104.0	80.99	68.07	77.67	21.1	58.73	34.93	62.94	95.78	57.38
35	70.72	45.1	69.12	81.25	72.73	35.47	37.12	73.01	39.82	77.78	35.81	34.79	78.09	5.83	68.54	45.89	79.16	46.32	7.07	86.68	11.4	5.83	104.66	35.13	30.36	45.19	8.6	78.24	65.38	49.09	35.81	44.38	65.62	87.46	104.0	0.0	43.0	73.06	55.0	89.31	45.28	73.25	41.23	9.49	47.2
36	49.65	3.61	71.87	100.42	34.71	16.4	19.72	85.23	35.85	94.05	36.4	14.87	82.64	38.12	65.0	56.4	87.66	11.18	42.58	60.01	47.3	46.27	79.71	8.54	16.64	19.1	36.35	61.29	23.09	6.71	70.26	11.0	23.77	81.61	80.99	43.0	0.0	83.24	12.0	74.33	35.11	62.13	36.24	34.13	40.85
37	53.67	86.83	15.23	22.8	82.8	67.08	63.53	4.0	47.41	14.56	47.54	68.88	10.77	76.03	26.0	28.64	6.32	93.91	66.03	66.48	62.29	68.26	72.0	76.97	86.02	66.03	78.1	47.54	90.55	88.84	50.12	73.78	89.11	31.05	68.07	73.06	83.24	0.0	89.63	47.01	48.83	37.64	47.01	70.26	43.01
38	49.16	10.44	77.03	108.25	26.93	25.55	27.8	92.01	43.14	101.41	44.69	24.6	87.71	50.09	68.94	64.35	93.49	14.87	54.45	56.29	59.03	58.22	75.69	20.22	27.51	23.6	48.26	61.29	12.21	6.71	81.34	16.28	13.45	83.93	77.67	55.0	12.0	89.63	0.0	74.17	40.8	64.03	43.19	46.1	46.62
39	25.02	77.16	33.73	69.18	54.42	63.32	59.48	51.01	49.74	61.07	53.54	65.25	37.12	89.19	25.5	50.22	45.28	85.15	83.01	25.5	82.33	87.01	25.02	72.57	85.62	55.73	89.94	13.04	68.66	77.01	84.06	63.39	66.71	18.38	21.1	89.31	74.33	47.01	74.17	0.0	45.19	16.28	48.37	81.99	42.19
40	25.61	38.63	36.77	67.94	39.29	20.1	16.12	51.22	6.32	60.83	10.77	22.09	47.54	44.41	30.27	25.06	52.84	46.17	39.7	42.19	40.5	44.05	59.46	30.27	42.05	17.2	44.94	33.29	42.8	40.25	52.15	25.06	41.62	48.04	58.73	45.28	35.11	48.83	40.8	45.19	0.0	30.08	5.1	37.2	5.83
41	17.69	65.28	22.56	60.44	49.2	49.37	45.4	41.48	34.01	52.2	37.59	51.35	30.02	73.36	12.04	34.48	38.01	73.25	66.85	28.86	66.07	70.8	37.64	59.14	71.7	43.05	74.25	10.05	60.84	65.76	68.48	51.16	59.03	19.92	34.93	73.25	62.13	37.64	64.03	16.28	30.08	0.0	32.7	66.19	26.4
42	30.23	39.82	36.14	65.07	43.93	20.25	16.55	49.09	1.41	58.26	5.83	22.14	46.84	40.82	31.02	21.4	51.48	47.01	35.36	47.01	35.81	39.62	63.89	30.36	41.11	19.85	41.59	37.01	46.32	41.88	47.1	27.02	45.28	49.5	62.94	41.23	36.24	47.01	43.19	48.37	5.1	32.7	0.0	33.62	6.32
43	62.29	36.5	64.5	80.99	63.25	26.0	27.78	70.71	32.25	76.66	28.64	25.3	74.11	7.21	62.64	42.0	76.11	38.63	8.94	77.9	14.42	12.17	96.21	26.0	23.32	35.78	8.25	70.46	56.14	40.45	39.7	34.93	56.32	81.61	95.78	9.49	34.13	70.26	46.1	81.99	37.2	66.19	33.62	0.0	39.82
44	25.5	44.38	31.02	62.37	43.66	25.5	21.59	45.45	7.62	55.15	11.4	27.46	41.79	47.01	25.02	20.25	47.01	51.87	41.11	42.54	41.11	45.28	58.6	35.69	47.01	23.02	47.85	31.14	48.27	46.07	49.82	30.89	47.01	43.29	57.38	47.2	40.85	43.01	46.62	42.19	5.83	26.4	6.32	39.82	0.0
;
