vehicles
vehicle_idx, capacity, cost_per_unit_distance
1,100,1
2,100,1
3,100,1
4,100,1
5,100,1
depot
node_idx,x,y
0,9,35
home delivery customers
node_idx,x,y,service_time,demand
1,43,19,15,5
2,79,35,15,24
3,93,7,15,3
4,67,13,15,26
5,31,77,15,23
6,27,35,15,20
7,69,23,15,16
8,31,51,15,9
9,7,35,15,24
10,75,13,15,6
11,25,33,15,13
12,1,47,15,3
13,41,9,15,16
14,3,1,15,10
15,51,67,15,12
16,57,91,15,20
17,21,97,15,24
18,55,13,15,6
19,37,19,15,2
20,19,19,15,7
21,75,73,15,6
22,93,49,15,24
23,41,87,15,19
24,45,29,15,7
self pickup customers
node_idx,x,y,service_time,demand,locker_idxs
25,13,35,15,20,49-48-45-42
26,81,7,15,15,39-44
27,27,49,15,3,40-42-48-49-46-45-47
28,27,27,15,21,48-49-42-45-47
29,53,25,15,14,44-42-47-45-46-49-48
30,1,23,15,5,42
31,93,15,15,20,39-44
32,75,55,15,22,43-41-47-46-45-49-48
33,3,71,15,1,40
34,73,21,15,13,46-45-47-39-44
35,97,73,15,4,43-41
flexible customers
node_idx,x,y,service_time,demand,locker_idxs
36,15,83,15,3,40
37,47,49,15,6,46-49-48-47-45-42
38,45,11,15,3,47-44-45-42
lockers
node_idx,x,y,service_time,capacity,cost_per_unit_good
39,93,12,10,97,100
40,22,88,10,85,100
41,65,88,10,92,100
42,25,15,10,70,100
43,77,88,10,90,100
44,72,14,10,87,100
45,47,40,10,79,100
46,59,54,10,95,100
47,59,44,10,89,100
48,42,52,10,78,100
49,45,52,10,95,100
mrt lines
start_node_idx,end_node_idx,freight_capacity,cost_per_unit_good
39,40,97,1
40,39,97,1
41,42,92,1
42,41,92,1
43,44,90,1
44,43,90,1
distance matrix
,0,1,2,3,4,5,6,7,8,9,10,11,12,13,14,15,16,17,18,19,20,21,22,23,24,25,26,27,28,29,30,31,32,33,34,35,36,37,38,39,40,41,42,43,44,45,46,47,48,49,
0,0.0,37.58,70.0,88.54,62.03,47.41,18.0,61.19,27.2,2.0,69.57,16.12,14.42,41.23,34.53,52.8,73.76,63.15,50.99,32.25,18.87,76.16,85.16,61.06,36.5,4.0,77.25,22.8,19.7,45.12,14.42,86.35,68.96,36.5,65.51,95.85,48.37,40.5,43.27,87.09,54.57,77.1,25.61,86.21,66.41,38.33,53.49,50.8,37.12,39.81
1,37.58,0.0,39.4,51.42,24.74,59.23,22.63,26.31,34.18,39.4,32.56,22.8,50.48,10.2,43.86,48.66,73.35,81.04,13.42,6.0,24.0,62.77,58.31,68.03,10.2,34.0,39.85,34.0,17.89,11.66,42.19,50.16,48.17,65.6,30.07,76.37,69.86,30.27,8.25,50.49,72.12,72.42,18.44,76.92,29.43,21.38,38.48,29.68,33.02,33.06
2,70.0,39.4,0.0,31.3,25.06,63.78,52.0,15.62,50.6,72.0,22.36,54.04,78.92,46.04,83.26,42.52,60.17,84.9,32.56,44.94,62.1,38.21,19.8,64.4,34.53,66.0,28.07,53.85,52.61,27.86,78.92,24.41,20.4,84.1,15.23,42.05,80.0,34.93,41.62,26.93,77.83,54.82,57.58,53.04,22.14,32.39,27.59,21.93,40.72,38.01
3,88.54,51.42,31.3,0.0,26.68,93.51,71.69,28.84,76.03,90.44,18.97,72.8,100.32,52.04,90.2,73.24,91.39,115.26,38.47,57.27,74.97,68.41,42.0,95.41,52.8,84.76,12.0,78.23,68.96,43.86,93.38,8.0,51.26,110.44,24.41,66.12,108.9,62.29,48.17,5.0,107.71,85.7,68.47,82.57,22.14,56.61,58.01,50.25,68.01,65.8
4,62.03,24.74,25.06,26.68,0.0,73.43,45.65,10.2,52.35,63.91,8.0,46.52,74.24,26.31,65.12,56.32,78.64,95.77,12.0,30.59,48.37,60.53,44.41,78.43,27.2,58.31,15.23,53.81,42.38,18.44,66.75,26.08,42.76,86.37,10.0,67.08,87.2,41.18,22.09,26.02,87.46,75.03,42.05,75.66,5.1,33.6,41.77,32.02,46.32,44.78
5,47.41,59.23,63.78,93.51,73.43,0.0,42.19,66.03,26.0,48.37,77.67,44.41,42.43,68.73,80.99,22.36,29.53,22.36,68.35,58.31,59.23,44.18,68.03,14.14,50.0,45.69,86.02,28.28,50.16,56.46,61.77,87.68,49.19,28.64,70.0,66.12,17.09,32.25,67.47,89.83,14.21,35.74,62.29,47.3,75.17,40.31,36.24,43.28,27.31,28.65
6,18.0,22.63,52.0,71.69,45.65,42.19,0.0,43.68,16.49,20.0,52.8,2.83,28.64,29.53,41.62,40.0,63.53,62.29,35.61,18.87,17.89,61.22,67.47,53.85,18.97,14.0,60.83,14.0,8.0,27.86,28.64,68.96,52.0,43.27,48.08,79.65,49.48,24.41,30.0,69.89,53.24,65.22,20.1,72.86,49.66,20.62,37.22,33.24,22.67,24.76
7,61.19,26.31,15.62,28.84,10.2,66.03,43.68,0.0,47.2,63.15,11.66,45.12,72.11,31.3,69.57,47.54,69.05,88.2,17.2,32.25,50.16,50.36,35.38,69.86,24.74,57.27,20.0,49.4,42.19,16.12,68.0,25.3,32.56,81.61,4.47,57.31,80.72,34.06,26.83,26.4,80.21,65.12,44.72,65.49,9.49,27.8,32.57,23.26,39.62,37.64
8,27.2,34.18,50.6,76.03,52.35,26.0,16.49,47.2,0.0,28.84,58.14,18.97,30.27,43.17,57.31,25.61,47.71,47.07,44.94,32.56,34.18,49.19,62.03,37.36,26.08,24.08,66.6,4.47,24.33,34.06,41.04,71.69,44.18,34.41,51.61,69.57,35.78,16.12,42.38,73.25,38.08,50.25,36.5,59.03,55.23,19.42,28.16,28.86,11.05,14.04
9,2.0,39.4,72.0,90.44,63.91,48.37,20.0,63.15,28.84,0.0,71.47,18.11,13.42,42.8,34.23,54.41,75.07,63.56,52.8,34.0,20.0,77.9,87.13,62.13,38.47,6.0,79.12,24.41,21.54,47.07,13.42,88.29,70.88,36.22,67.47,97.69,48.66,42.38,44.94,89.02,55.08,78.57,26.91,87.8,68.31,40.31,55.36,52.77,38.91,41.63
10,69.57,32.56,22.36,18.97,8.0,77.67,52.8,11.66,58.14,71.47,0.0,53.85,81.44,34.23,72.99,59.09,80.05,99.86,20.0,38.47,56.32,60.0,40.25,81.44,34.0,65.79,8.49,60.0,50.0,25.06,74.67,18.11,42.0,92.46,8.25,63.91,92.2,45.61,30.07,18.03,91.84,75.66,50.04,75.03,3.16,38.9,44.01,34.89,51.09,49.2
11,16.12,22.8,54.04,72.8,46.52,44.41,2.83,45.12,18.97,18.11,53.85,0.0,27.78,28.84,38.83,42.8,66.24,64.12,36.06,18.44,15.23,64.03,69.86,56.32,20.4,12.17,61.74,16.12,6.32,29.12,26.0,70.34,54.63,43.91,49.48,82.37,50.99,27.2,29.73,71.17,55.08,68.01,18.0,75.69,50.7,23.09,39.96,35.74,25.5,27.59
12,14.42,50.48,78.92,100.32,74.24,42.43,28.64,72.11,30.27,13.42,81.44,27.78,0.0,55.17,46.04,53.85,71.22,53.85,63.81,45.61,33.29,78.43,92.02,56.57,47.54,16.97,89.44,26.08,32.8,56.46,24.0,97.41,74.43,24.08,76.55,99.46,38.63,46.04,56.85,98.43,46.07,76.01,40.0,86.35,78.29,46.53,58.42,58.08,41.3,44.28
13,41.23,10.2,46.04,52.04,26.31,68.73,29.53,31.3,43.17,42.8,34.23,28.84,55.17,0.0,38.83,58.86,83.55,90.24,14.56,10.77,24.17,72.47,65.6,78.0,20.4,38.21,40.05,42.38,22.8,20.0,42.38,52.35,57.2,72.72,34.18,85.04,78.43,40.45,4.47,52.09,81.25,82.57,17.09,86.82,31.4,31.58,48.47,39.36,43.01,43.19
14,34.53,43.86,83.26,90.2,65.12,80.99,41.62,69.57,57.31,34.23,72.99,38.83,46.04,38.83,0.0,81.61,104.96,97.67,53.37,38.47,24.08,101.82,102.0,94.02,50.48,35.44,78.23,53.67,35.38,55.46,22.09,91.08,90.0,70.0,72.8,118.41,82.87,65.12,43.17,90.67,89.05,106.83,26.08,114.21,70.21,58.8,77.1,70.6,64.2,66.07
15,52.8,48.66,42.52,73.24,56.32,22.36,40.0,47.54,25.61,54.41,59.09,42.8,53.85,58.86,81.61,0.0,24.74,42.43,54.15,50.0,57.69,24.74,45.69,22.36,38.47,49.68,67.08,30.0,46.65,42.05,66.6,66.84,26.83,48.17,50.99,46.39,39.4,18.44,56.32,69.2,35.81,25.24,58.14,33.42,57.01,27.29,15.26,24.35,17.49,16.16
16,73.76,73.35,60.17,91.39,78.64,29.53,63.53,69.05,47.71,75.07,80.05,66.24,71.22,83.55,104.96,24.74,0.0,36.5,78.03,74.73,81.41,25.46,55.32,16.49,63.15,71.22,87.36,51.61,70.68,66.12,88.09,84.1,40.25,57.58,71.81,43.86,42.76,43.17,80.89,86.82,35.13,8.54,82.46,20.22,78.45,51.97,37.05,47.04,41.79,40.8
17,63.15,81.04,84.9,115.26,95.77,22.36,62.29,88.2,47.07,63.56,99.86,64.12,53.85,90.24,97.67,42.43,36.5,0.0,90.62,79.62,78.03,59.09,86.53,22.36,72.11,62.51,108.17,48.37,70.26,78.79,76.66,109.12,68.41,31.62,92.09,79.7,15.23,54.59,89.29,111.4,9.06,44.91,82.1,56.72,97.42,62.65,57.38,65.22,49.66,51.0
18,50.99,13.42,32.56,38.47,12.0,68.35,35.61,17.2,44.94,52.8,20.0,36.06,63.81,14.56,53.37,54.15,78.03,90.62,0.0,18.97,36.5,63.25,52.35,75.31,18.87,47.41,26.68,45.61,31.3,12.17,54.92,38.05,46.52,77.9,19.7,73.24,80.62,36.88,10.2,38.01,81.94,75.66,30.07,78.16,17.03,28.16,41.19,31.26,41.11,40.26
19,32.25,6.0,44.94,57.27,30.59,58.31,18.87,32.25,32.56,34.0,38.47,18.44,45.61,10.77,38.47,50.0,74.73,79.62,18.97,0.0,18.0,66.03,63.53,68.12,12.81,28.84,45.61,31.62,12.81,17.09,36.22,56.14,52.35,62.13,36.06,80.72,67.68,31.62,11.31,56.44,70.61,74.46,12.65,79.76,35.36,23.26,41.34,33.3,33.38,33.96
20,18.87,24.0,62.1,74.97,48.37,59.23,17.89,50.16,34.18,20.0,56.32,15.23,33.29,24.17,24.08,57.69,81.41,78.03,36.5,18.0,0.0,77.79,79.85,71.47,27.86,17.09,63.15,31.05,11.31,34.53,18.44,74.11,66.57,54.41,54.04,94.87,64.12,41.04,27.2,74.33,69.07,82.93,7.21,90.14,53.24,35.0,53.15,47.17,40.22,42.01
21,76.16,62.77,38.21,68.41,60.53,44.18,61.22,50.36,49.19,77.9,60.0,64.03,78.43,72.47,101.82,24.74,25.46,59.09,63.25,66.03,77.79,0.0,30.0,36.77,53.25,72.72,66.27,53.67,66.48,52.8,89.31,60.73,18.0,72.03,52.04,22.0,60.83,36.88,68.88,63.6,55.08,18.03,76.58,15.13,59.08,43.28,24.84,33.12,39.12,36.62
22,85.16,58.31,19.8,42.0,44.41,68.03,67.47,35.38,62.03,87.13,40.25,69.86,92.02,65.6,102.0,45.69,55.32,86.53,52.35,63.53,79.85,30.0,0.0,64.4,52.0,81.22,43.68,66.0,69.57,46.65,95.6,34.0,18.97,92.65,34.41,24.33,85.09,46.0,61.22,37.0,81.01,48.01,76.03,42.15,40.82,46.87,34.37,34.37,51.09,48.09
23,61.06,68.03,64.4,95.41,78.43,14.14,53.85,69.86,37.36,62.13,81.44,56.32,56.57,78.0,94.02,22.36,16.49,22.36,75.31,68.12,71.47,36.77,64.4,0.0,58.14,59.06,89.44,40.5,61.61,63.15,75.47,88.81,46.69,41.23,73.35,57.72,26.31,38.47,76.11,91.26,19.03,24.02,73.76,36.01,79.31,47.38,37.59,46.62,35.01,35.23
24,36.5,10.2,34.53,52.8,27.2,50.0,18.97,24.74,26.08,38.47,34.0,20.4,47.54,20.4,50.48,38.47,63.15,72.11,18.87,12.81,27.86,53.25,52.0,58.14,0.0,32.56,42.19,26.91,18.11,8.94,44.41,50.0,39.7,59.4,29.12,68.12,61.77,20.1,18.0,50.92,63.32,62.3,24.41,67.12,30.89,11.18,28.65,20.52,23.19,23.0
25,4.0,34.0,66.0,84.76,58.31,45.69,14.0,57.27,24.08,6.0,65.79,12.17,16.97,38.21,35.44,49.68,71.22,62.51,47.41,28.84,17.09,72.72,81.22,59.06,32.56,0.0,73.54,19.8,16.12,41.23,16.97,82.46,65.15,37.36,61.61,92.2,48.04,36.77,40.0,83.24,53.76,74.25,23.32,83.1,62.63,34.37,49.77,46.87,33.62,36.24
26,77.25,39.85,28.07,12.0,15.23,86.02,60.83,20.0,66.6,79.12,8.49,61.74,89.44,40.05,78.23,67.08,87.36,108.17,26.68,45.61,63.15,66.27,43.68,89.44,42.19,73.54,0.0,68.41,57.58,33.29,81.58,14.42,48.37,100.9,16.12,67.91,100.66,54.04,36.22,13.0,100.21,82.57,56.57,81.1,11.4,47.38,51.89,43.05,59.55,57.63
27,22.8,34.0,53.85,78.23,53.81,28.28,14.0,49.4,4.47,24.41,60.0,16.12,26.08,42.38,53.67,30.0,51.61,48.37,45.61,31.62,31.05,53.67,66.0,40.5,26.91,19.8,68.41,0.0,22.0,35.38,36.77,74.24,48.37,32.56,53.85,74.0,36.06,20.0,42.05,75.66,39.32,54.45,34.06,63.41,57.01,21.93,32.39,32.39,15.3,18.25
28,19.7,17.89,52.61,68.96,42.38,50.16,8.0,42.19,24.33,21.54,50.0,6.32,32.8,22.8,35.38,46.65,70.68,70.26,31.3,12.81,11.31,66.48,69.57,61.61,18.11,16.12,57.58,22.0,0.0,26.08,26.31,67.08,55.57,50.12,46.39,83.76,57.27,29.73,24.08,67.68,61.2,71.87,12.17,78.87,46.84,23.85,41.87,36.24,29.15,30.81
29,45.12,11.66,27.86,43.86,18.44,56.46,27.86,16.12,34.06,47.07,25.06,29.12,56.46,20.0,55.46,42.05,66.12,78.79,12.17,17.09,34.53,52.8,46.65,63.15,8.94,41.23,33.29,35.38,26.08,0.0,52.04,41.23,37.2,67.94,20.4,65.12,69.34,24.74,16.12,42.06,70.21,64.13,29.73,67.42,21.95,16.16,29.61,19.92,29.15,28.16
30,14.42,42.19,78.92,93.38,66.75,61.77,28.64,68.0,41.04,13.42,74.67,26.0,24.0,42.38,22.09,66.6,88.09,76.66,54.92,36.22,18.44,89.31,95.6,75.47,44.41,16.97,81.58,36.77,26.31,52.04,0.0,92.35,80.62,48.04,72.03,108.24,61.61,52.84,45.61,92.66,68.31,91.22,25.3,100.0,71.57,49.04,65.76,61.68,50.22,52.7
31,86.35,50.16,24.41,8.0,26.08,87.68,68.96,25.3,71.69,88.29,18.11,70.34,97.41,52.35,91.08,66.84,84.1,109.12,38.05,56.14,74.11,60.73,34.0,88.81,50.0,82.46,14.42,74.24,67.08,41.23,92.35,0.0,43.86,106.0,20.88,58.14,103.48,57.2,48.17,3.0,101.83,78.19,68.0,74.73,21.02,52.35,51.74,44.69,63.01,60.61
32,68.96,48.17,20.4,51.26,42.76,49.19,52.0,32.56,44.18,70.88,42.0,54.63,74.43,57.2,90.0,26.83,40.25,68.41,46.52,52.35,66.57,18.0,18.97,46.69,39.7,65.15,48.37,48.37,55.57,37.2,80.62,43.86,0.0,73.76,34.06,28.43,66.21,28.64,53.25,46.62,62.43,34.48,64.03,33.06,41.11,31.76,16.03,19.42,33.14,30.15
33,36.5,65.6,84.1,110.44,86.37,28.64,43.27,81.61,34.41,36.22,92.46,43.91,24.08,72.72,70.0,48.17,57.58,31.62,77.9,62.13,54.41,72.03,92.65,41.23,59.4,37.36,100.9,32.56,50.12,67.94,48.04,106.0,73.76,0.0,86.02,94.02,16.97,49.19,73.24,107.62,25.5,64.29,60.17,75.93,89.5,53.82,58.52,62.17,43.38,46.1
34,65.51,30.07,15.23,24.41,10.0,70.0,48.08,4.47,51.61,67.47,8.25,49.48,76.55,34.18,72.8,50.99,71.81,92.09,19.7,36.06,54.04,52.04,34.41,73.35,29.12,61.61,16.12,53.85,46.39,20.4,72.03,20.88,34.06,86.02,0.0,57.27,84.9,38.21,29.73,21.93,84.2,67.48,48.37,67.12,7.07,32.2,35.85,26.93,43.84,41.77
35,95.85,76.37,42.05,66.12,67.08,66.12,79.65,57.31,69.57,97.69,63.91,82.37,99.46,85.04,118.41,46.39,43.86,79.7,73.24,80.72,94.87,22.0,24.33,57.72,68.12,92.2,67.91,74.0,83.76,65.12,108.24,58.14,28.43,94.02,57.27,0.0,82.61,55.46,80.92,61.13,76.49,35.34,92.46,25.0,64.08,59.91,42.49,47.8,58.87,56.08
36,48.37,69.86,80.0,108.9,87.2,17.09,49.48,80.72,35.78,48.66,92.2,50.99,38.63,78.43,82.87,39.4,42.76,15.23,80.62,67.68,64.12,60.83,85.09,26.31,61.77,48.04,100.66,36.06,57.27,69.34,61.61,103.48,66.21,16.97,84.9,82.61,0.0,46.69,78.0,105.48,8.6,50.25,68.73,62.2,89.5,53.6,52.7,58.8,41.11,43.14
37,40.5,30.27,34.93,62.29,41.18,32.25,24.41,34.06,16.12,42.38,45.61,27.2,46.04,40.45,65.12,18.44,43.17,54.59,36.88,31.62,41.04,36.88,46.0,38.47,20.1,36.77,54.04,20.0,29.73,24.74,52.84,57.2,28.64,49.19,38.21,55.46,46.69,0.0,38.05,59.03,46.32,42.95,40.5,49.2,43.01,9.0,13.0,13.0,5.83,3.61
38,43.27,8.25,41.62,48.17,22.09,67.47,30.0,26.83,42.38,44.94,30.07,29.73,56.85,4.47,43.17,56.32,80.89,89.29,10.2,11.31,27.2,68.88,61.22,76.11,18.0,40.0,36.22,42.05,24.08,16.12,45.61,48.17,53.25,73.24,29.73,80.92,78.0,38.05,0.0,48.01,80.36,79.56,20.4,83.38,27.17,29.07,45.22,35.85,41.11,41.0
39,87.09,50.49,26.93,5.0,26.02,89.83,69.89,26.4,73.25,89.02,18.03,71.17,98.43,52.09,90.67,69.2,86.82,111.4,38.01,56.44,74.33,63.6,37.0,91.26,50.92,83.24,13.0,75.66,67.68,42.06,92.66,3.0,46.62,107.62,21.93,61.13,105.48,59.03,48.01,0.0,104.0,80.99,68.07,77.67,21.1,53.85,54.04,46.69,64.82,62.48
40,54.57,72.12,77.83,107.71,87.46,14.21,53.24,80.21,38.08,55.08,91.84,55.08,46.07,81.25,89.05,35.81,35.13,9.06,81.94,70.61,69.07,55.08,81.01,19.03,63.32,53.76,100.21,39.32,61.2,70.21,68.31,101.83,62.43,25.5,84.2,76.49,8.6,46.32,80.36,104.0,0.0,43.0,73.06,55.0,89.31,54.12,50.25,57.49,41.18,42.72
41,77.1,72.42,54.82,85.7,75.03,35.74,65.22,65.12,50.25,78.57,75.66,68.01,76.01,82.57,106.83,25.24,8.54,44.91,75.66,74.46,82.93,18.03,48.01,24.02,62.3,74.25,82.57,54.45,71.87,64.13,91.22,78.19,34.48,64.29,67.48,35.34,50.25,42.95,79.56,80.99,43.0,0.0,83.24,12.0,74.33,51.26,34.53,44.41,42.72,41.18
42,25.61,18.44,57.58,68.47,42.05,62.29,20.1,44.72,36.5,26.91,50.04,18.0,40.0,17.09,26.08,58.14,82.46,82.1,30.07,12.65,7.21,76.58,76.03,73.76,24.41,23.32,56.57,34.06,12.17,29.73,25.3,68.0,64.03,60.17,48.37,92.46,68.73,40.5,20.4,68.07,73.06,83.24,0.0,89.63,47.01,33.3,51.74,44.69,40.72,42.06
43,86.21,76.92,53.04,82.57,75.66,47.3,72.86,65.49,59.03,87.8,75.03,75.69,86.35,86.82,114.21,33.42,20.22,56.72,78.16,79.76,90.14,15.13,42.15,36.01,67.12,83.1,81.1,63.41,78.87,67.42,100.0,74.73,33.06,75.93,67.12,25.0,62.2,49.2,83.38,77.67,55.0,12.0,89.63,0.0,74.17,56.6,38.47,47.54,50.21,48.17
44,66.41,29.43,22.14,22.14,5.1,75.17,49.66,9.49,55.23,68.31,3.16,50.7,78.29,31.4,70.21,57.01,78.45,97.42,17.03,35.36,53.24,59.08,40.82,79.31,30.89,62.63,11.4,57.01,46.84,21.95,71.57,21.02,41.11,89.5,7.07,64.08,89.5,43.01,27.17,21.1,89.31,74.33,47.01,74.17,0.0,36.07,42.06,32.7,48.41,46.62
45,38.33,21.38,32.39,56.61,33.6,40.31,20.62,27.8,19.42,40.31,38.9,23.09,46.53,31.58,58.8,27.29,51.97,62.65,28.16,23.26,35.0,43.28,46.87,47.38,11.18,34.37,47.38,21.93,23.85,16.16,49.04,52.35,31.76,53.82,32.2,59.91,53.6,9.0,29.07,53.85,54.12,51.26,33.3,56.6,36.07,0.0,18.44,12.65,13.0,12.17
46,53.49,38.48,27.59,58.01,41.77,36.24,37.22,32.57,28.16,55.36,44.01,39.96,58.42,48.47,77.1,15.26,37.05,57.38,41.19,41.34,53.15,24.84,34.37,37.59,28.65,49.77,51.89,32.39,41.87,29.61,65.76,51.74,16.03,58.52,35.85,42.49,52.7,13.0,45.22,54.04,50.25,34.53,51.74,38.47,42.06,18.44,0.0,10.0,17.12,14.14
47,50.8,29.68,21.93,50.25,32.02,43.28,33.24,23.26,28.86,52.77,34.89,35.74,58.08,39.36,70.6,24.35,47.04,65.22,31.26,33.3,47.17,33.12,34.37,46.62,20.52,46.87,43.05,32.39,36.24,19.92,61.68,44.69,19.42,62.17,26.93,47.8,58.8,13.0,35.85,46.69,57.49,44.41,44.69,47.54,32.7,12.65,10.0,0.0,18.79,16.12
48,37.12,33.02,40.72,68.01,46.32,27.31,22.67,39.62,11.05,38.91,51.09,25.5,41.3,43.01,64.2,17.49,41.79,49.66,41.11,33.38,40.22,39.12,51.09,35.01,23.19,33.62,59.55,15.3,29.15,29.15,50.22,63.01,33.14,43.38,43.84,58.87,41.11,5.83,41.11,64.82,41.18,42.72,40.72,50.21,48.41,13.0,17.12,18.79,0.0,3.0
49,39.81,33.06,38.01,65.8,44.78,28.65,24.76,37.64,14.04,41.63,49.2,27.59,44.28,43.19,66.07,16.16,40.8,51.0,40.26,33.96,42.01,36.62,48.09,35.23,23.0,36.24,57.63,18.25,30.81,28.16,52.7,60.61,30.15,46.1,41.77,56.08,43.14,3.61,41.0,62.48,42.72,41.18,42.06,48.17,46.62,12.17,14.14,16.12,3.0,0.0
