vehicles
vehicle_idx, capacity, cost_per_unit_distance
1,100,1
2,100,1
3,100,1
4,100,1
5,100,1
depot
node_idx,x,y
0,15,19
home delivery customers
node_idx,x,y,service_time,demand
1,87,25,15,14
2,69,65,15,15
3,93,91,15,11
4,93,7,15,7
5,55,47,15,18
6,23,13,15,23
7,19,47,15,12
8,57,63,15,21
9,5,95,15,2
10,3,25,15,10
11,67,91,15,2
12,19,75,15,15
13,15,79,15,11
14,79,47,15,6
15,25,65,15,8
16,59,51,15,15
17,27,95,15,18
18,21,91,15,11
19,15,83,15,12
20,31,87,15,2
21,71,41,15,23
22,91,21,15,11
self pickup customers
node_idx,x,y,service_time,demand,locker_idxs
23,1,49,15,1,44
24,33,31,15,18,39-44-40-41-42
25,71,61,15,2,40-41-42-43-38
26,29,9,15,22,44-39-40
27,65,43,15,14,44-40-41-42
28,21,81,15,19,43-37
29,41,23,15,20,42-39-41-40-44
30,19,65,15,13,37-44-40-41
31,27,49,15,19,39-42-40-44-41-37
32,61,83,15,21,38-43-37-42-41
flexible customers
node_idx,x,y,service_time,demand,locker_idxs
33,69,1,15,9,36
34,19,91,15,4,43-37
35,29,17,15,13,39-40-44-41
lockers
node_idx,x,y,service_time,capacity,cost_per_unit_good
36,93,12,10,99,100
37,22,88,10,74,100
38,65,88,10,80,100
39,25,15,10,96,100
40,44,40,10,71,100
41,48,48,10,84,100
42,55,48,10,84,100
43,56,89,10,88,100
44,29,33,10,98,100
mrt lines
start_node_idx,end_node_idx,freight_capacity,cost_per_unit_good
36,37,99,1
37,36,99,1
38,39,96,1
39,38,96,1
distance matrix
,0,1,2,3,4,5,6,7,8,9,10,11,12,13,14,15,16,17,18,19,20,21,22,23,24,25,26,27,28,29,30,31,32,33,34,35,36,37,38,39,40,41,42,43,44,
0,0.0,72.25,70.94,106.15,78.92,48.83,10.0,28.28,60.83,76.66,13.42,88.81,56.14,60.0,69.86,47.07,54.41,76.94,72.25,64.0,69.86,60.17,76.03,33.11,21.63,70.0,17.2,55.46,62.29,26.31,46.17,32.31,78.82,56.92,72.11,14.14,78.31,69.35,85.21,10.77,35.81,43.93,49.41,81.12,19.8
1,72.25,0.0,43.86,66.27,18.97,38.83,65.12,71.47,48.41,107.81,84.0,68.96,84.4,90.0,23.41,73.78,38.21,92.2,93.34,92.46,83.55,22.63,5.66,89.29,54.33,39.4,60.17,28.43,86.56,46.04,78.89,64.62,63.56,30.0,94.76,58.55,14.32,90.52,66.73,62.8,45.54,45.28,39.41,71.11,58.55
2,70.94,43.86,0.0,35.38,62.77,22.8,69.43,53.14,12.17,70.68,77.18,26.08,50.99,55.79,20.59,44.0,17.2,51.61,54.59,56.92,43.91,24.08,49.19,69.86,49.52,4.47,68.82,22.36,50.6,50.48,50.0,44.94,19.7,64.0,56.36,62.48,58.18,52.33,23.35,66.6,35.36,27.02,22.02,27.29,51.22
3,106.15,66.27,35.38,0.0,84.0,58.14,104.8,86.09,45.61,88.09,111.61,26.0,75.71,78.92,46.17,72.8,52.5,66.12,72.0,78.41,62.13,54.63,70.03,101.13,84.85,37.2,104.02,55.57,72.69,85.6,78.43,78.23,32.98,93.15,74.0,97.84,79.0,71.06,28.16,101.98,70.72,62.24,57.38,37.05,86.37
4,78.92,18.97,62.77,84.0,0.0,55.17,70.26,84.12,66.57,124.45,91.78,87.93,100.5,106.15,42.38,89.38,55.61,110.0,110.63,108.9,101.21,40.5,14.14,101.13,64.62,58.31,64.03,45.61,103.25,54.41,94.02,78.23,82.46,24.74,111.95,64.78,5.0,107.71,85.7,68.47,59.08,60.88,55.9,89.96,69.08
5,48.83,38.83,22.8,58.14,55.17,0.0,46.69,36.0,16.12,69.31,56.46,45.61,45.61,51.22,24.0,34.99,5.66,55.57,55.61,53.81,46.65,17.09,44.41,54.04,27.2,21.26,46.04,10.77,48.08,27.78,40.25,28.07,36.5,48.08,56.85,39.7,51.66,52.63,42.2,43.86,13.04,7.07,1.0,42.01,29.53
6,10.0,65.12,69.43,104.8,70.26,46.69,0.0,34.23,60.46,83.95,23.32,89.55,62.13,66.48,65.51,52.04,52.35,82.1,78.03,70.46,74.43,55.57,68.47,42.19,20.59,67.88,7.21,51.61,68.03,20.59,52.15,36.22,79.65,47.54,78.1,7.21,70.01,75.01,85.96,2.83,34.21,43.01,47.42,82.86,20.88
7,28.28,71.47,53.14,86.09,84.12,36.0,34.23,0.0,41.23,50.0,27.2,65.12,28.0,32.25,60.0,18.97,40.2,48.66,44.05,36.22,41.76,52.35,76.55,18.11,21.26,53.85,39.29,46.17,34.06,32.56,18.0,8.25,55.32,67.94,44.0,31.62,81.86,41.11,61.62,32.56,25.96,29.02,36.01,55.97,17.2
8,60.83,48.41,12.17,45.61,66.57,16.12,60.46,41.23,0.0,61.06,66.03,29.73,39.85,44.94,27.2,32.06,12.17,43.86,45.61,46.52,35.38,26.08,54.04,57.72,40.0,14.14,60.83,21.54,40.25,43.08,38.05,33.11,20.4,63.15,47.2,53.85,62.43,43.01,26.25,57.69,26.42,17.49,15.13,26.02,41.04
9,76.66,107.81,70.68,88.09,124.45,69.31,83.95,50.0,61.06,0.0,70.03,62.13,24.41,18.87,88.2,36.06,69.66,22.0,16.49,15.62,27.2,85.28,113.45,46.17,69.86,74.24,89.29,79.4,21.26,80.5,33.11,50.99,57.27,113.72,14.56,81.61,120.97,18.38,60.41,82.46,67.42,63.7,68.62,51.35,66.48
10,13.42,84.0,77.18,111.61,91.78,56.46,23.32,27.2,66.03,70.03,0.0,91.93,52.5,55.32,79.12,45.65,61.74,74.0,68.41,59.23,68.03,69.86,88.09,24.08,30.59,76.94,30.53,64.56,58.82,38.05,43.08,33.94,82.02,70.23,67.91,27.2,90.93,65.8,88.39,24.17,43.66,50.54,56.86,83.1,27.2
11,88.81,68.96,26.08,26.0,87.93,45.61,89.55,65.12,29.73,62.13,91.93,0.0,50.6,53.37,45.61,49.4,40.79,40.2,46.0,52.61,36.22,50.16,74.0,78.23,68.96,30.27,90.38,48.04,47.07,72.8,54.59,58.0,10.0,90.02,48.0,83.19,83.17,45.1,3.61,86.83,55.95,47.01,44.64,11.18,69.34
12,56.14,84.4,50.99,75.71,100.5,45.61,62.13,28.0,39.85,24.41,52.5,50.6,0.0,5.66,66.21,11.66,46.65,21.54,16.12,8.94,16.97,62.13,90.0,31.62,46.17,53.85,66.75,56.04,6.32,56.46,10.0,27.2,42.76,89.31,16.0,58.86,97.19,13.34,47.8,60.3,43.01,39.62,45.0,39.56,43.17
13,60.0,90.0,55.79,78.92,106.15,51.22,66.48,32.25,44.94,18.87,55.32,53.37,5.66,0.0,71.55,17.2,52.15,20.0,13.42,4.0,17.89,67.68,95.6,33.11,51.26,58.82,71.39,61.61,6.32,61.74,14.56,32.31,46.17,94.87,12.65,63.56,102.83,11.4,50.8,64.78,48.6,45.28,50.61,42.2,48.08
14,69.86,23.41,20.59,46.17,42.38,24.0,65.51,60.0,27.2,88.2,79.12,45.61,66.21,71.55,0.0,56.92,20.4,70.77,72.8,73.43,62.48,10.0,28.64,78.03,48.7,16.12,62.8,14.56,67.23,44.94,62.64,52.04,40.25,47.07,74.4,58.31,37.7,70.21,43.32,62.77,35.69,31.02,24.02,47.89,51.92
15,47.07,73.78,44.0,72.8,89.38,34.99,52.04,18.97,32.06,36.06,45.65,49.4,11.66,17.2,56.92,0.0,36.77,30.07,26.31,20.59,22.8,51.88,79.32,28.84,34.93,46.17,56.14,45.65,16.49,44.94,6.0,16.12,40.25,77.67,26.68,48.17,86.21,23.19,46.14,50.0,31.4,28.6,34.48,39.2,32.25
16,54.41,38.21,17.2,52.5,55.61,5.66,52.35,40.2,12.17,69.66,61.74,40.79,46.65,52.15,20.4,36.77,0.0,54.41,55.17,54.41,45.61,15.62,43.86,58.03,32.8,15.62,51.61,10.0,48.41,33.29,42.38,32.06,32.06,50.99,56.57,45.34,51.74,52.33,37.48,49.52,18.6,11.4,5.0,38.12,34.99
17,76.94,92.2,51.61,66.12,110.0,55.57,82.1,48.66,43.86,22.0,74.0,40.2,21.54,20.0,70.77,30.07,54.41,0.0,7.21,16.97,8.94,69.66,97.84,52.84,64.28,55.61,86.02,64.4,15.23,73.35,31.05,46.0,36.06,102.96,8.94,78.03,106.04,8.6,38.64,80.02,57.57,51.48,54.71,29.61,62.03
18,72.25,93.34,54.59,72.0,110.63,55.61,78.03,44.05,45.61,16.49,68.41,46.0,16.12,13.42,72.8,26.31,55.17,7.21,0.0,10.0,10.77,70.71,98.99,46.52,61.19,58.31,82.39,65.12,10.0,70.88,26.08,42.43,40.79,102.0,2.0,74.43,106.89,3.16,44.1,76.11,55.95,50.77,54.82,35.06,58.55
19,64.0,92.46,56.92,78.41,108.9,53.81,70.46,36.22,46.52,15.62,59.23,52.61,8.94,4.0,73.43,20.59,54.41,16.97,10.0,0.0,16.49,70.0,98.08,36.77,55.03,60.17,75.31,64.03,6.32,65.39,18.44,36.06,46.0,98.18,8.94,67.47,105.48,8.6,50.25,68.73,51.87,48.1,53.15,41.44,51.92
20,69.86,83.55,43.91,62.13,101.21,46.65,74.43,41.76,35.38,27.2,68.03,36.22,16.97,17.89,62.48,22.8,45.61,8.94,10.77,16.49,0.0,60.96,89.2,48.41,56.04,47.71,78.03,55.61,11.66,64.78,25.06,38.21,30.27,94.02,12.65,70.03,97.31,9.06,34.01,72.25,48.76,42.54,45.79,25.08,54.04
21,60.17,22.63,24.08,54.63,40.5,17.09,55.57,52.35,26.08,85.28,69.86,50.16,62.13,67.68,10.0,51.88,15.62,69.66,70.71,70.0,60.96,0.0,28.28,70.46,39.29,20.0,52.8,6.32,64.03,34.99,57.27,44.72,43.17,40.05,72.14,48.37,36.4,67.9,47.38,52.84,27.02,24.04,17.46,50.29,42.76
22,76.03,5.66,49.19,70.03,14.14,44.41,68.47,76.55,54.04,113.45,88.09,74.0,90.0,95.6,28.64,79.32,43.86,97.84,98.99,98.08,89.2,28.28,0.0,94.25,58.86,44.72,63.15,34.06,92.2,50.04,84.38,69.86,68.88,29.73,100.42,62.13,9.22,96.18,71.87,66.27,50.7,50.77,45.0,76.48,63.15
23,33.11,89.29,69.86,101.13,101.13,54.04,42.19,18.11,57.72,46.17,24.08,78.23,31.62,33.11,78.03,28.84,58.03,52.84,46.52,36.77,48.41,70.46,94.25,0.0,36.72,71.02,48.83,64.28,37.74,47.71,24.08,26.0,68.96,83.23,45.69,42.52,99.16,44.29,74.95,41.62,43.93,47.01,54.01,68.01,32.25
24,21.63,54.33,49.52,84.85,64.62,27.2,20.59,21.26,40.0,69.86,30.59,68.96,46.17,51.26,48.7,34.93,32.8,64.28,61.19,55.03,56.04,39.29,58.86,36.72,0.0,48.41,22.36,34.18,51.42,11.31,36.77,18.97,59.06,46.86,61.61,14.56,62.94,58.05,65.37,17.89,14.21,22.67,27.8,62.39,4.47
25,70.0,39.4,4.47,37.2,58.31,21.26,67.88,53.85,14.14,74.24,76.94,30.27,53.85,58.82,16.12,46.17,15.62,55.61,58.31,60.17,47.71,20.0,44.72,71.02,48.41,0.0,66.84,18.97,53.85,48.41,52.15,45.61,24.17,60.03,60.03,60.83,53.71,55.95,27.66,65.05,34.21,26.42,20.62,31.76,50.48
26,17.2,60.17,68.82,104.02,64.03,46.04,7.21,39.29,60.83,89.29,30.53,90.38,66.75,71.39,62.8,56.14,51.61,86.02,82.39,75.31,78.03,52.8,63.15,48.83,22.36,66.84,0.0,49.52,72.44,18.44,56.89,40.05,80.62,40.79,82.61,8.0,64.07,79.31,86.82,7.21,34.44,43.38,46.87,84.43,24.0
27,55.46,28.43,22.36,55.57,45.61,10.77,51.61,46.17,21.54,79.4,64.56,48.04,56.04,61.61,14.56,45.65,10.0,64.4,65.12,64.03,55.61,6.32,34.06,64.28,34.18,18.97,49.52,0.0,58.14,31.24,50.99,38.47,40.2,42.19,66.48,44.41,41.77,62.24,45.0,48.83,21.21,17.72,11.18,46.87,37.36
28,62.29,86.56,50.6,72.69,103.25,48.08,68.03,34.06,40.25,21.26,58.82,47.07,6.32,6.32,67.23,16.49,48.41,15.23,10.0,6.32,11.66,64.03,92.2,37.74,51.42,53.85,72.44,58.14,0.0,61.35,16.12,32.56,40.05,93.3,10.2,64.5,99.72,7.07,44.55,66.12,47.01,42.64,47.38,35.9,48.66
29,26.31,46.04,50.48,85.6,54.41,27.78,20.59,32.56,43.08,80.5,38.05,72.8,56.46,61.74,44.94,44.94,33.29,73.35,70.88,65.39,64.78,34.99,50.04,47.71,11.31,48.41,18.44,31.24,61.35,0.0,47.41,29.53,63.25,35.61,71.47,13.42,53.15,67.72,69.29,17.89,17.26,25.96,28.65,67.68,15.62
30,46.17,78.89,50.0,78.43,94.02,40.25,52.15,18.0,38.05,33.11,43.08,54.59,10.0,14.56,62.64,6.0,42.38,31.05,26.08,18.44,25.06,57.27,84.38,24.08,36.77,52.15,56.89,50.99,16.12,47.41,0.0,17.89,45.69,81.22,26.0,49.03,91.02,23.19,51.43,50.36,35.36,33.62,39.81,44.1,33.53
31,32.31,64.62,44.94,78.23,78.23,28.07,36.22,8.25,33.11,50.99,33.94,58.0,27.2,32.31,52.04,16.12,32.06,46.0,42.43,36.06,38.21,44.72,69.86,26.0,18.97,45.61,40.05,38.47,32.56,29.53,17.89,0.0,48.08,63.78,42.76,32.06,75.66,39.32,54.45,34.06,19.24,21.02,28.02,49.41,16.12
32,78.82,63.56,19.7,32.98,82.46,36.5,79.65,55.32,20.4,57.27,82.02,10.0,42.76,46.17,40.25,40.25,32.06,36.06,40.79,46.0,30.27,43.17,68.88,68.96,59.06,24.17,80.62,40.2,40.05,63.25,45.69,48.08,0.0,82.39,42.76,73.35,77.88,39.32,6.4,76.94,46.24,37.34,35.51,7.81,59.36
33,56.92,30.0,64.0,93.15,24.74,48.08,47.54,67.94,63.15,113.72,70.23,90.02,89.31,94.87,47.07,77.67,50.99,102.96,102.0,98.18,94.02,40.05,29.73,83.23,46.86,60.03,40.79,42.19,93.3,35.61,81.22,63.78,82.39,0.0,102.96,43.08,26.4,98.88,87.09,46.17,46.32,51.48,49.04,88.96,51.22
34,72.11,94.76,56.36,74.0,111.95,56.85,78.1,44.0,47.2,14.56,67.91,48.0,16.0,12.65,74.4,26.68,56.57,8.94,2.0,8.94,12.65,72.14,100.42,45.69,61.61,60.03,82.61,66.48,10.2,71.47,26.0,42.76,42.76,102.96,0.0,74.67,108.25,4.24,46.1,76.24,56.8,51.87,56.08,37.05,58.86
35,14.14,58.55,62.48,97.84,64.78,39.7,7.21,31.62,53.85,81.61,27.2,83.19,58.86,63.56,58.31,48.17,45.34,78.03,74.43,67.47,70.03,48.37,62.13,42.52,14.56,60.83,8.0,44.41,64.5,13.42,49.03,32.06,73.35,43.08,74.67,0.0,64.2,71.34,79.61,4.47,27.46,36.36,40.46,76.9,16.0
36,78.31,14.32,58.18,79.0,5.0,51.66,70.01,81.86,62.43,120.97,90.93,83.17,97.19,102.83,37.7,86.21,51.74,106.04,106.89,105.48,97.31,36.4,9.22,99.16,62.94,53.71,64.07,41.77,99.72,53.15,91.02,75.66,77.88,26.4,108.25,64.2,0.0,104.0,80.99,68.07,56.44,57.63,52.35,85.43,67.36
37,69.35,90.52,52.33,71.06,107.71,52.63,75.01,41.11,43.01,18.38,65.8,45.1,13.34,11.4,70.21,23.19,52.33,8.6,3.16,8.6,9.06,67.9,96.18,44.29,58.05,55.95,79.31,62.24,7.07,67.72,23.19,39.32,39.32,98.88,4.24,71.34,104.0,0.0,43.0,73.06,52.8,47.71,51.86,34.01,55.44
38,85.21,66.73,23.35,28.16,85.7,42.2,85.96,61.62,26.25,60.41,88.39,3.61,47.8,50.8,43.32,46.14,37.48,38.64,44.1,50.25,34.01,47.38,71.87,74.95,65.37,27.66,86.82,45.0,44.55,69.29,51.43,54.45,6.4,87.09,46.1,79.61,80.99,43.0,0.0,83.24,52.39,43.46,41.23,9.06,65.73
39,10.77,62.8,66.6,101.98,68.47,43.86,2.83,32.56,57.69,82.46,24.17,86.83,60.3,64.78,62.77,50.0,49.52,80.02,76.11,68.73,72.25,52.84,66.27,41.62,17.89,65.05,7.21,48.83,66.12,17.89,50.36,34.06,76.94,46.17,76.24,4.47,68.07,73.06,83.24,0.0,31.4,40.22,44.6,80.23,18.44
40,35.81,45.54,35.36,70.72,59.08,13.04,34.21,25.96,26.42,67.42,43.66,55.95,43.01,48.6,35.69,31.4,18.6,57.57,55.95,51.87,48.76,27.02,50.7,43.93,14.21,34.21,34.44,21.21,47.01,17.26,35.36,19.24,46.24,46.32,56.8,27.46,56.44,52.8,52.39,31.4,0.0,8.94,13.6,50.45,16.55
41,43.93,45.28,27.02,62.24,60.88,7.07,43.01,29.02,17.49,63.7,50.54,47.01,39.62,45.28,31.02,28.6,11.4,51.48,50.77,48.1,42.54,24.04,50.77,47.01,22.67,26.42,43.38,17.72,42.64,25.96,33.62,21.02,37.34,51.48,51.87,36.36,57.63,47.71,43.46,40.22,8.94,0.0,7.0,41.77,24.21
42,49.41,39.41,22.02,57.38,55.9,1.0,47.42,36.01,15.13,68.62,56.86,44.64,45.0,50.61,24.02,34.48,5.0,54.71,54.82,53.15,45.79,17.46,45.0,54.01,27.8,20.62,46.87,11.18,47.38,28.65,39.81,28.02,35.51,49.04,56.08,40.46,52.35,51.86,41.23,44.6,13.6,7.0,0.0,41.01,30.02
43,81.12,71.11,27.29,37.05,89.96,42.01,82.86,55.97,26.02,51.35,83.1,11.18,39.56,42.2,47.89,39.2,38.12,29.61,35.06,41.44,25.08,50.29,76.48,68.01,62.39,31.76,84.43,46.87,35.9,67.68,44.1,49.41,7.81,88.96,37.05,76.9,85.43,34.01,9.06,80.23,50.45,41.77,41.01,0.0,62.17
44,19.8,58.55,51.22,86.37,69.08,29.53,20.88,17.2,41.04,66.48,27.2,69.34,43.17,48.08,51.92,32.25,34.99,62.03,58.55,51.92,54.04,42.76,63.15,32.25,4.47,50.48,24.0,37.36,48.66,15.62,33.53,16.12,59.36,51.22,58.86,16.0,67.36,55.44,65.73,18.44,16.55,24.21,30.02,62.17,0.0
