set K:= 1	2	3	4	5;
set C_H:= 1	2	3	4	5	6	7	8	9	10	11	12	13	14	15	16	17	18	19	20	21	22;
set C_S:= 23	24	25	26	27	28	29	30	31	32;
set C_F:= 33	34	35;
set M:= 36	37	38	39	40	41;
set L_B:= 42	43	44	45	46;
set A1:=
(0,*) 1 2 3 4 5 6 7 8 9 10 11 12 13 14 15 16 17 18 19 20 21 22 33 34 35 36 37 38 39 40 41 42 43 44 45 46
(1,*) 0 2 3 4 5 6 7 8 9 10 11 12 13 14 15 16 17 18 19 20 21 22 33 34 35 36 37 38 39 40 41 42 43 44 45 46
(2,*) 0 1 3 4 5 6 7 8 9 10 11 12 13 14 15 16 17 18 19 20 21 22 33 34 35 36 37 38 39 40 41 42 43 44 45 46
(3,*) 0 1 2 4 5 6 7 8 9 10 11 12 13 14 15 16 17 18 19 20 21 22 33 34 35 36 37 38 39 40 41 42 43 44 45 46
(4,*) 0 1 2 3 5 6 7 8 9 10 11 12 13 14 15 16 17 18 19 20 21 22 33 34 35 36 37 38 39 40 41 42 43 44 45 46
(5,*) 0 1 2 3 4 6 7 8 9 10 11 12 13 14 15 16 17 18 19 20 21 22 33 34 35 36 37 38 39 40 41 42 43 44 45 46
(6,*) 0 1 2 3 4 5 7 8 9 10 11 12 13 14 15 16 17 18 19 20 21 22 33 34 35 36 37 38 39 40 41 42 43 44 45 46
(7,*) 0 1 2 3 4 5 6 8 9 10 11 12 13 14 15 16 17 18 19 20 21 22 33 34 35 36 37 38 39 40 41 42 43 44 45 46
(8,*) 0 1 2 3 4 5 6 7 9 10 11 12 13 14 15 16 17 18 19 20 21 22 33 34 35 36 37 38 39 40 41 42 43 44 45 46
(9,*) 0 1 2 3 4 5 6 7 8 10 11 12 13 14 15 16 17 18 19 20 21 22 33 34 35 36 37 38 39 40 41 42 43 44 45 46
(10,*) 0 1 2 3 4 5 6 7 8 9 11 12 13 14 15 16 17 18 19 20 21 22 33 34 35 36 37 38 39 40 41 42 43 44 45 46
(11,*) 0 1 2 3 4 5 6 7 8 9 10 12 13 14 15 16 17 18 19 20 21 22 33 34 35 36 37 38 39 40 41 42 43 44 45 46
(12,*) 0 1 2 3 4 5 6 7 8 9 10 11 13 14 15 16 17 18 19 20 21 22 33 34 35 36 37 38 39 40 41 42 43 44 45 46
(13,*) 0 1 2 3 4 5 6 7 8 9 10 11 12 14 15 16 17 18 19 20 21 22 33 34 35 36 37 38 39 40 41 42 43 44 45 46
(14,*) 0 1 2 3 4 5 6 7 8 9 10 11 12 13 15 16 17 18 19 20 21 22 33 34 35 36 37 38 39 40 41 42 43 44 45 46
(15,*) 0 1 2 3 4 5 6 7 8 9 10 11 12 13 14 16 17 18 19 20 21 22 33 34 35 36 37 38 39 40 41 42 43 44 45 46
(16,*) 0 1 2 3 4 5 6 7 8 9 10 11 12 13 14 15 17 18 19 20 21 22 33 34 35 36 37 38 39 40 41 42 43 44 45 46
(17,*) 0 1 2 3 4 5 6 7 8 9 10 11 12 13 14 15 16 18 19 20 21 22 33 34 35 36 37 38 39 40 41 42 43 44 45 46
(18,*) 0 1 2 3 4 5 6 7 8 9 10 11 12 13 14 15 16 17 19 20 21 22 33 34 35 36 37 38 39 40 41 42 43 44 45 46
(19,*) 0 1 2 3 4 5 6 7 8 9 10 11 12 13 14 15 16 17 18 20 21 22 33 34 35 36 37 38 39 40 41 42 43 44 45 46
(20,*) 0 1 2 3 4 5 6 7 8 9 10 11 12 13 14 15 16 17 18 19 21 22 33 34 35 36 37 38 39 40 41 42 43 44 45 46
(21,*) 0 1 2 3 4 5 6 7 8 9 10 11 12 13 14 15 16 17 18 19 20 22 33 34 35 36 37 38 39 40 41 42 43 44 45 46
(22,*) 0 1 2 3 4 5 6 7 8 9 10 11 12 13 14 15 16 17 18 19 20 21 33 34 35 36 37 38 39 40 41 42 43 44 45 46
(33,*) 0 1 2 3 4 5 6 7 8 9 10 11 12 13 14 15 16 17 18 19 20 21 22 34 35 36 37 38 39 40 41 42 43 44 45 46
(34,*) 0 1 2 3 4 5 6 7 8 9 10 11 12 13 14 15 16 17 18 19 20 21 22 33 35 36 37 38 39 40 41 42 43 44 45 46
(35,*) 0 1 2 3 4 5 6 7 8 9 10 11 12 13 14 15 16 17 18 19 20 21 22 33 34 36 37 38 39 40 41 42 43 44 45 46
(36,*) 0 1 2 3 4 5 6 7 8 9 10 11 12 13 14 15 16 17 18 19 20 21 22 33 34 35 37 38 39 40 41 42 43 44 45 46
(37,*) 0 1 2 3 4 5 6 7 8 9 10 11 12 13 14 15 16 17 18 19 20 21 22 33 34 35 36 38 39 40 41 42 43 44 45 46
(38,*) 0 1 2 3 4 5 6 7 8 9 10 11 12 13 14 15 16 17 18 19 20 21 22 33 34 35 36 37 39 40 41 42 43 44 45 46
(39,*) 0 1 2 3 4 5 6 7 8 9 10 11 12 13 14 15 16 17 18 19 20 21 22 33 34 35 36 37 38 40 41 42 43 44 45 46
(40,*) 0 1 2 3 4 5 6 7 8 9 10 11 12 13 14 15 16 17 18 19 20 21 22 33 34 35 36 37 38 39 41 42 43 44 45 46
(41,*) 0 1 2 3 4 5 6 7 8 9 10 11 12 13 14 15 16 17 18 19 20 21 22 33 34 35 36 37 38 39 40 42 43 44 45 46
(42,*) 0 1 2 3 4 5 6 7 8 9 10 11 12 13 14 15 16 17 18 19 20 21 22 33 34 35 36 37 38 39 40 41 43 44 45 46
(43,*) 0 1 2 3 4 5 6 7 8 9 10 11 12 13 14 15 16 17 18 19 20 21 22 33 34 35 36 37 38 39 40 41 42 44 45 46
(44,*) 0 1 2 3 4 5 6 7 8 9 10 11 12 13 14 15 16 17 18 19 20 21 22 33 34 35 36 37 38 39 40 41 42 43 45 46
(45,*) 0 1 2 3 4 5 6 7 8 9 10 11 12 13 14 15 16 17 18 19 20 21 22 33 34 35 36 37 38 39 40 41 42 43 44 46
(46,*) 0 1 2 3 4 5 6 7 8 9 10 11 12 13 14 15 16 17 18 19 20 21 22 33 34 35 36 37 38 39 40 41 42 43 44 45
;
set A2:=
(36,*) 37
(37,*) 36
(38,*) 39
(39,*) 38
(40,*) 41
(41,*) 40
;
param BigM:=99999;
param n:= 5;
param d:=
1	1
2	15
3	11
4	18
5	2
6	22
7	18
8	23
9	21
10	14
11	10
12	4
13	19
14	20
15	15
16	11
17	13
18	8
19	15
20	21
21	12
22	23
23	12
24	2
25	9
26	6
27	19
28	13
29	18
30	11
31	2
32	11
33	14
34	7
35	2
;
param Q:=100;
param w:=
[36,*] 37 1
[37,*] 36 1
[38,*] 39 1
[39,*] 38 1
[40,*] 41 1
[41,*] 40 1
;
param V:=
[36,*] 37 81
[37,*] 36 81
[38,*] 39 90
[39,*] 38 90
[40,*] 41 99
[41,*] 40 99
;
param f:=
36	100
37	100
38	100
39	100
40	100
41	100
42	100
43	100
44	100
45	100
46	100
;
param e:
	36	37	38	39	40	41	42	43	44	45	46:=
23	0	0	0	1	0	0	1	0	1	1	1	
24	0	1	0	0	0	0	0	0	0	0	0	
25	1	0	0	0	0	1	0	1	0	0	0	
26	1	0	0	0	0	1	1	1	1	1	1	
27	0	1	0	1	0	0	1	0	1	1	1	
28	0	0	0	1	0	0	1	0	1	0	0	
29	0	1	1	0	0	0	0	0	0	0	0	
30	0	1	0	0	0	0	0	0	0	0	0	
31	0	1	1	0	0	0	1	0	0	0	1	
32	1	0	0	0	0	1	0	1	0	0	0	
33	1	0	0	0	0	1	0	1	0	0	0	
34	1	0	0	0	0	1	0	1	0	0	0	
35	0	0	1	0	1	0	0	0	0	1	1	
;
param p:=
1	1
2	1
3	1
4	1
5	1
;
param G:=
36	77
37	81
38	70
39	90
40	82
41	99
42	70
43	96
44	97
45	99
46	100
;
param s:=
0	0
1	15
2	15
3	15
4	15
5	15
6	15
7	15
8	15
9	15
10	15
11	15
12	15
13	15
14	15
15	15
16	15
17	15
18	15
19	15
20	15
21	15
22	15
33	15
34	15
35	15
36	10
37	10
38	10
39	10
40	10
41	10
42	10
43	10
44	10
45	10
46	10
;
param t:
	0	1	2	3	4	5	6	7	8	9	10	11	12	13	14	15	16	17	18	19	20	21	22	23	24	25	26	27	28	29	30	31	32	33	34	35	36	37	38	39	40	41	42	43	44	45	46:=
0	0.0	33.11	70.94	106.15	21.63	70.0	17.2	48.83	10.0	60.83	55.46	13.42	72.11	62.29	26.31	56.14	60.0	46.17	47.07	54.41	78.82	64.0	60.17	28.28	76.66	56.92	69.86	32.31	14.14	76.94	72.25	69.86	76.03	72.25	78.92	88.81	78.31	69.35	85.21	10.77	92.76	57.22	43.86	56.75	38.83	56.64	53.08
1	33.11	0.0	69.86	101.13	36.72	71.02	48.83	54.04	42.19	57.72	64.28	24.08	45.69	37.74	47.71	31.62	33.11	24.08	28.84	58.03	68.96	36.77	70.46	18.11	46.17	83.23	78.03	26.0	42.52	52.84	46.52	48.41	94.25	89.29	101.13	78.23	99.16	44.29	74.95	41.62	85.42	79.16	44.05	70.83	46.69	56.57	53.34
2	70.94	69.86	0.0	35.38	49.52	4.47	68.82	22.8	69.43	12.17	22.36	77.18	56.36	50.6	50.48	50.99	55.79	50.0	44.0	17.2	19.7	56.92	24.08	53.14	70.68	64.0	20.59	44.94	62.48	51.61	54.59	43.91	49.19	43.86	62.77	26.08	58.18	52.33	23.35	66.6	24.35	51.09	27.78	32.02	32.56	14.42	18.03
3	106.15	101.13	35.38	0.0	84.85	37.2	104.02	58.14	104.8	45.61	55.57	111.61	74.0	72.69	85.6	75.71	78.92	78.43	72.8	52.5	32.98	78.41	54.63	86.09	88.09	93.15	46.17	78.23	97.84	66.12	72.0	62.13	70.03	66.27	84.0	26.0	79.0	71.06	28.16	101.98	16.28	79.81	62.48	62.39	67.94	49.52	53.08
4	21.63	36.72	49.52	84.85	0.0	48.41	22.36	27.2	20.59	40.0	34.18	30.59	61.61	51.42	11.31	46.17	51.26	36.77	34.93	32.8	59.06	55.03	39.29	21.26	69.86	46.86	48.7	18.97	14.56	64.28	61.19	56.04	58.86	54.33	64.62	68.96	62.94	58.05	65.37	17.89	72.01	42.54	23.32	37.05	17.2	35.38	31.89
5	70.0	71.02	4.47	37.2	48.41	0.0	66.84	21.26	67.88	14.14	18.97	76.94	60.03	53.85	48.41	53.85	58.82	52.15	46.17	15.62	24.17	60.17	20.0	53.85	74.24	60.03	16.12	45.61	60.83	55.61	58.31	47.71	44.72	39.4	58.31	30.27	53.71	55.95	27.66	65.05	27.66	47.01	27.86	28.02	31.24	14.56	18.03
6	17.2	48.83	68.82	104.02	22.36	66.84	0.0	46.04	7.21	60.83	49.52	30.53	82.61	72.44	18.44	66.75	71.39	56.89	56.14	51.61	80.62	75.31	52.8	39.29	89.29	40.79	62.8	40.05	8.0	86.02	82.39	78.03	63.15	60.17	64.03	90.38	64.07	79.31	86.82	7.21	92.44	43.29	44.94	47.51	36.72	55.57	52.35
7	48.83	54.04	22.8	58.14	27.2	21.26	46.04	0.0	46.69	16.12	10.77	56.46	56.85	48.08	27.78	45.61	51.22	40.25	34.99	5.66	36.5	53.81	17.09	36.0	69.31	48.08	24.0	28.07	39.7	55.57	55.61	46.65	44.41	38.83	55.17	45.61	51.66	52.63	42.2	43.86	46.53	37.12	10.77	20.52	10.0	10.2	8.06
8	10.0	42.19	69.43	104.8	20.59	67.88	7.21	46.69	0.0	60.46	51.61	23.32	78.1	68.03	20.59	62.13	66.48	52.15	52.04	52.35	79.65	70.46	55.57	34.23	83.95	47.54	65.51	36.22	7.21	82.1	78.03	74.43	68.47	65.12	70.26	89.55	70.01	75.01	85.96	2.83	92.42	49.01	43.91	51.08	36.88	55.61	52.2
9	60.83	57.72	12.17	45.61	40.0	14.14	60.83	16.12	60.46	0.0	21.54	66.03	47.2	40.25	43.08	39.85	44.94	38.05	32.06	12.17	20.4	46.52	26.08	41.23	61.06	63.15	27.2	33.11	53.85	43.86	45.61	35.38	54.04	48.41	66.57	29.73	62.43	43.01	26.25	57.69	32.02	51.24	16.97	32.7	24.17	6.0	8.54
10	55.46	64.28	22.36	55.57	34.18	18.97	49.52	10.77	51.61	21.54	0.0	64.56	66.48	58.14	31.24	56.04	61.61	50.99	45.65	10.0	40.2	64.03	6.32	46.17	79.4	42.19	14.56	38.47	44.41	64.4	65.12	55.61	34.06	28.43	45.61	48.04	41.77	62.24	45.0	48.83	46.57	29.83	21.54	11.18	18.11	16.12	16.28
11	13.42	24.08	77.18	111.61	30.59	76.94	30.53	56.46	23.32	66.03	64.56	0.0	67.91	58.82	38.05	52.5	55.32	43.08	45.65	61.74	82.02	59.23	69.86	27.2	70.03	70.23	79.12	33.94	27.2	74.0	68.41	68.03	88.09	84.0	91.78	91.93	90.93	65.8	88.39	24.17	97.19	69.87	49.4	67.48	46.82	62.77	59.17
12	72.11	45.69	56.36	74.0	61.61	60.03	82.61	56.85	78.1	47.2	66.48	67.91	0.0	10.2	71.47	16.0	12.65	26.0	26.68	56.57	42.76	8.94	72.14	44.0	14.56	102.96	74.4	42.76	74.67	8.94	2.0	12.65	100.42	94.76	111.95	48.0	108.25	4.24	46.1	76.24	58.08	93.48	47.71	77.23	57.31	50.99	50.21
13	62.29	37.74	50.6	72.69	51.42	53.85	72.44	48.08	68.03	40.25	58.14	58.82	10.2	0.0	61.35	6.32	6.32	16.12	16.49	48.41	40.05	6.32	64.03	34.06	21.26	93.3	67.23	32.56	64.5	15.23	10.0	11.66	92.2	86.56	103.25	47.07	99.72	7.07	44.55	66.12	56.44	84.2	38.42	68.59	47.71	43.27	42.01
14	26.31	47.71	50.48	85.6	11.31	48.41	18.44	27.78	20.59	43.08	31.24	38.05	71.47	61.35	0.0	56.46	61.74	47.41	44.94	33.29	63.25	65.39	34.99	32.56	80.5	35.61	44.94	29.53	13.42	73.35	70.88	64.78	50.04	46.04	54.41	72.8	53.15	67.72	69.29	17.89	74.3	32.28	28.28	30.68	18.97	37.58	34.54
15	56.14	31.62	50.99	75.71	46.17	53.85	66.75	45.61	62.13	39.85	56.04	52.5	16.0	6.32	56.46	0.0	5.66	10.0	11.66	46.65	42.76	8.94	62.13	28.0	24.41	89.31	66.21	27.2	58.86	21.54	16.12	16.97	90.0	84.4	100.5	50.6	97.19	13.34	47.8	60.3	59.44	80.81	35.38	66.07	44.05	42.05	40.31
16	60.0	33.11	55.79	78.92	51.26	58.82	71.39	51.22	66.48	44.94	61.61	55.32	12.65	6.32	61.74	5.66	0.0	14.56	17.2	52.15	46.17	4.0	67.68	32.25	18.87	94.87	71.55	32.31	63.56	20.0	13.42	17.89	95.6	90.0	106.15	53.37	102.83	11.4	50.8	64.78	62.65	86.45	41.04	71.7	49.68	47.41	45.79
17	46.17	24.08	50.0	78.43	36.77	52.15	56.89	40.25	52.15	38.05	50.99	43.08	26.0	16.12	47.41	10.0	14.56	0.0	6.0	42.38	45.69	18.44	57.27	18.0	33.11	81.22	62.64	17.89	49.03	31.05	26.08	25.06	84.38	78.89	94.02	54.59	91.02	23.19	51.43	50.36	62.39	73.55	29.53	60.21	36.88	38.83	36.4
18	47.07	28.84	44.0	72.8	34.93	46.17	56.14	34.99	52.04	32.06	45.65	45.65	26.68	16.49	44.94	11.66	17.2	6.0	0.0	36.77	40.25	20.59	51.88	18.97	36.06	77.67	56.92	16.12	48.17	30.07	26.31	22.8	79.32	73.78	89.38	49.4	86.21	23.19	46.14	50.0	56.86	69.35	24.41	55.22	32.56	32.98	30.68
19	54.41	58.03	17.2	52.5	32.8	15.62	51.61	5.66	52.35	12.17	10.0	61.74	56.57	48.41	33.29	46.65	52.15	42.38	36.77	0.0	32.06	54.41	15.62	40.2	69.66	50.99	20.4	32.06	45.34	54.41	55.17	45.61	43.86	38.21	55.61	40.79	51.74	52.33	37.48	49.52	41.15	39.22	14.0	21.1	15.62	6.32	6.4
20	78.82	68.96	19.7	32.98	59.06	24.17	80.62	36.5	79.65	20.4	40.2	82.02	42.76	40.05	63.25	42.76	46.17	45.69	40.25	32.06	0.0	46.0	43.17	55.32	57.27	82.39	40.25	48.08	73.35	36.06	40.79	30.27	68.88	63.56	82.46	10.0	77.88	39.32	6.4	76.94	16.76	69.87	35.78	50.8	44.27	26.31	28.86
21	64.0	36.77	56.92	78.41	55.03	60.17	75.31	53.81	70.46	46.52	64.03	59.23	8.94	6.32	65.39	8.94	4.0	18.44	20.59	54.41	46.0	0.0	70.0	36.22	15.62	98.18	73.43	36.06	67.47	16.97	10.0	16.49	98.08	92.46	108.9	52.61	105.48	8.6	50.25	68.73	62.2	89.5	43.86	74.33	52.8	49.4	48.01
22	60.17	70.46	24.08	54.63	39.29	20.0	52.8	17.09	55.57	26.08	6.32	69.86	72.14	64.03	34.99	62.13	67.68	57.27	51.88	15.62	43.17	70.0	0.0	52.35	85.28	40.05	10.0	44.72	48.37	69.66	70.71	60.96	28.28	22.63	40.5	50.16	36.4	67.9	47.38	52.84	47.38	27.02	27.86	8.06	24.0	21.26	22.02
23	28.28	18.11	53.14	86.09	21.26	53.85	39.29	36.0	34.23	41.23	46.17	27.2	44.0	34.06	32.56	28.0	32.25	18.0	18.97	40.2	55.32	36.22	52.35	0.0	50.0	67.94	60.0	8.25	31.62	48.66	44.05	41.76	76.55	71.47	84.12	65.12	81.86	41.11	61.62	32.56	71.03	62.43	26.31	52.89	28.64	39.29	35.9
24	76.66	46.17	70.68	88.09	69.86	74.24	89.29	69.31	83.95	61.06	79.4	70.03	14.56	21.26	80.5	24.41	18.87	33.11	36.06	69.66	57.27	15.62	85.28	50.0	0.0	113.72	88.2	50.99	81.61	22.0	16.49	27.2	113.45	107.81	124.45	62.13	120.97	18.38	60.41	82.46	72.34	105.12	59.46	89.83	68.41	64.4	63.25
25	56.92	83.23	64.0	93.15	46.86	60.03	40.79	48.08	47.54	63.15	42.19	70.23	102.96	93.3	35.61	89.31	94.87	81.22	77.67	50.99	82.39	98.18	40.05	67.94	113.72	0.0	47.07	63.78	43.08	102.96	102.0	94.02	29.73	30.0	24.74	90.02	26.4	98.88	87.09	46.17	87.37	13.34	55.46	32.02	45.65	57.27	56.04
26	69.86	78.03	20.59	46.17	48.7	16.12	62.8	24.0	65.51	27.2	14.56	79.12	74.4	67.23	44.94	66.21	71.55	62.64	56.92	20.4	40.25	73.43	10.0	60.0	88.2	47.07	0.0	52.04	58.31	70.77	72.8	62.48	28.64	23.41	42.38	45.61	37.7	70.21	43.32	62.77	41.05	33.73	34.23	16.64	32.56	24.17	26.25
27	32.31	26.0	44.94	78.23	18.97	45.61	40.05	28.07	36.22	33.11	38.47	33.94	42.76	32.56	29.53	27.2	32.31	17.89	16.12	32.06	48.08	36.06	44.72	8.25	50.99	63.78	52.04	0.0	32.06	46.0	42.43	38.21	69.86	64.62	78.23	58.0	75.66	39.32	54.45	34.06	63.41	57.01	18.11	45.88	21.54	31.05	27.66
28	14.14	42.52	62.48	97.84	14.56	60.83	8.0	39.7	7.21	53.85	44.41	27.2	74.67	64.5	13.42	58.86	63.56	49.03	48.17	45.34	73.35	67.47	48.37	31.62	81.61	43.08	58.31	32.06	0.0	78.03	74.43	70.03	62.13	58.55	64.78	83.19	64.2	71.34	79.61	4.47	85.7	43.1	37.58	44.01	30.0	48.83	45.49
29	76.94	52.84	51.61	66.12	64.28	55.61	86.02	55.57	82.1	43.86	64.4	74.0	8.94	15.23	73.35	21.54	20.0	31.05	30.07	54.41	36.06	16.97	69.66	48.66	22.0	102.96	70.77	46.0	78.03	0.0	7.21	8.94	97.84	92.2	110.0	40.2	106.04	8.6	38.64	80.02	50.49	92.66	47.54	75.45	57.58	48.41	48.26
30	72.25	46.52	54.59	72.0	61.19	58.31	82.39	55.61	78.03	45.61	65.12	68.41	2.0	10.0	70.88	16.12	13.42	26.08	26.31	55.17	40.79	10.0	70.71	44.05	16.49	102.0	72.8	42.43	74.43	7.21	0.0	10.77	98.99	93.34	110.63	46.0	106.89	3.16	44.1	76.11	56.08	92.36	46.65	75.93	56.36	49.52	48.84
31	69.86	48.41	43.91	62.13	56.04	47.71	78.03	46.65	74.43	35.38	55.61	68.03	12.65	11.66	64.78	16.97	17.89	25.06	22.8	45.61	30.27	16.49	60.96	41.76	27.2	94.02	62.48	38.21	70.03	8.94	10.77	0.0	89.2	83.55	101.21	36.22	97.31	9.06	34.01	72.25	46.01	83.73	38.63	66.61	48.7	39.7	39.41
32	76.03	94.25	49.19	70.03	58.86	44.72	63.15	44.41	68.47	54.04	34.06	88.09	100.42	92.2	50.04	90.0	95.6	84.38	79.32	43.86	68.88	98.08	28.28	76.55	113.45	29.73	28.64	69.86	62.13	97.84	98.99	89.2	0.0	5.66	14.14	74.0	9.22	96.18	71.87	66.27	68.45	20.25	54.92	24.19	48.33	49.52	50.25
33	72.25	89.29	43.86	66.27	54.33	39.4	60.17	38.83	65.12	48.41	28.43	84.0	94.76	86.56	46.04	84.4	90.0	78.89	73.78	38.21	63.56	92.46	22.63	71.47	107.81	30.0	23.41	64.62	58.55	92.2	93.34	83.55	5.66	0.0	18.97	68.96	14.32	90.52	66.73	62.8	63.79	18.6	49.4	18.79	43.08	43.86	44.6
34	78.92	101.13	62.77	84.0	64.62	58.31	64.03	55.17	70.26	66.57	45.61	91.78	111.95	103.25	54.41	100.5	106.15	94.02	89.38	55.61	82.46	108.9	40.5	84.12	124.45	24.74	42.38	78.23	64.78	110.0	110.63	101.21	14.14	18.97	0.0	87.93	5.0	107.71	85.7	68.47	82.57	22.14	65.12	34.71	57.2	61.61	61.85
35	88.81	78.23	26.08	26.0	68.96	30.27	90.38	45.61	89.55	29.73	48.04	91.93	48.0	47.07	72.8	50.6	53.37	54.59	49.4	40.79	10.0	52.61	50.16	65.12	62.13	90.02	45.61	58.0	83.19	40.2	46.0	36.22	74.0	68.96	87.93	0.0	83.17	45.1	3.61	86.83	10.44	77.16	45.65	58.08	53.85	35.44	38.28
36	78.31	99.16	58.18	79.0	62.94	53.71	64.07	51.66	70.01	62.43	41.77	90.93	108.25	99.72	53.15	97.19	102.83	91.02	86.21	51.74	77.88	105.48	36.4	81.86	120.97	26.4	37.7	75.66	64.2	106.04	106.89	97.31	9.22	14.32	5.0	83.17	0.0	104.0	80.99	68.07	77.67	21.1	61.85	31.14	54.38	57.63	58.05
37	69.35	44.29	52.33	71.06	58.05	55.95	79.31	52.63	75.01	43.01	62.24	65.8	4.24	7.07	67.72	13.34	11.4	23.19	23.19	52.33	39.32	8.6	67.9	41.11	18.38	98.88	70.21	39.32	71.34	8.6	3.16	9.06	96.18	90.52	107.71	45.1	104.0	0.0	43.0	73.06	55.0	89.31	43.57	73.0	53.24	46.75	45.97
38	85.21	74.95	23.35	28.16	65.37	27.66	86.82	42.2	85.96	26.25	45.0	88.39	46.1	44.55	69.29	47.8	50.8	51.43	46.14	37.48	6.4	50.25	47.38	61.62	60.41	87.09	43.32	54.45	79.61	38.64	44.1	34.01	71.87	66.73	85.7	3.61	80.99	43.0	0.0	83.24	12.0	74.33	42.06	55.23	50.33	32.02	34.79
39	10.77	41.62	66.6	101.98	17.89	65.05	7.21	43.86	2.83	57.69	48.83	24.17	76.24	66.12	17.89	60.3	64.78	50.36	50.0	49.52	76.94	68.73	52.84	32.56	82.46	46.17	62.77	34.06	4.47	80.02	76.11	72.25	66.27	62.8	68.47	86.83	68.07	73.06	83.24	0.0	89.63	47.01	41.18	48.47	34.06	52.8	49.41
40	92.76	85.42	24.35	16.28	72.01	27.66	92.44	46.53	92.42	32.02	46.57	97.19	58.08	56.44	74.3	59.44	62.65	62.39	56.86	41.15	16.76	62.2	47.38	71.03	72.34	87.37	41.05	63.41	85.7	50.49	56.08	46.01	68.45	63.79	82.57	10.44	77.67	55.0	12.0	89.63	0.0	74.17	48.92	55.44	55.76	36.89	40.22
41	57.22	79.16	51.09	79.81	42.54	47.01	43.29	37.12	49.01	51.24	29.83	69.87	93.48	84.2	32.28	80.81	86.45	73.55	69.35	39.22	69.87	89.5	27.02	62.43	105.12	13.34	33.73	57.01	43.1	92.66	92.36	83.73	20.25	18.6	22.14	77.16	21.1	89.31	74.33	47.01	74.17	0.0	45.8	19.1	36.8	45.54	44.78
42	43.86	44.05	27.78	62.48	23.32	27.86	44.94	10.77	43.91	16.97	21.54	49.4	47.71	38.42	28.28	35.38	41.04	29.53	24.41	14.0	35.78	43.86	27.86	26.31	59.46	55.46	34.23	18.11	37.58	47.54	46.65	38.63	54.92	49.4	65.12	45.65	61.85	43.57	42.06	41.18	48.92	45.8	0.0	30.81	10.2	13.42	9.85
43	56.75	70.83	32.02	62.39	37.05	28.02	47.51	20.52	51.08	32.7	11.18	67.48	77.23	68.59	30.68	66.07	71.7	60.21	55.22	21.1	50.8	74.33	8.06	52.89	89.83	32.02	16.64	45.88	44.01	75.45	75.93	66.61	24.19	18.79	34.71	58.08	31.14	73.0	55.23	48.47	55.44	19.1	30.81	0.0	24.35	27.29	27.2
44	38.83	46.69	32.56	67.94	17.2	31.24	36.72	10.0	36.88	24.17	18.11	46.82	57.31	47.71	18.97	44.05	49.68	36.88	32.56	15.62	44.27	52.8	24.0	28.64	68.41	45.65	32.56	21.54	30.0	57.58	56.36	48.7	48.33	43.08	57.2	53.85	54.38	53.24	50.33	34.06	55.76	36.8	10.2	24.35	0.0	18.87	15.65
45	56.64	56.57	14.42	49.52	35.38	14.56	55.57	10.2	55.61	6.0	16.12	62.77	50.99	43.27	37.58	42.05	47.41	38.83	32.98	6.32	26.31	49.4	21.26	39.29	64.4	57.27	24.17	31.05	48.83	48.41	49.52	39.7	49.52	43.86	61.61	35.44	57.63	46.75	32.02	52.8	36.89	45.54	13.42	27.29	18.87	0.0	3.61
46	53.08	53.34	18.03	53.08	31.89	18.03	52.35	8.06	52.2	8.54	16.28	59.17	50.21	42.01	34.54	40.31	45.79	36.4	30.68	6.4	28.86	48.01	22.02	35.9	63.25	56.04	26.25	27.66	45.49	48.26	48.84	39.41	50.25	44.6	61.85	38.28	58.05	45.97	34.79	49.41	40.22	44.78	9.85	27.2	15.65	3.61	0.0
;
