set K:= 1	2	3	4	5;
set C_H:= 1	2	3	4	5	6	7	8	9	10	11;
set C_S:= 12	13	14	15	16	17	18	19	20	21	22;
set C_F:= 23	24	25	26	27	28	29	30	31	32	33;
set M:= 34	35	36	37;
set L_B:= 38	39	40	41	42;
set A1:=
(0,*) 1 2 3 4 5 6 7 8 9 10 11 23 24 25 26 27 28 29 30 31 32 33 34 35 36 37 38 39 40 41 42
(1,*) 0 2 3 4 5 6 7 8 9 10 11 23 24 25 26 27 28 29 30 31 32 33 34 35 36 37 38 39 40 41 42
(2,*) 0 1 3 4 5 6 7 8 9 10 11 23 24 25 26 27 28 29 30 31 32 33 34 35 36 37 38 39 40 41 42
(3,*) 0 1 2 4 5 6 7 8 9 10 11 23 24 25 26 27 28 29 30 31 32 33 34 35 36 37 38 39 40 41 42
(4,*) 0 1 2 3 5 6 7 8 9 10 11 23 24 25 26 27 28 29 30 31 32 33 34 35 36 37 38 39 40 41 42
(5,*) 0 1 2 3 4 6 7 8 9 10 11 23 24 25 26 27 28 29 30 31 32 33 34 35 36 37 38 39 40 41 42
(6,*) 0 1 2 3 4 5 7 8 9 10 11 23 24 25 26 27 28 29 30 31 32 33 34 35 36 37 38 39 40 41 42
(7,*) 0 1 2 3 4 5 6 8 9 10 11 23 24 25 26 27 28 29 30 31 32 33 34 35 36 37 38 39 40 41 42
(8,*) 0 1 2 3 4 5 6 7 9 10 11 23 24 25 26 27 28 29 30 31 32 33 34 35 36 37 38 39 40 41 42
(9,*) 0 1 2 3 4 5 6 7 8 10 11 23 24 25 26 27 28 29 30 31 32 33 34 35 36 37 38 39 40 41 42
(10,*) 0 1 2 3 4 5 6 7 8 9 11 23 24 25 26 27 28 29 30 31 32 33 34 35 36 37 38 39 40 41 42
(11,*) 0 1 2 3 4 5 6 7 8 9 10 23 24 25 26 27 28 29 30 31 32 33 34 35 36 37 38 39 40 41 42
(23,*) 0 1 2 3 4 5 6 7 8 9 10 11 24 25 26 27 28 29 30 31 32 33 34 35 36 37 38 39 40 41 42
(24,*) 0 1 2 3 4 5 6 7 8 9 10 11 23 25 26 27 28 29 30 31 32 33 34 35 36 37 38 39 40 41 42
(25,*) 0 1 2 3 4 5 6 7 8 9 10 11 23 24 26 27 28 29 30 31 32 33 34 35 36 37 38 39 40 41 42
(26,*) 0 1 2 3 4 5 6 7 8 9 10 11 23 24 25 27 28 29 30 31 32 33 34 35 36 37 38 39 40 41 42
(27,*) 0 1 2 3 4 5 6 7 8 9 10 11 23 24 25 26 28 29 30 31 32 33 34 35 36 37 38 39 40 41 42
(28,*) 0 1 2 3 4 5 6 7 8 9 10 11 23 24 25 26 27 29 30 31 32 33 34 35 36 37 38 39 40 41 42
(29,*) 0 1 2 3 4 5 6 7 8 9 10 11 23 24 25 26 27 28 30 31 32 33 34 35 36 37 38 39 40 41 42
(30,*) 0 1 2 3 4 5 6 7 8 9 10 11 23 24 25 26 27 28 29 31 32 33 34 35 36 37 38 39 40 41 42
(31,*) 0 1 2 3 4 5 6 7 8 9 10 11 23 24 25 26 27 28 29 30 32 33 34 35 36 37 38 39 40 41 42
(32,*) 0 1 2 3 4 5 6 7 8 9 10 11 23 24 25 26 27 28 29 30 31 33 34 35 36 37 38 39 40 41 42
(33,*) 0 1 2 3 4 5 6 7 8 9 10 11 23 24 25 26 27 28 29 30 31 32 34 35 36 37 38 39 40 41 42
(34,*) 0 1 2 3 4 5 6 7 8 9 10 11 23 24 25 26 27 28 29 30 31 32 33 35 36 37 38 39 40 41 42
(35,*) 0 1 2 3 4 5 6 7 8 9 10 11 23 24 25 26 27 28 29 30 31 32 33 34 36 37 38 39 40 41 42
(36,*) 0 1 2 3 4 5 6 7 8 9 10 11 23 24 25 26 27 28 29 30 31 32 33 34 35 37 38 39 40 41 42
(37,*) 0 1 2 3 4 5 6 7 8 9 10 11 23 24 25 26 27 28 29 30 31 32 33 34 35 36 38 39 40 41 42
(38,*) 0 1 2 3 4 5 6 7 8 9 10 11 23 24 25 26 27 28 29 30 31 32 33 34 35 36 37 39 40 41 42
(39,*) 0 1 2 3 4 5 6 7 8 9 10 11 23 24 25 26 27 28 29 30 31 32 33 34 35 36 37 38 40 41 42
(40,*) 0 1 2 3 4 5 6 7 8 9 10 11 23 24 25 26 27 28 29 30 31 32 33 34 35 36 37 38 39 41 42
(41,*) 0 1 2 3 4 5 6 7 8 9 10 11 23 24 25 26 27 28 29 30 31 32 33 34 35 36 37 38 39 40 42
(42,*) 0 1 2 3 4 5 6 7 8 9 10 11 23 24 25 26 27 28 29 30 31 32 33 34 35 36 37 38 39 40 41
;
set A2:=
(34,*) 35
(35,*) 34
(36,*) 37
(37,*) 36
;
param BigM:=99999;
param n:= 5;
param d:=
1	23
2	3
3	7
4	5
5	14
6	5
7	16
8	16
9	15
10	12
11	4
12	15
13	24
14	13
15	24
16	15
17	13
18	13
19	20
20	23
21	20
22	19
23	24
24	15
25	25
26	13
27	7
28	5
29	9
30	24
31	3
32	15
33	1
;
param Q:=100;
param w:=
[34,*] 35 0.5
[35,*] 34 0.5
[36,*] 37 0.5
[37,*] 36 0.5
;
param V:=
[34,*] 35 99
[35,*] 34 99
[36,*] 37 92
[37,*] 36 92
;
param e:
	34	35	36	37	38	39	40	41	42:=
12	0	0	1	0	0	1	0	0	0	
13	1	0	0	0	0	0	0	0	1	
14	1	0	0	0	0	0	1	0	0	
15	0	1	0	0	1	0	0	0	0	
16	0	0	0	1	1	0	0	0	0	
17	0	0	1	0	0	0	0	1	0	
18	0	1	0	0	0	0	0	0	1	
19	1	0	0	0	1	0	0	0	0	
20	0	0	0	1	1	0	0	0	0	
21	0	0	1	0	0	1	0	0	0	
22	1	0	0	0	1	0	0	0	0	
23	0	1	0	0	0	1	0	0	0	
24	1	0	0	0	0	0	0	0	1	
25	1	0	0	0	0	0	0	0	1	
26	0	1	0	0	0	0	0	1	0	
27	1	0	0	0	0	0	0	0	1	
28	0	1	0	0	0	0	0	1	0	
29	0	1	0	0	0	0	0	1	0	
30	1	0	0	0	0	0	1	0	0	
31	1	0	0	0	1	0	0	0	0	
32	0	0	0	1	0	1	0	0	0	
33	0	1	0	0	0	0	1	0	0	
;
param p:=
1	3
2	3
3	3
4	3
5	3
;
param G:=
34	99
35	86
36	80
37	92
38	87
39	85
40	70
41	97
42	82
;
param s:=
0	0
1	10
2	10
3	10
4	10
5	10
6	10
7	10
8	10
9	10
10	10
11	10
23	10
24	10
25	10
26	10
27	10
28	10
29	10
30	10
31	10
32	10
33	10
34	10
35	10
36	10
37	10
38	10
39	10
40	10
41	10
42	10
;
param t:
	0	1	2	3	4	5	6	7	8	9	10	11	12	13	14	15	16	17	18	19	20	21	22	23	24	25	26	27	28	29	30	31	32	33	34	35	36	37	38	39	40	41	42:=
0	0.0	52.35	38.47	36.72	31.62	36.06	42.05	69.66	42.19	66.03	38.83	69.66	33.94	40.25	31.62	47.2	69.43	12.17	54.92	44.27	65.3	17.09	42.38	76.16	31.62	48.7	57.27	62.03	68.03	27.78	60.3	52.04	74.73	36.72	49.65	53.67	33.6	70.72	32.65	30.41	15.81	22.02	29.7
1	52.35	0.0	75.39	23.32	39.45	40.0	18.44	38.05	60.0	50.0	14.14	48.66	81.71	20.0	22.36	86.16	40.0	64.12	91.24	22.36	45.12	62.03	23.32	104.02	35.38	11.66	88.84	17.09	97.65	68.41	8.0	4.0	73.35	84.85	3.61	86.83	83.17	45.1	43.57	67.42	39.12	55.36	34.44
2	38.47	75.39	0.0	52.5	36.88	38.21	58.24	72.69	23.41	59.46	61.74	65.15	58.31	56.32	53.67	10.77	71.02	32.56	16.97	76.84	62.1	51.42	75.29	37.95	68.12	66.48	18.97	76.94	29.73	10.77	82.87	76.97	53.74	21.26	71.87	15.23	54.74	69.12	33.38	65.31	39.82	20.81	41.11
3	36.72	23.32	52.5	0.0	16.12	16.97	6.0	34.06	36.88	36.5	11.66	37.95	70.0	4.0	8.25	63.25	34.41	46.82	68.03	33.53	33.53	50.99	32.98	80.92	36.5	14.14	65.51	26.31	74.4	46.39	30.46	25.61	55.32	64.0	19.72	63.53	70.18	37.12	20.25	60.61	21.02	33.24	11.4
4	31.62	39.45	36.88	16.12	0.0	4.47	21.54	40.25	21.26	34.41	26.91	38.21	65.3	19.7	20.0	47.54	39.45	38.42	52.0	46.65	33.94	48.37	45.65	65.12	44.72	29.73	49.4	40.2	58.41	32.06	46.52	41.62	46.04	50.64	35.85	47.41	64.35	39.82	4.24	60.54	17.72	19.42	5.83
5	36.06	40.0	38.21	16.97	4.47	0.0	21.63	36.77	20.0	30.0	28.43	33.94	69.66	20.0	22.36	48.66	35.78	42.52	52.5	49.19	29.73	52.84	48.33	64.03	48.37	29.53	49.19	38.83	57.69	34.53	46.65	42.52	42.0	53.37	36.4	47.54	68.62	35.81	5.1	65.0	22.14	22.47	9.06
6	42.05	18.44	58.24	6.0	21.54	21.63	0.0	30.53	41.62	36.0	10.0	36.5	74.89	2.0	11.31	68.96	31.3	52.5	73.54	32.25	32.25	55.61	32.06	85.6	37.95	8.25	70.71	20.4	79.32	52.35	25.06	21.26	56.92	70.0	14.87	68.88	75.29	34.79	25.5	64.44	26.57	39.2	17.26
7	69.66	38.05	72.69	34.06	40.25	36.77	30.53	0.0	50.04	18.87	39.4	14.14	103.48	31.62	41.62	82.22	2.83	78.23	84.02	59.23	13.42	84.85	59.67	87.93	68.03	29.12	78.41	22.36	83.95	70.88	38.47	42.05	44.05	89.84	36.35	78.1	103.23	8.6	41.79	94.64	53.91	59.24	40.22
8	42.19	60.0	23.41	36.88	21.26	20.0	41.62	50.04	0.0	36.06	48.08	41.76	71.69	40.0	41.23	32.25	48.17	43.08	34.23	67.68	38.83	58.86	66.57	44.05	63.91	49.4	29.73	57.58	37.74	25.46	66.57	62.48	34.0	43.27	56.4	28.64	69.32	45.89	17.03	72.56	34.21	20.62	27.02
9	66.03	50.0	59.46	36.5	34.41	30.0	36.0	18.87	36.06	0.0	46.0	6.0	99.64	36.06	44.72	67.91	16.12	72.14	68.47	68.12	5.66	82.68	68.03	69.86	72.99	38.83	62.03	37.74	66.48	60.03	52.8	53.85	25.46	78.71	47.3	62.29	98.49	11.4	33.97	94.37	51.48	50.45	37.12
10	38.83	14.14	61.74	11.66	26.91	28.43	10.0	39.4	48.08	46.0	0.0	46.39	69.77	10.2	8.25	72.5	40.5	50.36	77.9	22.36	42.19	50.12	22.09	92.02	28.64	11.31	76.03	24.41	85.28	54.41	22.09	15.23	66.48	70.71	11.0	73.78	70.77	44.38	31.14	57.38	25.02	41.44	21.4
11	69.66	48.66	65.15	37.95	38.21	33.94	36.5	14.14	41.76	6.0	46.39	0.0	103.48	36.88	46.17	73.76	11.31	76.42	74.43	68.03	4.47	86.02	68.12	75.71	74.22	38.05	68.03	34.93	72.44	65.3	50.6	52.61	30.0	84.1	46.27	68.26	102.55	5.83	38.29	97.25	54.64	55.22	40.22
12	33.94	81.71	58.31	70.0	65.3	69.66	74.89	103.48	71.69	99.64	69.77	103.48	0.0	73.24	63.81	62.13	103.32	28.64	70.26	66.75	99.16	19.7	64.78	94.19	50.36	80.62	76.0	94.02	86.09	49.03	89.2	80.32	105.6	42.76	79.71	72.0	5.0	104.66	65.8	19.92	49.58	51.43	63.64
13	40.25	20.0	56.32	4.0	19.7	20.0	2.0	31.62	40.0	36.06	10.2	36.88	73.24	0.0	10.0	67.05	32.25	50.6	71.69	32.56	32.56	54.04	32.25	84.02	37.36	10.2	68.96	22.36	77.67	50.36	26.83	22.63	56.32	68.0	16.4	67.08	73.57	35.47	23.71	63.13	24.7	37.22	15.3
14	31.62	22.36	53.67	8.25	20.0	22.36	11.31	41.62	41.23	44.72	8.25	46.17	63.81	10.0	0.0	64.4	42.19	42.76	69.97	26.83	41.76	44.41	26.0	84.85	28.28	17.09	68.41	30.46	77.9	46.17	30.27	23.41	62.8	62.51	19.1	66.03	64.41	45.19	24.21	53.15	17.03	33.24	14.21
15	47.2	86.16	10.77	63.25	47.54	48.66	68.96	82.22	32.25	67.91	72.5	73.76	62.13	67.05	64.4	0.0	80.4	39.4	8.25	87.2	71.02	58.31	85.6	32.06	77.79	77.2	14.56	87.48	24.0	19.8	93.64	87.73	58.82	20.4	82.64	10.77	58.01	78.09	43.93	71.78	50.22	31.38	51.87
16	69.43	40.0	71.02	34.41	39.45	35.78	31.3	2.83	48.17	16.12	40.5	11.31	103.32	32.25	42.19	80.4	0.0	77.67	82.0	60.83	10.77	84.9	61.19	85.44	69.08	30.59	76.24	24.74	81.58	69.57	40.79	44.0	41.23	88.54	38.12	76.03	102.94	5.83	40.72	95.0	53.76	58.18	39.82
17	12.17	64.12	32.56	46.82	38.42	42.52	52.5	78.23	43.08	72.14	50.36	76.42	28.64	50.6	42.76	39.4	77.67	0.0	47.54	56.32	72.25	18.97	54.41	70.34	42.94	59.67	51.42	72.8	62.1	22.09	72.11	64.0	76.97	25.61	61.29	47.54	26.63	78.24	38.18	32.76	25.96	22.83	38.08
18	54.92	91.24	16.97	68.03	52.0	52.5	73.54	84.02	34.23	68.47	77.9	74.43	70.26	71.69	69.97	8.25	82.0	47.54	0.0	93.72	72.11	66.48	92.2	24.0	85.04	81.71	8.49	91.21	16.12	27.2	98.49	93.06	56.36	28.07	87.66	6.32	66.07	79.16	48.1	80.01	56.73	37.64	56.8
19	44.27	22.36	76.84	33.53	46.65	49.19	32.25	59.23	67.68	68.12	22.36	68.03	66.75	32.56	26.83	87.2	60.83	56.32	93.72	0.0	64.0	48.04	2.0	110.63	16.49	30.27	93.34	39.4	103.32	67.68	26.91	18.87	88.77	80.62	23.09	90.55	69.26	65.38	50.77	49.65	37.01	56.08	40.82
20	65.3	45.12	62.1	33.53	33.94	29.73	32.25	13.42	38.83	5.66	42.19	4.47	99.16	32.56	41.76	71.02	10.77	72.25	72.11	64.0	0.0	81.61	64.03	74.73	69.86	34.23	66.03	32.25	71.02	61.74	47.54	49.03	31.11	80.62	42.58	66.03	98.29	7.07	34.21	92.78	50.22	51.31	35.81
21	17.09	62.03	51.42	50.99	48.37	52.84	55.61	84.85	58.86	82.68	50.12	86.02	19.7	54.04	44.41	58.31	84.9	18.97	66.48	48.04	81.61	0.0	46.04	89.29	32.06	61.06	70.34	74.43	81.04	40.79	69.57	60.73	91.76	42.8	60.01	66.48	21.38	86.68	49.66	14.04	31.4	38.33	45.8
22	42.38	23.32	75.29	32.98	45.65	48.33	32.06	59.67	66.57	68.03	22.09	68.12	64.78	32.25	26.0	85.6	61.19	54.41	92.2	2.0	64.03	46.04	0.0	109.34	14.56	30.59	91.93	40.25	101.98	66.03	28.28	20.0	88.29	78.79	23.77	89.11	67.27	65.62	49.74	47.76	35.47	54.56	39.82
23	76.16	104.02	37.95	80.92	65.12	64.03	85.6	87.93	44.05	69.86	92.02	75.71	94.19	84.02	84.85	32.06	85.44	70.34	24.0	110.63	74.73	89.29	109.34	0.0	104.31	93.23	18.97	100.24	8.25	48.7	110.44	106.53	50.04	52.04	100.42	22.8	90.05	81.25	60.88	103.08	74.63	56.08	70.72
24	31.62	35.38	68.12	36.5	44.72	48.37	37.95	68.03	63.91	72.99	28.64	74.22	50.36	37.36	28.28	77.79	69.08	42.94	85.04	16.49	69.86	32.06	14.56	104.31	0.0	39.45	86.02	51.22	96.52	58.0	41.62	32.8	90.2	68.26	34.71	82.8	53.04	72.73	48.27	33.24	29.97	48.26	39.32
25	48.7	11.66	66.48	14.14	29.73	29.53	8.25	29.12	49.4	38.83	11.31	38.05	80.62	10.2	17.09	77.2	30.59	59.67	81.71	30.27	34.23	61.06	30.59	93.23	39.45	0.0	78.71	13.42	87.13	60.53	17.2	15.23	61.74	78.03	8.54	76.97	81.39	35.13	33.62	68.68	33.73	47.38	25.5
26	57.27	88.84	18.97	65.51	49.4	49.19	70.71	78.41	29.73	62.03	76.03	68.03	76.0	68.96	68.41	14.56	76.24	51.42	8.49	93.34	66.03	70.34	91.93	18.97	86.02	78.71	0.0	87.32	10.77	29.73	95.77	90.97	48.33	34.93	85.23	4.0	72.06	73.01	45.28	84.17	56.73	37.8	54.64
27	62.03	17.09	76.94	26.31	40.2	38.83	20.4	22.36	57.58	37.74	24.41	34.93	94.02	22.36	30.46	87.48	24.74	72.8	91.21	39.4	32.25	74.43	40.25	100.24	51.22	13.42	87.32	0.0	94.85	72.03	16.12	20.88	62.8	90.09	16.64	86.02	94.81	30.36	43.57	81.69	46.84	59.0	37.01
28	68.03	97.65	29.73	74.4	58.41	57.69	79.32	83.95	37.74	66.48	85.28	72.44	86.09	77.67	77.9	24.0	81.58	62.1	16.12	103.32	71.02	81.04	101.98	8.25	96.52	87.13	10.77	94.85	0.0	40.5	104.31	100.0	49.03	44.18	94.05	14.56	82.01	77.78	54.2	94.83	67.01	48.26	63.89
29	27.78	68.41	10.77	46.39	32.06	34.53	52.35	70.88	25.46	60.03	54.41	65.3	49.03	50.36	46.17	19.8	69.57	22.09	27.2	67.68	61.74	40.79	66.03	48.7	58.0	60.53	29.73	72.03	40.5	0.0	76.16	69.57	58.82	18.97	65.0	26.0	45.88	68.54	29.43	54.74	30.89	13.15	35.13
30	60.3	8.0	82.87	30.46	46.52	46.65	25.06	38.47	66.57	52.8	22.09	50.6	89.2	26.83	30.27	93.64	40.79	72.11	98.49	26.91	47.54	69.57	28.28	110.44	41.62	17.2	95.77	16.12	104.31	76.16	0.0	8.94	77.18	92.78	11.18	93.91	90.8	46.32	50.54	74.3	47.1	63.06	41.79
31	52.04	4.0	76.97	25.61	41.62	42.52	21.26	42.05	62.48	53.85	15.23	52.61	80.32	22.63	23.41	87.73	44.0	64.0	93.06	18.87	49.03	60.73	20.0	106.53	32.8	15.23	90.97	20.88	100.0	69.57	8.94	0.0	76.97	85.51	6.71	88.84	82.01	49.09	45.8	65.37	39.62	56.65	36.36
32	74.73	73.35	53.74	55.32	46.04	42.0	56.92	44.05	34.0	25.46	66.48	30.0	105.6	56.32	62.8	58.82	41.23	76.97	56.36	88.77	31.11	91.76	88.29	50.04	90.2	61.74	48.33	62.8	49.03	58.82	77.18	76.97	0.0	74.97	70.26	50.12	103.31	35.81	43.29	105.02	63.39	54.23	51.01
33	36.72	84.85	21.26	64.0	50.64	53.37	70.0	89.84	43.27	78.71	70.71	84.1	42.76	68.0	62.51	20.4	88.54	25.61	28.07	80.62	80.62	42.8	78.79	52.04	68.26	78.03	34.93	90.09	44.18	18.97	92.78	85.51	74.97	0.0	81.61	31.05	38.33	87.46	48.27	55.07	45.89	31.26	53.08
34	49.65	3.61	71.87	19.72	35.85	36.4	14.87	36.35	56.4	47.3	11.0	46.27	79.71	16.4	19.1	82.64	38.12	61.29	87.66	23.09	42.58	60.01	23.77	100.42	34.71	8.54	85.23	16.64	94.05	65.0	11.18	6.71	70.26	81.61	0.0	83.24	80.99	43.0	39.96	66.03	36.01	51.92	30.87
35	53.67	86.83	15.23	63.53	47.41	47.54	68.88	78.1	28.64	62.29	73.78	68.26	72.0	67.08	66.03	10.77	76.03	47.54	6.32	90.55	66.03	66.48	89.11	22.8	82.8	76.97	4.0	86.02	14.56	26.0	93.91	88.84	50.12	31.05	83.24	0.0	68.07	73.06	43.38	80.28	53.76	34.71	52.48
36	33.6	83.17	54.74	70.18	64.35	68.62	75.29	103.23	69.32	98.49	70.77	102.55	5.0	73.57	64.41	58.01	102.94	26.63	66.07	69.26	98.29	21.38	67.27	90.05	53.04	81.39	72.06	94.81	82.01	45.88	90.8	82.01	103.31	38.33	80.99	68.07	0.0	104.0	64.54	24.17	49.41	49.4	63.13
37	70.72	45.1	69.12	37.12	39.82	35.81	34.79	8.6	45.89	11.4	44.38	5.83	104.66	35.47	45.19	78.09	5.83	78.24	79.16	65.38	7.07	86.68	65.62	81.25	72.73	35.13	73.01	30.36	77.78	68.54	46.32	49.09	35.81	87.46	43.0	73.06	104.0	0.0	40.5	97.35	55.32	57.8	41.04
38	32.65	43.57	33.38	20.25	4.24	5.1	25.5	41.79	17.03	33.97	31.14	38.29	65.8	23.71	24.21	43.93	40.72	38.18	48.1	50.77	34.21	49.66	49.74	60.88	48.27	33.62	45.28	43.57	54.2	29.43	50.54	45.8	43.29	48.27	39.96	43.38	64.54	40.5	0.0	62.3	20.1	17.46	10.0
39	30.41	67.42	65.31	60.61	60.54	65.0	64.44	94.64	72.56	94.37	57.38	97.25	19.92	63.13	53.15	71.78	95.0	32.76	80.01	49.65	92.78	14.04	47.76	103.08	33.24	68.68	84.17	81.69	94.83	54.74	74.3	65.37	105.02	55.07	66.03	80.28	24.17	97.35	62.3	0.0	42.95	52.15	57.25
40	15.81	39.12	39.82	21.02	17.72	22.14	26.57	53.91	34.21	51.48	25.02	54.64	49.58	24.7	17.03	50.22	53.76	25.96	56.73	37.01	50.22	31.4	35.47	74.63	29.97	33.73	56.73	46.84	67.01	30.89	47.1	39.62	63.39	45.89	36.01	53.76	49.41	55.32	20.1	42.95	0.0	19.1	14.42
41	22.02	55.36	20.81	33.24	19.42	22.47	39.2	59.24	20.62	50.45	41.44	55.22	51.43	37.22	33.24	31.38	58.18	22.83	37.64	56.08	51.31	38.33	54.56	56.08	48.26	47.38	37.8	59.0	48.26	13.15	63.06	56.65	54.23	31.26	51.92	34.71	49.4	57.8	17.46	52.15	19.1	0.0	22.02
42	29.7	34.44	41.11	11.4	5.83	9.06	17.26	40.22	27.02	37.12	21.4	40.22	63.64	15.3	14.21	51.87	39.82	38.08	56.8	40.82	35.81	45.8	39.82	70.72	39.32	25.5	54.64	37.01	63.89	35.13	41.79	36.36	51.01	53.08	30.87	52.48	63.13	41.04	10.0	57.25	14.42	22.02	0.0
;
