vehicles
vehicle_idx, capacity, cost_per_unit_distance
1,100,3
2,100,3
3,100,3
4,100,3
5,100,3
depot
node_idx,x,y
0,9,35
home delivery customers
node_idx,x,y,service_time,demand
1,43,19,10,5
2,93,7,10,3
3,67,13,10,26
4,31,77,10,23
5,81,7,10,15
6,7,35,10,24
7,75,13,10,6
8,47,49,10,6
9,45,11,10,3
10,75,55,10,22
11,51,67,10,12
12,21,97,10,24
13,73,21,10,13
14,75,73,10,6
self pickup customers
node_idx,x,y,service_time,demand,locker_idxs
15,79,35,10,24,41
16,13,35,10,20,42
17,27,49,10,3,42
18,27,35,10,20,40
19,69,23,10,16,41
20,27,27,10,21,40
21,15,83,10,3,39
22,53,25,10,14,44
23,57,91,10,20,39
24,3,71,10,1,45
25,93,49,10,24,45
26,41,87,10,19,39
flexible customers
node_idx,x,y,service_time,demand,locker_idxs
27,31,51,10,9,42-43-41-44
28,25,33,10,13,42-40
29,1,23,10,5,40
30,1,47,10,3,42
31,93,15,10,20,42
32,41,9,10,16,40
33,3,1,10,10,40
34,55,13,10,6,44
35,37,19,10,2,44-40
36,19,19,10,7,40
37,97,73,10,4,45-39
38,45,29,10,7,44-41-42-40
lockers
node_idx,x,y,service_time,capacity,cost_per_unit_good
39,65,88,10,99
40,25,15,10,93
41,55,45,10,74
42,32,42,10,92
43,52,53,10,97
44,47,31,10,99
45,57,60,10,93
mrt lines
start_node_idx,end_node_idx,freight_capacity,cost_per_unit_good
distance matrix
,0,1,2,3,4,5,6,7,8,9,10,11,12,13,14,15,16,17,18,19,20,21,22,23,24,25,26,27,28,29,30,31,32,33,34,35,36,37,38,39,40,41,42,43,44,45,
0,0.0,37.58,88.54,62.03,47.41,77.25,2.0,69.57,40.5,43.27,68.96,52.8,63.15,65.51,76.16,70.0,4.0,22.8,18.0,61.19,19.7,48.37,45.12,73.76,36.5,85.16,61.06,27.2,16.12,14.42,14.42,86.35,41.23,34.53,50.99,32.25,18.87,95.85,36.5,77.1,25.61,47.07,24.04,46.62,38.21,54.12
1,37.58,0.0,51.42,24.74,59.23,39.85,39.4,32.56,30.27,8.25,48.17,48.66,81.04,30.07,62.77,39.4,34.0,34.0,22.63,26.31,17.89,69.86,11.66,73.35,65.6,58.31,68.03,34.18,22.8,42.19,50.48,50.16,10.2,43.86,13.42,6.0,24.0,76.37,10.2,72.42,18.44,28.64,25.5,35.17,12.65,43.32
2,88.54,51.42,0.0,26.68,93.51,12.0,90.44,18.97,62.29,48.17,51.26,73.24,115.26,24.41,68.41,31.3,84.76,78.23,71.69,28.84,68.96,108.9,43.86,91.39,110.44,42.0,95.41,76.03,72.8,93.38,100.32,8.0,52.04,90.2,38.47,57.27,74.97,66.12,52.8,85.7,68.47,53.74,70.33,61.62,51.88,64.07
3,62.03,24.74,26.68,0.0,73.43,15.23,63.91,8.0,41.18,22.09,42.76,56.32,95.77,10.0,60.53,25.06,58.31,53.81,45.65,10.2,42.38,87.2,18.44,78.64,86.37,44.41,78.43,52.35,46.52,66.75,74.24,26.08,26.31,65.12,12.0,30.59,48.37,67.08,27.2,75.03,42.05,34.18,45.45,42.72,26.91,48.05
4,47.41,59.23,93.51,73.43,0.0,86.02,48.37,77.67,32.25,67.47,49.19,22.36,22.36,70.0,44.18,63.78,45.69,28.28,42.19,66.03,50.16,17.09,56.46,29.53,28.64,68.03,14.14,26.0,44.41,61.77,42.43,87.68,68.73,80.99,68.35,58.31,59.23,66.12,50.0,35.74,62.29,40.0,35.01,31.89,48.7,31.06
5,77.25,39.85,12.0,15.23,86.02,0.0,79.12,8.49,54.04,36.22,48.37,67.08,108.17,16.12,66.27,28.07,73.54,68.41,60.83,20.0,57.58,100.66,33.29,87.36,100.9,43.68,89.44,66.6,61.74,81.58,89.44,14.42,40.05,78.23,26.68,45.61,63.15,67.91,42.19,82.57,56.57,46.04,60.22,54.38,41.62,58.18
6,2.0,39.4,90.44,63.91,48.37,79.12,0.0,71.47,42.38,44.94,70.88,54.41,63.56,67.47,77.9,72.0,6.0,24.41,20.0,63.15,21.54,48.66,47.07,75.07,36.22,87.13,62.13,28.84,18.11,13.42,13.42,88.29,42.8,34.23,52.8,34.0,20.0,97.69,38.47,78.57,26.91,49.03,25.96,48.47,40.2,55.9
7,69.57,32.56,18.97,8.0,77.67,8.49,71.47,0.0,45.61,30.07,42.0,59.09,99.86,8.25,60.0,22.36,65.79,60.0,52.8,11.66,50.0,92.2,25.06,80.05,92.46,40.25,81.44,58.14,53.85,74.67,81.44,18.11,34.23,72.99,20.0,38.47,56.32,63.91,34.0,75.66,50.04,37.74,51.87,46.14,33.29,50.33
8,40.5,30.27,62.29,41.18,32.25,54.04,42.38,45.61,0.0,38.05,28.64,18.44,54.59,38.21,36.88,34.93,36.77,20.0,24.41,34.06,29.73,46.69,24.74,43.17,49.19,46.0,38.47,16.12,27.2,52.84,46.04,57.2,40.45,65.12,36.88,31.62,41.04,55.46,20.1,42.95,40.5,8.94,16.55,6.4,18.0,14.87
9,43.27,8.25,48.17,22.09,67.47,36.22,44.94,30.07,38.05,0.0,53.25,56.32,89.29,29.73,68.88,41.62,40.0,42.05,30.0,26.83,24.08,78.0,16.12,80.89,73.24,61.22,76.11,42.38,29.73,45.61,56.85,48.17,4.47,43.17,10.2,11.31,27.2,80.92,18.0,79.56,20.4,35.44,33.62,42.58,20.1,50.45
10,68.96,48.17,51.26,42.76,49.19,48.37,70.88,42.0,28.64,53.25,0.0,26.83,68.41,34.06,18.0,20.4,65.15,48.37,52.0,32.56,55.57,66.21,37.2,40.25,73.76,18.97,46.69,44.18,54.63,80.62,74.43,43.86,57.2,90.0,46.52,52.35,66.57,28.43,39.7,34.48,64.03,22.36,44.92,23.09,36.88,18.68
11,52.8,48.66,73.24,56.32,22.36,67.08,54.41,59.09,18.44,56.32,26.83,0.0,42.43,50.99,24.74,42.52,49.68,30.0,40.0,47.54,46.65,39.4,42.05,24.74,48.17,45.69,22.36,25.61,42.8,66.6,53.85,66.84,58.86,81.61,54.15,50.0,57.69,46.39,38.47,25.24,58.14,22.36,31.4,14.04,36.22,9.22
12,63.15,81.04,115.26,95.77,22.36,108.17,63.56,99.86,54.59,89.29,68.41,42.43,0.0,92.09,59.09,84.9,62.51,48.37,62.29,88.2,70.26,15.23,78.79,36.5,31.62,86.53,22.36,47.07,64.12,76.66,53.85,109.12,90.24,97.67,90.62,79.62,78.03,79.7,72.11,44.91,82.1,62.13,56.09,53.82,70.94,51.62
13,65.51,30.07,24.41,10.0,70.0,16.12,67.47,8.25,38.21,29.73,34.06,50.99,92.09,0.0,52.04,15.23,61.61,53.85,48.08,4.47,46.39,84.9,20.4,71.81,86.02,34.41,73.35,51.61,49.48,72.03,76.55,20.88,34.18,72.8,19.7,36.06,54.04,57.27,29.12,67.48,48.37,30.0,46.07,38.28,27.86,42.15
14,76.16,62.77,68.41,60.53,44.18,66.27,77.9,60.0,36.88,68.88,18.0,24.74,59.09,52.04,0.0,38.21,72.72,53.67,61.22,50.36,66.48,60.83,52.8,25.46,72.03,30.0,36.77,49.19,64.03,89.31,78.43,60.73,72.47,101.82,63.25,66.03,77.79,22.0,53.25,18.03,76.58,34.41,53.01,30.48,50.48,22.2
15,70.0,39.4,31.3,25.06,63.78,28.07,72.0,22.36,34.93,41.62,20.4,42.52,84.9,15.23,38.21,0.0,66.0,53.85,52.0,15.62,52.61,80.0,27.86,60.17,84.1,19.8,64.4,50.6,54.04,78.92,78.92,24.41,46.04,83.26,32.56,44.94,62.1,42.05,34.53,54.82,57.58,26.0,47.52,32.45,32.25,33.3
16,4.0,34.0,84.76,58.31,45.69,73.54,6.0,65.79,36.77,40.0,65.15,49.68,62.51,61.61,72.72,66.0,0.0,19.8,14.0,57.27,16.12,48.04,41.23,71.22,37.36,81.22,59.06,24.08,12.17,16.97,16.97,82.46,38.21,35.44,47.41,28.84,17.09,92.2,32.56,74.25,23.32,43.17,20.25,42.95,34.23,50.61
17,22.8,34.0,78.23,53.81,28.28,68.41,24.41,60.0,20.0,42.05,48.37,30.0,48.37,53.85,53.67,53.85,19.8,0.0,14.0,49.4,22.0,36.06,35.38,51.61,32.56,66.0,40.5,4.47,16.12,36.77,26.08,74.24,42.38,53.67,45.61,31.62,31.05,74.0,26.91,54.45,34.06,28.28,8.6,25.32,26.91,31.95
18,18.0,22.63,71.69,45.65,42.19,60.83,20.0,52.8,24.41,30.0,52.0,40.0,62.29,48.08,61.22,52.0,14.0,14.0,0.0,43.68,8.0,49.48,27.86,63.53,43.27,67.47,53.85,16.49,2.83,28.64,28.64,68.96,29.53,41.62,35.61,18.87,17.89,79.65,18.97,65.22,20.1,29.73,8.6,30.81,20.4,39.05
19,61.19,26.31,28.84,10.2,66.03,20.0,63.15,11.66,34.06,26.83,32.56,47.54,88.2,4.47,50.36,15.62,57.27,49.4,43.68,0.0,42.19,80.72,16.12,69.05,81.61,35.38,69.86,47.2,45.12,68.0,72.11,25.3,31.3,69.57,17.2,32.25,50.16,57.31,24.74,65.12,44.72,26.08,41.59,34.48,23.41,38.9
20,19.7,17.89,68.96,42.38,50.16,57.58,21.54,50.0,29.73,24.08,55.57,46.65,70.26,46.39,66.48,52.61,16.12,22.0,8.0,42.19,0.0,57.27,26.08,70.68,50.12,69.57,61.61,24.33,6.32,26.31,32.8,67.08,22.8,35.38,31.3,12.81,11.31,83.76,18.11,71.87,12.17,33.29,15.81,36.07,20.4,44.6
21,48.37,69.86,108.9,87.2,17.09,100.66,48.66,92.2,46.69,78.0,66.21,39.4,15.23,84.9,60.83,80.0,48.04,36.06,49.48,80.72,57.27,0.0,69.34,42.76,16.97,85.09,26.31,35.78,50.99,61.61,38.63,103.48,78.43,82.87,80.62,67.68,64.12,82.61,61.77,50.25,68.73,55.17,44.38,47.63,61.06,47.89
22,45.12,11.66,43.86,18.44,56.46,33.29,47.07,25.06,24.74,16.12,37.2,42.05,78.79,20.4,52.8,27.86,41.23,35.38,27.86,16.12,26.08,69.34,0.0,66.12,67.94,46.65,63.15,34.06,29.12,52.04,56.46,41.23,20.0,55.46,12.17,17.09,34.53,65.12,8.94,64.13,29.73,20.1,27.02,28.02,8.49,35.23
23,73.76,73.35,91.39,78.64,29.53,87.36,75.07,80.05,43.17,80.89,40.25,24.74,36.5,71.81,25.46,60.17,71.22,51.61,63.53,69.05,70.68,42.76,66.12,0.0,57.58,55.32,16.49,47.71,66.24,88.09,71.22,84.1,83.55,104.96,78.03,74.73,81.41,43.86,63.15,8.54,82.46,46.04,55.01,38.33,60.83,31.0
24,36.5,65.6,110.44,86.37,28.64,100.9,36.22,92.46,49.19,73.24,73.76,48.17,31.62,86.02,72.03,84.1,37.36,32.56,43.27,81.61,50.12,16.97,67.94,57.58,0.0,92.65,41.23,34.41,43.91,48.04,24.08,106.0,72.72,70.0,77.9,62.13,54.41,94.02,59.4,64.29,60.17,58.14,41.01,52.2,59.46,55.11
25,85.16,58.31,42.0,44.41,68.03,43.68,87.13,40.25,46.0,61.22,18.97,45.69,86.53,34.41,30.0,19.8,81.22,66.0,67.47,35.38,69.57,85.09,46.65,55.32,92.65,0.0,64.4,62.03,69.86,95.6,92.02,34.0,65.6,102.0,52.35,63.53,79.85,24.33,52.0,48.01,76.03,38.21,61.4,41.19,49.4,37.64
26,61.06,68.03,95.41,78.43,14.14,89.44,62.13,81.44,38.47,76.11,46.69,22.36,22.36,73.35,36.77,64.4,59.06,40.5,53.85,69.86,61.61,26.31,63.15,16.49,41.23,64.4,0.0,37.36,56.32,75.47,56.57,88.81,78.0,94.02,75.31,68.12,71.47,57.72,58.14,24.02,73.76,44.27,45.89,35.74,56.32,31.38
27,27.2,34.18,76.03,52.35,26.0,66.6,28.84,58.14,16.12,42.38,44.18,25.61,47.07,51.61,49.19,50.6,24.08,4.47,16.49,47.2,24.33,35.78,34.06,47.71,34.41,62.03,37.36,0.0,18.97,41.04,30.27,71.69,43.17,57.31,44.94,32.56,34.18,69.57,26.08,50.25,36.5,24.74,9.06,21.1,25.61,27.51
28,16.12,22.8,72.8,46.52,44.41,61.74,18.11,53.85,27.2,29.73,54.63,42.8,64.12,49.48,64.03,54.04,12.17,16.12,2.83,45.12,6.32,50.99,29.12,66.24,43.91,69.86,56.32,18.97,0.0,26.0,27.78,70.34,28.84,38.83,36.06,18.44,15.23,82.37,20.4,68.01,18.0,32.31,11.4,33.6,22.09,41.87
29,14.42,42.19,93.38,66.75,61.77,81.58,13.42,74.67,52.84,45.61,80.62,66.6,76.66,72.03,89.31,78.92,16.97,36.77,28.64,68.0,26.31,61.61,52.04,88.09,48.04,95.6,75.47,41.04,26.0,0.0,24.0,92.35,42.38,22.09,54.92,36.22,18.44,108.24,44.41,91.22,25.3,58.31,36.36,59.17,46.69,67.12
30,14.42,50.48,100.32,74.24,42.43,89.44,13.42,81.44,46.04,56.85,74.43,53.85,53.85,76.55,78.43,78.92,16.97,26.08,28.64,72.11,32.8,38.63,56.46,71.22,24.08,92.02,56.57,30.27,27.78,24.0,0.0,97.41,55.17,46.04,63.81,45.61,33.29,99.46,47.54,76.01,40.0,54.04,31.4,51.35,48.7,57.49
31,86.35,50.16,8.0,26.08,87.68,14.42,88.29,18.11,57.2,48.17,43.86,66.84,109.12,20.88,60.73,24.41,82.46,74.24,68.96,25.3,67.08,103.48,41.23,84.1,106.0,34.0,88.81,71.69,70.34,92.35,97.41,0.0,52.35,91.08,38.05,56.14,74.11,58.14,50.0,78.19,68.0,48.41,66.71,55.9,48.7,57.63
32,41.23,10.2,52.04,26.31,68.73,40.05,42.8,34.23,40.45,4.47,57.2,58.86,90.24,34.18,72.47,46.04,38.21,42.38,29.53,31.3,22.8,78.43,20.0,83.55,72.72,65.6,78.0,43.17,28.84,42.38,55.17,52.35,0.0,38.83,14.56,10.77,24.17,85.04,20.4,82.57,17.09,38.63,34.21,45.35,22.8,53.45
33,34.53,43.86,90.2,65.12,80.99,78.23,34.23,72.99,65.12,43.17,90.0,81.61,97.67,72.8,101.82,83.26,35.44,53.67,41.62,69.57,35.38,82.87,55.46,104.96,70.0,102.0,94.02,57.31,38.83,22.09,46.04,91.08,38.83,0.0,53.37,38.47,24.08,118.41,50.48,106.83,26.08,68.12,50.22,71.45,53.25,79.98
34,50.99,13.42,38.47,12.0,68.35,26.68,52.8,20.0,36.88,10.2,46.52,54.15,90.62,19.7,63.25,32.56,47.41,45.61,35.61,17.2,31.3,80.62,12.17,78.03,77.9,52.35,75.31,44.94,36.06,54.92,63.81,38.05,14.56,53.37,0.0,18.97,36.5,73.24,18.87,75.66,30.07,32.0,37.01,40.11,19.7,47.04
35,32.25,6.0,57.27,30.59,58.31,45.61,34.0,38.47,31.62,11.31,52.35,50.0,79.62,36.06,66.03,44.94,28.84,31.62,18.87,32.25,12.81,67.68,17.09,74.73,62.13,63.53,68.12,32.56,18.44,36.22,45.61,56.14,10.77,38.47,18.97,0.0,18.0,80.72,12.81,74.46,12.65,31.62,23.54,37.16,15.62,45.62
36,18.87,24.0,74.97,48.37,59.23,63.15,20.0,56.32,41.04,27.2,66.57,57.69,78.03,54.04,77.79,62.1,17.09,31.05,17.89,50.16,11.31,64.12,34.53,81.41,54.41,79.85,71.47,34.18,15.23,18.44,33.29,74.11,24.17,24.08,36.5,18.0,0.0,94.87,27.86,82.93,7.21,44.41,26.42,47.38,30.46,55.9
37,95.85,76.37,66.12,67.08,66.12,67.91,97.69,63.91,55.46,80.92,28.43,46.39,79.7,57.27,22.0,42.05,92.2,74.0,79.65,57.31,83.76,82.61,65.12,43.86,94.02,24.33,57.72,69.57,82.37,108.24,99.46,58.14,85.04,118.41,73.24,80.72,94.87,0.0,68.12,35.34,92.46,50.48,72.01,49.24,65.3,42.06
38,36.5,10.2,52.8,27.2,50.0,42.19,38.47,34.0,20.1,18.0,39.7,38.47,72.11,29.12,53.25,34.53,32.56,26.91,18.97,24.74,18.11,61.77,8.94,63.15,59.4,52.0,58.14,26.08,20.4,44.41,47.54,50.0,20.4,50.48,18.87,12.81,27.86,68.12,0.0,62.3,24.41,18.87,18.38,25.0,2.83,33.24
39,77.1,72.42,85.7,75.03,35.74,82.57,78.57,75.66,42.95,79.56,34.48,25.24,44.91,67.48,18.03,54.82,74.25,54.45,65.22,65.12,71.87,50.25,64.13,8.54,64.29,48.01,24.02,50.25,68.01,91.22,76.01,78.19,82.57,106.83,75.66,74.46,82.93,35.34,62.3,0.0,83.24,44.15,56.61,37.34,59.77,29.12
40,25.61,18.44,68.47,42.05,62.29,56.57,26.91,50.04,40.5,20.4,64.03,58.14,82.1,48.37,76.58,57.58,23.32,34.06,20.1,44.72,12.17,68.73,29.73,82.46,60.17,76.03,73.76,36.5,18.0,25.3,40.0,68.0,17.09,26.08,30.07,12.65,7.21,92.46,24.41,83.24,0.0,42.43,27.89,46.62,27.2,55.22
41,47.07,28.64,53.74,34.18,40.0,46.04,49.03,37.74,8.94,35.44,22.36,22.36,62.13,30.0,34.41,26.0,43.17,28.28,29.73,26.08,33.29,55.17,20.1,46.04,58.14,38.21,44.27,24.74,32.31,58.31,54.04,48.41,38.63,68.12,32.0,31.62,44.41,50.48,18.87,44.15,42.43,0.0,23.19,8.54,16.12,15.13
42,24.04,25.5,70.33,45.45,35.01,60.22,25.96,51.87,16.55,33.62,44.92,31.4,56.09,46.07,53.01,47.52,20.25,8.6,8.6,41.59,15.81,44.38,27.02,55.01,41.01,61.4,45.89,9.06,11.4,36.36,31.4,66.71,34.21,50.22,37.01,23.54,26.42,72.01,18.38,56.61,27.89,23.19,0.0,22.83,18.6,30.81
43,46.62,35.17,61.62,42.72,31.89,54.38,48.47,46.14,6.4,42.58,23.09,14.04,53.82,38.28,30.48,32.45,42.95,25.32,30.81,34.48,36.07,47.63,28.02,38.33,52.2,41.19,35.74,21.1,33.6,59.17,51.35,55.9,45.35,71.45,40.11,37.16,47.38,49.24,25.0,37.34,46.62,8.54,22.83,0.0,22.56,8.6
44,38.21,12.65,51.88,26.91,48.7,41.62,40.2,33.29,18.0,20.1,36.88,36.22,70.94,27.86,50.48,32.25,34.23,26.91,20.4,23.41,20.4,61.06,8.49,60.83,59.46,49.4,56.32,25.61,22.09,46.69,48.7,48.7,22.8,53.25,19.7,15.62,30.46,65.3,2.83,59.77,27.2,16.12,18.6,22.56,0.0,30.68
45,54.12,43.32,64.07,48.05,31.06,58.18,55.9,50.33,14.87,50.45,18.68,9.22,51.62,42.15,22.2,33.3,50.61,31.95,39.05,38.9,44.6,47.89,35.23,31.0,55.11,37.64,31.38,27.51,41.87,67.12,57.49,57.63,53.45,79.98,47.04,45.62,55.9,42.06,33.24,29.12,55.22,15.13,30.81,8.6,30.68,0.0
