vehicles
vehicle_idx, capacity, cost_per_unit_distance
1,100,1
2,100,1
3,100,1
4,100,1
5,100,1
depot
node_idx,x,y
0,42,68
home delivery customers
node_idx,x,y,service_time,demand
1,28,64,15,23
2,77,39,15,14
3,32,33,15,13
4,32,8,15,8
5,42,92,15,18
6,82,17,15,18
7,48,13,15,20
8,53,82,15,5
9,54,52,15,18
10,73,3,15,24
11,58,97,15,14
12,23,43,15,8
13,68,98,15,10
14,52,72,15,14
15,32,88,15,13
16,39,7,15,14
17,17,8,15,2
18,38,7,15,23
19,82,67,15,8
20,42,7,15,20
self pickup customers
node_idx,x,y,service_time,demand,locker_idxs
21,77,97,15,5,39-37-35
22,7,14,15,10,36-38
23,7,24,15,23,36-38
24,67,98,15,9,39-37-35
25,72,43,15,10,33-38-35
26,59,77,15,13,37-39-35
27,58,74,15,15,39-37-35
28,68,82,15,24,39-35-37
29,7,48,15,3,35
flexible customers
node_idx,x,y,service_time,demand,locker_idxs
30,8,3,15,19,36
31,39,27,15,9,36-38
32,47,62,15,19,37-34-35-38
lockers
node_idx,x,y,service_time,capacity,cost_per_unit_good
33,93,12,10,88,100
34,22,88,10,92,100
35,55,69,10,80,100
36,40,9,10,73,100
37,53,87,10,70,100
38,42,28,10,85,100
39,93,76,10,71,100
mrt lines
start_node_idx,end_node_idx,freight_capacity,cost_per_unit_good
33,34,92,1
34,33,92,1
distance matrix
,0,1,2,3,4,5,6,7,8,9,10,11,12,13,14,15,16,17,18,19,20,21,22,23,24,25,26,27,28,29,30,31,32,33,34,35,36,37,38,39,
0,0.0,14.56,45.45,36.4,60.83,24.0,64.82,55.33,17.8,20.0,72.01,33.12,31.4,39.7,10.77,22.36,61.07,65.0,61.13,40.01,61.0,45.45,64.35,56.22,39.05,39.05,19.24,17.09,29.53,40.31,73.36,41.11,7.81,75.74,28.28,13.04,59.03,21.95,40.0,51.62
1,14.56,0.0,55.01,31.26,56.14,31.3,71.59,54.78,30.81,28.64,75.8,44.6,21.59,52.5,25.3,24.33,58.05,57.07,57.87,54.08,58.69,59.08,54.23,45.18,51.74,48.75,33.62,31.62,43.86,26.4,64.2,38.6,19.1,83.24,24.74,27.46,56.29,33.97,38.63,66.1
2,45.45,55.01,0.0,45.4,54.64,63.51,22.56,38.95,49.24,26.42,36.22,61.03,54.15,59.68,41.4,66.53,49.68,67.54,50.45,28.44,47.42,58.0,74.33,71.59,59.84,6.4,42.05,39.82,43.93,70.58,77.83,39.85,37.8,31.38,73.66,37.2,47.63,53.67,36.69,40.31
3,36.4,31.26,45.4,0.0,25.0,59.84,52.5,25.61,53.31,29.07,50.8,69.08,13.45,74.3,43.83,55.0,26.93,29.15,26.68,60.46,27.86,78.24,31.4,26.57,73.82,41.23,51.62,48.55,60.8,29.15,38.42,9.22,32.65,64.51,55.9,42.72,25.3,57.94,11.18,74.63
4,60.83,56.14,54.64,25.0,0.0,84.59,50.8,16.76,76.92,49.19,41.3,92.72,36.14,96.93,67.05,80.0,7.07,15.0,6.08,77.34,10.05,99.73,25.71,29.68,96.57,53.15,74.09,70.94,82.29,47.17,24.52,20.25,56.04,61.13,80.62,65.19,8.06,81.74,22.36,91.35
5,24.0,31.3,63.51,59.84,84.59,0.0,85.0,79.23,14.87,41.76,94.24,16.76,52.55,26.68,22.36,10.77,85.05,87.64,85.09,47.17,85.0,35.36,85.49,76.48,25.71,57.45,22.67,24.08,27.86,56.22,95.27,65.07,30.41,94.87,20.4,26.42,83.02,12.08,64.0,53.45
6,64.82,71.59,22.56,52.5,50.8,85.0,0.0,34.23,71.18,44.82,16.64,83.52,64.47,82.2,62.65,86.84,44.15,65.62,45.12,50.0,41.23,80.16,75.06,75.33,82.38,27.86,64.26,61.85,66.49,81.15,75.31,44.15,57.01,12.08,92.96,58.59,42.76,75.77,41.48,60.02
7,55.33,54.78,38.95,25.61,16.76,79.23,34.23,0.0,69.18,39.46,26.93,84.59,39.05,87.32,59.14,76.69,10.82,31.4,11.66,63.81,8.49,88.87,41.01,42.45,87.1,38.42,64.94,61.81,71.84,53.91,41.23,16.64,49.01,45.01,79.38,56.44,8.94,74.17,16.16,77.42
8,17.8,30.81,49.24,53.31,76.92,14.87,71.18,69.18,0.0,30.02,81.49,15.81,49.2,21.93,10.05,21.84,76.3,82.29,76.49,32.65,75.8,28.3,82.1,74.03,21.26,43.38,7.81,9.43,15.0,57.2,90.92,56.75,20.88,80.62,31.58,13.15,74.15,5.0,55.11,40.45
9,20.0,28.64,26.42,29.07,49.19,41.76,44.82,39.46,30.02,0.0,52.55,45.18,32.28,48.08,20.1,42.19,47.43,57.49,47.76,31.76,46.57,50.54,60.44,54.71,47.8,20.12,25.5,22.36,33.11,47.17,67.21,29.15,12.21,55.87,48.17,17.03,45.22,35.01,26.83,45.79
10,72.01,75.8,36.22,50.8,41.3,94.24,16.64,26.93,81.49,52.55,0.0,95.19,64.03,95.13,72.12,94.37,34.23,56.22,35.23,64.63,31.26,94.09,66.91,69.26,95.19,40.01,75.31,72.57,79.16,79.88,65.0,41.62,64.47,21.93,99.13,68.41,33.54,86.35,39.82,75.69
11,33.12,44.6,61.03,69.08,92.72,16.76,83.52,84.59,15.81,45.18,95.19,0.0,64.35,10.05,25.71,27.51,91.98,97.99,92.2,38.42,91.41,19.0,97.42,89.05,9.06,55.79,20.02,23.0,18.03,70.72,106.47,72.53,36.69,91.92,37.11,28.16,89.82,11.18,70.83,40.82
12,31.4,21.59,54.15,13.45,36.14,52.55,64.47,39.05,49.2,32.28,64.03,64.35,0.0,71.06,41.01,45.89,39.4,35.51,39.0,63.69,40.71,76.37,33.12,24.84,70.43,49.0,49.52,46.75,59.55,16.76,42.72,22.63,30.61,76.56,45.01,41.23,38.01,53.25,24.21,77.39
13,39.7,52.5,59.68,74.3,96.93,26.68,82.2,87.32,21.93,48.08,95.13,10.05,71.06,0.0,30.53,37.36,95.51,103.45,95.82,34.01,94.64,9.06,103.81,95.9,1.0,55.15,22.85,26.0,16.0,78.87,112.36,76.69,41.68,89.56,47.07,31.78,93.3,18.6,74.67,33.3
14,10.77,25.3,41.4,43.83,67.05,22.36,62.65,59.14,10.05,20.1,72.12,25.71,41.01,30.53,0.0,25.61,66.29,72.95,66.49,30.41,65.76,35.36,73.41,65.8,30.02,35.23,8.6,6.32,18.87,51.0,81.84,46.84,11.18,72.67,34.0,4.24,64.13,15.03,45.12,41.19
15,22.36,24.33,66.53,55.0,80.0,10.77,86.84,76.69,21.84,42.19,94.37,27.51,45.89,37.36,25.61,0.0,81.3,81.39,81.22,54.23,81.61,45.89,78.11,68.71,36.4,60.21,29.15,29.53,36.5,47.17,88.32,61.4,30.02,97.45,10.0,29.83,79.4,21.02,60.83,62.17
16,61.07,58.05,49.68,26.93,7.07,85.05,44.15,10.82,76.3,47.43,34.23,91.98,39.4,95.51,66.29,81.3,0.0,22.02,1.0,73.82,3.0,97.69,32.76,36.24,95.21,48.84,72.8,69.64,80.41,52.01,31.26,20.0,55.58,54.23,82.76,64.03,2.24,81.22,21.21,87.62
17,65.0,57.07,67.54,29.15,15.0,87.64,65.62,31.4,82.29,57.49,56.22,97.99,35.51,103.45,72.95,81.39,22.02,0.0,21.02,87.78,25.02,107.34,11.66,18.87,102.96,65.19,80.78,77.7,89.87,41.23,10.3,29.07,61.77,76.11,80.16,71.87,23.02,86.82,32.02,101.98
18,61.13,57.87,50.45,26.68,6.08,85.09,45.12,11.66,76.49,47.76,35.23,92.2,39.0,95.82,66.49,81.22,1.0,21.02,0.0,74.4,4.0,98.09,31.78,35.36,95.51,49.52,73.08,69.92,80.78,51.4,30.27,20.02,55.73,55.23,82.57,64.29,2.83,81.39,21.38,88.24
19,40.01,54.08,28.44,60.46,77.34,47.17,50.0,63.81,32.65,31.76,64.63,38.42,63.69,34.01,30.41,54.23,73.82,87.78,74.4,0.0,72.11,30.41,91.84,86.45,34.44,26.0,25.08,25.0,20.52,77.37,97.84,58.73,35.36,56.09,63.57,27.07,71.61,35.23,55.87,14.21
20,61.0,58.69,47.42,27.86,10.05,85.0,41.23,8.49,75.8,46.57,31.26,91.41,40.71,94.64,65.76,81.61,3.0,25.02,4.0,72.11,0.0,96.57,35.69,38.91,94.37,46.86,72.03,68.88,79.38,53.91,34.23,20.22,55.23,51.24,83.43,63.35,2.83,80.75,21.0,85.8
21,45.45,59.08,58.0,78.24,99.73,35.36,80.16,88.87,28.3,50.54,94.09,19.0,76.37,9.06,35.36,45.89,97.69,107.34,98.09,30.41,96.57,0.0,108.58,101.14,10.05,54.23,26.91,29.83,17.49,85.45,116.61,79.65,46.1,86.49,55.73,35.61,95.46,26.0,77.37,26.4
22,64.35,54.23,74.33,31.4,25.71,85.49,75.06,41.01,82.1,60.44,66.91,97.42,33.12,103.81,73.41,78.11,32.76,11.66,31.78,91.84,35.69,108.58,0.0,10.0,103.23,71.18,81.69,78.75,91.35,34.0,11.05,34.54,62.48,86.02,75.5,73.0,33.38,86.28,37.7,106.02
23,56.22,45.18,71.59,26.57,29.68,76.48,75.33,42.45,74.03,54.71,69.26,89.05,24.84,95.9,65.8,68.71,36.24,18.87,35.36,86.45,38.91,101.14,10.0,0.0,95.27,67.72,74.25,71.42,84.17,24.0,21.02,32.14,55.17,86.83,65.73,65.8,36.25,78.01,35.23,100.5
24,39.05,51.74,59.84,73.82,96.57,25.71,82.38,87.1,21.26,47.8,95.19,9.06,70.43,1.0,30.02,36.4,95.21,102.96,95.51,34.44,94.37,10.05,103.23,95.27,0.0,55.23,22.47,25.63,16.03,78.1,111.83,76.32,41.18,89.84,46.1,31.38,93.01,17.8,74.33,34.06
25,39.05,48.75,6.4,41.23,53.15,57.45,27.86,38.42,43.38,20.12,40.01,55.79,49.0,55.15,35.23,60.21,48.84,65.19,49.52,26.0,46.86,54.23,71.18,67.72,55.23,0.0,36.4,34.01,39.2,65.19,75.47,36.67,31.4,37.44,67.27,31.06,46.69,47.93,33.54,39.12
26,19.24,33.62,42.05,51.62,74.09,22.67,64.26,64.94,7.81,25.5,75.31,20.02,49.52,22.85,8.6,29.15,72.8,80.78,73.08,25.08,72.03,26.91,81.69,74.25,22.47,36.4,0.0,3.16,10.3,59.54,89.87,53.85,19.21,73.36,38.6,8.94,70.6,11.66,51.87,34.01
27,17.09,31.62,39.82,48.55,70.94,24.08,61.85,61.81,9.43,22.36,72.57,23.0,46.75,26.0,6.32,29.53,69.64,77.7,69.92,25.0,68.88,29.83,78.75,71.42,25.63,34.01,3.16,0.0,12.81,57.25,86.84,50.7,16.28,71.2,38.63,5.83,67.45,13.93,48.7,35.06
28,29.53,43.86,43.93,60.8,82.29,27.86,66.49,71.84,15.0,33.11,79.16,18.03,59.55,16.0,18.87,36.5,80.41,89.87,80.78,20.52,79.38,17.49,91.35,84.17,16.03,39.2,10.3,12.81,0.0,69.84,99.2,62.18,29.0,74.33,46.39,18.38,78.19,15.81,59.93,25.71
29,40.31,26.4,70.58,29.15,47.17,56.22,81.15,53.91,57.2,47.17,79.88,70.72,16.76,78.87,51.0,47.17,52.01,41.23,51.4,77.37,53.91,85.45,34.0,24.0,78.1,65.19,59.54,57.25,69.84,0.0,45.01,38.28,42.38,93.23,42.72,52.39,51.09,60.31,40.31,90.44
30,73.36,64.2,77.83,38.42,24.52,95.27,75.31,41.23,90.92,67.21,65.0,106.47,42.72,112.36,81.84,88.32,31.26,10.3,30.27,97.84,34.23,116.61,11.05,21.02,111.83,75.47,89.87,86.84,99.2,45.01,0.0,39.2,70.72,85.48,86.15,81.02,32.56,95.29,42.2,112.04
31,41.11,38.6,39.85,9.22,20.25,65.07,44.15,16.64,56.75,29.15,41.62,72.53,22.63,76.69,46.84,61.4,20.0,29.07,20.02,58.73,20.22,79.65,34.54,32.14,76.32,36.67,53.85,50.7,62.18,38.28,39.2,0.0,35.9,56.04,63.32,44.94,18.03,61.61,3.16,72.92
32,7.81,19.1,37.8,32.65,56.04,30.41,57.01,49.01,20.88,12.21,64.47,36.69,30.61,41.68,11.18,30.02,55.58,61.77,55.73,35.36,55.23,46.1,62.48,55.17,41.18,31.4,19.21,16.28,29.0,42.38,70.72,35.9,0.0,67.94,36.07,10.63,53.46,25.71,34.37,48.08
33,75.74,83.24,31.38,64.51,61.13,94.87,12.08,45.01,80.62,55.87,21.93,91.92,76.56,89.56,72.67,97.45,54.23,76.11,55.23,56.09,51.24,86.49,86.02,86.83,89.84,37.44,73.36,71.2,74.33,93.23,85.48,56.04,67.94,0.0,104.0,68.51,53.08,85.0,53.45,64.0
34,28.28,24.74,73.66,55.9,80.62,20.4,92.96,79.38,31.58,48.17,99.13,37.11,45.01,47.07,34.0,10.0,82.76,80.16,82.57,63.57,83.43,55.73,75.5,65.73,46.1,67.27,38.6,38.63,46.39,42.72,86.15,63.32,36.07,104.0,0.0,38.08,81.02,31.02,63.25,72.01
35,13.04,27.46,37.2,42.72,65.19,26.42,58.59,56.44,13.15,17.03,68.41,28.16,41.23,31.78,4.24,29.83,64.03,71.87,64.29,27.07,63.35,35.61,73.0,65.8,31.38,31.06,8.94,5.83,18.38,52.39,81.02,44.94,10.63,68.51,38.08,0.0,61.85,18.11,43.01,38.64
36,59.03,56.29,47.63,25.3,8.06,83.02,42.76,8.94,74.15,45.22,33.54,89.82,38.01,93.3,64.13,79.4,2.24,23.02,2.83,71.61,2.83,95.46,33.38,36.25,93.01,46.69,70.6,67.45,78.19,51.09,32.56,18.03,53.46,53.08,81.02,61.85,0.0,79.08,19.1,85.43
37,21.95,33.97,53.67,57.94,81.74,12.08,75.77,74.17,5.0,35.01,86.35,11.18,53.25,18.6,15.03,21.02,81.22,86.82,81.39,35.23,80.75,26.0,86.28,78.01,17.8,47.93,11.66,13.93,15.81,60.31,95.29,61.61,25.71,85.0,31.02,18.11,79.08,0.0,60.02,41.48
38,40.0,38.63,36.69,11.18,22.36,64.0,41.48,16.16,55.11,26.83,39.82,70.83,24.21,74.67,45.12,60.83,21.21,32.02,21.38,55.87,21.0,77.37,37.7,35.23,74.33,33.54,51.87,48.7,59.93,40.31,42.2,3.16,34.37,53.45,63.25,43.01,19.1,60.02,0.0,70.04
39,51.62,66.1,40.31,74.63,91.35,53.45,60.02,77.42,40.45,45.79,75.69,40.82,77.39,33.3,41.19,62.17,87.62,101.98,88.24,14.21,85.8,26.4,106.02,100.5,34.06,39.12,34.01,35.06,25.71,90.44,112.04,72.92,48.08,64.0,72.01,38.64,85.43,41.48,70.04,0.0
