set K:= 1	2	3	4	5;
set C_H:= 1	2	3	4	5	6	7	8	9	10	11	12	13	14	15	16	17	18	19	20	21	22	23;
set C_S:= 24	25	26	27	28	29	30	31	32	33	34;
set C_F:= 35	36	37;
set M:= 38	39	40	41;
set L_B:= 42	43	44	45	46;
set A1:=
(0,*) 1 2 3 4 5 6 7 8 9 10 11 12 13 14 15 16 17 18 19 20 21 22 23 35 36 37 38 39 40 41 42 43 44 45 46
(1,*) 0 2 3 4 5 6 7 8 9 10 11 12 13 14 15 16 17 18 19 20 21 22 23 35 36 37 38 39 40 41 42 43 44 45 46
(2,*) 0 1 3 4 5 6 7 8 9 10 11 12 13 14 15 16 17 18 19 20 21 22 23 35 36 37 38 39 40 41 42 43 44 45 46
(3,*) 0 1 2 4 5 6 7 8 9 10 11 12 13 14 15 16 17 18 19 20 21 22 23 35 36 37 38 39 40 41 42 43 44 45 46
(4,*) 0 1 2 3 5 6 7 8 9 10 11 12 13 14 15 16 17 18 19 20 21 22 23 35 36 37 38 39 40 41 42 43 44 45 46
(5,*) 0 1 2 3 4 6 7 8 9 10 11 12 13 14 15 16 17 18 19 20 21 22 23 35 36 37 38 39 40 41 42 43 44 45 46
(6,*) 0 1 2 3 4 5 7 8 9 10 11 12 13 14 15 16 17 18 19 20 21 22 23 35 36 37 38 39 40 41 42 43 44 45 46
(7,*) 0 1 2 3 4 5 6 8 9 10 11 12 13 14 15 16 17 18 19 20 21 22 23 35 36 37 38 39 40 41 42 43 44 45 46
(8,*) 0 1 2 3 4 5 6 7 9 10 11 12 13 14 15 16 17 18 19 20 21 22 23 35 36 37 38 39 40 41 42 43 44 45 46
(9,*) 0 1 2 3 4 5 6 7 8 10 11 12 13 14 15 16 17 18 19 20 21 22 23 35 36 37 38 39 40 41 42 43 44 45 46
(10,*) 0 1 2 3 4 5 6 7 8 9 11 12 13 14 15 16 17 18 19 20 21 22 23 35 36 37 38 39 40 41 42 43 44 45 46
(11,*) 0 1 2 3 4 5 6 7 8 9 10 12 13 14 15 16 17 18 19 20 21 22 23 35 36 37 38 39 40 41 42 43 44 45 46
(12,*) 0 1 2 3 4 5 6 7 8 9 10 11 13 14 15 16 17 18 19 20 21 22 23 35 36 37 38 39 40 41 42 43 44 45 46
(13,*) 0 1 2 3 4 5 6 7 8 9 10 11 12 14 15 16 17 18 19 20 21 22 23 35 36 37 38 39 40 41 42 43 44 45 46
(14,*) 0 1 2 3 4 5 6 7 8 9 10 11 12 13 15 16 17 18 19 20 21 22 23 35 36 37 38 39 40 41 42 43 44 45 46
(15,*) 0 1 2 3 4 5 6 7 8 9 10 11 12 13 14 16 17 18 19 20 21 22 23 35 36 37 38 39 40 41 42 43 44 45 46
(16,*) 0 1 2 3 4 5 6 7 8 9 10 11 12 13 14 15 17 18 19 20 21 22 23 35 36 37 38 39 40 41 42 43 44 45 46
(17,*) 0 1 2 3 4 5 6 7 8 9 10 11 12 13 14 15 16 18 19 20 21 22 23 35 36 37 38 39 40 41 42 43 44 45 46
(18,*) 0 1 2 3 4 5 6 7 8 9 10 11 12 13 14 15 16 17 19 20 21 22 23 35 36 37 38 39 40 41 42 43 44 45 46
(19,*) 0 1 2 3 4 5 6 7 8 9 10 11 12 13 14 15 16 17 18 20 21 22 23 35 36 37 38 39 40 41 42 43 44 45 46
(20,*) 0 1 2 3 4 5 6 7 8 9 10 11 12 13 14 15 16 17 18 19 21 22 23 35 36 37 38 39 40 41 42 43 44 45 46
(21,*) 0 1 2 3 4 5 6 7 8 9 10 11 12 13 14 15 16 17 18 19 20 22 23 35 36 37 38 39 40 41 42 43 44 45 46
(22,*) 0 1 2 3 4 5 6 7 8 9 10 11 12 13 14 15 16 17 18 19 20 21 23 35 36 37 38 39 40 41 42 43 44 45 46
(23,*) 0 1 2 3 4 5 6 7 8 9 10 11 12 13 14 15 16 17 18 19 20 21 22 35 36 37 38 39 40 41 42 43 44 45 46
(35,*) 0 1 2 3 4 5 6 7 8 9 10 11 12 13 14 15 16 17 18 19 20 21 22 23 36 37 38 39 40 41 42 43 44 45 46
(36,*) 0 1 2 3 4 5 6 7 8 9 10 11 12 13 14 15 16 17 18 19 20 21 22 23 35 37 38 39 40 41 42 43 44 45 46
(37,*) 0 1 2 3 4 5 6 7 8 9 10 11 12 13 14 15 16 17 18 19 20 21 22 23 35 36 38 39 40 41 42 43 44 45 46
(38,*) 0 1 2 3 4 5 6 7 8 9 10 11 12 13 14 15 16 17 18 19 20 21 22 23 35 36 37 39 40 41 42 43 44 45 46
(39,*) 0 1 2 3 4 5 6 7 8 9 10 11 12 13 14 15 16 17 18 19 20 21 22 23 35 36 37 38 40 41 42 43 44 45 46
(40,*) 0 1 2 3 4 5 6 7 8 9 10 11 12 13 14 15 16 17 18 19 20 21 22 23 35 36 37 38 39 41 42 43 44 45 46
(41,*) 0 1 2 3 4 5 6 7 8 9 10 11 12 13 14 15 16 17 18 19 20 21 22 23 35 36 37 38 39 40 42 43 44 45 46
(42,*) 0 1 2 3 4 5 6 7 8 9 10 11 12 13 14 15 16 17 18 19 20 21 22 23 35 36 37 38 39 40 41 43 44 45 46
(43,*) 0 1 2 3 4 5 6 7 8 9 10 11 12 13 14 15 16 17 18 19 20 21 22 23 35 36 37 38 39 40 41 42 44 45 46
(44,*) 0 1 2 3 4 5 6 7 8 9 10 11 12 13 14 15 16 17 18 19 20 21 22 23 35 36 37 38 39 40 41 42 43 45 46
(45,*) 0 1 2 3 4 5 6 7 8 9 10 11 12 13 14 15 16 17 18 19 20 21 22 23 35 36 37 38 39 40 41 42 43 44 46
(46,*) 0 1 2 3 4 5 6 7 8 9 10 11 12 13 14 15 16 17 18 19 20 21 22 23 35 36 37 38 39 40 41 42 43 44 45
;
set A2:=
(38,*) 39
(39,*) 38
(40,*) 41
(41,*) 40
;
param BigM:=99999;
param n:= 5;
param d:=
1	5
2	8
3	18
4	12
5	11
6	19
7	8
8	25
9	17
10	13
11	13
12	19
13	5
14	26
15	9
16	21
17	12
18	12
19	4
20	19
21	25
22	24
23	14
24	12
25	12
26	23
27	1
28	5
29	9
30	20
31	7
32	3
33	2
34	13
35	8
36	13
37	14
;
param Q:=100;
param w:=
[38,*] 39 1
[39,*] 38 1
[40,*] 41 1
[41,*] 40 1
;
param V:=
[38,*] 39 87
[39,*] 38 87
[40,*] 41 89
[41,*] 40 89
;
param f:=
38	100
39	100
40	100
41	100
42	100
43	100
44	100
45	100
46	100
;
param e:
	38	39	40	41	42	43	44	45	46:=
24	0	0	0	1	0	0	0	0	0	
25	0	0	0	1	0	0	0	0	0	
26	0	1	1	0	1	1	1	1	1	
27	0	0	0	1	0	1	1	1	1	
28	0	0	1	0	0	0	0	0	0	
29	0	0	0	1	0	0	0	0	0	
30	1	0	0	0	0	0	0	0	0	
31	1	0	0	1	1	1	0	1	0	
32	0	0	0	0	1	0	0	0	0	
33	0	1	1	0	0	1	1	1	1	
34	0	1	0	0	0	0	0	0	1	
35	0	0	1	0	1	1	1	1	1	
36	0	1	0	0	1	1	1	1	1	
37	1	0	0	1	1	0	0	0	0	
;
param p:=
1	1
2	1
3	1
4	1
5	1
;
param G:=
38	72
39	87
40	75
41	89
42	73
43	84
44	100
45	97
46	95
;
param s:=
0	0
1	15
2	15
3	15
4	15
5	15
6	15
7	15
8	15
9	15
10	15
11	15
12	15
13	15
14	15
15	15
16	15
17	15
18	15
19	15
20	15
21	15
22	15
23	15
35	15
36	15
37	15
38	10
39	10
40	10
41	10
42	10
43	10
44	10
45	10
46	10
;
param t:
	0	1	2	3	4	5	6	7	8	9	10	11	12	13	14	15	16	17	18	19	20	21	22	23	24	25	26	27	28	29	30	31	32	33	34	35	36	37	38	39	40	41	42	43	44	45	46:=
0	0.0	16.12	69.86	43.86	43.86	38.47	38.47	30.46	59.09	8.49	42.52	32.56	31.11	32.56	28.28	24.33	53.85	60.83	53.67	35.44	41.62	37.95	41.23	32.06	71.69	75.29	16.12	59.67	26.68	73.59	47.71	42.76	22.36	42.19	55.57	6.32	52.35	48.66	56.36	53.24	25.32	65.12	19.85	24.35	22.56	21.93	31.26
1	16.12	0.0	76.97	58.24	57.2	52.5	36.06	41.04	73.38	10.77	30.53	17.89	44.94	46.04	40.25	32.8	52.15	74.4	67.68	51.42	53.81	47.2	54.04	16.49	80.99	87.73	17.89	67.08	10.77	86.56	60.93	58.86	31.62	38.47	51.42	10.0	58.31	64.78	70.52	49.82	10.82	78.82	33.62	34.66	31.89	33.3	38.59
2	69.86	76.97	0.0	89.29	38.63	87.86	48.08	40.2	99.54	77.2	107.33	78.41	46.39	44.41	88.09	45.61	40.25	38.21	97.41	60.73	34.93	32.25	37.36	81.61	12.17	33.53	59.09	10.2	85.09	36.77	97.02	65.39	88.2	49.68	48.33	73.38	18.87	68.0	98.43	46.07	76.01	40.0	53.08	45.71	47.3	48.51	38.9
3	43.86	58.24	89.29	0.0	50.99	6.0	77.9	53.85	15.23	47.54	72.69	75.89	43.86	45.69	20.1	55.32	90.69	60.13	10.0	28.64	54.41	60.83	51.92	74.73	84.85	76.42	57.69	80.32	67.08	72.69	8.0	26.08	30.07	82.22	94.76	48.7	77.82	27.2	12.53	91.92	68.62	62.51	42.64	52.01	53.15	49.04	60.8
4	43.86	57.2	38.63	50.99	0.0	50.16	48.04	18.44	60.93	52.35	86.28	67.23	12.81	11.31	52.95	27.2	53.14	17.2	58.82	22.36	6.32	18.44	4.0	68.88	34.06	31.62	42.05	30.53	67.68	29.73	58.86	26.83	55.71	52.15	60.17	49.52	31.24	30.0	59.81	57.01	61.72	21.63	24.04	23.77	26.93	24.19	26.02
5	38.47	52.5	87.86	6.0	50.16	0.0	73.54	50.99	20.88	41.76	66.75	70.23	41.76	43.68	14.14	51.61	86.83	60.83	15.23	28.0	52.95	58.31	50.64	68.96	84.21	77.28	52.8	78.59	61.19	73.76	10.0	27.2	24.08	77.79	90.55	43.08	75.39	29.53	18.03	87.78	62.97	63.56	39.12	48.55	49.41	45.49	57.45
6	38.47	36.06	48.08	77.9	48.04	73.54	0.0	30.59	92.46	41.76	63.56	31.3	41.76	41.23	66.03	24.17	16.12	62.51	87.86	57.27	42.0	30.07	44.05	34.93	56.04	70.23	22.36	40.0	40.79	70.88	83.45	65.39	60.83	4.47	17.2	37.95	30.0	70.94	90.14	14.76	30.81	66.75	36.36	28.23	25.94	30.41	22.2
7	30.46	41.04	40.2	53.85	18.44	50.99	30.59	0.0	66.84	38.47	71.22	49.19	11.66	10.77	48.66	8.94	38.83	34.93	63.25	28.43	13.42	8.0	14.56	51.11	41.23	46.86	24.41	30.07	50.99	46.04	60.83	36.06	48.04	34.93	44.72	34.99	24.74	41.18	65.0	41.59	44.1	39.4	13.04	6.4	9.22	8.54	8.54
8	59.09	73.38	99.54	15.23	60.93	20.88	92.46	66.84	0.0	62.64	86.09	91.08	56.04	57.69	34.23	69.31	104.65	66.75	6.0	39.45	65.3	73.24	62.61	89.84	93.68	82.22	72.72	91.24	82.0	78.1	14.14	34.18	44.18	96.83	109.12	63.91	89.89	32.56	3.0	106.22	83.82	68.26	56.59	65.76	67.21	62.94	74.33
9	8.49	10.77	77.2	47.54	52.35	41.76	41.76	38.47	62.64	0.0	34.06	28.64	39.6	41.04	29.53	31.62	57.72	69.31	56.92	43.08	50.0	45.69	49.68	27.2	79.62	83.74	20.1	67.05	20.0	82.07	50.16	50.0	21.26	44.94	58.31	4.0	59.23	55.79	59.77	56.3	21.47	73.59	28.32	32.2	30.08	30.02	38.33
10	42.52	30.53	107.33	72.69	86.28	66.75	63.56	71.22	86.09	34.06	0.0	34.0	73.59	74.97	52.61	63.25	78.92	103.32	80.1	76.16	83.55	77.67	83.45	30.0	111.52	117.46	48.37	97.53	22.8	115.97	72.03	82.29	42.76	64.78	76.11	36.77	88.57	87.73	83.1	75.33	32.76	107.63	62.24	64.82	62.2	63.13	69.12
11	32.56	17.89	78.41	75.89	67.23	70.23	31.3	49.19	91.08	28.64	34.0	0.0	56.32	56.92	58.14	40.25	45.61	84.1	85.44	66.12	62.61	53.25	63.56	4.0	84.85	95.41	25.3	69.43	13.42	95.02	78.79	74.03	49.4	31.62	42.19	27.2	59.67	80.02	88.26	41.59	7.28	88.57	45.89	43.46	40.31	43.32	43.83
12	31.11	44.94	46.39	43.86	12.81	41.76	41.76	11.66	56.04	39.6	73.59	56.32	0.0	2.0	42.05	18.11	50.48	29.73	52.84	16.97	12.17	17.2	10.77	57.58	44.41	44.41	31.05	36.88	55.57	42.52	51.26	24.41	43.68	46.17	56.36	36.88	34.0	29.53	54.38	53.24	50.33	34.06	11.4	14.04	17.0	13.15	20.12
13	32.56	46.04	44.41	45.69	11.31	43.68	41.23	10.77	57.69	41.04	74.97	56.92	2.0	0.0	44.05	18.0	49.4	28.43	54.59	18.44	10.2	15.62	8.94	58.31	42.43	42.8	31.62	34.93	56.6	41.04	53.14	25.61	45.61	45.61	55.46	38.21	32.25	30.53	56.08	52.33	51.08	32.8	12.73	14.04	17.12	13.6	19.31
14	28.28	40.25	88.09	20.1	52.95	14.14	66.03	48.66	34.23	29.53	52.61	58.14	42.05	44.05	0.0	46.82	80.62	66.48	28.28	33.11	54.15	56.57	52.35	56.46	86.37	82.87	44.05	78.23	48.08	79.85	20.88	35.61	10.0	70.0	83.23	31.62	73.35	39.6	31.26	80.71	51.0	69.86	35.69	44.64	44.6	41.48	53.45
15	24.33	32.8	45.61	55.32	27.2	51.61	24.17	8.94	69.31	31.62	63.25	40.25	18.11	18.0	46.82	0.0	35.38	43.86	65.12	33.11	22.36	14.42	23.41	42.19	48.37	55.61	15.62	35.44	42.43	54.92	61.61	41.23	44.41	28.64	40.0	27.86	28.07	46.82	67.18	37.01	35.23	48.33	12.73	4.12	2.24	6.4	7.0
16	53.85	52.15	40.25	90.69	53.14	86.83	16.12	38.83	104.65	57.72	78.92	45.61	50.48	49.4	80.62	35.38	0.0	64.5	100.5	67.2	46.82	34.93	49.4	49.48	50.6	68.47	37.95	34.93	56.32	70.11	96.83	74.89	76.16	14.14	8.25	53.85	26.08	79.92	102.55	5.83	46.27	68.26	48.1	38.9	37.54	41.73	30.61
17	60.83	74.4	38.21	60.13	17.2	60.83	62.51	34.93	66.75	69.31	103.32	84.1	29.73	28.43	66.48	43.86	64.5	0.0	66.12	33.53	21.54	32.56	20.59	85.88	28.84	16.49	59.06	34.0	84.88	13.42	68.12	34.06	70.71	66.27	72.25	66.6	39.29	34.23	66.37	69.18	78.77	4.47	41.11	40.71	43.83	41.34	41.48
18	53.67	67.68	97.41	10.0	58.82	15.23	87.86	63.25	6.0	56.92	80.1	85.44	52.84	54.59	28.28	65.12	100.5	66.12	0.0	36.77	62.77	69.97	60.17	84.12	92.2	82.0	67.68	88.77	76.16	78.03	8.25	32.56	38.21	92.2	104.69	58.31	86.83	32.0	3.0	101.83	78.19	68.0	52.4	61.72	62.97	58.8	70.43
19	35.44	51.42	60.73	28.64	22.36	28.0	57.27	28.43	39.45	43.08	76.16	66.12	16.97	18.44	33.11	33.11	67.2	33.53	36.77	0.0	26.0	34.06	23.41	66.48	56.32	50.0	42.19	52.0	62.1	46.82	36.5	8.25	38.42	61.74	72.72	41.76	50.48	14.14	38.01	69.64	59.3	36.77	21.59	29.07	31.38	26.93	36.62
20	41.62	53.81	34.93	54.41	6.32	52.95	42.0	13.42	65.3	50.0	83.55	62.61	12.17	10.2	54.15	22.36	46.82	21.54	62.77	26.0	0.0	12.17	2.83	64.5	32.25	33.94	37.74	26.0	64.03	32.8	62.1	31.62	55.79	46.04	53.85	46.86	25.46	35.38	63.98	50.7	57.45	26.0	21.95	19.42	22.47	20.52	20.22
21	37.95	47.2	32.25	60.83	18.44	58.31	30.07	8.0	73.24	45.69	77.67	53.25	17.2	15.62	56.57	14.42	34.93	32.56	69.97	34.06	12.17	0.0	14.56	55.61	34.0	42.19	29.73	22.09	56.64	42.05	68.03	41.04	56.04	34.0	41.76	42.05	17.09	45.61	71.56	38.6	48.92	36.88	21.02	13.6	15.65	16.28	9.43
22	41.23	54.04	37.36	51.92	4.0	50.64	44.05	14.56	62.61	49.68	83.45	63.56	10.77	8.94	52.35	23.41	49.4	20.59	60.17	23.41	2.83	14.56	0.0	65.3	34.06	34.06	38.47	28.64	64.4	32.56	59.67	28.84	54.41	48.17	56.32	46.69	28.28	32.56	61.33	53.16	58.18	25.06	21.4	20.12	23.26	20.81	22.02
23	32.06	16.49	81.61	74.73	68.88	68.96	34.93	51.11	89.84	27.2	30.0	4.0	57.58	58.31	56.46	42.19	49.48	85.88	84.12	66.48	64.5	55.61	65.3	0.0	87.73	97.65	26.83	72.47	10.0	97.1	77.25	74.24	47.41	35.44	46.17	26.31	62.8	80.22	86.98	45.54	7.28	90.35	46.84	45.18	42.06	44.78	46.23
24	71.69	80.99	12.17	84.85	34.06	84.21	56.04	41.23	93.68	79.62	111.52	84.85	44.41	42.43	86.37	48.37	50.6	28.84	92.2	56.32	32.25	34.0	34.06	87.73	0.0	21.54	63.25	16.12	90.0	25.06	92.78	59.67	87.86	58.31	58.82	76.03	26.08	61.35	92.89	56.3	81.57	29.73	53.16	47.42	49.65	49.77	42.44
25	75.29	87.73	33.53	76.42	31.62	77.28	70.23	46.86	82.22	83.74	117.46	95.41	44.41	42.8	82.87	55.61	68.47	16.49	82.0	50.0	33.94	42.19	34.06	97.65	21.54	0.0	71.22	34.0	97.84	4.47	84.38	50.36	86.76	73.38	76.66	80.72	42.43	50.0	82.05	73.82	90.8	14.0	55.44	53.15	56.08	54.45	51.62
26	16.12	17.89	59.09	57.69	42.05	52.8	22.36	24.41	72.72	20.1	48.37	25.3	31.05	31.62	44.05	15.62	37.95	59.06	67.68	42.19	37.74	29.73	38.47	26.83	63.25	71.22	0.0	49.19	26.91	70.46	62.48	50.36	38.47	26.08	39.45	16.12	40.5	56.32	70.18	37.12	19.72	63.53	21.02	18.36	15.26	18.03	20.81
27	59.67	67.08	10.2	80.32	30.53	78.59	40.0	30.07	91.24	67.05	97.53	69.43	36.88	34.93	78.23	35.44	34.93	34.0	88.77	52.0	26.0	22.09	28.64	72.47	16.12	34.0	49.19	0.0	75.47	36.22	87.93	57.31	78.1	42.19	43.17	63.25	10.0	60.46	89.96	40.52	66.61	36.77	43.01	35.51	37.11	38.33	28.79
28	26.68	10.77	85.09	67.08	67.68	61.19	40.79	50.99	82.0	20.0	22.8	13.42	55.57	56.6	48.08	42.43	56.32	84.88	76.16	62.1	64.03	56.64	64.4	10.0	90.0	97.84	26.91	75.47	0.0	96.83	68.96	69.43	38.63	42.19	54.04	20.4	66.24	75.31	79.08	53.01	10.05	89.31	44.29	44.69	41.77	43.6	47.63
29	73.59	86.56	36.77	72.69	29.73	73.76	70.88	46.04	78.1	82.07	115.97	95.02	42.52	41.04	79.85	54.92	70.11	13.42	78.03	46.82	32.8	42.05	32.56	97.1	25.06	4.47	70.46	36.22	96.83	0.0	80.62	46.69	84.12	74.22	78.23	79.2	44.05	46.04	78.01	75.33	90.14	10.2	53.76	52.2	55.22	53.26	51.43
30	47.71	60.93	97.02	8.0	58.86	10.0	83.45	60.83	14.14	50.16	72.03	78.79	51.26	53.14	20.88	61.61	96.83	68.12	8.25	36.5	62.1	68.03	59.67	77.25	92.78	84.38	62.48	87.93	68.96	80.62	0.0	34.06	30.59	87.68	100.5	51.88	85.09	34.93	11.18	97.74	71.59	70.46	49.09	58.52	59.41	55.47	67.42
31	42.76	58.86	65.39	26.08	26.83	27.2	65.39	36.06	34.18	50.0	82.29	74.03	24.41	25.61	35.61	41.23	74.89	34.06	32.56	8.25	31.62	41.04	28.84	74.24	59.67	50.36	50.36	57.31	69.43	46.69	34.06	0.0	42.52	69.86	80.62	49.03	56.85	6.0	33.24	77.52	67.12	36.5	29.83	37.16	39.56	35.11	44.42
32	22.36	31.62	88.2	30.07	55.71	24.08	60.83	48.04	44.18	21.26	42.76	49.4	43.68	45.61	10.0	44.41	76.16	70.71	38.21	38.42	55.79	56.04	54.41	47.41	87.86	86.76	38.47	78.1	38.63	84.12	30.59	42.52	0.0	64.5	77.9	24.08	72.11	47.2	41.19	75.59	42.44	74.43	35.13	43.05	42.3	40.01	51.35
33	42.19	38.47	49.68	82.22	52.15	77.79	4.47	34.93	96.83	44.94	64.78	31.62	46.17	45.61	70.0	28.64	14.14	66.27	92.2	61.74	46.04	34.0	48.17	35.44	58.31	73.38	26.08	42.19	42.19	74.22	87.68	69.86	64.5	0.0	13.42	41.23	32.25	75.39	94.49	11.4	32.14	70.46	40.82	32.7	30.41	34.89	26.48
34	55.57	51.42	48.33	94.76	60.17	90.55	17.2	44.72	109.12	58.31	76.11	42.19	56.36	55.46	83.23	40.0	8.25	72.25	104.69	72.72	53.85	41.76	56.32	46.17	58.82	76.66	39.45	43.17	54.04	78.23	100.5	80.62	77.9	13.42	0.0	54.63	34.23	85.88	106.89	3.16	44.1	76.11	52.63	43.83	42.01	46.4	36.24
35	6.32	10.0	73.38	48.7	49.52	43.08	37.95	34.99	63.91	4.0	36.77	27.2	36.88	38.21	31.62	27.86	53.85	66.6	58.31	41.76	46.86	42.05	46.69	26.31	76.03	80.72	16.12	63.25	20.4	79.2	51.88	49.03	24.08	41.23	54.63	0.0	55.32	54.92	61.1	52.55	19.92	70.94	25.5	28.65	26.4	26.63	34.48
36	52.35	58.31	18.87	77.82	31.24	75.39	30.0	24.74	89.89	59.23	88.57	59.67	34.0	32.25	73.35	28.07	26.08	39.29	86.83	50.48	25.46	17.09	28.28	62.8	26.08	42.43	40.5	10.0	66.24	44.05	85.09	56.85	72.11	32.25	34.23	55.32	0.0	60.83	88.32	31.4	57.14	42.76	37.66	29.07	30.02	32.14	21.1
37	48.66	64.78	68.0	27.2	30.0	29.53	70.94	41.18	32.56	55.79	87.73	80.02	29.53	30.53	39.6	46.82	79.92	34.23	32.0	14.14	35.38	45.61	32.56	80.22	61.35	50.0	56.32	60.46	75.31	46.04	34.93	6.0	47.2	75.39	85.88	54.92	60.83	0.0	32.14	82.76	73.11	36.0	35.69	42.72	45.22	40.8	49.65
38	56.36	70.52	98.43	12.53	59.81	18.03	90.14	65.0	3.0	59.77	83.1	88.26	54.38	56.08	31.26	67.18	102.55	66.37	3.0	38.01	63.98	71.56	61.33	86.98	92.89	82.05	70.18	89.96	79.08	78.01	11.18	33.24	41.19	94.49	106.89	61.1	88.32	32.14	0.0	104.0	80.99	68.07	54.45	63.7	65.05	60.83	72.35
39	53.24	49.82	46.07	91.92	57.01	87.78	14.76	41.59	106.22	56.3	75.33	41.59	53.24	52.33	80.71	37.01	5.83	69.18	101.83	69.64	50.7	38.6	53.16	45.54	56.3	73.82	37.12	40.52	53.01	75.33	97.74	77.52	75.59	11.4	3.16	52.55	31.4	82.76	104.0	0.0	43.0	73.06	49.68	40.8	39.05	43.42	33.12
40	25.32	10.82	76.01	68.62	61.72	62.97	30.81	44.1	83.82	21.47	32.76	7.28	50.33	51.08	51.0	35.23	46.27	78.77	78.19	59.3	57.45	48.92	58.18	7.28	81.57	90.8	19.72	66.61	10.05	90.14	71.59	67.12	42.44	32.14	44.1	19.92	57.14	73.11	80.99	43.0	0.0	83.24	39.56	38.08	34.99	37.58	39.62
41	65.12	78.82	40.0	62.51	21.63	63.56	66.75	39.4	68.26	73.59	107.63	88.57	34.06	32.8	69.86	48.33	68.26	4.47	68.0	36.77	26.0	36.88	25.06	90.35	29.73	14.0	63.53	36.77	89.31	10.2	70.46	36.5	74.43	70.46	76.11	70.94	42.76	36.0	68.07	73.06	83.24	0.0	45.45	45.18	48.3	45.79	45.88
42	19.85	33.62	53.08	42.64	24.04	39.12	36.36	13.04	56.59	28.32	62.24	45.89	11.4	12.73	35.69	12.73	48.1	41.11	52.4	21.59	21.95	21.02	21.4	46.84	53.16	55.44	21.02	43.01	44.29	53.76	49.09	29.83	35.13	40.82	52.63	25.5	37.66	35.69	54.45	49.68	39.56	45.45	0.0	9.43	10.63	6.4	18.36
43	24.35	34.66	45.71	52.01	23.77	48.55	28.23	6.4	65.76	32.2	64.82	43.46	14.04	14.04	44.64	4.12	38.9	40.71	61.72	29.07	19.42	13.6	20.12	45.18	47.42	53.15	18.36	35.51	44.69	52.2	58.52	37.16	43.05	32.7	43.83	28.65	29.07	42.72	63.7	40.8	38.08	45.18	9.43	0.0	3.16	3.16	8.94
44	22.56	31.89	47.3	53.15	26.93	49.41	25.94	9.22	67.21	30.08	62.2	40.31	17.0	17.12	44.6	2.24	37.54	43.83	62.97	31.38	22.47	15.65	23.26	42.06	49.65	56.08	15.26	37.11	41.77	55.22	59.41	39.56	42.3	30.41	42.01	26.4	30.02	45.22	65.05	39.05	34.99	48.3	10.63	3.16	0.0	4.47	9.06
45	21.93	33.3	48.51	49.04	24.19	45.49	30.41	8.54	62.94	30.02	63.13	43.32	13.15	13.6	41.48	6.4	41.73	41.34	58.8	26.93	20.52	16.28	20.81	44.78	49.77	54.45	18.03	38.33	43.6	53.26	55.47	35.11	40.01	34.89	46.4	26.63	32.14	40.8	60.83	43.42	37.58	45.79	6.4	3.16	4.47	0.0	12.08
46	31.26	38.59	38.9	60.8	26.02	57.45	22.2	8.54	74.33	38.33	69.12	43.83	20.12	19.31	53.45	7.0	30.61	41.48	70.43	36.62	20.22	9.43	22.02	46.23	42.44	51.62	20.81	28.79	47.63	51.43	67.42	44.42	51.35	26.48	36.24	34.48	21.1	49.65	72.35	33.12	39.62	45.88	18.36	8.94	9.06	12.08	0.0
;
