vehicles
vehicle_idx, capacity, cost_per_unit_distance
1,100,3
2,100,3
3,100,3
4,100,3
5,100,3
depot
node_idx,x,y
0,42,68
home delivery customers
node_idx,x,y,service_time,demand
1,77,97,10,5
2,32,8,10,8
3,82,17,10,18
4,48,13,10,20
5,7,24,10,23
6,72,43,10,10
7,32,88,10,13
8,39,7,10,14
9,17,8,10,2
10,58,74,10,15
11,68,82,10,24
12,7,48,10,3
self pickup customers
node_idx,x,y,service_time,demand,locker_idxs
13,28,64,10,23,39
14,42,92,10,18,33
15,8,3,10,19,34
16,53,82,10,5,35
17,39,27,10,9,38
18,67,98,10,9,33
19,59,77,10,13,39-33
20,23,43,10,8,36
21,47,62,10,19,35-39
22,42,7,10,20,36-38
flexible customers
node_idx,x,y,service_time,demand,locker_idxs
23,77,39,10,14,37
24,32,33,10,13,36-34
25,7,14,10,10,34
26,54,52,10,18,39-35
27,73,3,10,24,36
28,58,97,10,14,33
29,68,98,10,10,33
30,52,72,10,14,39-35
31,38,7,10,23,36-34
32,82,67,10,8,37
lockers
node_idx,x,y,service_time,capacity,cost_per_unit_good
33,65,88,10,88
34,25,15,10,92
35,52,70,10,84
36,30,17,10,92
37,90,57,10,85
38,50,19,10,84
39,47,57,10,100
mrt lines
start_node_idx,end_node_idx,freight_capacity,cost_per_unit_good
distance matrix
,0,1,2,3,4,5,6,7,8,9,10,11,12,13,14,15,16,17,18,19,20,21,22,23,24,25,26,27,28,29,30,31,32,33,34,35,36,37,38,39,
0,0.0,45.45,60.83,64.82,55.33,56.22,39.05,22.36,61.07,65.0,17.09,29.53,40.31,14.56,24.0,73.36,17.8,41.11,39.05,19.24,31.4,7.81,61.0,45.45,36.4,64.35,20.0,72.01,33.12,39.7,10.77,61.13,40.01,30.48,55.66,10.2,52.39,49.24,49.65,12.08
1,45.45,0.0,99.73,80.16,88.87,101.14,54.23,45.89,97.69,107.34,29.83,17.49,85.45,59.08,35.36,116.61,28.3,79.65,10.05,26.91,76.37,46.1,96.57,58.0,78.24,108.58,50.54,94.09,19.0,9.06,35.36,98.09,30.41,15.0,97.1,36.8,92.78,42.06,82.54,50.0
2,60.83,99.73,0.0,50.8,16.76,29.68,53.15,80.0,7.07,15.0,70.94,82.29,47.17,56.14,84.59,24.52,76.92,20.25,96.57,74.09,36.14,56.04,10.05,54.64,25.0,25.71,49.19,41.3,92.72,96.93,67.05,6.08,77.34,86.54,9.9,65.15,9.22,75.93,21.1,51.24
3,64.82,80.16,50.8,0.0,34.23,75.33,27.86,86.84,44.15,65.62,61.85,66.49,81.15,71.59,85.0,75.31,71.18,44.15,82.38,64.26,64.47,57.01,41.23,22.56,52.5,75.06,44.82,16.64,83.52,82.2,62.65,45.12,50.0,73.01,57.04,60.9,52.0,40.79,32.06,53.15
4,55.33,88.87,16.76,34.23,0.0,42.45,38.42,76.69,10.82,31.4,61.81,71.84,53.91,54.78,79.23,41.23,69.18,16.64,87.1,64.94,39.05,49.01,8.49,38.95,25.61,41.01,39.46,26.93,84.59,87.32,59.14,11.66,63.81,76.9,23.09,57.14,18.44,60.83,6.32,44.01
5,56.22,101.14,29.68,75.33,42.45,0.0,67.72,68.71,36.24,18.87,71.42,84.17,24.0,45.18,76.48,21.02,74.03,32.14,95.27,74.25,24.84,55.17,38.91,71.59,26.57,10.0,54.71,69.26,89.05,95.9,65.8,35.36,86.45,86.37,20.12,64.35,24.04,89.32,43.29,51.86
6,39.05,54.23,53.15,27.86,38.42,67.72,0.0,60.21,48.84,65.19,34.01,39.2,65.19,48.75,57.45,75.47,43.38,36.67,55.23,36.4,49.0,31.4,46.86,6.4,41.23,71.18,20.12,40.01,55.79,55.15,35.23,49.52,26.0,45.54,54.71,33.6,49.4,22.8,32.56,28.65
7,22.36,45.89,80.0,86.84,76.69,68.71,60.21,0.0,81.3,81.39,29.53,36.5,47.17,24.33,10.77,88.32,21.84,61.4,36.4,29.15,45.89,30.02,81.61,66.53,55.0,78.11,42.19,94.37,27.51,37.36,25.61,81.22,54.23,33.0,73.33,26.91,71.03,65.76,71.31,34.44
8,61.07,97.69,7.07,44.15,10.82,36.24,48.84,81.3,0.0,22.02,69.64,80.41,52.01,58.05,85.05,31.26,76.3,20.0,95.21,72.8,39.4,55.58,3.0,49.68,26.93,32.76,47.43,34.23,91.98,95.51,66.29,1.0,73.82,85.07,16.12,64.33,13.45,71.42,16.28,50.64
9,65.0,107.34,15.0,65.62,31.4,18.87,65.19,81.39,22.02,0.0,77.7,89.87,41.23,57.07,87.64,10.3,82.29,29.07,102.96,80.78,35.51,61.77,25.02,67.54,29.15,11.66,57.49,56.22,97.99,103.45,72.95,21.02,87.78,93.3,10.63,71.2,15.81,87.92,34.79,57.45
10,17.09,29.83,70.94,61.85,61.81,71.42,34.01,29.53,69.64,77.7,0.0,12.81,57.25,31.62,24.08,86.84,9.43,50.7,25.63,3.16,46.75,16.28,68.88,39.82,48.55,78.75,22.36,72.57,23.0,26.0,6.32,69.92,25.0,15.65,67.6,7.21,63.51,36.24,55.58,20.25
11,29.53,17.49,82.29,66.49,71.84,84.17,39.2,36.5,80.41,89.87,12.81,0.0,69.84,43.86,27.86,99.2,15.0,62.18,16.03,10.3,59.55,29.0,79.38,43.93,60.8,91.35,33.11,79.16,18.03,16.0,18.87,80.78,20.52,6.71,79.61,20.0,75.29,33.3,65.52,32.65
12,40.31,85.45,47.17,81.15,53.91,24.0,65.19,47.17,52.01,41.23,57.25,69.84,0.0,26.4,56.22,45.01,57.2,38.28,78.1,59.54,16.76,42.38,53.91,70.58,29.15,34.0,47.17,79.88,70.72,78.87,51.0,51.4,77.37,70.46,37.59,50.09,38.6,83.49,51.87,41.0
13,14.56,59.08,56.14,71.59,54.78,45.18,48.75,24.33,58.05,57.07,31.62,43.86,26.4,0.0,31.3,64.2,30.81,38.6,51.74,33.62,21.59,19.1,58.69,55.01,31.26,54.23,28.64,75.8,44.6,52.5,25.3,57.87,54.08,44.1,49.09,24.74,47.04,62.39,50.09,20.25
14,24.0,35.36,84.59,85.0,79.23,76.48,57.45,10.77,85.05,87.64,24.08,27.86,56.22,31.3,0.0,95.27,14.87,65.07,25.71,22.67,52.55,30.41,85.0,63.51,59.84,85.49,41.76,94.24,16.76,26.68,22.36,85.09,47.17,23.35,78.85,24.17,75.95,59.41,73.44,35.36
15,73.36,116.61,24.52,75.31,41.23,21.02,75.47,88.32,31.26,10.3,86.84,99.2,45.01,64.2,95.27,0.0,90.92,39.2,111.83,89.87,42.72,70.72,34.23,77.83,38.42,11.05,67.21,65.0,106.47,112.36,81.84,30.27,97.84,102.34,20.81,80.16,26.08,98.18,44.94,66.61
16,17.8,28.3,76.92,71.18,69.18,74.03,43.38,21.84,76.3,82.29,9.43,15.0,57.2,30.81,14.87,90.92,0.0,56.75,21.26,7.81,49.2,20.88,75.8,49.24,53.31,82.1,30.02,81.49,15.81,21.93,10.05,76.49,32.65,13.42,72.62,12.04,68.95,44.65,63.07,25.71
17,41.11,79.65,20.25,44.15,16.64,32.14,36.67,61.4,20.0,29.07,50.7,62.18,38.28,38.6,65.07,39.2,56.75,0.0,76.32,53.85,22.63,35.9,20.22,39.85,9.22,34.54,29.15,41.62,72.53,76.69,46.84,20.02,58.73,66.31,18.44,44.92,13.45,59.17,13.6,31.05
18,39.05,10.05,96.57,82.38,87.1,95.27,55.23,36.4,95.21,102.96,25.63,16.03,78.1,51.74,25.71,111.83,21.26,76.32,0.0,22.47,70.43,41.18,94.37,59.84,73.82,103.23,47.8,95.19,9.06,1.0,30.02,95.51,34.44,10.2,93.02,31.76,89.05,47.01,80.81,45.62
19,19.24,26.91,74.09,64.26,64.94,74.25,36.4,29.15,72.8,80.78,3.16,10.3,59.54,33.62,22.67,89.87,7.81,53.85,22.47,0.0,49.52,19.21,72.03,42.05,51.62,81.69,25.5,75.31,20.02,22.85,8.6,73.08,25.08,12.53,70.71,9.9,66.64,36.89,58.69,23.32
20,31.4,76.37,36.14,64.47,39.05,24.84,49.0,45.89,39.4,35.51,46.75,59.55,16.76,21.59,52.55,42.72,49.2,22.63,70.43,49.52,0.0,30.61,40.71,54.15,13.45,33.12,32.28,64.03,64.35,71.06,41.01,39.0,63.69,61.55,28.07,39.62,26.93,68.45,36.12,27.78
21,7.81,46.1,56.04,57.01,49.01,55.17,31.4,30.02,55.58,61.77,16.28,29.0,42.38,19.1,30.41,70.72,20.88,35.9,41.18,19.21,30.61,0.0,55.23,37.8,32.65,62.48,12.21,64.47,36.69,41.68,11.18,55.73,35.36,31.62,51.89,9.43,48.1,43.29,43.1,5.0
22,61.0,96.57,10.05,41.23,8.49,38.91,46.86,81.61,3.0,25.02,68.88,79.38,53.91,58.69,85.0,34.23,75.8,20.22,94.37,72.03,40.71,55.23,0.0,47.42,27.86,35.69,46.57,31.26,91.41,94.64,65.76,4.0,72.11,84.2,18.79,63.79,15.62,69.31,14.42,50.25
23,45.45,58.0,54.64,22.56,38.95,71.59,6.4,66.53,49.68,67.54,39.82,43.93,70.58,55.01,63.51,77.83,49.24,39.85,59.84,42.05,54.15,37.8,47.42,0.0,45.4,74.33,26.42,36.22,61.03,59.68,41.4,50.45,28.44,50.45,57.27,39.82,51.89,22.2,33.6,34.99
24,36.4,78.24,25.0,52.5,25.61,26.57,41.23,55.0,26.93,29.15,48.55,60.8,29.15,31.26,59.84,38.42,53.31,9.22,73.82,51.62,13.45,32.65,27.86,45.4,0.0,31.4,29.07,50.8,69.08,74.3,43.83,26.68,60.46,64.14,19.31,42.06,16.12,62.77,22.8,28.3
25,64.35,108.58,25.71,75.06,41.01,10.0,71.18,78.11,32.76,11.66,78.75,91.35,34.0,54.23,85.49,11.05,82.1,34.54,103.23,81.69,33.12,62.48,35.69,74.33,31.4,0.0,60.44,66.91,97.42,103.81,73.41,31.78,91.84,94.02,18.03,71.84,23.19,93.48,43.29,58.73
26,20.0,50.54,49.19,44.82,39.46,54.71,20.12,42.19,47.43,57.49,22.36,33.11,47.17,28.64,41.76,67.21,30.02,29.15,47.8,25.5,32.28,12.21,46.57,26.42,29.07,60.44,0.0,52.55,45.18,48.08,20.1,47.76,31.76,37.64,47.01,18.11,42.44,36.35,33.24,8.6
27,72.01,94.09,41.3,16.64,26.93,69.26,40.01,94.37,34.23,56.22,72.57,79.16,79.88,75.8,94.24,65.0,81.49,41.62,95.19,75.31,64.03,64.47,31.26,36.22,50.8,66.91,52.55,0.0,95.19,95.13,72.12,35.23,64.63,85.38,49.48,70.21,45.22,56.61,28.02,59.93
28,33.12,19.0,92.72,83.52,84.59,89.05,55.79,27.51,91.98,97.99,23.0,18.03,70.72,44.6,16.76,106.47,15.81,72.53,9.06,20.02,64.35,36.69,91.41,61.03,69.08,97.42,45.18,95.19,0.0,10.05,25.71,92.2,38.42,11.4,88.39,27.66,84.76,51.22,78.41,41.48
29,39.7,9.06,96.93,82.2,87.32,95.9,55.15,37.36,95.51,103.45,26.0,16.0,78.87,52.5,26.68,112.36,21.93,76.69,1.0,22.85,71.06,41.68,94.64,59.68,74.3,103.81,48.08,95.13,10.05,0.0,30.53,95.82,34.01,10.44,93.48,32.25,89.47,46.53,81.02,46.07
30,10.77,35.36,67.05,62.65,59.14,65.8,35.23,25.61,66.29,72.95,6.32,18.87,51.0,25.3,22.36,81.84,10.05,46.84,30.02,8.6,41.01,11.18,65.76,41.4,43.83,73.41,20.1,72.12,25.71,30.53,0.0,66.49,30.41,20.62,63.07,2.0,59.24,40.85,53.04,15.81
31,61.13,98.09,6.08,45.12,11.66,35.36,49.52,81.22,1.0,21.02,69.92,80.78,51.4,57.87,85.09,30.27,76.49,20.02,95.51,73.08,39.0,55.73,4.0,50.45,26.68,31.78,47.76,35.23,92.2,95.82,66.49,0.0,74.4,85.38,15.26,64.54,12.81,72.14,16.97,50.8
32,40.01,30.41,77.34,50.0,63.81,86.45,26.0,54.23,73.82,87.78,25.0,20.52,77.37,54.08,47.17,97.84,32.65,58.73,34.44,25.08,63.69,35.36,72.11,28.44,60.46,91.84,31.76,64.63,38.42,34.01,30.41,74.4,0.0,27.02,77.16,30.15,72.14,12.81,57.69,36.4
33,30.48,15.0,86.54,73.01,76.9,86.37,45.54,33.0,85.07,93.3,15.65,6.71,70.46,44.1,23.35,102.34,13.42,66.31,10.2,12.53,61.55,31.62,84.2,50.45,64.14,94.02,37.64,85.38,11.4,10.44,20.62,85.38,27.02,0.0,83.24,22.2,79.16,39.82,70.61,35.85
34,55.66,97.1,9.9,57.04,23.09,20.12,54.71,73.33,16.12,10.63,67.6,79.61,37.59,49.09,78.85,20.81,72.62,18.44,93.02,70.71,28.07,51.89,18.79,57.27,19.31,18.03,47.01,49.48,88.39,93.48,63.07,15.26,77.16,83.24,0.0,61.27,5.39,77.39,25.32,47.41
35,10.2,36.8,65.15,60.9,57.14,64.35,33.6,26.91,64.33,71.2,7.21,20.0,50.09,24.74,24.17,80.16,12.04,44.92,31.76,9.9,39.62,9.43,63.79,39.82,42.06,71.84,18.11,70.21,27.66,32.25,2.0,64.54,30.15,22.2,61.27,0.0,57.38,40.16,51.04,13.93
36,52.39,92.78,9.22,52.0,18.44,24.04,49.4,71.03,13.45,15.81,63.51,75.29,38.6,47.04,75.95,26.08,68.95,13.45,89.05,66.64,26.93,48.1,15.62,51.89,16.12,23.19,42.44,45.22,84.76,89.47,59.24,12.81,72.14,79.16,5.39,57.38,0.0,72.11,20.1,43.46
37,49.24,42.06,75.93,40.79,60.83,89.32,22.8,65.76,71.42,87.92,36.24,33.3,83.49,62.39,59.41,98.18,44.65,59.17,47.01,36.89,68.45,43.29,69.31,22.2,62.77,93.48,36.35,56.61,51.22,46.53,40.85,72.14,12.81,39.82,77.39,40.16,72.11,0.0,55.17,43.0
38,49.65,82.54,21.1,32.06,6.32,43.29,32.56,71.31,16.28,34.79,55.58,65.52,51.87,50.09,73.44,44.94,63.07,13.6,80.81,58.69,36.12,43.1,14.42,33.6,22.8,43.29,33.24,28.02,78.41,81.02,53.04,16.97,57.69,70.61,25.32,51.04,20.1,55.17,0.0,38.12
39,12.08,50.0,51.24,53.15,44.01,51.86,28.65,34.44,50.64,57.45,20.25,32.65,41.0,20.25,35.36,66.61,25.71,31.05,45.62,23.32,27.78,5.0,50.25,34.99,28.3,58.73,8.6,59.93,41.48,46.07,15.81,50.8,36.4,35.85,47.41,13.93,43.46,43.0,38.12,0.0
