vehicles
vehicle_idx, capacity, cost_per_unit_distance
1,100,1
2,100,1
3,100,1
4,100,1
5,100,1
6,100,1
depot
node_idx,x,y
0,39,19
home delivery customers
node_idx,x,y,service_time,demand
1,79,19,15,18
2,63,93,15,24
3,33,5,15,3
4,69,17,15,19
5,53,75,15,6
6,1,1,15,6
7,79,73,15,12
8,1,37,15,16
9,41,31,15,72
10,85,93,15,23
11,93,13,15,4
12,83,29,15,11
13,93,49,15,11
14,87,23,15,1
15,31,23,15,22
16,19,97,15,16
17,41,9,15,15
18,83,61,15,7
19,9,7,15,5
20,43,37,15,9
21,71,51,15,11
22,93,55,15,3
23,81,11,15,15
24,7,41,15,2
self pickup customers
node_idx,x,y,service_time,demand,locker_idxs
25,41,79,15,16,40-41-43-49-45-48-50-46-47
26,57,73,15,6,46-48-47-50-40-45-49-43-41
27,59,5,15,18,39-44-46-42
28,23,73,15,7,40-49-45-50-48-46
29,85,45,15,22,39-44-47-50-45
30,49,91,15,23,43-41-40-49-45-50
31,55,43,15,7,44-46-48-50-49-45-47
32,13,13,15,22,42
33,13,61,15,10,40-49-45-50-48-46
34,5,97,15,7,40
35,7,53,15,10,40-49-48-46
flexible customers
node_idx,x,y,service_time,demand,locker_idxs
36,25,31,15,22,42-49-48-45-50-46-47
37,37,27,15,16,42-48-46-49-45-50-44-47
38,45,93,15,9,40-41-43-49-45
lockers
node_idx,x,y,service_time,capacity,cost_per_unit_good
39,93,12,10,96,100
40,22,88,10,71,100
41,65,88,10,86,100
42,25,15,10,100,100
43,77,88,10,71,100
44,72,14,10,70,100
45,48,55,10,95,100
46,43,40,10,99,100
47,60,47,10,87,100
48,41,45,10,90,100
49,45,59,10,74,100
50,48,53,10,85,100
mrt lines
start_node_idx,end_node_idx,freight_capacity,cost_per_unit_good
39,40,96,1
40,39,96,1
41,42,100,1
42,41,100,1
43,44,71,1
44,43,71,1
distance matrix
,0,1,2,3,4,5,6,7,8,9,10,11,12,13,14,15,16,17,18,19,20,21,22,23,24,25,26,27,28,29,30,31,32,33,34,35,36,37,38,39,40,41,42,43,44,45,46,47,48,49,50,
0,0.0,40.0,77.79,15.23,30.07,57.72,42.05,67.2,42.05,12.17,87.13,54.33,45.12,61.77,48.17,8.94,80.52,10.2,60.83,32.31,18.44,45.25,64.9,42.76,38.83,60.03,56.92,24.41,56.32,52.84,72.69,28.84,26.68,49.4,85.09,46.69,18.44,8.25,74.24,54.45,71.06,73.74,14.56,78.77,33.38,37.11,21.38,35.0,26.08,40.45,35.17
1,40.0,0.0,75.71,48.08,10.2,61.74,80.05,54.0,80.05,39.85,74.24,15.23,10.77,33.11,8.94,48.17,98.41,39.29,42.19,71.02,40.25,32.98,38.63,8.25,75.29,71.02,58.31,24.41,77.79,26.68,78.0,33.94,66.27,78.23,107.52,79.62,55.32,42.76,81.44,15.65,89.5,70.41,54.15,69.03,8.6,47.51,41.68,33.84,46.04,52.5,46.01
2,77.79,75.71,0.0,92.97,76.24,20.59,110.94,25.61,83.55,65.79,22.0,85.44,67.05,53.25,74.0,76.97,44.18,86.83,37.74,101.55,59.46,42.76,48.41,83.95,76.42,26.08,20.88,88.09,44.72,52.8,14.14,50.64,94.34,59.36,58.14,68.82,72.72,70.94,18.0,86.38,41.3,5.39,86.76,14.87,79.51,40.85,56.65,46.1,52.8,38.47,42.72
3,15.23,48.08,92.97,0.0,37.95,72.8,32.25,82.1,45.25,27.2,102.22,60.53,55.46,74.4,56.92,18.11,93.06,8.94,75.07,24.08,33.53,59.67,78.1,48.37,44.41,74.43,72.11,26.0,68.73,65.6,87.48,43.91,21.54,59.46,96.17,54.59,27.2,22.36,88.81,60.41,83.73,88.96,12.81,93.94,40.02,52.2,36.4,49.93,40.79,55.32,50.29
4,30.07,10.2,76.24,37.95,0.0,60.17,69.86,56.89,70.88,31.3,77.67,24.33,18.44,40.0,18.97,38.47,94.34,29.12,46.17,60.83,32.8,34.06,44.94,13.42,66.48,68.03,57.27,15.62,72.47,32.25,76.66,29.53,56.14,71.22,102.45,71.69,46.17,33.53,79.7,24.52,85.15,71.11,44.05,71.45,4.24,43.42,34.71,31.32,39.6,48.37,41.68
5,57.72,61.74,20.59,72.8,60.17,0.0,90.44,26.08,64.4,45.61,36.72,73.78,54.92,47.71,62.13,56.46,40.5,67.08,33.11,80.99,39.29,30.0,44.72,69.86,57.2,12.65,4.47,70.26,30.07,43.86,16.49,32.06,73.78,42.38,52.8,50.99,52.15,50.6,19.7,74.63,33.62,17.69,66.21,27.29,63.89,20.62,36.4,28.86,32.31,17.89,22.56
6,42.05,80.05,110.94,32.25,69.86,90.44,0.0,106.15,36.0,50.0,124.58,92.78,86.65,103.77,88.77,37.2,97.67,40.79,101.61,10.0,55.32,86.02,106.68,80.62,40.45,87.66,91.21,58.14,75.29,94.83,102.0,68.41,16.97,61.19,96.08,52.35,38.42,44.41,101.98,92.66,89.5,108.0,27.78,115.52,72.18,71.59,57.31,74.81,59.46,72.8,70.09
7,67.2,54.0,25.61,82.1,56.89,26.08,106.15,0.0,85.91,56.64,20.88,61.61,44.18,27.78,50.64,69.31,64.62,74.43,12.65,96.21,50.91,23.41,22.8,62.03,78.79,38.47,22.0,70.88,56.0,28.64,34.99,38.42,89.2,67.08,77.79,74.73,68.41,62.29,39.45,62.59,58.94,20.52,79.25,15.13,59.41,35.85,48.84,32.2,47.2,36.77,36.89
8,42.05,80.05,83.55,45.25,70.88,64.4,36.0,85.91,0.0,40.45,100.96,95.08,82.39,92.78,87.13,33.11,62.64,48.83,85.44,31.05,42.0,71.39,93.74,84.12,7.21,58.0,66.57,66.24,42.19,84.38,72.25,54.33,26.83,26.83,60.13,17.09,24.74,37.36,71.22,95.34,55.15,81.84,32.56,91.53,74.63,50.33,42.11,59.84,40.79,49.19,49.65
9,12.17,39.85,65.79,27.2,31.3,45.61,50.0,56.64,40.45,0.0,76.03,55.03,42.05,55.03,46.69,12.81,69.57,22.0,51.61,40.0,6.32,36.06,57.27,44.72,35.44,48.0,44.94,31.62,45.69,46.17,60.53,18.44,33.29,41.04,75.18,40.5,16.0,5.66,62.13,55.36,60.08,61.85,22.63,67.42,35.36,25.0,9.22,24.84,14.0,28.28,23.09
10,87.13,74.24,22.0,102.22,77.67,36.72,124.58,20.88,100.96,76.03,0.0,80.4,64.03,44.72,70.03,88.41,66.12,94.83,32.06,114.77,70.0,44.27,38.83,82.1,93.74,46.17,34.41,91.76,65.15,48.0,36.06,58.31,107.63,78.79,80.1,87.66,86.28,81.61,40.0,81.39,63.2,20.62,98.41,9.43,80.06,53.04,67.62,52.35,65.12,52.5,54.49
11,54.33,15.23,85.44,60.53,24.33,73.78,92.78,61.61,95.08,55.03,80.4,0.0,18.87,36.0,11.66,62.8,111.95,52.15,49.03,84.21,55.46,43.91,42.0,12.17,90.44,84.02,69.97,34.93,92.2,32.98,89.55,48.41,80.0,93.3,121.66,94.85,70.34,57.72,93.3,1.0,103.28,80.06,68.03,76.69,21.02,61.55,56.82,47.38,61.06,66.48,60.21
12,45.12,10.77,67.05,55.46,18.44,54.92,86.65,44.18,82.39,42.05,64.03,18.87,0.0,22.36,7.21,52.35,93.38,46.52,32.0,77.2,40.79,25.06,27.86,18.11,76.94,65.3,51.11,33.94,74.4,16.12,70.71,31.3,71.81,76.97,103.48,79.7,58.03,46.04,74.43,19.72,84.86,61.68,59.67,59.3,18.6,43.6,41.48,29.21,44.94,48.41,42.44
13,61.77,33.11,53.25,74.4,40.0,47.71,103.77,27.78,92.78,55.03,44.72,36.0,22.36,0.0,26.68,67.23,88.2,65.6,15.62,93.91,51.42,22.09,6.0,39.85,86.37,60.03,43.27,55.61,74.0,8.94,60.83,38.47,87.73,80.89,100.24,86.09,70.34,60.17,65.12,37.0,81.01,48.01,76.03,42.15,40.82,45.4,50.8,33.06,52.15,49.03,45.18
14,48.17,8.94,74.0,56.92,18.97,62.13,88.77,50.64,87.13,46.69,70.03,11.66,7.21,26.68,0.0,56.0,100.5,48.08,38.21,79.62,46.17,32.25,32.56,13.42,82.0,72.47,58.31,33.29,81.22,22.09,77.9,37.74,74.67,83.19,110.45,85.44,62.51,50.16,81.63,12.53,91.92,68.62,62.51,65.76,17.49,50.45,47.17,36.12,50.99,55.32,49.2
15,8.94,48.17,76.97,18.11,38.47,56.46,37.2,69.31,33.11,12.81,88.41,62.8,52.35,67.23,56.0,0.0,74.97,17.2,64.4,27.2,18.44,48.83,69.77,51.42,30.0,56.89,56.36,33.29,50.64,58.31,70.34,31.24,20.59,42.05,78.43,38.42,10.0,7.21,71.39,62.97,65.62,73.36,10.0,79.63,41.98,36.24,20.81,37.64,24.17,38.63,34.48
16,80.52,98.41,44.18,93.06,94.34,40.5,97.67,64.62,62.64,69.57,66.12,111.95,93.38,88.2,100.5,74.97,0.0,90.71,73.43,90.55,64.62,69.43,85.09,106.02,57.27,28.43,44.94,100.32,24.33,84.02,30.59,64.9,84.21,36.5,14.0,45.61,66.27,72.28,26.31,112.7,9.49,46.87,82.22,58.69,98.48,51.04,61.85,64.66,56.46,46.04,52.7
17,10.2,39.29,86.83,8.94,29.12,67.08,40.79,74.43,48.83,22.0,94.83,52.15,46.52,65.6,48.08,17.2,90.71,0.0,66.84,32.06,28.07,51.61,69.43,40.05,46.69,70.0,65.97,18.44,66.48,56.85,82.39,36.77,28.28,59.06,95.08,55.61,27.2,18.44,84.1,52.09,81.25,82.57,17.09,86.82,31.4,46.53,31.06,42.49,36.0,50.16,44.55
18,60.83,42.19,37.74,75.07,46.17,33.11,101.61,12.65,85.44,51.61,32.06,49.03,32.0,15.62,38.21,64.4,73.43,66.84,0.0,91.61,46.65,15.62,11.66,50.04,78.59,45.69,28.64,60.93,61.19,16.12,45.34,33.29,84.88,70.0,85.91,76.42,65.3,57.2,49.68,50.01,66.71,32.45,74.03,27.66,48.27,35.51,45.18,26.93,44.94,38.05,35.9
19,32.31,71.02,101.55,24.08,60.83,80.99,10.0,96.21,31.05,40.0,114.77,84.21,77.2,93.91,79.62,27.2,90.55,32.06,91.61,0.0,45.34,76.03,96.75,72.11,34.06,78.79,81.61,50.04,67.47,84.97,93.04,58.41,7.21,54.15,90.09,46.04,28.84,34.41,93.23,84.15,82.04,98.47,17.89,105.76,63.39,61.85,47.38,64.82,49.68,63.25,60.31
20,18.44,40.25,59.46,33.53,32.8,39.29,55.32,50.91,42.0,6.32,70.0,55.46,40.79,51.42,46.17,18.44,64.62,28.07,46.65,45.34,0.0,31.3,53.14,46.04,36.22,42.05,38.63,35.78,41.18,42.76,54.33,13.42,38.42,38.42,71.02,39.4,18.97,11.66,56.04,55.9,55.15,55.54,28.43,61.29,37.01,18.68,3.0,19.72,8.25,22.09,16.76
21,45.25,32.98,42.76,59.67,34.06,30.0,86.02,23.41,71.39,36.06,44.27,43.91,25.06,22.09,32.25,48.83,69.43,51.61,15.62,76.03,31.3,0.0,22.36,41.23,64.78,41.04,26.08,47.54,52.8,15.23,45.65,17.89,69.34,58.86,80.45,64.03,50.16,41.62,49.4,44.78,61.4,37.48,58.41,37.48,37.01,23.35,30.08,11.7,30.59,27.2,23.09
22,64.9,38.63,48.41,78.1,44.94,44.72,106.68,22.8,93.74,57.27,38.83,42.0,27.86,6.0,32.56,69.77,85.09,69.43,11.66,96.75,53.14,22.36,0.0,45.61,87.13,57.27,40.25,60.46,72.28,12.81,56.85,39.85,90.35,80.22,97.51,86.02,72.11,62.61,61.22,43.0,78.29,43.28,78.89,36.67,46.07,45.0,52.2,33.96,52.95,48.17,45.04
23,42.76,8.25,83.95,48.37,13.42,69.86,80.62,62.03,84.12,44.72,82.1,12.17,18.11,39.85,13.42,51.42,106.02,40.05,50.04,72.11,46.04,41.23,45.61,0.0,79.85,78.89,66.48,22.8,84.9,34.23,86.16,41.23,68.03,84.4,114.77,85.09,59.46,46.82,89.55,12.04,97.01,78.64,56.14,77.1,9.49,55.0,47.8,41.68,52.5,60.0,53.41
24,38.83,75.29,76.42,44.41,66.48,57.2,40.45,78.79,7.21,35.44,93.74,90.44,76.94,86.37,82.0,30.0,57.27,46.69,78.59,34.06,36.22,64.78,87.13,79.85,0.0,50.99,59.36,63.25,35.78,78.1,65.3,48.04,28.64,20.88,56.04,12.0,20.59,33.11,64.4,90.76,49.34,74.65,31.62,84.31,70.38,43.32,36.01,53.34,34.23,42.05,42.72
25,60.03,71.02,26.08,74.43,68.03,12.65,87.66,38.47,58.0,48.0,46.17,84.02,65.3,60.03,72.47,56.89,28.43,70.0,45.69,78.79,42.05,41.04,57.27,78.89,50.99,0.0,17.09,76.16,18.97,55.61,14.42,38.63,71.69,33.29,40.25,42.8,50.6,52.15,14.56,84.81,21.02,25.63,65.97,37.11,72.01,25.0,39.05,37.22,34.0,20.4,26.93
26,56.92,58.31,20.88,72.11,57.27,4.47,91.21,22.0,66.57,44.94,34.41,69.97,51.11,43.27,58.31,56.36,44.94,65.97,28.64,81.61,38.63,26.08,40.25,66.48,59.36,17.09,0.0,68.03,34.0,39.6,19.7,30.07,74.4,45.61,57.27,53.85,52.8,50.16,23.32,70.83,38.08,17.0,66.24,25.0,60.88,20.12,35.85,26.17,32.25,18.44,21.93
27,24.41,24.41,88.09,26.0,15.62,70.26,58.14,70.88,66.24,31.62,91.76,34.93,33.94,55.61,33.29,33.29,100.32,18.44,60.93,50.04,35.78,47.54,60.46,22.8,63.25,76.16,68.03,0.0,76.94,47.71,86.58,38.21,46.69,72.47,106.68,70.77,42.8,31.11,89.11,34.71,90.87,83.22,35.44,84.93,15.81,51.2,38.48,42.01,43.86,55.79,49.24
28,56.32,77.79,44.72,68.73,72.47,30.07,75.29,56.0,42.19,45.69,65.15,92.2,74.4,74.0,81.22,50.64,24.33,66.48,61.19,67.47,41.18,52.8,72.28,84.9,35.78,18.97,34.0,76.94,0.0,68.03,31.62,43.86,60.83,15.62,30.0,25.61,42.05,48.08,29.73,92.85,15.03,44.6,58.03,56.04,76.69,30.81,38.59,45.22,33.29,26.08,32.02
29,52.84,26.68,52.8,65.6,32.25,43.86,94.83,28.64,84.38,46.17,48.0,32.98,16.12,8.94,22.09,58.31,84.02,56.85,16.12,84.97,42.76,15.23,12.81,34.23,78.1,55.61,39.6,47.71,68.03,0.0,58.41,30.07,78.79,73.76,95.41,78.41,61.61,51.26,62.48,33.96,76.28,47.42,67.08,43.74,33.62,38.33,42.3,25.08,44.0,42.38,37.85
30,72.69,78.0,14.14,87.48,76.66,16.49,102.0,34.99,72.25,60.53,36.06,89.55,70.71,60.83,77.9,70.34,30.59,82.39,45.34,93.04,54.33,45.65,56.85,86.16,65.3,14.42,19.7,86.58,31.62,58.41,0.0,48.37,85.91,46.86,44.41,56.64,64.62,65.12,4.47,90.43,27.17,16.28,79.7,28.16,80.36,36.01,51.35,45.35,46.69,32.25,38.01
31,28.84,33.94,50.64,43.91,29.53,32.06,68.41,38.42,54.33,18.44,58.31,48.41,31.3,38.47,37.74,31.24,64.9,36.77,33.29,58.41,13.42,17.89,39.85,41.23,48.04,38.63,30.07,38.21,43.86,30.07,48.37,0.0,51.61,45.69,73.59,49.03,32.31,24.08,50.99,49.04,55.8,46.1,41.04,50.09,33.62,13.89,12.37,6.4,14.14,18.87,12.21
32,26.68,66.27,94.34,21.54,56.14,73.78,16.97,89.2,26.83,33.29,107.63,80.0,71.81,87.73,74.67,20.59,84.21,28.28,84.88,7.21,38.42,69.34,90.35,68.03,28.64,71.69,74.4,46.69,60.83,78.79,85.91,51.61,0.0,48.0,84.38,40.45,21.63,27.78,86.16,80.01,75.54,91.26,12.17,98.6,59.01,54.67,40.36,58.01,42.52,56.04,53.15
33,49.4,78.23,59.36,59.46,71.22,42.38,61.19,67.08,26.83,41.04,78.79,93.3,76.97,80.89,83.19,42.05,36.5,59.06,70.0,54.15,38.42,58.86,80.22,84.4,20.88,33.29,45.61,72.47,15.62,73.76,46.86,45.69,48.0,0.0,36.88,10.0,32.31,41.62,45.25,93.81,28.46,58.59,47.54,69.46,75.43,35.51,36.62,49.04,32.25,32.06,35.9
34,85.09,107.52,58.14,96.17,102.45,52.8,96.08,77.79,60.13,75.18,80.1,121.66,103.48,100.24,110.45,78.43,14.0,95.08,85.91,90.09,71.02,80.45,97.51,114.77,56.04,40.25,57.27,106.68,30.0,95.41,44.41,73.59,84.38,36.88,0.0,44.05,68.96,76.97,40.2,122.35,19.24,60.67,84.4,72.56,106.67,60.11,68.51,74.33,63.25,55.17,61.52
35,46.69,79.62,68.82,54.59,71.69,50.99,52.35,74.73,17.09,40.5,87.66,94.85,79.7,86.09,85.44,38.42,45.61,55.61,76.42,46.04,39.4,64.03,86.02,85.09,12.0,42.8,53.85,70.77,25.61,78.41,56.64,49.03,40.45,10.0,44.05,0.0,28.43,39.7,55.17,95.27,38.08,67.74,42.05,78.26,75.8,41.05,38.28,53.34,34.93,38.47,41.0
36,18.44,55.32,72.72,27.2,46.17,52.15,38.42,68.41,24.74,16.0,86.28,70.34,58.03,70.34,62.51,10.0,66.27,27.2,65.3,28.84,18.97,50.16,72.11,59.46,20.59,50.6,52.8,42.8,42.05,61.61,64.62,32.31,21.63,32.31,68.96,28.43,0.0,12.65,65.15,70.6,57.08,69.63,16.0,77.16,49.98,33.24,20.12,38.48,21.26,34.41,31.83
37,8.25,42.76,70.94,22.36,33.53,50.6,44.41,62.29,37.36,5.66,81.61,57.72,46.04,60.17,50.16,7.21,72.28,18.44,57.2,34.41,11.66,41.62,62.61,46.82,33.11,52.15,50.16,31.11,48.08,51.26,65.12,24.08,27.78,41.62,76.97,39.7,12.65,0.0,66.48,57.97,62.82,67.12,16.97,72.95,37.34,30.08,14.32,30.48,18.44,32.98,28.23
38,74.24,81.44,18.0,88.81,79.7,19.7,101.98,39.45,71.22,62.13,40.0,93.3,74.43,65.12,81.63,71.39,26.31,84.1,49.68,93.23,56.04,49.4,61.22,89.55,64.4,14.56,23.32,89.11,29.73,62.48,4.47,50.99,86.16,45.25,40.2,55.17,65.15,66.48,0.0,94.15,23.54,20.62,80.52,32.39,83.49,38.12,53.04,48.38,48.17,34.0,40.11
39,54.45,15.65,86.38,60.41,24.52,74.63,92.66,62.59,95.34,55.36,81.39,1.0,19.72,37.0,12.53,62.97,112.7,52.09,50.01,84.15,55.9,44.78,43.0,12.04,90.76,84.81,70.83,34.71,92.85,33.96,90.43,49.04,80.01,93.81,122.35,95.27,70.6,57.97,94.15,0.0,104.0,80.99,68.07,77.67,21.1,62.24,57.31,48.1,61.59,67.18,60.88
40,71.06,89.5,41.3,83.73,85.15,33.62,89.5,58.94,55.15,60.08,63.2,103.28,84.86,81.01,91.92,65.62,9.49,81.25,66.71,82.04,55.15,61.4,78.29,97.01,49.34,21.02,38.08,90.87,15.03,76.28,27.17,55.8,75.54,28.46,19.24,38.08,57.08,62.82,23.54,104.0,0.0,43.0,73.06,55.0,89.31,42.01,52.39,55.9,47.01,37.01,43.6
41,73.74,70.41,5.39,88.96,71.11,17.69,108.0,20.52,81.84,61.85,20.62,80.06,61.68,48.01,68.62,73.36,46.87,82.57,32.45,98.47,55.54,37.48,43.28,78.64,74.65,25.63,17.0,83.22,44.6,47.42,16.28,46.1,91.26,58.59,60.67,67.74,69.63,67.12,20.62,80.99,43.0,0.0,83.24,12.0,74.33,37.12,52.8,41.3,49.24,35.23,38.91
42,14.56,54.15,86.76,12.81,44.05,66.21,27.78,79.25,32.56,22.63,98.41,68.03,59.67,76.03,62.51,10.0,82.22,17.09,74.03,17.89,28.43,58.41,78.89,56.14,31.62,65.97,66.24,35.44,58.03,67.08,79.7,41.04,12.17,47.54,84.4,42.05,16.0,16.97,80.52,68.07,73.06,83.24,0.0,89.63,47.01,46.14,30.81,47.42,34.0,48.33,44.42
43,78.77,69.03,14.87,93.94,71.45,27.29,115.52,15.13,91.53,67.42,9.43,76.69,59.3,42.15,65.76,79.63,58.69,86.82,27.66,105.76,61.29,37.48,36.67,77.1,84.31,37.11,25.0,84.93,56.04,43.74,28.16,50.09,98.6,69.46,72.56,78.26,77.16,72.95,32.39,77.67,55.0,12.0,89.63,0.0,74.17,43.93,58.82,44.38,56.08,43.19,45.45
44,33.38,8.6,79.51,40.02,4.24,63.89,72.18,59.41,74.63,35.36,80.06,21.02,18.6,40.82,17.49,41.98,98.48,31.4,48.27,63.39,37.01,37.01,46.07,9.49,70.38,72.01,60.88,15.81,76.69,33.62,80.36,33.62,59.01,75.43,106.67,75.8,49.98,37.34,83.49,21.1,89.31,74.33,47.01,74.17,0.0,47.51,38.95,35.11,43.84,52.48,45.79
45,37.11,47.51,40.85,52.2,43.42,20.62,71.59,35.85,50.33,25.0,53.04,61.55,43.6,45.4,50.45,36.24,51.04,46.53,35.51,61.85,18.68,23.35,45.0,55.0,43.32,25.0,20.12,51.2,30.81,38.33,36.01,13.89,54.67,35.51,60.11,41.05,33.24,30.08,38.12,62.24,42.01,37.12,46.14,43.93,47.51,0.0,15.81,14.42,12.21,5.0,2.0
46,21.38,41.68,56.65,36.4,34.71,36.4,57.31,48.84,42.11,9.22,67.62,56.82,41.48,50.8,47.17,20.81,61.85,31.06,45.18,47.38,3.0,30.08,52.2,47.8,36.01,39.05,35.85,38.48,38.59,42.3,51.35,12.37,40.36,36.62,68.51,38.28,20.12,14.32,53.04,57.31,52.39,52.8,30.81,58.82,38.95,15.81,0.0,18.38,5.39,19.1,13.93
47,35.0,33.84,46.1,49.93,31.32,28.86,74.81,32.2,59.84,24.84,52.35,47.38,29.21,33.06,36.12,37.64,64.66,42.49,26.93,64.82,19.72,11.7,33.96,41.68,53.34,37.22,26.17,42.01,45.22,25.08,45.35,6.4,58.01,49.04,74.33,53.34,38.48,30.48,48.38,48.1,55.9,41.3,47.42,44.38,35.11,14.42,18.38,0.0,19.1,19.21,13.42
48,26.08,46.04,52.8,40.79,39.6,32.31,59.46,47.2,40.79,14.0,65.12,61.06,44.94,52.15,50.99,24.17,56.46,36.0,44.94,49.68,8.25,30.59,52.95,52.5,34.23,34.0,32.25,43.86,33.29,44.0,46.69,14.14,42.52,32.25,63.25,34.93,21.26,18.44,48.17,61.59,47.01,49.24,34.0,56.08,43.84,12.21,5.39,19.1,0.0,14.56,10.63
49,40.45,52.5,38.47,55.32,48.37,17.89,72.8,36.77,49.19,28.28,52.5,66.48,48.41,49.03,55.32,38.63,46.04,50.16,38.05,63.25,22.09,27.2,48.17,60.0,42.05,20.4,18.44,55.79,26.08,42.38,32.25,18.87,56.04,32.06,55.17,38.47,34.41,32.98,34.0,67.18,37.01,35.23,48.33,43.19,52.48,5.0,19.1,19.21,14.56,0.0,6.71
50,35.17,46.01,42.72,50.29,41.68,22.56,70.09,36.89,49.65,23.09,54.49,60.21,42.44,45.18,49.2,34.48,52.7,44.55,35.9,60.31,16.76,23.09,45.04,53.41,42.72,26.93,21.93,49.24,32.02,37.85,38.01,12.21,53.15,35.9,61.52,41.0,31.83,28.23,40.11,60.88,43.6,38.91,44.42,45.45,45.79,2.0,13.93,13.42,10.63,6.71,0.0
