set K:= 1	2	3	4	5	6;
set C_H:= 1	2	3	4	5	6	7	8	9	10	11	12	13	14	15	16	17	18	19	20;
set C_S:= 21	22	23	24	25	26	27	28	29;
set C_F:= 30	31	32;
set M:= 33	34	35	36	37	38;
set L_B:= 39	40	41	42	43	44;
set A1:=
(0,*) 1 2 3 4 5 6 7 8 9 10 11 12 13 14 15 16 17 18 19 20 30 31 32 33 34 35 36 37 38 39 40 41 42 43 44
(1,*) 0 2 3 4 5 6 7 8 9 10 11 12 13 14 15 16 17 18 19 20 30 31 32 33 34 35 36 37 38 39 40 41 42 43 44
(2,*) 0 1 3 4 5 6 7 8 9 10 11 12 13 14 15 16 17 18 19 20 30 31 32 33 34 35 36 37 38 39 40 41 42 43 44
(3,*) 0 1 2 4 5 6 7 8 9 10 11 12 13 14 15 16 17 18 19 20 30 31 32 33 34 35 36 37 38 39 40 41 42 43 44
(4,*) 0 1 2 3 5 6 7 8 9 10 11 12 13 14 15 16 17 18 19 20 30 31 32 33 34 35 36 37 38 39 40 41 42 43 44
(5,*) 0 1 2 3 4 6 7 8 9 10 11 12 13 14 15 16 17 18 19 20 30 31 32 33 34 35 36 37 38 39 40 41 42 43 44
(6,*) 0 1 2 3 4 5 7 8 9 10 11 12 13 14 15 16 17 18 19 20 30 31 32 33 34 35 36 37 38 39 40 41 42 43 44
(7,*) 0 1 2 3 4 5 6 8 9 10 11 12 13 14 15 16 17 18 19 20 30 31 32 33 34 35 36 37 38 39 40 41 42 43 44
(8,*) 0 1 2 3 4 5 6 7 9 10 11 12 13 14 15 16 17 18 19 20 30 31 32 33 34 35 36 37 38 39 40 41 42 43 44
(9,*) 0 1 2 3 4 5 6 7 8 10 11 12 13 14 15 16 17 18 19 20 30 31 32 33 34 35 36 37 38 39 40 41 42 43 44
(10,*) 0 1 2 3 4 5 6 7 8 9 11 12 13 14 15 16 17 18 19 20 30 31 32 33 34 35 36 37 38 39 40 41 42 43 44
(11,*) 0 1 2 3 4 5 6 7 8 9 10 12 13 14 15 16 17 18 19 20 30 31 32 33 34 35 36 37 38 39 40 41 42 43 44
(12,*) 0 1 2 3 4 5 6 7 8 9 10 11 13 14 15 16 17 18 19 20 30 31 32 33 34 35 36 37 38 39 40 41 42 43 44
(13,*) 0 1 2 3 4 5 6 7 8 9 10 11 12 14 15 16 17 18 19 20 30 31 32 33 34 35 36 37 38 39 40 41 42 43 44
(14,*) 0 1 2 3 4 5 6 7 8 9 10 11 12 13 15 16 17 18 19 20 30 31 32 33 34 35 36 37 38 39 40 41 42 43 44
(15,*) 0 1 2 3 4 5 6 7 8 9 10 11 12 13 14 16 17 18 19 20 30 31 32 33 34 35 36 37 38 39 40 41 42 43 44
(16,*) 0 1 2 3 4 5 6 7 8 9 10 11 12 13 14 15 17 18 19 20 30 31 32 33 34 35 36 37 38 39 40 41 42 43 44
(17,*) 0 1 2 3 4 5 6 7 8 9 10 11 12 13 14 15 16 18 19 20 30 31 32 33 34 35 36 37 38 39 40 41 42 43 44
(18,*) 0 1 2 3 4 5 6 7 8 9 10 11 12 13 14 15 16 17 19 20 30 31 32 33 34 35 36 37 38 39 40 41 42 43 44
(19,*) 0 1 2 3 4 5 6 7 8 9 10 11 12 13 14 15 16 17 18 20 30 31 32 33 34 35 36 37 38 39 40 41 42 43 44
(20,*) 0 1 2 3 4 5 6 7 8 9 10 11 12 13 14 15 16 17 18 19 30 31 32 33 34 35 36 37 38 39 40 41 42 43 44
(30,*) 0 1 2 3 4 5 6 7 8 9 10 11 12 13 14 15 16 17 18 19 20 31 32 33 34 35 36 37 38 39 40 41 42 43 44
(31,*) 0 1 2 3 4 5 6 7 8 9 10 11 12 13 14 15 16 17 18 19 20 30 32 33 34 35 36 37 38 39 40 41 42 43 44
(32,*) 0 1 2 3 4 5 6 7 8 9 10 11 12 13 14 15 16 17 18 19 20 30 31 33 34 35 36 37 38 39 40 41 42 43 44
(33,*) 0 1 2 3 4 5 6 7 8 9 10 11 12 13 14 15 16 17 18 19 20 30 31 32 34 35 36 37 38 39 40 41 42 43 44
(34,*) 0 1 2 3 4 5 6 7 8 9 10 11 12 13 14 15 16 17 18 19 20 30 31 32 33 35 36 37 38 39 40 41 42 43 44
(35,*) 0 1 2 3 4 5 6 7 8 9 10 11 12 13 14 15 16 17 18 19 20 30 31 32 33 34 36 37 38 39 40 41 42 43 44
(36,*) 0 1 2 3 4 5 6 7 8 9 10 11 12 13 14 15 16 17 18 19 20 30 31 32 33 34 35 37 38 39 40 41 42 43 44
(37,*) 0 1 2 3 4 5 6 7 8 9 10 11 12 13 14 15 16 17 18 19 20 30 31 32 33 34 35 36 38 39 40 41 42 43 44
(38,*) 0 1 2 3 4 5 6 7 8 9 10 11 12 13 14 15 16 17 18 19 20 30 31 32 33 34 35 36 37 39 40 41 42 43 44
(39,*) 0 1 2 3 4 5 6 7 8 9 10 11 12 13 14 15 16 17 18 19 20 30 31 32 33 34 35 36 37 38 40 41 42 43 44
(40,*) 0 1 2 3 4 5 6 7 8 9 10 11 12 13 14 15 16 17 18 19 20 30 31 32 33 34 35 36 37 38 39 41 42 43 44
(41,*) 0 1 2 3 4 5 6 7 8 9 10 11 12 13 14 15 16 17 18 19 20 30 31 32 33 34 35 36 37 38 39 40 42 43 44
(42,*) 0 1 2 3 4 5 6 7 8 9 10 11 12 13 14 15 16 17 18 19 20 30 31 32 33 34 35 36 37 38 39 40 41 43 44
(43,*) 0 1 2 3 4 5 6 7 8 9 10 11 12 13 14 15 16 17 18 19 20 30 31 32 33 34 35 36 37 38 39 40 41 42 44
(44,*) 0 1 2 3 4 5 6 7 8 9 10 11 12 13 14 15 16 17 18 19 20 30 31 32 33 34 35 36 37 38 39 40 41 42 43
;
set A2:=
(33,*) 34
(34,*) 33
(35,*) 36
(36,*) 35
(37,*) 38
(38,*) 37
;
param BigM:=99999;
param n:= 6;
param d:=
1	17
2	6
3	15
4	7
5	15
6	16
7	1
8	66
9	25
10	11
11	7
12	17
13	22
14	10
15	25
16	21
17	21
18	11
19	22
20	2
21	17
22	21
23	17
24	16
25	7
26	11
27	21
28	25
29	22
30	26
31	5
32	16
;
param Q:=100;
param w:=
[33,*] 34 1
[34,*] 33 1
[35,*] 36 1
[36,*] 35 1
[37,*] 38 1
[38,*] 37 1
;
param V:=
[33,*] 34 85
[34,*] 33 85
[35,*] 36 83
[36,*] 35 83
[37,*] 38 100
[38,*] 37 100
;
param f:=
33	100
34	100
35	100
36	100
37	100
38	100
39	100
40	100
41	100
42	100
43	100
44	100
;
param e:
	33	34	35	36	37	38	39	40	41	42	43	44:=
21	0	0	1	0	1	0	0	0	0	0	0	0	
22	0	1	0	0	0	0	0	1	0	1	0	1	
23	0	1	1	0	0	0	1	1	1	1	1	1	
24	1	0	0	0	0	1	1	0	1	1	1	0	
25	1	0	0	0	0	1	0	0	0	0	0	0	
26	0	0	0	1	0	0	1	0	0	1	0	1	
27	0	0	0	1	0	0	1	1	0	1	1	1	
28	0	0	0	1	0	0	0	0	0	0	0	0	
29	0	0	0	1	0	0	1	1	0	1	1	1	
30	0	0	1	0	0	0	1	1	1	1	1	1	
31	0	1	1	0	0	0	1	1	1	1	1	1	
32	0	0	0	1	0	0	1	1	1	1	1	1	
;
param p:=
1	1
2	1
3	1
4	1
5	1
6	1
;
param G:=
33	77
34	85
35	77
36	83
37	90
38	100
39	94
40	75
41	85
42	85
43	77
44	81
;
param s:=
0	0
1	15
2	15
3	15
4	15
5	15
6	15
7	15
8	15
9	15
10	15
11	15
12	15
13	15
14	15
15	15
16	15
17	15
18	15
19	15
20	15
30	15
31	15
32	15
33	10
34	10
35	10
36	10
37	10
38	10
39	10
40	10
41	10
42	10
43	10
44	10
;
param t:
	0	1	2	3	4	5	6	7	8	9	10	11	12	13	14	15	16	17	18	19	20	21	22	23	24	25	26	27	28	29	30	31	32	33	34	35	36	37	38	39	40	41	42	43	44:=
0	0.0	60.8	61.07	59.17	34.66	36.67	56.61	12.73	35.47	28.02	64.64	39.66	24.7	41.48	61.91	23.35	42.45	57.72	36.36	68.35	31.06	71.85	43.01	30.08	49.34	55.15	21.47	5.83	37.54	9.43	26.4	31.02	14.04	61.98	58.25	64.88	18.36	71.4	41.63	17.69	28.46	43.86	16.12	21.4	25.24
1	60.8	0.0	14.87	24.21	27.31	25.61	18.87	60.21	77.83	32.8	4.12	99.01	51.97	26.57	5.66	74.2	60.21	40.31	97.08	61.85	77.37	11.18	62.59	32.65	35.74	71.59	80.66	66.61	97.84	62.23	35.36	32.02	49.5	71.78	48.66	9.43	79.06	10.63	66.03	43.57	34.83	31.26	44.82	39.41	57.31
2	61.07	14.87	0.0	9.85	26.63	31.58	6.08	63.53	84.12	34.89	17.2	100.6	58.24	36.01	20.52	78.26	50.36	26.57	96.21	75.27	71.59	20.88	72.11	37.64	24.0	60.13	82.2	66.6	98.6	64.66	39.0	37.36	52.35	59.23	61.68	24.08	78.49	18.44	56.72	43.42	39.85	22.14	46.32	40.5	63.6
3	59.17	24.21	9.85	0.0	26.68	35.13	5.83	63.57	85.7	35.69	26.93	98.79	60.41	41.23	29.83	78.43	42.2	16.76	92.85	82.35	65.51	30.68	76.16	40.05	15.52	51.0	80.62	64.35	96.26	64.08	40.45	40.01	52.5	49.65	68.54	33.6	75.6	28.16	48.76	42.05	42.11	16.28	45.88	40.16	65.62
4	34.66	27.31	26.63	26.68	0.0	12.73	22.85	37.16	59.03	9.06	31.38	74.03	34.01	21.26	29.83	52.0	38.48	32.57	70.43	63.25	50.64	38.48	51.2	14.56	23.77	51.97	55.61	40.31	72.18	38.08	14.0	14.87	26.0	54.82	49.58	33.54	52.5	37.59	43.01	16.97	16.28	16.16	19.72	13.89	39.12
5	36.67	25.61	31.58	35.13	12.73	0.0	30.0	34.66	52.92	10.0	29.0	73.66	26.93	8.6	25.61	48.6	50.61	44.28	72.95	50.61	59.01	36.07	41.05	7.07	35.85	64.35	55.44	42.49	72.8	36.88	10.3	6.4	24.21	67.48	36.88	28.3	55.01	36.12	54.63	21.21	9.22	28.3	20.62	16.28	32.31
6	56.61	18.87	6.08	5.83	22.85	30.0	0.0	60.01	81.49	31.62	21.93	96.26	55.9	35.69	24.41	74.85	44.28	21.47	91.22	76.56	65.74	26.48	71.03	35.36	18.03	54.23	77.94	62.01	94.02	60.83	36.14	35.23	48.85	53.6	62.77	28.3	73.66	24.19	50.64	39.12	37.48	16.16	42.49	36.67	61.19
7	12.73	60.21	63.53	63.57	37.16	34.66	60.01	0.0	24.33	28.65	63.66	39.2	14.0	36.89	60.14	14.87	53.85	65.19	41.23	57.01	43.6	70.71	30.53	27.59	56.32	67.08	21.47	15.23	38.95	4.12	25.0	28.28	11.18	73.54	48.09	62.48	25.0	70.77	53.71	22.2	25.46	49.82	17.72	23.41	13.0
8	35.47	77.83	84.12	85.7	59.03	52.92	81.49	24.33	0.0	50.01	80.62	35.0	26.0	51.62	76.32	13.45	77.79	89.01	46.17	51.79	63.41	87.13	23.41	46.49	80.02	90.62	26.93	34.99	38.33	26.25	45.35	46.82	34.01	97.41	48.75	77.67	37.64	87.82	77.08	46.01	44.27	73.17	41.01	46.17	20.62
9	28.02	32.8	34.89	35.69	9.06	10.0	31.62	28.65	50.01	0.0	36.62	66.53	25.0	17.72	34.0	43.38	42.2	41.0	64.35	57.28	49.01	43.83	42.72	7.07	32.02	56.22	48.1	33.84	65.12	30.0	5.1	7.81	17.49	60.11	44.05	37.16	46.32	43.42	45.65	11.4	8.06	24.52	12.04	6.71	30.07
10	64.64	4.12	17.2	26.93	31.38	29.0	21.93	63.66	80.62	36.62	0.0	102.59	54.92	29.07	5.0	77.47	64.12	43.38	100.96	61.98	81.49	7.21	64.56	36.07	39.29	75.31	84.29	70.46	101.53	65.8	38.95	35.38	53.08	75.29	49.16	7.21	82.93	7.21	70.01	47.51	38.21	35.13	48.6	43.27	60.21
11	39.66	99.01	100.6	98.79	74.03	73.66	96.26	39.2	35.0	66.53	102.59	0.0	51.0	76.03	99.25	27.86	74.81	96.01	16.64	86.47	50.16	109.71	57.56	66.6	88.14	84.01	18.44	34.48	5.83	36.8	63.66	67.36	49.52	92.05	81.74	101.67	24.74	109.62	71.18	57.2	64.54	83.24	54.56	60.31	47.01
12	24.7	51.97	58.24	60.41	34.01	26.93	55.9	14.0	26.0	25.0	54.92	51.0	0.0	26.25	50.8	23.6	60.46	65.62	54.92	43.66	55.47	61.61	20.0	20.62	56.57	74.4	34.48	28.64	51.62	18.03	20.02	20.88	13.45	79.92	34.13	52.5	39.0	62.13	61.72	24.6	18.44	49.25	19.24	22.8	5.39
13	41.48	26.57	36.01	41.23	21.26	8.6	35.69	36.89	51.62	17.72	29.07	76.03	26.25	0.0	24.7	49.52	59.17	51.97	77.08	42.44	66.27	35.51	36.35	12.0	43.83	72.95	58.31	47.13	75.8	39.82	16.0	11.0	27.86	76.06	28.6	26.25	59.46	36.24	63.07	28.07	13.15	36.4	26.17	23.09	31.4
14	61.91	5.66	20.52	29.83	29.83	25.61	24.41	60.14	76.32	34.0	5.0	99.25	50.8	24.7	0.0	73.66	64.63	45.79	98.27	57.07	80.41	10.82	59.77	32.65	40.85	76.4	81.06	67.74	98.41	62.48	35.81	31.89	49.82	76.9	44.18	4.12	80.26	11.7	70.26	45.19	34.71	35.9	45.79	40.71	56.04
15	23.35	74.2	78.26	78.43	52.0	48.6	74.85	14.87	13.45	43.38	77.47	27.86	23.6	49.52	73.66	0.0	65.73	79.63	35.23	60.01	50.0	84.39	31.06	41.62	70.86	78.11	14.56	21.93	29.43	15.03	39.45	42.2	26.0	85.16	54.13	75.66	24.41	84.65	64.51	36.88	39.41	64.54	32.57	38.28	19.24
16	42.45	60.21	50.36	42.2	38.48	50.61	44.28	53.85	77.79	42.2	64.12	74.81	60.46	59.17	64.63	65.73	0.0	29.15	63.25	99.25	28.3	70.0	80.45	49.2	26.68	14.14	60.01	44.41	70.41	51.55	46.1	50.0	47.17	19.7	86.21	68.73	50.25	68.03	6.71	36.24	49.68	29.02	41.4	39.6	63.63
17	57.72	40.31	26.57	16.76	32.57	44.28	21.47	65.19	89.01	41.0	43.38	96.01	65.62	51.97	45.79	79.63	29.15	0.0	87.46	94.34	55.87	47.43	83.68	47.13	9.06	35.36	78.75	61.98	92.61	64.63	46.1	47.43	55.0	33.14	80.45	49.74	71.59	44.92	35.85	43.05	48.76	16.49	48.0	43.1	70.35
18	36.36	97.08	96.21	92.85	70.43	72.95	91.22	41.23	46.17	64.35	100.96	16.64	54.92	77.08	98.27	35.23	63.25	87.46	0.0	95.13	36.35	108.17	66.27	66.19	80.45	70.71	21.0	30.53	10.82	37.64	62.65	67.08	49.24	78.92	88.28	101.21	18.03	107.65	58.69	53.6	64.4	76.69	52.48	57.69	52.24
19	68.35	61.85	75.27	82.35	63.25	50.61	76.56	57.01	51.79	57.28	61.98	86.47	43.66	42.44	57.07	60.01	99.25	94.34	95.13	0.0	98.9	65.19	29.02	50.21	86.27	113.36	74.17	72.12	89.09	61.13	53.15	49.5	55.9	117.38	13.89	55.44	81.39	67.36	102.0	63.82	49.58	78.82	59.36	59.82	44.15
20	31.06	77.37	71.59	65.51	50.64	59.01	65.74	43.6	63.41	49.01	81.49	50.16	55.47	66.27	80.41	50.0	28.3	55.87	36.35	98.9	0.0	88.32	74.06	54.33	50.8	34.37	39.4	29.0	45.01	39.82	50.36	55.33	43.08	42.58	87.92	84.17	27.86	86.98	22.85	38.21	53.6	49.65	41.0	43.19	56.3
21	71.85	11.18	20.88	30.68	38.48	36.07	26.48	70.71	87.13	43.83	7.21	109.71	61.61	35.51	10.82	84.39	70.0	47.43	108.17	65.19	88.32	0.0	70.23	43.14	44.41	80.62	91.44	77.67	108.71	72.92	46.1	42.43	60.21	80.05	53.04	10.2	90.14	2.83	76.06	54.71	45.25	41.01	55.8	50.48	66.85
22	43.01	62.59	72.11	76.16	51.2	41.05	71.03	30.53	23.41	42.72	64.56	57.56	20.0	36.35	59.77	31.06	80.45	83.68	66.27	29.02	74.06	70.23	0.0	36.67	74.73	94.4	45.4	45.65	60.07	34.48	37.64	36.5	33.42	99.86	25.55	60.17	53.45	71.47	81.69	44.42	34.93	67.19	39.12	42.05	17.8
23	30.08	32.65	37.64	40.05	14.56	7.07	35.36	27.59	46.49	7.07	36.07	66.6	20.62	12.0	32.65	41.62	49.2	47.13	66.19	50.21	54.33	43.14	36.67	0.0	38.28	63.25	48.41	35.85	65.8	29.83	4.0	1.0	17.2	67.18	37.01	35.23	48.33	43.19	52.48	16.12	2.24	30.68	14.32	11.18	25.96
24	49.34	35.74	24.0	15.52	23.77	35.85	18.03	56.32	80.02	32.02	39.29	88.14	56.57	43.83	40.85	70.86	26.68	9.06	80.45	86.27	50.8	44.41	74.73	38.28	0.0	36.22	70.58	53.85	85.0	55.9	37.11	38.63	46.01	36.06	72.42	44.94	64.01	42.19	33.24	34.13	39.85	7.62	39.01	34.06	61.29
25	55.15	71.59	60.13	51.0	51.97	64.35	54.23	67.08	90.62	56.22	75.31	84.01	74.4	72.95	76.4	78.11	14.14	35.36	70.71	113.36	34.37	80.62	94.4	63.25	36.22	0.0	70.86	56.32	79.1	64.47	60.21	64.03	61.03	8.25	100.26	80.52	60.21	78.41	13.6	50.33	63.78	40.52	55.44	53.74	77.39
26	21.47	80.66	82.2	80.62	55.61	55.44	77.94	21.47	26.93	48.1	84.29	18.44	34.48	58.31	81.06	14.56	60.01	78.75	21.0	74.17	39.4	91.44	45.4	48.41	70.58	70.86	0.0	16.76	17.49	18.6	45.34	49.2	31.24	78.52	67.36	83.6	11.66	91.29	57.43	38.83	46.4	65.31	36.12	41.87	31.4
27	5.83	66.61	66.6	64.35	40.31	42.49	62.01	15.23	34.99	33.84	70.46	34.48	28.64	47.13	67.74	21.93	44.41	61.98	30.53	72.12	29.0	77.67	45.65	35.85	53.85	56.32	16.76	0.0	32.02	11.18	32.2	36.77	19.42	63.56	62.65	70.71	12.53	77.2	42.72	23.35	34.18	48.76	21.95	27.2	28.23
28	37.54	97.84	98.6	96.26	72.18	72.8	94.02	38.95	38.33	65.12	101.53	5.83	51.62	75.8	98.41	29.43	70.41	92.61	10.82	89.09	45.01	108.71	60.07	65.8	85.0	79.1	17.49	32.02	0.0	36.06	62.63	66.61	48.6	87.21	83.55	101.02	21.02	108.47	66.48	55.23	63.82	80.45	53.08	58.69	48.08
29	9.43	62.23	64.66	64.08	38.08	36.88	60.83	4.12	26.25	30.0	65.8	36.8	18.03	39.82	62.48	15.03	51.55	64.63	37.64	61.13	39.82	72.92	34.48	29.83	55.9	64.47	18.6	11.18	36.06	0.0	26.87	30.61	12.73	71.17	52.15	65.0	21.02	72.84	50.99	22.14	27.8	49.73	18.36	24.19	17.09
30	26.4	35.36	39.0	40.45	14.0	10.3	36.14	25.0	45.35	5.1	38.95	63.66	20.02	16.0	35.81	39.45	46.1	46.1	62.65	53.15	50.36	46.1	37.64	4.0	37.11	60.21	45.34	32.2	62.63	26.87	0.0	5.0	14.14	64.44	40.22	38.59	44.72	45.97	49.09	12.17	3.61	29.61	10.44	7.28	25.18
31	31.02	32.02	37.36	40.01	14.87	6.4	35.23	28.28	46.82	7.81	35.38	67.36	20.88	11.0	31.89	42.2	50.0	47.43	67.08	49.5	55.33	42.43	36.5	1.0	38.63	64.03	49.2	36.77	66.61	30.61	5.0	0.0	18.03	67.88	36.24	34.41	49.24	42.52	53.34	17.12	2.83	31.02	15.3	12.17	26.25
32	14.04	49.5	52.35	52.5	26.0	24.21	48.85	11.18	34.01	17.49	53.08	49.52	13.45	27.86	49.82	26.0	47.17	55.0	49.24	55.9	43.08	60.21	33.42	17.2	46.01	61.03	31.24	19.42	48.6	12.73	14.14	18.03	0.0	66.73	44.92	52.43	31.62	60.11	48.27	12.17	15.26	39.2	7.0	12.37	16.55
33	61.98	71.78	59.23	49.65	54.82	67.48	53.6	73.54	97.41	60.11	75.29	92.05	79.92	76.06	76.9	85.16	19.7	33.14	78.92	117.38	42.58	80.05	99.86	67.18	36.06	8.25	78.52	63.56	87.21	71.17	64.44	67.88	66.73	0.0	104.0	80.99	68.07	77.67	21.1	55.47	67.94	41.59	60.75	58.41	83.24
34	58.25	48.66	61.68	68.54	49.58	36.88	62.77	48.09	48.75	44.05	49.16	81.74	34.13	28.6	44.18	54.13	86.21	80.45	88.28	13.89	87.92	53.04	25.55	37.01	72.42	100.26	67.36	62.65	83.55	52.15	40.22	36.24	44.92	104.0	0.0	43.0	73.06	55.0	89.31	51.48	36.62	65.0	47.42	47.17	36.06
35	64.88	9.43	24.08	33.6	33.54	28.3	28.3	62.48	77.67	37.16	7.21	101.67	52.5	26.25	4.12	75.66	68.73	49.74	101.21	55.44	84.17	10.2	60.17	35.23	44.94	80.52	83.6	70.71	101.02	65.0	38.59	34.41	52.43	80.99	43.0	0.0	83.24	12.0	74.33	48.47	37.2	40.02	48.76	43.86	57.63
36	18.36	79.06	78.49	75.6	52.5	55.01	73.66	25.0	37.64	46.32	82.93	24.74	39.0	59.46	80.26	24.41	50.25	71.59	18.03	81.39	27.86	90.14	53.45	48.33	64.01	60.21	11.66	12.53	21.02	21.02	44.72	49.24	31.62	68.07	73.06	83.24	0.0	89.63	47.01	35.61	46.62	59.64	34.48	39.66	37.34
37	71.4	10.63	18.44	28.16	37.59	36.12	24.19	70.77	87.82	43.42	7.21	109.62	62.13	36.24	11.7	84.65	68.03	44.92	107.65	67.36	86.98	2.83	71.47	43.19	42.19	78.41	91.29	77.2	108.47	72.84	45.97	42.52	60.11	77.67	55.0	12.0	89.63	0.0	74.17	54.08	45.34	39.12	55.44	50.0	67.42
38	41.63	66.03	56.72	48.76	43.01	54.63	50.64	53.71	77.08	45.65	70.01	71.18	61.72	63.07	70.26	64.51	6.71	35.85	58.69	102.0	22.85	76.06	81.69	52.48	33.24	13.6	57.43	42.72	66.48	50.99	49.09	53.34	48.27	21.1	89.31	74.33	47.01	74.17	0.0	38.29	52.7	35.06	43.14	42.2	64.4
39	17.69	43.57	43.42	42.05	16.97	21.21	39.12	22.2	46.01	11.4	47.51	57.2	24.6	28.07	45.19	36.88	36.24	43.05	53.6	63.82	38.21	54.71	44.42	16.12	34.13	50.33	38.83	23.35	55.23	22.14	12.17	17.12	12.17	55.47	51.48	48.47	35.61	54.08	38.29	0.0	15.52	27.66	5.39	5.0	28.46
40	28.46	34.83	39.85	42.11	16.28	9.22	37.48	25.46	44.27	8.06	38.21	64.54	18.44	13.15	34.71	39.41	49.68	48.76	64.4	49.58	53.6	45.25	34.93	2.24	39.85	63.78	46.4	34.18	63.82	27.8	3.61	2.83	15.26	67.94	36.62	37.2	46.62	45.34	52.7	15.52	0.0	32.28	13.04	10.77	23.77
41	43.86	31.26	22.14	16.28	16.16	28.3	16.16	49.82	73.17	24.52	35.13	83.24	49.25	36.4	35.9	64.54	29.02	16.49	76.69	78.82	49.65	41.01	67.19	30.68	7.62	40.52	65.31	48.76	80.45	49.73	29.61	31.02	39.2	41.59	65.0	40.02	59.64	39.12	35.06	27.66	32.28	0.0	32.25	27.02	54.08
42	16.12	44.82	46.32	45.88	19.72	20.62	42.49	17.72	41.01	12.04	48.6	54.56	19.24	26.17	45.79	32.57	41.4	48.0	52.48	59.36	41.0	55.8	39.12	14.32	39.01	55.44	36.12	21.95	53.08	18.36	10.44	15.3	7.0	60.75	47.42	48.76	34.48	55.44	43.14	5.39	13.04	32.25	0.0	5.83	23.09
43	21.4	39.41	40.5	40.16	13.89	16.28	36.67	23.41	46.17	6.71	43.27	60.31	22.8	23.09	40.71	38.28	39.6	43.1	57.69	59.82	43.19	50.48	42.05	11.18	34.06	53.74	41.87	27.2	58.69	24.19	7.28	12.17	12.37	58.41	47.17	43.86	39.66	50.0	42.2	5.0	10.77	27.02	5.83	0.0	27.29
44	25.24	57.31	63.6	65.62	39.12	32.31	61.19	13.0	20.62	30.07	60.21	47.01	5.39	31.4	56.04	19.24	63.63	70.35	52.24	44.15	56.3	66.85	17.8	25.96	61.29	77.39	31.4	28.23	48.08	17.09	25.18	26.25	16.55	83.24	36.06	57.63	37.34	67.42	64.4	28.46	23.77	54.08	23.09	27.29	0.0
;
