vehicles
vehicle_idx, capacity, cost_per_unit_distance
1,100,3
2,100,3
3,100,3
4,100,3
5,100,3
depot
node_idx,x,y
0,69,63
home delivery customers
node_idx,x,y,service_time,demand
1,1,47,10,8
2,87,23,10,18
3,35,81,10,19
4,41,51,10,8
5,93,9,10,25
6,97,95,10,13
7,47,41,10,19
8,45,41,10,5
9,45,59,10,9
10,27,19,10,12
11,89,53,10,3
12,37,37,10,24
13,61,15,10,14
self pickup customers
node_idx,x,y,service_time,demand,locker_idxs
14,11,15,10,12,48-39-43
15,37,33,10,12,48-39
16,55,71,10,23,46-38
17,11,49,10,1,48-39
18,75,69,10,17,45-42-38
19,15,13,10,9,48-39
20,95,23,10,20,47-40-43
21,71,69,10,8,44-38-42
22,35,39,10,19,48-47-39
23,33,51,10,25,44-39
24,61,21,10,7,45-43
25,21,91,10,13,47-41
flexible customers
node_idx,x,y,service_time,demand,locker_idxs
26,3,35,10,12,48-39
27,71,79,10,5,48-38-42
28,87,29,10,11,47-40-43
29,75,89,10,5,44-42-38
30,63,95,10,13,48-38-42
31,89,43,10,26,46-40
32,19,83,10,21,48-41
33,17,57,10,13,45-41
34,93,15,10,12,44-40-43
35,59,29,10,4,45-46-47-43
36,33,85,10,2,47-41
37,67,95,10,14,45-38-42
lockers
node_idx,x,y,service_time,capacity,cost_per_unit_good
38,65,88,10,74
39,25,15,10,93
40,93,12,10,99
41,22,88,10,74
42,77,88,10,93
43,72,14,10,84
44,49,58,10,100
45,57,17,10,90
46,60,46,10,70
47,46,44,10,83
48,20,27,10,97
mrt lines
start_node_idx,end_node_idx,freight_capacity,cost_per_unit_good
38,39,93,0.5
39,38,93,0.5
40,41,99,0.5
41,40,99,0.5
42,43,93,0.5
43,42,93,0.5
distance matrix
,0,1,2,3,4,5,6,7,8,9,10,11,12,13,14,15,16,17,18,19,20,21,22,23,24,25,26,27,28,29,30,31,32,33,34,35,36,37,38,39,40,41,42,43,44,45,46,47,48,
0,0.0,69.86,43.86,38.47,30.46,59.09,42.52,31.11,32.56,24.33,60.83,22.36,41.23,48.66,75.29,43.86,16.12,59.67,8.49,73.59,47.71,6.32,41.62,37.95,42.76,55.57,71.69,16.12,38.47,26.68,32.56,28.28,53.85,52.35,53.67,35.44,42.19,32.06,25.32,65.12,56.36,53.24,26.25,49.09,20.62,47.54,19.24,29.83,60.8
1,69.86,0.0,89.29,48.08,40.2,99.54,107.33,46.39,44.41,45.61,38.21,88.2,37.36,68.0,33.53,38.63,59.09,10.2,77.2,36.77,97.02,73.38,34.93,32.25,65.39,48.33,12.17,76.97,87.86,85.09,78.41,88.09,40.25,18.87,97.41,60.73,49.68,81.61,76.01,40.0,98.43,46.07,86.35,78.29,49.24,63.53,59.01,45.1,27.59
2,43.86,89.29,0.0,77.9,53.85,15.23,72.69,43.86,45.69,55.32,60.13,30.07,51.92,27.2,76.42,50.99,57.69,80.32,47.54,72.69,8.0,48.7,54.41,60.83,26.08,94.76,84.85,58.24,6.0,67.08,75.89,20.1,90.69,77.82,10.0,28.64,82.22,74.73,68.62,62.51,12.53,91.92,65.76,17.49,51.66,30.59,35.47,46.07,67.12
3,38.47,48.08,77.9,0.0,30.59,92.46,63.56,41.76,41.23,24.17,62.51,60.83,44.05,70.94,70.23,48.04,22.36,40.0,41.76,70.88,83.45,37.95,42.0,30.07,65.39,17.2,56.04,36.06,73.54,40.79,31.3,66.03,16.12,30.0,87.86,57.27,4.47,34.93,30.81,66.75,90.14,14.76,42.58,76.54,26.93,67.68,43.01,38.6,56.04
4,30.46,40.2,53.85,30.59,0.0,66.84,71.22,11.66,10.77,8.94,34.93,48.04,14.56,41.18,46.86,18.44,24.41,30.07,38.47,46.04,60.83,34.99,13.42,8.0,36.06,44.72,41.23,41.04,50.99,50.99,49.19,48.66,38.83,24.74,63.25,28.43,34.93,51.11,44.1,39.4,65.0,41.59,51.62,48.27,10.63,37.58,19.65,8.6,31.89
5,59.09,99.54,15.23,92.46,66.84,0.0,86.09,56.04,57.69,69.31,66.75,44.18,62.61,32.56,82.22,60.93,72.72,91.24,62.64,78.1,14.14,63.91,65.3,73.24,34.18,109.12,93.68,73.38,20.88,82.0,91.08,34.23,104.65,89.89,6.0,39.45,96.83,89.84,83.82,68.26,3.0,106.22,80.6,21.59,65.86,36.88,49.58,58.6,75.19
6,42.52,107.33,72.69,63.56,71.22,86.09,0.0,73.59,74.97,63.25,103.32,42.76,83.45,87.73,117.46,86.28,48.37,97.53,34.06,115.97,72.03,36.77,83.55,77.67,82.29,76.11,111.52,30.53,66.75,22.8,34.0,52.61,78.92,88.57,80.1,76.16,64.78,30.0,32.76,107.63,83.1,75.33,21.19,84.77,60.61,87.66,61.4,72.12,102.73
7,31.11,46.39,43.86,41.76,11.66,56.04,73.59,0.0,2.0,18.11,29.73,43.68,10.77,29.53,44.41,12.81,31.05,36.88,39.6,42.52,51.26,36.88,12.17,17.2,24.41,56.36,44.41,44.94,41.76,55.57,56.32,42.05,50.48,34.0,52.84,16.97,46.17,57.58,50.33,34.06,54.38,53.24,55.76,36.8,17.12,26.0,13.93,3.16,30.41
8,32.56,44.41,45.69,41.23,10.77,57.69,74.97,2.0,0.0,18.0,28.43,45.61,8.94,30.53,42.8,11.31,31.62,34.93,41.04,41.04,53.14,38.21,10.2,15.62,25.61,55.46,42.43,46.04,43.68,56.6,56.92,44.05,49.4,32.25,54.59,18.44,45.61,58.31,51.08,32.8,56.08,52.33,56.86,38.18,17.46,26.83,15.81,3.16,28.65
9,24.33,45.61,55.32,24.17,8.94,69.31,63.25,18.11,18.0,0.0,43.86,44.41,23.41,46.82,55.61,27.2,15.62,35.44,31.62,54.92,61.61,27.86,22.36,14.42,41.23,40.0,48.37,32.8,51.61,42.43,40.25,46.82,35.38,28.07,65.12,33.11,28.64,42.19,35.23,48.33,67.18,37.01,43.19,52.48,4.12,43.68,19.85,15.03,40.61
10,60.83,38.21,60.13,62.51,34.93,66.75,103.32,29.73,28.43,43.86,0.0,70.71,20.59,34.23,16.49,17.2,59.06,34.0,69.31,13.42,68.12,66.6,21.54,32.56,34.06,72.25,28.84,74.4,60.83,84.88,84.1,66.48,64.5,39.29,66.12,33.53,66.27,85.88,78.77,4.47,66.37,69.18,85.21,45.28,44.78,30.07,42.64,31.4,10.63
11,22.36,88.2,30.07,60.83,48.04,44.18,42.76,43.68,45.61,44.41,70.71,0.0,54.41,47.2,86.76,55.71,38.47,78.1,21.26,84.12,30.59,24.08,55.79,56.04,42.52,77.9,87.86,31.62,24.08,38.63,49.4,10.0,76.16,72.11,38.21,38.42,64.5,47.41,42.44,74.43,41.19,75.59,37.0,42.54,40.31,48.17,29.83,43.93,73.74
12,41.23,37.36,51.92,44.05,14.56,62.61,83.45,10.77,8.94,23.41,20.59,54.41,0.0,32.56,34.06,4.0,38.47,28.64,49.68,32.56,59.67,46.69,2.83,14.56,28.84,56.32,34.06,54.04,50.64,64.4,63.56,52.35,49.4,28.28,60.17,23.41,48.17,65.3,58.18,25.06,61.33,53.16,64.82,41.88,24.19,28.28,24.7,11.4,19.72
13,48.66,68.0,27.2,70.94,41.18,32.56,87.73,29.53,30.53,46.82,34.23,47.2,32.56,0.0,50.0,30.0,56.32,60.46,55.79,46.04,34.93,54.92,35.38,45.61,6.0,85.88,61.35,64.78,29.53,75.31,80.02,39.6,79.92,60.83,32.0,14.14,75.39,80.22,73.11,36.0,32.14,82.76,74.73,11.05,44.64,4.47,31.02,32.65,42.72
14,75.29,33.53,76.42,70.23,46.86,82.22,117.46,44.41,42.8,55.61,16.49,86.76,34.06,50.0,0.0,31.62,71.22,34.0,83.74,4.47,84.38,80.72,33.94,42.19,50.36,76.66,21.54,87.73,77.28,97.84,95.41,82.87,68.47,42.43,82.0,50.0,73.38,97.65,90.8,14.0,82.05,73.82,98.41,61.01,57.38,46.04,57.98,45.45,15.0
15,43.86,38.63,50.99,48.04,18.44,60.93,86.28,12.81,11.31,27.2,17.2,55.71,4.0,30.0,31.62,0.0,42.05,30.53,52.35,29.73,58.86,49.52,6.32,18.44,26.83,60.17,34.06,57.2,50.16,67.68,67.23,52.95,53.14,31.24,58.82,22.36,52.15,68.88,61.72,21.63,59.81,57.01,68.01,39.82,27.73,25.61,26.42,14.21,18.03
16,16.12,59.09,57.69,22.36,24.41,72.72,48.37,31.05,31.62,15.62,59.06,38.47,38.47,56.32,71.22,42.05,0.0,49.19,20.1,70.46,62.48,16.12,37.74,29.73,50.36,39.45,63.25,17.89,52.8,26.91,25.3,44.05,37.95,40.5,67.68,42.19,26.08,26.83,19.72,63.53,70.18,37.12,27.8,59.48,14.32,54.04,25.5,28.46,56.22
17,59.67,10.2,80.32,40.0,30.07,91.24,97.53,36.88,34.93,35.44,34.0,78.1,28.64,60.46,34.0,30.53,49.19,0.0,67.05,36.22,87.93,63.25,26.0,22.09,57.31,43.17,16.12,67.08,78.59,75.47,69.43,78.23,34.93,10.0,88.77,52.0,42.19,72.47,66.61,36.77,89.96,40.52,76.66,70.33,39.05,56.04,49.09,35.36,23.77
18,8.49,77.2,47.54,41.76,38.47,62.64,34.06,39.6,41.04,31.62,69.31,21.26,49.68,55.79,83.74,52.35,20.1,67.05,0.0,82.07,50.16,4.0,50.0,45.69,50.0,58.31,79.62,10.77,41.76,20.0,28.64,29.53,57.72,59.23,56.92,43.08,44.94,27.2,21.47,73.59,59.77,56.3,19.1,55.08,28.23,55.03,27.46,38.29,69.2
19,73.59,36.77,72.69,70.88,46.04,78.1,115.97,42.52,41.04,54.92,13.42,84.12,32.56,46.04,4.47,29.73,70.46,36.22,82.07,0.0,80.62,79.2,32.8,42.05,46.69,78.23,25.06,86.56,73.76,96.83,95.02,79.85,70.11,44.05,78.03,46.82,74.22,97.1,90.14,10.2,78.01,75.33,97.31,57.01,56.4,42.19,55.8,43.84,14.87
20,47.71,97.02,8.0,83.45,60.83,14.14,72.03,51.26,53.14,61.61,68.12,30.59,59.67,34.93,84.38,58.86,62.48,87.93,50.16,80.62,0.0,51.88,62.1,68.03,34.06,100.5,92.78,60.93,10.0,68.96,78.79,20.88,96.83,85.09,8.25,36.5,87.68,77.25,71.59,70.46,11.18,97.74,67.45,24.7,57.8,38.47,41.88,53.31,75.11
21,6.32,73.38,48.7,37.95,34.99,63.91,36.77,36.88,38.21,27.86,66.6,24.08,46.69,54.92,80.72,49.52,16.12,63.25,4.0,79.2,51.88,0.0,46.86,42.05,49.03,54.63,76.03,10.0,43.08,20.4,27.2,31.62,53.85,55.32,58.31,41.76,41.23,26.31,19.92,70.94,61.1,52.55,19.92,55.01,24.6,53.85,25.5,35.36,66.07
22,41.62,34.93,54.41,42.0,13.42,65.3,83.55,12.17,10.2,22.36,21.54,55.79,2.83,35.38,33.94,6.32,37.74,26.0,50.0,32.8,62.1,46.86,0.0,12.17,31.62,53.85,32.25,53.81,52.95,64.03,62.61,54.15,46.82,25.46,62.77,26.0,46.04,64.5,57.45,26.0,63.98,50.7,64.54,44.65,23.6,31.11,25.96,12.08,19.21
23,37.95,32.25,60.83,30.07,8.0,73.24,77.67,17.2,15.62,14.42,32.56,56.04,14.56,45.61,42.19,18.44,29.73,22.09,45.69,42.05,68.03,42.05,12.17,0.0,41.04,41.76,34.0,47.2,58.31,56.64,53.25,56.57,34.93,17.09,69.97,34.06,34.0,55.61,48.92,36.88,71.56,38.6,57.49,53.76,17.46,41.62,27.46,14.76,27.29
24,42.76,65.39,26.08,65.39,36.06,34.18,82.29,24.41,25.61,41.23,34.06,42.52,28.84,6.0,50.36,26.83,50.36,57.31,50.0,46.69,34.06,49.03,31.62,41.04,0.0,80.62,59.67,58.86,27.2,69.43,74.03,35.61,74.89,56.85,32.56,8.25,69.86,74.24,67.12,36.5,33.24,77.52,68.88,13.04,38.9,5.66,25.02,27.46,41.44
25,55.57,48.33,94.76,17.2,44.72,109.12,76.11,56.36,55.46,40.0,72.25,77.9,56.32,85.88,76.66,60.17,39.45,43.17,58.31,78.23,100.5,54.63,53.85,41.76,80.62,0.0,58.82,51.42,90.55,54.04,42.19,83.23,8.25,34.23,104.69,72.72,13.42,46.17,44.1,76.11,106.89,3.16,56.08,92.36,43.28,82.29,59.55,53.24,64.01
26,71.69,12.17,84.85,56.04,41.23,93.68,111.52,44.41,42.43,48.37,28.84,87.86,34.06,61.35,21.54,34.06,63.25,16.12,79.62,25.06,92.78,76.03,32.25,34.0,59.67,58.82,0.0,80.99,84.21,90.0,84.85,86.37,50.6,26.08,92.2,56.32,58.31,87.73,81.57,29.73,92.89,56.3,91.02,72.12,51.43,56.92,58.05,43.93,18.79
27,16.12,76.97,58.24,36.06,41.04,73.38,30.53,44.94,46.04,32.8,74.4,31.62,54.04,64.78,87.73,57.2,17.89,67.08,10.77,86.56,60.93,10.0,53.81,47.2,58.86,51.42,80.99,0.0,52.5,10.77,17.89,40.25,52.15,58.31,67.68,51.42,38.47,16.49,10.82,78.82,70.52,49.82,10.82,65.01,30.41,63.56,34.79,43.01,72.84
28,38.47,87.86,6.0,73.54,50.99,20.88,66.75,41.76,43.68,51.61,60.83,24.08,50.64,29.53,77.28,50.16,52.8,78.59,41.76,73.76,10.0,43.08,52.95,58.31,27.2,90.55,84.21,52.5,0.0,61.19,70.23,14.14,86.83,75.39,15.23,28.0,77.79,68.96,62.97,63.56,18.03,87.78,59.84,21.21,47.8,32.31,31.91,43.66,67.03
29,26.68,85.09,67.08,40.79,50.99,82.0,22.8,55.57,56.6,42.43,84.88,38.63,64.4,75.31,97.84,67.68,26.91,75.47,20.0,96.83,68.96,20.4,64.03,56.64,69.43,54.04,90.0,10.77,61.19,0.0,13.42,48.08,56.32,66.24,76.16,62.1,42.19,10.0,10.05,89.31,79.08,53.01,2.24,75.06,40.46,74.22,45.54,53.54,82.88
30,32.56,78.41,75.89,31.3,49.19,91.08,34.0,56.32,56.92,40.25,84.1,49.4,63.56,80.02,95.41,67.23,25.3,69.43,28.64,95.02,78.79,27.2,62.61,53.25,74.03,42.19,84.85,17.89,70.23,13.42,0.0,58.14,45.61,59.67,85.44,66.12,31.62,4.0,7.28,88.57,88.26,41.59,15.65,81.5,39.56,78.23,49.09,53.76,80.45
31,28.28,88.09,20.1,66.03,48.66,34.23,52.61,42.05,44.05,46.82,66.48,10.0,52.35,39.6,82.87,52.95,44.05,78.23,29.53,79.85,20.88,31.62,54.15,56.57,35.61,83.23,86.37,40.25,14.14,48.08,58.14,0.0,80.62,73.35,28.28,33.11,70.0,56.46,51.0,69.86,31.26,80.71,46.57,33.62,42.72,41.23,29.15,43.01,70.83
32,53.85,40.25,90.69,16.12,38.83,104.65,78.92,50.48,49.4,35.38,64.5,76.16,49.4,79.92,68.47,53.14,37.95,34.93,57.72,70.11,96.83,53.85,46.82,34.93,74.89,8.25,50.6,52.15,86.83,56.32,45.61,80.62,0.0,26.08,100.5,67.2,14.14,49.48,46.27,68.26,102.55,5.83,58.22,87.01,39.05,76.16,55.23,47.43,56.01
33,52.35,18.87,77.82,30.0,24.74,89.89,88.57,34.0,32.25,28.07,39.29,72.11,28.28,60.83,42.43,31.24,40.5,10.0,59.23,44.05,85.09,55.32,25.46,17.09,56.85,34.23,26.08,58.31,75.39,66.24,59.67,73.35,26.08,0.0,86.83,50.48,32.25,62.8,57.14,42.76,88.32,31.4,67.54,69.81,32.02,56.57,44.38,31.78,30.15
34,53.67,97.41,10.0,87.86,63.25,6.0,80.1,52.84,54.59,65.12,66.12,38.21,60.17,32.0,82.0,58.82,67.68,88.77,56.92,78.03,8.25,58.31,62.77,69.97,32.56,104.69,92.2,67.68,15.23,76.16,85.44,28.28,100.5,86.83,0.0,36.77,92.2,84.12,78.19,68.0,3.0,101.83,74.73,21.02,61.52,36.06,45.28,55.23,73.98
35,35.44,60.73,28.64,57.27,28.43,39.45,76.16,16.97,18.44,33.11,33.53,38.42,23.41,14.14,50.0,22.36,42.19,52.0,43.08,46.82,36.5,41.76,26.0,34.06,8.25,72.72,56.32,51.42,28.0,62.1,66.12,33.11,67.2,50.48,36.77,0.0,61.74,66.48,59.3,36.77,38.01,69.64,61.68,19.85,30.68,12.17,17.03,19.85,39.05
36,42.19,49.68,82.22,4.47,34.93,96.83,64.78,46.17,45.61,28.64,66.27,64.5,48.17,75.39,73.38,52.15,26.08,42.19,44.94,74.22,87.68,41.23,46.04,34.0,69.86,13.42,58.31,38.47,77.79,42.19,31.62,70.0,14.14,32.25,92.2,61.74,0.0,35.44,32.14,70.46,94.49,11.4,44.1,81.01,31.38,72.11,47.43,43.01,59.44
37,32.06,81.61,74.73,34.93,51.11,89.84,30.0,57.58,58.31,42.19,85.88,47.41,65.3,80.22,97.65,68.88,26.83,72.47,27.2,97.1,77.25,26.31,64.5,55.61,74.24,46.17,87.73,16.49,68.96,10.0,4.0,56.46,49.48,62.8,84.12,66.48,35.44,0.0,7.28,90.35,86.98,45.54,12.21,81.15,41.15,78.64,49.5,55.15,82.66
38,25.32,76.01,68.62,30.81,44.1,83.82,32.76,50.33,51.08,35.23,78.77,42.44,58.18,73.11,90.8,61.72,19.72,66.61,21.47,90.14,71.59,19.92,57.45,48.92,67.12,44.1,81.57,10.82,62.97,10.05,7.28,51.0,46.27,57.14,78.19,59.3,32.14,7.28,0.0,83.24,80.99,43.0,12.0,74.33,34.0,71.45,42.3,47.93,75.8
39,65.12,40.0,62.51,66.75,39.4,68.26,107.63,34.06,32.8,48.33,4.47,74.43,25.06,36.0,14.0,21.63,63.53,36.77,73.59,10.2,70.46,70.94,26.0,36.88,36.5,76.11,29.73,78.82,63.56,89.31,88.57,69.86,68.26,42.76,68.0,36.77,70.46,90.35,83.24,0.0,68.07,73.06,89.63,47.01,49.24,32.06,46.75,35.81,13.0
40,56.36,98.43,12.53,90.14,65.0,3.0,83.1,54.38,56.08,67.18,66.37,41.19,61.33,32.14,82.05,59.81,70.18,89.96,59.77,78.01,11.18,61.1,63.98,71.56,33.24,106.89,92.89,70.52,18.03,79.08,88.26,31.26,102.55,88.32,3.0,38.01,94.49,86.98,80.99,68.07,0.0,104.0,77.67,21.1,63.66,36.35,47.38,56.86,74.53
41,53.24,46.07,91.92,14.76,41.59,106.22,75.33,53.24,52.33,37.01,69.18,75.59,53.16,82.76,73.82,57.01,37.12,40.52,56.3,75.33,97.74,52.55,50.7,38.6,77.52,3.16,56.3,49.82,87.78,53.01,41.59,80.71,5.83,31.4,101.83,69.64,11.4,45.54,43.0,73.06,104.0,0.0,55.0,89.31,40.36,79.16,56.64,50.12,61.03
42,26.25,86.35,65.76,42.58,51.62,80.6,21.19,55.76,56.86,43.19,85.21,37.0,64.82,74.73,98.41,68.01,27.8,76.66,19.1,97.31,67.45,19.92,64.54,57.49,68.88,56.08,91.02,10.82,59.84,2.24,15.65,46.57,58.22,67.54,74.73,61.68,44.1,12.21,12.0,89.63,77.67,55.0,0.0,74.17,41.04,73.76,45.31,53.82,83.49
43,49.09,78.29,17.49,76.54,48.27,21.59,84.77,36.8,38.18,52.48,45.28,42.54,41.88,11.05,61.01,39.82,59.48,70.33,55.08,57.01,24.7,55.01,44.65,53.76,13.04,92.36,72.12,65.01,21.21,75.06,81.5,33.62,87.01,69.81,21.02,19.85,81.01,81.15,74.33,47.01,21.1,89.31,74.17,0.0,49.65,15.3,34.18,39.7,53.6
44,20.62,49.24,51.66,26.93,10.63,65.86,60.61,17.12,17.46,4.12,44.78,40.31,24.19,44.64,57.38,27.73,14.32,39.05,28.23,56.4,57.8,24.6,23.6,17.46,38.9,43.28,51.43,30.41,47.8,40.46,39.56,42.72,39.05,32.02,61.52,30.68,31.38,41.15,34.0,49.24,63.66,40.36,41.04,49.65,0.0,41.77,16.28,14.32,42.45
45,47.54,63.53,30.59,67.68,37.58,36.88,87.66,26.0,26.83,43.68,30.07,48.17,28.28,4.47,46.04,25.61,54.04,56.04,55.03,42.19,38.47,53.85,31.11,41.62,5.66,82.29,56.92,63.56,32.31,74.22,78.23,41.23,76.16,56.57,36.06,12.17,72.11,78.64,71.45,32.06,36.35,79.16,73.76,15.3,41.77,0.0,29.15,29.15,38.33
46,19.24,59.01,35.47,43.01,19.65,49.58,61.4,13.93,15.81,19.85,42.64,29.83,24.7,31.02,57.98,26.42,25.5,49.09,27.46,55.8,41.88,25.5,25.96,27.46,25.02,59.55,58.05,34.79,31.91,45.54,49.09,29.15,55.23,44.38,45.28,17.03,47.43,49.5,42.3,46.75,47.38,56.64,45.31,34.18,16.28,29.15,0.0,14.14,44.28
47,29.83,45.1,46.07,38.6,8.6,58.6,72.12,3.16,3.16,15.03,31.4,43.93,11.4,32.65,45.45,14.21,28.46,35.36,38.29,43.84,53.31,35.36,12.08,14.76,27.46,53.24,43.93,43.01,43.66,53.54,53.76,43.01,47.43,31.78,55.23,19.85,43.01,55.15,47.93,35.81,56.86,50.12,53.82,39.7,14.32,29.15,14.14,0.0,31.06
48,60.8,27.59,67.12,56.04,31.89,75.19,102.73,30.41,28.65,40.61,10.63,73.74,19.72,42.72,15.0,18.03,56.22,23.77,69.2,14.87,75.11,66.07,19.21,27.29,41.44,64.01,18.79,72.84,67.03,82.88,80.45,70.83,56.01,30.15,73.98,39.05,59.44,82.66,75.8,13.0,74.53,61.03,83.49,53.6,42.45,38.33,44.28,31.06,0.0
