vehicles
vehicle_idx, capacity, cost_per_unit_distance
1,100,1
2,100,1
3,100,1
4,100,1
5,100,1
depot
node_idx,x,y
0,38,46
home delivery customers
node_idx,x,y,service_time,demand
1,59,46,15,16
2,47,61,15,1
3,66,6,15,8
4,96,7,15,23
5,37,25,15,7
6,68,92,15,27
7,82,28,15,3
8,93,90,15,6
9,74,42,15,24
10,60,20,15,19
11,78,58,15,2
12,10,91,15,4
13,92,62,15,7
14,43,42,15,23
15,53,25,15,16
16,37,88,15,9
17,75,96,15,12
18,9,49,15,9
19,25,72,15,23
20,8,68,15,6
21,12,61,15,19
22,50,2,15,7
23,26,54,15,7
self pickup customers
node_idx,x,y,service_time,demand,locker_idxs
24,96,42,15,18,37-43-42
25,26,15,15,13,40-41
26,78,84,15,1,39-43
27,36,48,15,5,44-40-41-45-42
28,98,51,15,22,43-42
29,78,65,15,2,42-45-43-39
30,72,79,15,2,39-43-45
31,16,73,15,2,38-44
32,18,89,15,20,38-44
33,22,53,15,20,38-44-40-45-41
flexible customers
node_idx,x,y,service_time,demand,locker_idxs
34,45,36,15,16,40-41-42-45
35,73,57,15,7,43-42-45-41-39
36,11,66,15,1,38-44
lockers
node_idx,x,y,service_time,capacity,cost_per_unit_good
37,93,12,10,90,100
38,22,88,10,80,100
39,65,88,10,73,100
40,25,15,10,89,100
41,44,44,10,93,100
42,64,34,10,79,100
43,90,74,10,94,100
44,30,78,10,95,100
45,52,49,10,95,100
mrt lines
start_node_idx,end_node_idx,freight_capacity,cost_per_unit_good
37,38,90,1
38,37,90,1
39,40,89,1
40,39,89,1
distance matrix
,0,1,2,3,4,5,6,7,8,9,10,11,12,13,14,15,16,17,18,19,20,21,22,23,24,25,26,27,28,29,30,31,32,33,34,35,36,37,38,39,40,41,42,43,44,45,
0,0.0,21.0,17.49,48.83,69.89,21.02,54.92,47.54,70.43,36.22,34.06,41.76,53.0,56.32,6.4,25.81,42.01,62.2,29.15,29.07,37.2,30.02,45.61,14.42,58.14,33.24,55.17,2.83,60.21,44.28,47.38,34.83,47.42,17.46,12.21,36.69,33.6,64.66,44.94,49.93,33.62,6.32,28.64,59.06,32.98,14.32
1,21.0,0.0,19.21,40.61,53.76,30.41,46.87,29.21,55.61,15.52,26.02,22.47,66.53,36.67,16.49,21.84,47.41,52.5,50.09,42.8,55.54,49.34,44.91,33.96,37.22,45.28,42.49,23.09,39.32,26.87,35.47,50.77,59.41,37.66,17.2,17.8,52.0,48.08,55.97,42.43,46.01,15.13,13.0,41.77,43.19,7.62
2,17.49,19.21,0.0,58.19,72.92,37.36,37.44,48.1,54.38,33.02,43.01,31.14,47.63,45.01,19.42,36.5,28.79,44.82,39.85,24.6,39.62,35.0,59.08,22.14,52.55,50.57,38.6,17.03,51.97,31.26,30.81,33.24,40.31,26.25,25.08,26.31,36.35,67.21,36.8,32.45,50.99,17.26,31.91,44.92,24.04,13.0
3,48.83,40.61,58.19,0.0,30.02,34.67,86.02,27.2,88.23,36.88,15.23,53.37,101.79,61.74,42.72,23.02,86.98,90.45,71.4,77.7,84.9,77.08,16.49,62.48,46.86,41.0,78.92,51.61,55.22,60.21,73.25,83.6,95.88,64.38,36.62,51.48,81.39,27.66,93.06,82.01,41.98,43.91,28.07,72.11,80.5,45.22
4,69.89,53.76,72.92,30.02,0.0,61.68,89.49,25.24,83.05,41.34,38.28,54.08,120.22,55.15,63.51,46.62,100.21,91.44,96.61,96.26,107.07,99.86,46.27,84.31,35.0,70.46,79.08,72.67,44.05,60.73,75.89,103.71,113.17,87.13,58.67,55.04,103.47,5.83,109.71,86.73,71.45,63.82,41.87,67.27,96.94,60.83
5,21.02,30.41,37.36,34.67,61.68,0.0,73.82,45.1,85.8,40.72,23.54,52.63,71.31,66.29,18.03,16.0,63.0,80.53,36.88,48.51,51.87,43.83,26.42,31.02,61.4,14.87,71.85,23.02,66.31,57.28,64.35,52.39,66.76,31.76,13.6,48.17,48.55,57.49,64.76,68.94,15.62,20.25,28.46,72.18,53.46,28.3
6,54.92,46.87,37.44,86.02,89.49,73.82,0.0,65.51,25.08,50.36,72.44,35.44,58.01,38.42,55.9,68.66,31.26,8.06,73.01,47.42,64.62,64.01,91.78,56.64,57.31,87.71,12.81,54.41,50.8,28.79,13.6,55.36,50.09,60.31,60.54,35.36,62.65,83.82,46.17,5.0,88.19,53.67,58.14,28.43,40.5,45.88
7,47.54,29.21,48.1,27.2,25.24,45.1,65.51,0.0,62.97,16.12,23.41,30.27,95.67,35.44,41.44,29.15,75.0,68.36,75.96,72.01,84.12,77.39,41.23,61.74,19.8,57.49,56.14,50.16,28.02,37.22,51.97,79.88,88.41,65.0,37.85,30.36,80.53,19.42,84.85,62.36,58.46,41.23,18.97,46.69,72.14,36.62
8,70.43,55.61,54.38,88.23,83.05,85.8,25.08,62.97,0.0,51.62,77.39,35.34,83.01,28.02,69.31,76.32,56.04,18.97,93.47,70.34,87.8,86.03,97.94,76.06,48.09,100.57,16.16,70.8,39.32,29.15,23.71,78.85,75.01,80.06,72.25,38.59,85.44,78.0,71.03,28.07,101.24,67.21,63.06,16.28,64.13,57.98
9,36.22,15.52,33.02,36.88,41.34,40.72,50.36,16.12,51.62,0.0,26.08,16.49,80.6,26.91,31.0,27.02,59.03,54.01,65.38,57.45,70.94,64.85,46.65,49.48,22.0,55.07,42.19,38.47,25.63,23.35,37.05,65.76,73.11,53.15,29.61,15.03,67.42,35.51,69.43,46.87,55.95,30.07,12.81,35.78,56.85,23.09
10,34.06,26.02,43.01,15.23,38.28,23.54,72.44,23.41,77.39,26.08,0.0,42.05,86.84,52.8,27.8,8.6,71.78,77.47,58.67,62.68,70.77,63.13,20.59,48.08,42.19,34.37,66.48,36.88,49.04,48.47,60.21,68.88,80.78,50.33,21.93,39.22,67.21,33.96,77.9,68.18,35.36,28.84,14.56,61.77,65.3,30.08
11,41.76,22.47,31.14,53.37,54.08,52.63,35.44,30.27,35.34,16.49,42.05,0.0,75.58,14.56,38.48,41.4,50.8,38.12,69.58,54.82,70.71,66.07,62.61,52.15,24.08,67.48,26.0,43.17,21.19,7.0,21.84,63.79,67.54,56.22,39.66,5.1,67.48,48.38,63.53,32.7,68.25,36.77,27.78,20.0,52.0,27.51
12,53.0,66.53,47.63,101.79,120.22,71.31,58.01,95.67,83.01,80.6,86.84,75.58,0.0,86.98,59.08,78.77,27.17,65.19,42.01,24.21,23.09,30.07,97.58,40.31,98.98,77.67,68.36,50.25,96.66,72.8,63.15,18.97,8.25,39.85,65.19,71.59,25.02,114.59,12.37,55.08,77.47,58.01,78.52,81.79,23.85,59.4
13,56.32,36.67,45.01,61.74,55.15,66.29,38.42,35.44,28.02,26.91,52.8,14.56,86.98,0.0,52.92,53.76,60.84,38.01,84.01,67.74,84.21,80.01,73.24,66.48,20.4,81.02,26.08,57.72,12.53,14.32,26.25,76.79,78.77,70.58,53.71,19.65,81.1,50.01,74.67,37.48,81.84,51.26,39.6,12.17,64.03,42.06
14,6.4,16.49,19.42,42.72,63.51,18.03,55.9,41.44,69.31,31.0,27.8,38.48,59.08,52.92,0.0,19.72,46.39,62.77,34.71,34.99,43.6,36.36,40.61,20.81,53.0,31.91,54.67,9.22,55.73,41.88,47.01,41.11,53.24,23.71,6.32,33.54,40.0,58.31,50.57,50.99,32.45,2.24,22.47,56.86,38.28,11.4
15,25.81,21.84,36.5,23.02,46.62,16.0,68.66,29.15,76.32,27.02,8.6,41.4,78.77,53.76,19.72,0.0,65.0,74.33,50.12,54.71,62.24,54.56,23.19,39.62,46.24,28.79,64.08,28.6,51.97,47.17,57.25,60.61,72.95,41.77,13.6,37.74,58.69,42.06,70.21,64.13,29.73,21.02,14.21,61.4,57.78,24.02
16,42.01,47.41,28.79,86.98,100.21,63.0,31.26,75.0,56.04,59.03,71.78,50.8,27.17,60.84,46.39,65.0,0.0,38.83,48.01,20.0,35.23,36.8,86.98,35.74,74.81,73.82,41.19,40.01,71.34,47.01,36.14,25.81,19.03,38.08,52.61,47.51,34.06,94.4,15.0,28.0,73.98,44.55,60.37,54.82,12.21,41.79
17,62.2,52.5,44.82,90.45,91.44,80.53,8.06,68.36,18.97,54.01,77.47,38.12,65.19,38.01,62.77,74.33,38.83,0.0,81.02,55.46,72.62,72.07,97.27,64.54,57.94,94.67,12.37,61.85,50.54,31.14,17.26,63.32,57.43,68.25,67.08,39.05,70.68,85.91,53.6,12.81,95.19,60.54,62.97,26.63,48.47,52.33
18,29.15,50.09,39.85,71.4,96.61,36.88,73.01,75.96,93.47,65.38,58.67,69.58,42.01,84.01,34.71,50.12,48.01,81.02,0.0,28.02,19.03,12.37,62.37,17.72,87.28,38.01,77.37,27.02,89.02,70.83,69.78,25.0,41.0,13.6,38.28,64.5,17.12,91.79,41.11,68.24,37.58,35.36,57.01,84.77,35.81,43.0
19,29.07,42.8,24.6,77.7,96.26,48.51,47.42,72.01,70.34,57.45,62.68,54.82,24.21,67.74,34.99,54.71,20.0,55.46,28.02,0.0,17.46,17.03,74.33,18.03,77.08,57.01,54.34,26.4,75.96,53.46,47.52,9.06,18.38,19.24,41.18,50.29,15.23,90.69,16.28,43.08,57.0,33.84,54.45,65.03,7.81,35.47
20,37.2,55.54,39.62,84.9,107.07,51.87,64.62,84.12,87.8,70.94,70.77,70.71,23.09,84.21,43.6,62.24,35.23,72.62,19.03,17.46,0.0,8.06,78.23,22.8,91.76,55.97,71.81,34.41,91.59,70.06,64.94,9.43,23.26,20.52,48.92,65.92,3.61,101.79,24.41,60.41,55.66,43.27,65.51,82.22,24.17,47.93
21,30.02,49.34,35.0,77.08,99.86,43.83,64.01,77.39,86.03,64.85,63.13,66.07,30.07,80.01,36.36,54.56,36.8,72.07,12.37,17.03,8.06,0.0,70.18,15.65,86.12,48.08,69.89,27.29,86.58,66.12,62.64,12.65,28.64,12.81,41.4,61.13,5.1,94.67,28.79,59.48,47.8,36.24,58.59,79.08,24.76,41.76
22,45.61,44.91,59.08,16.49,46.27,26.42,91.78,41.23,97.94,46.65,20.59,62.61,97.58,73.24,40.61,23.19,86.98,97.27,62.37,74.33,78.23,70.18,0.0,57.27,60.96,27.29,86.65,48.08,68.59,68.94,80.08,78.72,92.7,58.18,34.37,59.62,74.95,44.15,90.44,87.3,28.18,42.43,34.93,82.37,78.59,47.04
23,14.42,33.96,22.14,62.48,84.31,31.02,56.64,61.74,76.06,49.48,48.08,52.15,40.31,66.48,20.81,39.62,35.74,64.54,17.72,18.03,22.8,15.65,57.27,0.0,71.02,39.0,60.03,11.66,72.06,53.15,52.35,21.47,35.9,4.12,26.17,47.1,19.21,79.08,34.23,51.74,39.01,20.59,42.94,67.05,24.33,26.48
24,58.14,37.22,52.55,46.86,35.0,61.4,57.31,19.8,48.09,22.0,42.19,24.08,98.98,20.4,53.0,46.24,74.81,57.94,87.28,77.08,91.76,86.12,60.96,71.02,0.0,75.03,45.69,60.3,9.22,29.21,44.1,85.8,91.07,74.81,51.35,27.46,88.32,30.15,87.13,55.47,75.96,52.04,32.98,32.56,75.18,44.55
25,33.24,45.28,50.57,41.0,70.46,14.87,87.71,57.49,100.57,55.07,34.37,67.48,77.67,81.02,31.91,28.79,73.82,94.67,38.01,57.01,55.97,48.08,27.29,39.0,75.03,0.0,86.4,34.48,80.5,72.14,78.82,58.86,74.43,38.21,28.32,63.03,53.16,67.07,73.11,82.76,1.0,34.13,42.49,87.05,63.13,42.8
26,55.17,42.49,38.6,78.92,79.08,71.85,12.81,56.14,16.16,42.19,66.48,26.0,68.36,26.08,54.67,64.08,41.19,12.37,77.37,54.34,71.81,69.89,86.65,60.03,45.69,86.4,0.0,55.32,38.59,19.0,7.81,62.97,60.21,64.01,58.25,27.46,69.38,73.55,56.14,13.6,87.01,52.5,51.92,15.62,48.37,43.6
27,2.83,23.09,17.03,51.61,72.67,23.02,54.41,50.16,70.8,38.47,36.88,43.17,50.25,57.72,9.22,28.6,40.01,61.85,27.02,26.4,34.41,27.29,48.08,11.66,60.3,34.48,55.32,0.0,62.07,45.31,47.51,32.02,44.78,14.87,15.0,38.08,30.81,67.42,42.38,49.41,34.79,8.94,31.3,59.93,30.59,16.03
28,60.21,39.32,51.97,55.22,44.05,66.31,50.8,28.02,39.32,25.63,49.04,21.19,96.66,12.53,55.73,51.97,71.34,50.54,89.02,75.96,91.59,86.58,68.59,72.06,9.22,80.5,38.59,62.07,0.0,24.41,38.21,84.9,88.57,76.03,55.08,25.71,88.28,39.32,84.53,49.58,81.39,54.45,38.01,24.35,73.16,46.04
29,44.28,26.87,31.26,60.21,60.73,57.28,28.79,37.22,29.15,23.35,48.47,7.0,72.8,14.32,41.88,47.17,47.01,31.14,70.83,53.46,70.06,66.12,68.94,53.15,29.21,72.14,19.0,45.31,24.41,0.0,15.23,62.51,64.62,57.27,43.93,9.43,67.01,55.08,60.54,26.42,72.86,39.96,34.01,15.0,49.73,30.53
30,47.38,35.47,30.81,73.25,75.89,64.35,13.6,51.97,23.71,37.05,60.21,21.84,63.15,26.25,47.01,57.25,36.14,17.26,69.78,47.52,64.94,62.64,80.08,52.35,44.1,78.82,7.81,47.51,38.21,15.23,0.0,56.32,54.92,56.36,50.77,22.02,62.37,70.21,50.8,11.4,79.4,44.82,45.71,18.68,42.01,36.06
31,34.83,50.77,33.24,83.6,103.71,52.39,55.36,79.88,78.85,65.76,68.88,63.79,18.97,76.79,41.11,60.61,25.81,63.32,25.0,9.06,9.43,12.65,78.72,21.47,85.8,58.86,62.97,32.02,84.9,62.51,56.32,0.0,16.12,20.88,47.01,59.2,8.6,98.23,16.16,51.24,58.69,40.31,61.85,74.01,14.87,43.27
32,47.42,59.41,40.31,95.88,113.17,66.76,50.09,88.41,75.01,73.11,80.78,67.54,8.25,78.77,53.24,72.95,19.03,57.43,41.0,18.38,23.26,28.64,92.7,35.9,91.07,74.43,60.21,44.78,88.57,64.62,54.92,16.12,0.0,36.22,59.48,63.63,24.04,107.49,4.12,47.01,74.33,51.97,71.7,73.55,16.28,52.5
33,17.46,37.66,26.25,64.38,87.13,31.76,60.31,65.0,80.06,53.15,50.33,56.22,39.85,70.58,23.71,41.77,38.08,68.25,13.6,19.24,20.52,12.81,58.18,4.12,74.81,38.21,64.01,14.87,76.03,57.27,56.36,20.88,36.22,0.0,28.6,51.16,17.03,81.99,35.0,55.44,38.12,23.77,46.1,71.17,26.25,30.27
34,12.21,17.2,25.08,36.62,58.67,13.6,60.54,37.85,72.25,29.61,21.93,39.66,65.19,53.71,6.32,13.6,52.61,67.08,38.28,41.18,48.92,41.4,34.37,26.17,51.35,28.32,58.25,15.0,55.08,43.93,50.77,47.01,59.48,28.6,0.0,35.0,45.34,53.67,56.86,55.71,29.0,8.06,19.1,58.9,44.6,14.76
35,36.69,17.8,26.31,51.48,55.04,48.17,35.36,30.36,38.59,15.03,39.22,5.1,71.59,19.65,33.54,37.74,47.51,39.05,64.5,50.29,65.92,61.13,59.62,47.1,27.46,63.03,27.46,38.08,25.71,9.43,22.02,59.2,63.63,51.16,35.0,0.0,62.65,49.24,59.68,32.02,63.78,31.78,24.7,24.04,47.85,22.47
36,33.6,52.0,36.35,81.39,103.47,48.55,62.65,80.53,85.44,67.42,67.21,67.48,25.02,81.1,40.0,58.69,34.06,70.68,17.12,15.23,3.61,5.1,74.95,19.21,88.32,53.16,69.38,30.81,88.28,67.01,62.37,8.6,24.04,17.03,45.34,62.65,0.0,98.18,24.6,58.31,52.89,39.66,61.91,79.4,22.47,44.38
37,64.66,48.08,67.21,27.66,5.83,57.49,83.82,19.42,78.0,35.51,33.96,48.38,114.59,50.01,58.31,42.06,94.4,85.91,91.79,90.69,101.79,94.67,44.15,79.08,30.15,67.07,73.55,67.42,39.32,55.08,70.21,98.23,107.49,81.99,53.67,49.24,98.18,0.0,104.0,80.99,68.07,58.52,36.4,62.07,91.24,55.23
38,44.94,55.97,36.8,93.06,109.71,64.76,46.17,84.85,71.03,69.43,77.9,63.53,12.37,74.67,50.57,70.21,15.0,53.6,41.11,16.28,24.41,28.79,90.44,34.23,87.13,73.11,56.14,42.38,84.53,60.54,50.8,16.16,4.12,35.0,56.86,59.68,24.6,104.0,0.0,43.0,73.06,49.19,68.41,69.43,12.81,49.2
39,49.93,42.43,32.45,82.01,86.73,68.94,5.0,62.36,28.07,46.87,68.18,32.7,55.08,37.48,50.99,64.13,28.0,12.81,68.24,43.08,60.41,59.48,87.3,51.74,55.47,82.76,13.6,49.41,49.58,26.42,11.4,51.24,47.01,55.44,55.71,32.02,58.31,80.99,43.0,0.0,83.24,48.75,54.01,28.65,36.4,41.11
40,33.62,46.01,50.99,41.98,71.45,15.62,88.19,58.46,101.24,55.95,35.36,68.25,77.47,81.84,32.45,29.73,73.98,95.19,37.58,57.0,55.66,47.8,28.18,39.01,75.96,1.0,87.01,34.79,81.39,72.86,79.4,58.69,74.33,38.12,29.0,63.78,52.89,68.07,73.06,83.24,0.0,34.67,43.38,87.78,63.2,43.42
41,6.32,15.13,17.26,43.91,63.82,20.25,53.67,41.23,67.21,30.07,28.84,36.77,58.01,51.26,2.24,21.02,44.55,60.54,35.36,33.84,43.27,36.24,42.43,20.59,52.04,34.13,52.5,8.94,54.45,39.96,44.82,40.31,51.97,23.77,8.06,31.78,39.66,58.52,49.19,48.75,34.67,0.0,22.36,54.92,36.77,9.43
42,28.64,13.0,31.91,28.07,41.87,28.46,58.14,18.97,63.06,12.81,14.56,27.78,78.52,39.6,22.47,14.21,60.37,62.97,57.01,54.45,65.51,58.59,34.93,42.94,32.98,42.49,51.92,31.3,38.01,34.01,45.71,61.85,71.7,46.1,19.1,24.7,61.91,36.4,68.41,54.01,43.38,22.36,0.0,47.71,55.61,19.21
43,59.06,41.77,44.92,72.11,67.27,72.18,28.43,46.69,16.28,35.78,61.77,20.0,81.79,12.17,56.86,61.4,54.82,26.63,84.77,65.03,82.22,79.08,82.37,67.05,32.56,87.05,15.62,59.93,24.35,15.0,18.68,74.01,73.55,71.17,58.9,24.04,79.4,62.07,69.43,28.65,87.78,54.92,47.71,0.0,60.13,45.49
44,32.98,43.19,24.04,80.5,96.94,53.46,40.5,72.14,64.13,56.85,65.3,52.0,23.85,64.03,38.28,57.78,12.21,48.47,35.81,7.81,24.17,24.76,78.59,24.33,75.18,63.13,48.37,30.59,73.16,49.73,42.01,14.87,16.28,26.25,44.6,47.85,22.47,91.24,12.81,36.4,63.2,36.77,55.61,60.13,0.0,36.4
45,14.32,7.62,13.0,45.22,60.83,28.3,45.88,36.62,57.98,23.09,30.08,27.51,59.4,42.06,11.4,24.02,41.79,52.33,43.0,35.47,47.93,41.76,47.04,26.48,44.55,42.8,43.6,16.03,46.04,30.53,36.06,43.27,52.5,30.27,14.76,22.47,44.38,55.23,49.2,41.11,43.42,9.43,19.21,45.49,36.4,0.0
