set K:= 1	2	3	4	5;
set C_H:= 1	2	3	4	5	6	7	8	9	10	11	12	13	14	15	16	17	18	19	20	21	22	23	24;
set C_S:= 25	26	27	28	29	30	31	32	33	34	35;
set C_F:= 36	37	38;
set M:= 39	40;
set L_B:= 41	42	43	44	45;
set A1:=
(0,*) 1 2 3 4 5 6 7 8 9 10 11 12 13 14 15 16 17 18 19 20 21 22 23 24 36 37 38 39 40 41 42 43 44 45
(1,*) 0 2 3 4 5 6 7 8 9 10 11 12 13 14 15 16 17 18 19 20 21 22 23 24 36 37 38 39 40 41 42 43 44 45
(2,*) 0 1 3 4 5 6 7 8 9 10 11 12 13 14 15 16 17 18 19 20 21 22 23 24 36 37 38 39 40 41 42 43 44 45
(3,*) 0 1 2 4 5 6 7 8 9 10 11 12 13 14 15 16 17 18 19 20 21 22 23 24 36 37 38 39 40 41 42 43 44 45
(4,*) 0 1 2 3 5 6 7 8 9 10 11 12 13 14 15 16 17 18 19 20 21 22 23 24 36 37 38 39 40 41 42 43 44 45
(5,*) 0 1 2 3 4 6 7 8 9 10 11 12 13 14 15 16 17 18 19 20 21 22 23 24 36 37 38 39 40 41 42 43 44 45
(6,*) 0 1 2 3 4 5 7 8 9 10 11 12 13 14 15 16 17 18 19 20 21 22 23 24 36 37 38 39 40 41 42 43 44 45
(7,*) 0 1 2 3 4 5 6 8 9 10 11 12 13 14 15 16 17 18 19 20 21 22 23 24 36 37 38 39 40 41 42 43 44 45
(8,*) 0 1 2 3 4 5 6 7 9 10 11 12 13 14 15 16 17 18 19 20 21 22 23 24 36 37 38 39 40 41 42 43 44 45
(9,*) 0 1 2 3 4 5 6 7 8 10 11 12 13 14 15 16 17 18 19 20 21 22 23 24 36 37 38 39 40 41 42 43 44 45
(10,*) 0 1 2 3 4 5 6 7 8 9 11 12 13 14 15 16 17 18 19 20 21 22 23 24 36 37 38 39 40 41 42 43 44 45
(11,*) 0 1 2 3 4 5 6 7 8 9 10 12 13 14 15 16 17 18 19 20 21 22 23 24 36 37 38 39 40 41 42 43 44 45
(12,*) 0 1 2 3 4 5 6 7 8 9 10 11 13 14 15 16 17 18 19 20 21 22 23 24 36 37 38 39 40 41 42 43 44 45
(13,*) 0 1 2 3 4 5 6 7 8 9 10 11 12 14 15 16 17 18 19 20 21 22 23 24 36 37 38 39 40 41 42 43 44 45
(14,*) 0 1 2 3 4 5 6 7 8 9 10 11 12 13 15 16 17 18 19 20 21 22 23 24 36 37 38 39 40 41 42 43 44 45
(15,*) 0 1 2 3 4 5 6 7 8 9 10 11 12 13 14 16 17 18 19 20 21 22 23 24 36 37 38 39 40 41 42 43 44 45
(16,*) 0 1 2 3 4 5 6 7 8 9 10 11 12 13 14 15 17 18 19 20 21 22 23 24 36 37 38 39 40 41 42 43 44 45
(17,*) 0 1 2 3 4 5 6 7 8 9 10 11 12 13 14 15 16 18 19 20 21 22 23 24 36 37 38 39 40 41 42 43 44 45
(18,*) 0 1 2 3 4 5 6 7 8 9 10 11 12 13 14 15 16 17 19 20 21 22 23 24 36 37 38 39 40 41 42 43 44 45
(19,*) 0 1 2 3 4 5 6 7 8 9 10 11 12 13 14 15 16 17 18 20 21 22 23 24 36 37 38 39 40 41 42 43 44 45
(20,*) 0 1 2 3 4 5 6 7 8 9 10 11 12 13 14 15 16 17 18 19 21 22 23 24 36 37 38 39 40 41 42 43 44 45
(21,*) 0 1 2 3 4 5 6 7 8 9 10 11 12 13 14 15 16 17 18 19 20 22 23 24 36 37 38 39 40 41 42 43 44 45
(22,*) 0 1 2 3 4 5 6 7 8 9 10 11 12 13 14 15 16 17 18 19 20 21 23 24 36 37 38 39 40 41 42 43 44 45
(23,*) 0 1 2 3 4 5 6 7 8 9 10 11 12 13 14 15 16 17 18 19 20 21 22 24 36 37 38 39 40 41 42 43 44 45
(24,*) 0 1 2 3 4 5 6 7 8 9 10 11 12 13 14 15 16 17 18 19 20 21 22 23 36 37 38 39 40 41 42 43 44 45
(36,*) 0 1 2 3 4 5 6 7 8 9 10 11 12 13 14 15 16 17 18 19 20 21 22 23 24 37 38 39 40 41 42 43 44 45
(37,*) 0 1 2 3 4 5 6 7 8 9 10 11 12 13 14 15 16 17 18 19 20 21 22 23 24 36 38 39 40 41 42 43 44 45
(38,*) 0 1 2 3 4 5 6 7 8 9 10 11 12 13 14 15 16 17 18 19 20 21 22 23 24 36 37 39 40 41 42 43 44 45
(39,*) 0 1 2 3 4 5 6 7 8 9 10 11 12 13 14 15 16 17 18 19 20 21 22 23 24 36 37 38 40 41 42 43 44 45
(40,*) 0 1 2 3 4 5 6 7 8 9 10 11 12 13 14 15 16 17 18 19 20 21 22 23 24 36 37 38 39 41 42 43 44 45
(41,*) 0 1 2 3 4 5 6 7 8 9 10 11 12 13 14 15 16 17 18 19 20 21 22 23 24 36 37 38 39 40 42 43 44 45
(42,*) 0 1 2 3 4 5 6 7 8 9 10 11 12 13 14 15 16 17 18 19 20 21 22 23 24 36 37 38 39 40 41 43 44 45
(43,*) 0 1 2 3 4 5 6 7 8 9 10 11 12 13 14 15 16 17 18 19 20 21 22 23 24 36 37 38 39 40 41 42 44 45
(44,*) 0 1 2 3 4 5 6 7 8 9 10 11 12 13 14 15 16 17 18 19 20 21 22 23 24 36 37 38 39 40 41 42 43 45
(45,*) 0 1 2 3 4 5 6 7 8 9 10 11 12 13 14 15 16 17 18 19 20 21 22 23 24 36 37 38 39 40 41 42 43 44
;
set A2:=
(39,*) 40
(40,*) 39
;
param BigM:=99999;
param n:= 5;
param d:=
1	5
2	24
3	26
4	3
5	20
6	16
7	9
8	21
9	3
10	14
11	6
12	5
13	3
14	16
15	10
16	20
17	24
18	6
19	1
20	7
21	6
22	19
23	4
24	7
25	20
26	23
27	15
28	6
29	13
30	20
31	22
32	12
33	2
34	13
35	24
36	3
37	24
38	3
;
param Q:=100;
param w:=
[39,*] 40 1
[40,*] 39 1
;
param V:=
[39,*] 40 86
[40,*] 39 86
;
param f:=
39	100
40	100
41	100
42	100
43	100
44	100
45	100
;
param e:
	39	40	41	42	43	44	45:=
25	0	0	0	1	1	1	1	
26	0	1	1	1	1	0	1	
27	1	0	0	0	0	1	0	
28	1	0	0	0	0	1	0	
29	0	0	1	1	1	1	1	
30	1	0	0	0	0	0	0	
31	0	0	1	1	1	1	1	
32	0	1	1	1	1	1	1	
33	0	0	1	1	1	1	1	
34	1	0	1	1	0	1	1	
35	1	0	1	0	0	0	0	
36	1	0	0	0	0	0	0	
37	0	0	0	0	0	0	1	
38	0	0	0	0	0	1	0	
;
param p:=
1	1
2	1
3	1
4	1
5	1
;
param G:=
39	82
40	86
41	81
42	88
43	85
44	93
45	92
;
param s:=
0	0
1	15
2	15
3	15
4	15
5	15
6	15
7	15
8	15
9	15
10	15
11	15
12	15
13	15
14	15
15	15
16	15
17	15
18	15
19	15
20	15
21	15
22	15
23	15
24	15
36	15
37	15
38	15
39	10
40	10
41	10
42	10
43	10
44	10
45	10
;
param t:
	0	1	2	3	4	5	6	7	8	9	10	11	12	13	14	15	16	17	18	19	20	21	22	23	24	25	26	27	28	29	30	31	32	33	34	35	36	37	38	39	40	41	42	43	44	45:=
0	0.0	37.58	70.0	62.03	22.8	18.0	61.19	27.2	19.7	48.37	45.12	40.5	14.42	43.27	41.23	34.53	73.76	63.15	50.99	36.5	18.87	76.16	61.06	95.85	36.5	4.0	47.41	77.25	69.57	16.12	86.35	68.96	52.8	32.25	65.51	85.16	88.54	2.0	14.42	87.09	54.57	50.7	41.79	39.36	42.3	32.25
1	37.58	0.0	39.4	24.74	34.0	22.63	26.31	34.18	17.89	69.86	11.66	30.27	42.19	8.25	10.2	43.86	73.35	81.04	13.42	65.6	24.0	62.77	68.03	76.37	10.2	34.0	59.23	39.85	32.56	22.8	50.16	48.17	48.66	6.0	30.07	58.31	51.42	39.4	50.48	50.49	72.12	37.34	31.4	34.01	13.6	20.1
2	70.0	39.4	0.0	25.06	53.85	52.0	15.62	50.6	52.61	80.0	27.86	34.93	78.92	41.62	46.04	83.26	60.17	84.9	32.56	84.1	62.1	38.21	64.4	42.05	34.53	66.0	63.78	28.07	22.36	54.04	24.41	20.4	42.52	44.94	15.23	19.8	31.3	72.0	78.92	26.93	77.83	29.83	34.44	39.36	28.44	38.21
3	62.03	24.74	25.06	0.0	53.81	45.65	10.2	52.35	42.38	87.2	18.44	41.18	66.75	22.09	26.31	65.12	78.64	95.77	12.0	86.37	48.37	60.53	78.43	67.08	27.2	58.31	73.43	15.23	8.0	46.52	26.08	42.76	56.32	30.59	10.0	44.41	26.68	63.91	74.24	26.02	87.46	42.45	41.59	46.14	23.35	36.77
4	22.8	34.0	53.85	53.81	0.0	14.0	49.4	4.47	22.0	36.06	35.38	20.0	36.77	42.05	42.38	53.67	51.61	48.37	45.61	32.56	31.05	53.67	40.5	74.0	26.91	19.8	28.28	68.41	60.0	16.12	74.24	48.37	30.0	31.62	53.85	66.0	78.23	24.41	26.08	75.66	39.32	29.43	21.02	17.46	30.61	17.2
5	18.0	22.63	52.0	45.65	14.0	0.0	43.68	16.49	8.0	49.48	27.86	24.41	28.64	30.0	29.53	41.62	63.53	62.29	35.61	43.27	17.89	61.22	53.85	79.65	18.97	14.0	42.19	60.83	52.8	2.83	68.96	52.0	40.0	18.87	48.08	67.47	71.69	20.0	28.64	69.89	53.24	34.67	25.81	24.76	24.52	14.56
6	61.19	26.31	15.62	10.2	49.4	43.68	0.0	47.2	42.19	80.72	16.12	34.06	68.0	26.83	31.3	69.57	69.05	88.2	17.2	81.61	50.16	50.36	69.86	57.31	24.74	57.27	66.03	20.0	11.66	45.12	25.3	32.56	47.54	32.25	4.47	35.38	28.84	63.15	72.11	26.4	80.21	33.62	34.21	39.05	19.31	32.25
7	27.2	34.18	50.6	52.35	4.47	16.49	47.2	0.0	24.33	35.78	34.06	16.12	41.04	42.38	43.17	57.31	47.71	47.07	44.94	34.41	34.18	49.19	37.36	69.57	26.08	24.08	26.0	66.6	58.14	18.97	71.69	44.18	25.61	32.56	51.61	62.03	76.03	28.84	30.27	73.25	38.08	25.18	17.03	13.15	29.0	15.62
8	19.7	17.89	52.61	42.38	22.0	8.0	42.19	24.33	0.0	57.27	26.08	29.73	26.31	24.08	22.8	35.38	70.68	70.26	31.3	50.12	11.31	66.48	61.61	83.76	18.11	16.12	50.16	57.58	50.0	6.32	67.08	55.57	46.65	12.81	46.39	69.57	68.96	21.54	32.8	67.68	61.2	39.62	31.14	31.06	24.19	18.44
9	48.37	69.86	80.0	87.2	36.06	49.48	80.72	35.78	57.27	0.0	69.34	46.69	61.61	78.0	78.43	82.87	42.76	15.23	80.62	16.97	64.12	60.83	26.31	82.61	61.77	48.04	17.09	100.66	92.2	50.99	103.48	66.21	39.4	67.68	84.9	85.09	108.9	48.66	38.63	105.48	8.6	50.22	46.67	41.73	64.07	51.11
10	45.12	11.66	27.86	18.44	35.38	27.86	16.12	34.06	26.08	69.34	0.0	24.74	52.04	16.12	20.0	55.46	66.12	78.79	12.17	67.94	34.53	52.8	63.15	65.12	8.94	41.23	56.46	33.29	25.06	29.12	41.23	37.2	42.05	17.09	20.4	46.65	43.86	47.07	56.46	42.06	70.21	29.15	25.5	29.41	5.39	18.44
11	40.5	30.27	34.93	41.18	20.0	24.41	34.06	16.12	29.73	46.69	24.74	0.0	52.84	38.05	40.45	65.12	43.17	54.59	36.88	49.19	41.04	36.88	38.47	55.46	20.1	36.77	32.25	54.04	45.61	27.2	57.2	28.64	18.44	31.62	38.21	46.0	62.29	42.38	46.04	59.03	46.32	10.3	1.41	5.0	19.42	11.66
12	14.42	42.19	78.92	66.75	36.77	28.64	68.0	41.04	26.31	61.61	52.04	52.84	0.0	45.61	42.38	22.09	88.09	76.66	54.92	48.04	18.44	89.31	75.47	108.24	44.41	16.97	61.77	81.58	74.67	26.0	92.35	80.62	66.6	36.22	72.03	95.6	93.38	13.42	24.0	92.66	68.31	63.13	54.2	52.43	50.49	43.08
13	43.27	8.25	41.62	22.09	42.05	30.0	26.83	42.38	24.08	78.0	16.12	38.05	45.61	0.0	4.47	43.17	80.89	89.29	10.2	73.24	27.2	68.88	76.11	80.92	18.0	40.0	67.47	36.22	30.07	29.73	48.17	53.25	56.32	11.31	29.73	61.22	48.17	44.94	56.85	48.01	80.36	44.38	39.12	42.01	19.92	28.28
14	41.23	10.2	46.04	26.31	42.38	29.53	31.3	43.17	22.8	78.43	20.0	40.45	42.38	4.47	0.0	38.83	83.55	90.24	14.56	72.72	24.17	72.47	78.0	85.04	20.4	38.21	68.73	40.05	34.23	28.84	52.35	57.2	58.86	10.77	34.18	65.6	52.04	42.8	55.17	52.09	81.25	47.43	41.59	44.1	23.26	30.0
15	34.53	43.86	83.26	65.12	53.67	41.62	69.57	57.31	35.38	82.87	55.46	65.12	22.09	43.17	38.83	0.0	104.96	97.67	53.37	70.0	24.08	101.82	94.02	118.41	50.48	35.44	80.99	78.23	72.99	38.83	91.08	90.0	81.61	38.47	72.8	102.0	90.2	34.23	46.04	90.67	89.05	74.95	66.53	66.22	56.08	53.74
16	73.76	73.35	60.17	78.64	51.61	63.53	69.05	47.71	70.68	42.76	66.12	43.17	88.09	80.89	83.55	104.96	0.0	36.5	78.03	57.58	81.41	25.46	16.49	43.86	63.15	71.22	29.53	87.36	80.05	66.24	84.1	40.25	24.74	74.73	71.81	55.32	91.39	75.07	71.22	86.82	35.13	37.01	41.98	40.16	61.29	54.41
17	63.15	81.04	84.9	95.77	48.37	62.29	88.2	47.07	70.26	15.23	78.79	54.59	76.66	89.29	90.24	97.67	36.5	0.0	90.62	31.62	78.03	59.09	22.36	79.7	72.11	62.51	22.36	108.17	99.86	64.12	109.12	68.41	42.43	79.62	92.09	86.53	115.26	63.56	53.85	111.4	9.06	55.44	54.2	49.65	73.41	61.35
18	50.99	13.42	32.56	12.0	45.61	35.61	17.2	44.94	31.3	80.62	12.17	36.88	54.92	10.2	14.56	53.37	78.03	90.62	0.0	77.9	36.5	63.25	75.31	73.24	18.87	47.41	68.35	26.68	20.0	36.06	38.05	46.52	54.15	18.97	19.7	52.35	38.47	52.8	63.81	38.01	81.94	41.01	37.66	41.48	17.46	29.53
19	36.5	65.6	84.1	86.37	32.56	43.27	81.61	34.41	50.12	16.97	67.94	49.19	48.04	73.24	72.72	70.0	57.58	31.62	77.9	0.0	54.41	72.03	41.23	94.02	59.4	37.36	28.64	100.9	92.46	43.91	106.0	73.76	48.17	62.13	86.02	92.65	110.44	36.22	24.08	107.62	25.5	55.66	49.66	44.78	63.13	49.68
20	18.87	24.0	62.1	48.37	31.05	17.89	50.16	34.18	11.31	64.12	34.53	41.04	18.44	27.2	24.17	24.08	81.41	78.03	36.5	54.41	0.0	77.79	71.47	94.87	27.86	17.09	59.23	63.15	56.32	15.23	74.11	66.57	57.69	18.0	54.04	79.85	74.97	20.0	33.29	74.33	69.07	50.93	42.45	42.2	33.84	29.73
21	76.16	62.77	38.21	60.53	53.67	61.22	50.36	49.19	66.48	60.83	52.8	36.88	89.31	68.88	72.47	101.82	25.46	59.09	63.25	72.03	77.79	0.0	36.77	22.0	53.25	72.72	44.18	66.27	60.0	64.03	60.73	18.0	24.74	66.03	52.04	30.0	68.41	77.9	78.43	63.6	55.08	26.87	35.47	36.89	49.24	48.08
22	61.06	68.03	64.4	78.43	40.5	53.85	69.86	37.36	61.61	26.31	63.15	38.47	75.47	76.11	78.0	94.02	16.49	22.36	75.31	41.23	71.47	36.77	0.0	57.72	58.14	59.06	14.14	89.44	81.44	56.32	88.81	46.69	22.36	68.12	73.35	64.4	95.41	62.13	56.57	91.26	19.03	36.25	37.66	34.13	57.87	48.0
23	95.85	76.37	42.05	67.08	74.0	79.65	57.31	69.57	83.76	82.61	65.12	55.46	108.24	80.92	85.04	118.41	43.86	79.7	73.24	94.02	94.87	22.0	57.72	0.0	68.12	92.2	66.12	67.91	63.91	82.37	58.14	28.43	46.39	80.72	57.27	24.33	66.12	97.69	99.46	61.13	76.49	45.19	54.13	56.65	62.97	65.51
24	36.5	10.2	34.53	27.2	26.91	18.97	24.74	26.08	18.11	61.77	8.94	20.1	44.41	18.0	20.4	50.48	63.15	72.11	18.87	59.4	27.86	53.25	58.14	68.12	0.0	32.56	50.0	42.19	34.0	20.4	50.0	39.7	38.47	12.81	29.12	52.0	52.8	38.47	47.54	50.92	63.32	27.31	21.21	24.02	6.08	10.77
25	4.0	34.0	66.0	58.31	19.8	14.0	57.27	24.08	16.12	48.04	41.23	36.77	16.97	40.0	38.21	35.44	71.22	62.51	47.41	37.36	17.09	72.72	59.06	92.2	32.56	0.0	45.69	73.54	65.79	12.17	82.46	65.15	49.68	28.84	61.61	81.22	84.76	6.0	16.97	83.24	53.76	47.01	38.08	35.85	38.33	28.28
26	47.41	59.23	63.78	73.43	28.28	42.19	66.03	26.0	50.16	17.09	56.46	32.25	61.77	67.47	68.73	80.99	29.53	22.36	68.35	28.64	59.23	44.18	14.14	66.12	50.0	45.69	0.0	86.02	77.67	44.41	87.68	49.19	22.36	58.31	70.0	68.03	93.51	48.37	42.43	89.83	14.21	33.97	31.91	27.29	51.08	39.29
27	77.25	39.85	28.07	15.23	68.41	60.83	20.0	66.6	57.58	100.66	33.29	54.04	81.58	36.22	40.05	78.23	87.36	108.17	26.68	100.9	63.15	66.27	89.44	67.91	42.19	73.54	86.02	0.0	8.49	61.74	14.42	48.37	67.08	45.61	16.12	43.68	12.0	79.12	89.44	13.0	100.21	53.24	54.2	59.03	37.8	51.22
28	69.57	32.56	22.36	8.0	60.0	52.8	11.66	58.14	50.0	92.2	25.06	45.61	74.67	30.07	34.23	72.99	80.05	99.86	20.0	92.46	56.32	60.0	81.44	63.91	34.0	65.79	77.67	8.49	0.0	53.85	18.11	42.0	59.09	38.47	8.25	40.25	18.97	71.47	81.44	18.03	91.84	45.19	45.8	50.61	29.41	42.8
29	16.12	22.8	54.04	46.52	16.12	2.83	45.12	18.97	6.32	50.99	29.12	27.2	26.0	29.73	28.84	38.83	66.24	64.12	36.06	43.91	15.23	64.03	56.32	82.37	20.4	12.17	44.41	61.74	53.85	0.0	70.34	54.63	42.8	18.44	49.48	69.86	72.8	18.11	27.78	71.17	55.08	37.44	28.6	27.59	26.17	17.09
30	86.35	50.16	24.41	26.08	74.24	68.96	25.3	71.69	67.08	103.48	41.23	57.2	92.35	48.17	52.35	91.08	84.1	109.12	38.05	106.0	74.11	60.73	88.81	58.14	50.0	82.46	87.68	14.42	18.11	70.34	0.0	43.86	66.84	56.14	20.88	34.0	8.0	88.29	97.41	3.0	101.83	53.76	57.01	62.01	44.6	57.27
31	68.96	48.17	20.4	42.76	48.37	52.0	32.56	44.18	55.57	66.21	37.2	28.64	80.62	53.25	57.2	90.0	40.25	68.41	46.52	73.76	66.57	18.0	46.69	28.43	39.7	65.15	49.19	48.37	42.0	54.63	43.86	0.0	26.83	52.35	34.06	18.97	51.26	70.88	74.43	46.62	62.43	19.03	27.46	31.06	34.66	37.58
32	52.8	48.66	42.52	56.32	30.0	40.0	47.54	25.61	46.65	39.4	42.05	18.44	66.6	56.32	58.86	81.61	24.74	42.43	54.15	48.17	57.69	24.74	22.36	46.39	38.47	49.68	22.36	67.08	59.09	42.8	66.84	26.83	0.0	50.0	50.99	45.69	73.24	54.41	53.85	69.2	35.81	13.93	17.26	15.65	37.0	29.73
33	32.25	6.0	44.94	30.59	31.62	18.87	32.25	32.56	12.81	67.68	17.09	31.62	36.22	11.31	10.77	38.47	74.73	79.62	18.97	62.13	18.0	66.03	68.12	80.72	12.81	28.84	58.31	45.61	38.47	18.44	56.14	52.35	50.0	0.0	36.06	63.53	57.27	34.0	45.61	56.44	70.61	39.82	32.89	34.71	17.8	20.4
34	65.51	30.07	15.23	10.0	53.85	48.08	4.47	51.61	46.39	84.9	20.4	38.21	72.03	29.73	34.18	72.8	71.81	92.09	19.7	86.02	54.04	52.04	73.35	57.27	29.12	61.61	70.0	16.12	8.25	49.48	20.88	34.06	50.99	36.06	0.0	34.41	24.41	67.47	76.55	21.93	84.2	37.12	38.29	43.19	23.77	36.72
35	85.16	58.31	19.8	44.41	66.0	67.47	35.38	62.03	69.57	85.09	46.65	46.0	95.6	61.22	65.6	102.0	55.32	86.53	52.35	92.65	79.85	30.0	64.4	24.33	52.0	81.22	68.03	43.68	40.25	69.86	34.0	18.97	45.69	63.53	34.41	0.0	42.0	87.13	92.02	37.0	81.01	37.34	45.01	49.16	46.1	52.95
36	88.54	51.42	31.3	26.68	78.23	71.69	28.84	76.03	68.96	108.9	43.86	62.29	93.38	48.17	52.04	90.2	91.39	115.26	38.47	110.44	74.97	68.41	95.41	66.12	52.8	84.76	93.51	12.0	18.97	72.8	8.0	51.26	73.24	57.27	24.41	42.0	0.0	90.44	100.32	5.0	107.71	59.82	62.24	67.21	47.89	61.06
37	2.0	39.4	72.0	63.91	24.41	20.0	63.15	28.84	21.54	48.66	47.07	42.38	13.42	44.94	42.8	34.23	75.07	63.56	52.8	36.22	20.0	77.9	62.13	97.69	38.47	6.0	48.37	79.12	71.47	18.11	88.29	70.88	54.41	34.0	67.47	87.13	90.44	0.0	13.42	89.02	55.08	52.55	43.66	41.15	44.28	34.23
38	14.42	50.48	78.92	74.24	26.08	28.64	72.11	30.27	32.8	38.63	56.46	46.04	24.0	56.85	55.17	46.04	71.22	53.85	63.81	24.08	33.29	78.43	56.57	99.46	47.54	16.97	42.43	89.44	81.44	27.78	97.41	74.43	53.85	45.61	76.55	92.02	100.32	13.42	0.0	98.43	46.07	55.44	47.1	43.42	52.81	40.79
39	87.09	50.49	26.93	26.02	75.66	69.89	26.4	73.25	67.68	105.48	42.06	59.03	92.66	48.01	52.09	90.67	86.82	111.4	38.01	107.62	74.33	63.6	91.26	61.13	50.92	83.24	89.83	13.0	18.03	71.17	3.0	46.62	69.2	56.44	21.93	37.0	5.0	89.02	98.43	0.0	104.0	55.97	58.9	63.89	45.69	58.59
40	54.57	72.12	77.83	87.46	39.32	53.24	80.21	38.08	61.2	8.6	70.21	46.32	68.31	80.36	81.25	89.05	35.13	9.06	81.94	25.5	69.07	55.08	19.03	76.49	63.32	53.76	14.21	100.21	91.84	55.08	101.83	62.43	35.81	70.61	84.2	81.01	107.71	55.08	46.07	104.0	0.0	48.08	46.04	41.34	64.85	52.55
41	50.7	37.34	29.83	42.45	29.43	34.67	33.62	25.18	39.62	50.22	29.15	10.3	63.13	44.38	47.43	74.95	37.01	55.44	41.01	55.66	50.93	26.87	36.25	45.19	27.31	47.01	33.97	53.24	45.19	37.44	53.76	19.03	13.93	39.82	37.12	37.34	59.82	52.55	55.44	55.97	48.08	0.0	8.94	12.04	24.52	21.21
42	41.79	31.4	34.44	41.59	21.02	25.81	34.21	17.03	31.14	46.67	25.5	1.41	54.2	39.12	41.59	66.53	41.98	54.2	37.66	49.66	42.45	35.47	37.66	54.13	21.21	38.08	31.91	54.2	45.8	28.6	57.01	27.46	17.26	32.89	38.29	45.01	62.24	43.66	47.1	58.9	46.04	8.94	0.0	5.0	20.22	13.04
43	39.36	34.01	39.36	46.14	17.46	24.76	39.05	13.15	31.06	41.73	29.41	5.0	52.43	42.01	44.1	66.22	40.16	49.65	41.48	44.78	42.2	36.89	34.13	56.65	24.02	35.85	27.29	59.03	50.61	27.59	62.01	31.06	15.65	34.71	43.19	49.16	67.21	41.15	43.42	63.89	41.34	12.04	5.0	0.0	24.04	14.32
44	42.3	13.6	28.44	23.35	30.61	24.52	19.31	29.0	24.19	64.07	5.39	19.42	50.49	19.92	23.26	56.08	61.29	73.41	17.46	63.13	33.84	49.24	57.87	62.97	6.08	38.33	51.08	37.8	29.41	26.17	44.6	34.66	37.0	17.8	23.77	46.1	47.89	44.28	52.81	45.69	64.85	24.52	20.22	24.04	0.0	13.45
45	32.25	20.1	38.21	36.77	17.2	14.56	32.25	15.62	18.44	51.11	18.44	11.66	43.08	28.28	30.0	53.74	54.41	61.35	29.53	49.68	29.73	48.08	48.0	65.51	10.77	28.28	39.29	51.22	42.8	17.09	57.27	37.58	29.73	20.4	36.72	52.95	61.06	34.23	40.79	58.59	52.55	21.21	13.04	14.32	13.45	0.0
;
