vehicles
vehicle_idx, capacity, cost_per_unit_distance
1,100,1
2,100,1
3,100,1
4,100,1
5,100,1
depot
node_idx,x,y
0,73,39
home delivery customers
node_idx,x,y,service_time,demand
1,67,91,15,23
2,39,21,15,3
3,3,9,15,24
4,57,85,15,25
5,21,15,15,13
6,47,57,15,5
7,51,97,15,7
8,35,11,15,24
9,27,91,15,15
10,49,25,15,9
11,71,27,15,13
12,31,43,15,16
13,27,9,15,13
14,67,99,15,24
15,23,81,15,23
16,71,91,15,3
17,19,77,15,15
18,87,79,15,19
19,19,83,15,4
20,1,59,15,15
21,55,7,15,1
self pickup customers
node_idx,x,y,service_time,demand,locker_idxs
22,97,15,15,15,34
23,91,65,15,15,36-39
24,55,75,15,24,36-35-39-40-42-38
25,55,71,15,7,40-35-42-38-39-36
26,63,69,15,13,36-39-38-42
27,29,93,15,16,35-36-40
28,87,81,15,20,39-36
29,89,33,15,20,34-39-41
30,65,77,15,12,39-42-38-36
flexible customers
node_idx,x,y,service_time,demand,locker_idxs
31,11,11,15,5,37
32,43,59,15,14,35-40-36-38-42-39-41
33,55,77,15,5,36-35-40-39-42-38
lockers
node_idx,x,y,service_time,capacity,cost_per_unit_good
34,93,12,10,91,100
35,22,88,10,91,100
36,65,88,10,91,100
37,25,15,10,80,100
38,48,55,10,72,100
39,62,56,10,99,100
40,22,78,10,98,100
41,58,26,10,88,100
42,50,53,10,92,100
mrt lines
start_node_idx,end_node_idx,freight_capacity,cost_per_unit_good
34,35,91,1
35,34,91,1
36,37,91,1
37,36,91,1
distance matrix
,0,1,2,3,4,5,6,7,8,9,10,11,12,13,14,15,16,17,18,19,20,21,22,23,24,25,26,27,28,29,30,31,32,33,34,35,36,37,38,39,40,41,42,
0,0.0,52.35,38.47,76.16,48.7,57.27,31.62,62.03,47.2,69.43,27.78,12.17,42.19,54.92,60.3,65.3,52.04,66.03,42.38,69.66,74.73,36.72,33.94,31.62,40.25,36.72,31.62,69.66,44.27,17.09,38.83,68.03,36.06,42.05,33.6,70.72,49.65,53.67,29.68,20.25,64.2,19.85,26.93
1,52.35,0.0,75.39,104.02,11.66,88.84,39.45,17.09,86.16,40.0,68.41,64.12,60.0,91.24,8.0,45.12,4.0,50.0,23.32,48.66,73.35,84.85,81.71,35.38,20.0,23.32,22.36,38.05,22.36,62.03,14.14,97.65,40.0,18.44,83.17,45.1,3.61,86.83,40.71,35.36,46.84,65.62,41.63
2,38.47,75.39,0.0,37.95,66.48,18.97,36.88,76.94,10.77,71.02,10.77,32.56,23.41,16.97,82.87,62.1,76.97,59.46,75.29,65.15,53.74,21.26,58.31,68.12,56.32,52.5,53.67,72.69,76.84,51.42,61.74,29.73,38.21,58.24,54.74,69.12,71.87,15.23,35.17,41.88,59.48,19.65,33.84
3,76.16,104.02,37.95,0.0,93.23,18.97,65.12,100.24,32.06,85.44,48.7,70.34,44.05,24.0,110.44,74.73,106.53,69.86,109.34,75.71,50.04,52.04,94.19,104.31,84.02,80.92,84.85,87.93,110.63,89.29,92.02,8.25,64.03,85.6,90.05,81.25,100.42,22.8,64.35,75.43,71.57,57.57,64.38
4,48.7,11.66,66.48,93.23,0.0,78.71,29.73,13.42,77.2,30.59,60.53,59.67,49.4,81.71,17.2,34.23,15.23,38.83,30.59,38.05,61.74,78.03,80.62,39.45,10.2,14.14,17.09,29.12,30.27,61.06,11.31,87.13,29.53,8.25,81.39,35.13,8.54,76.97,31.32,29.43,35.69,59.01,32.76
5,57.27,88.84,18.97,18.97,78.71,0.0,49.4,87.32,14.56,76.24,29.73,51.42,29.73,8.49,95.77,66.03,90.97,62.03,91.93,68.03,48.33,34.93,76.0,86.02,68.96,65.51,68.41,78.41,93.34,70.34,76.03,10.77,49.19,70.71,72.06,73.01,85.23,4.0,48.26,57.98,63.01,38.6,47.8
6,31.62,39.45,36.88,65.12,29.73,49.4,0.0,40.2,47.54,39.45,32.06,38.42,21.26,52.0,46.52,33.94,41.62,34.41,45.65,38.21,46.04,50.64,65.3,44.72,19.7,16.12,20.0,40.25,46.65,48.37,26.91,58.41,4.47,21.54,64.35,39.82,35.85,47.41,2.24,15.03,32.65,32.89,5.0
7,62.03,17.09,76.94,100.24,13.42,87.32,40.2,0.0,87.48,24.74,72.03,72.8,57.58,91.21,16.12,32.25,20.88,37.74,40.25,34.93,62.8,90.09,94.02,51.22,22.36,26.31,30.46,22.36,39.4,74.43,24.41,94.85,38.83,20.4,94.81,30.36,16.64,86.02,42.11,42.45,34.67,71.34,44.01
8,47.2,86.16,10.77,32.06,77.2,14.56,47.54,87.48,0.0,80.4,19.8,39.4,32.25,8.25,93.64,71.02,87.73,67.91,85.6,73.76,58.82,20.4,62.13,77.79,67.05,63.25,64.4,82.22,87.2,58.31,72.5,24.0,48.66,68.96,58.01,78.09,82.64,10.77,45.88,52.48,68.25,27.46,44.6
9,69.43,40.0,71.02,85.44,30.59,76.24,39.45,24.74,80.4,0.0,69.57,77.67,48.17,82.0,40.79,10.77,44.0,16.12,61.19,11.31,41.23,88.54,103.32,69.08,32.25,34.41,42.19,2.83,60.83,84.9,40.5,81.58,35.78,31.3,102.94,5.83,38.12,76.03,41.68,49.5,13.93,72.01,44.42
10,27.78,68.41,10.77,48.7,60.53,29.73,32.06,72.03,19.8,69.57,0.0,22.09,25.46,27.2,76.16,61.74,69.57,60.03,66.03,65.3,58.82,18.97,49.03,58.0,50.36,46.39,46.17,70.88,67.68,40.79,54.41,40.5,34.53,52.35,45.88,68.54,65.0,26.0,30.02,33.62,59.48,9.06,28.02
11,12.17,64.12,32.56,70.34,59.67,51.42,38.42,72.8,39.4,77.67,22.09,0.0,43.08,47.54,72.11,72.25,64.0,72.14,54.41,76.42,76.97,25.61,28.64,42.94,50.6,46.82,42.76,78.23,56.32,18.97,50.36,62.1,42.52,52.5,26.63,78.24,61.29,47.54,36.24,30.36,70.72,13.04,33.42
12,42.19,60.0,23.41,44.05,49.4,29.73,21.26,57.58,32.25,48.17,25.46,43.08,0.0,34.23,66.57,38.83,62.48,36.06,66.57,41.76,34.0,43.27,71.69,63.91,40.0,36.88,41.23,50.04,67.68,58.86,48.08,37.74,20.0,41.62,69.32,45.89,56.4,28.64,20.81,33.62,36.14,31.91,21.47
13,54.92,91.24,16.97,24.0,81.71,8.49,52.0,91.21,8.25,82.0,27.2,47.54,34.23,0.0,98.49,72.11,93.06,68.47,92.2,74.43,56.36,28.07,70.26,85.04,71.69,68.03,69.97,84.02,93.72,66.48,77.9,16.12,52.5,73.54,66.07,79.16,87.66,6.32,50.57,58.6,69.18,35.36,49.65
14,60.3,8.0,82.87,110.44,17.2,95.77,46.52,16.12,93.64,40.79,76.16,72.11,66.57,98.49,0.0,47.54,8.94,52.8,28.28,50.6,77.18,92.78,89.2,41.62,26.83,30.46,30.27,38.47,26.91,69.57,22.09,104.31,46.65,25.06,90.8,46.32,11.18,93.91,47.93,43.29,49.66,73.55,49.04
15,65.3,45.12,62.1,74.73,34.23,66.03,33.94,32.25,71.02,10.77,61.74,72.25,38.83,72.11,47.54,0.0,49.03,5.66,64.03,4.47,31.11,80.62,99.16,69.86,32.56,33.53,41.76,13.42,64.0,81.61,42.19,71.02,29.73,32.25,98.29,7.07,42.58,66.03,36.07,46.32,3.16,65.19,38.9
16,52.04,4.0,76.97,106.53,15.23,90.97,41.62,20.88,87.73,44.0,69.57,64.0,62.48,93.06,8.94,49.03,0.0,53.85,20.0,52.61,76.97,85.51,80.32,32.8,22.63,25.61,23.41,42.05,18.87,60.73,15.23,100.0,42.52,21.26,82.01,49.09,6.71,88.84,42.72,36.14,50.7,66.29,43.42
17,66.03,50.0,59.46,69.86,38.83,62.03,34.41,37.74,67.91,16.12,60.03,72.14,36.06,68.47,52.8,5.66,53.85,0.0,68.03,6.0,25.46,78.71,99.64,72.99,36.06,36.5,44.72,18.87,68.12,82.68,46.0,66.48,30.0,36.0,98.49,11.4,47.3,62.29,36.4,47.85,3.16,64.2,39.2
18,42.38,23.32,75.29,109.34,30.59,91.93,45.65,40.25,85.6,61.19,66.03,54.41,66.57,92.2,28.28,64.03,20.0,68.03,0.0,68.12,88.29,78.79,64.78,14.56,32.25,32.98,26.0,59.67,2.0,46.04,22.09,101.98,48.33,32.06,67.27,65.62,23.77,89.11,45.79,33.97,65.01,60.42,45.22
19,69.66,48.66,65.15,75.71,38.05,68.03,38.21,34.93,73.76,11.31,65.3,76.42,41.76,74.43,50.6,4.47,52.61,6.0,68.12,0.0,30.0,84.1,103.48,74.22,36.88,37.95,46.17,14.14,68.03,86.02,46.39,72.44,33.94,36.5,102.55,5.83,46.27,68.26,40.31,50.77,5.83,69.07,43.14
20,74.73,73.35,53.74,50.04,61.74,48.33,46.04,62.8,58.82,41.23,58.82,76.97,34.0,56.36,77.18,31.11,76.97,25.46,88.29,30.0,0.0,74.97,105.6,90.2,56.32,55.32,62.8,44.05,88.77,91.76,66.48,49.03,42.0,56.92,103.31,35.81,70.26,50.12,47.17,61.07,28.32,65.86,49.37
21,36.72,84.85,21.26,52.04,78.03,34.93,50.64,90.09,20.4,88.54,18.97,25.61,43.27,28.07,92.78,80.62,85.51,78.71,78.79,84.1,74.97,0.0,42.76,68.26,68.0,64.0,62.51,89.84,80.62,42.8,70.71,44.18,53.37,70.0,38.33,87.46,81.61,31.05,48.51,49.5,78.29,19.24,46.27
22,33.94,81.71,58.31,94.19,80.62,76.0,65.3,94.02,62.13,103.32,49.03,28.64,71.69,70.26,89.2,99.16,80.32,99.64,64.78,103.48,105.6,42.76,0.0,50.36,73.24,70.0,63.81,103.48,66.75,19.7,69.77,86.09,69.66,74.89,5.0,104.66,79.71,72.0,63.25,53.91,97.95,40.52,60.44
23,31.62,35.38,68.12,104.31,39.45,86.02,44.72,51.22,77.79,69.08,58.0,42.94,63.91,85.04,41.62,69.86,32.8,72.99,14.56,74.22,90.2,68.26,50.36,0.0,37.36,36.5,28.28,68.03,16.49,32.06,28.64,96.52,48.37,37.95,53.04,72.73,34.71,82.8,44.15,30.36,70.21,51.09,42.72
24,40.25,20.0,56.32,84.02,10.2,68.96,19.7,22.36,67.05,32.25,50.36,50.6,40.0,71.69,26.83,32.56,22.63,36.06,32.25,36.88,56.32,68.0,73.24,37.36,0.0,4.0,10.0,31.62,32.56,54.04,10.2,77.67,20.0,2.0,73.57,35.47,16.4,67.08,21.19,20.25,33.14,49.09,22.56
25,36.72,23.32,52.5,80.92,14.14,65.51,16.12,26.31,63.25,34.41,46.39,46.82,36.88,68.03,30.46,33.53,25.61,36.5,32.98,37.95,55.32,64.0,70.0,36.5,4.0,0.0,8.25,34.06,33.53,50.99,11.66,74.4,16.97,6.0,70.18,37.12,19.72,63.53,17.46,16.55,33.73,45.1,18.68
26,31.62,22.36,53.67,84.85,17.09,68.41,20.0,30.46,64.4,42.19,46.17,42.76,41.23,69.97,30.27,41.76,23.41,44.72,26.0,46.17,62.8,62.51,63.81,28.28,10.0,8.25,0.0,41.62,26.83,44.41,8.25,77.9,22.36,11.31,64.41,45.19,19.1,66.03,20.52,13.04,41.98,43.29,20.62
27,69.66,38.05,72.69,87.93,29.12,78.41,40.25,22.36,82.22,2.83,70.88,78.23,50.04,84.02,38.47,13.42,42.05,18.87,59.67,14.14,44.05,89.84,103.48,68.03,31.62,34.06,41.62,0.0,59.23,84.85,39.4,83.95,36.77,30.53,103.23,8.6,36.35,78.1,42.49,49.58,16.55,73.01,45.18
28,44.27,22.36,76.84,110.63,30.27,93.34,46.65,39.4,87.2,60.83,67.68,56.32,67.68,93.72,26.91,64.0,18.87,68.12,2.0,68.03,88.77,80.62,66.75,16.49,32.56,33.53,26.83,59.23,0.0,48.04,22.36,103.32,49.19,32.25,69.26,65.38,23.09,90.55,46.87,35.36,65.07,62.18,46.4
29,17.09,62.03,51.42,89.29,61.06,70.34,48.37,74.43,58.31,84.9,40.79,18.97,58.86,66.48,69.57,81.61,60.73,82.68,46.04,86.02,91.76,42.8,19.7,32.06,54.04,50.99,44.41,84.85,48.04,0.0,50.12,81.04,52.84,55.61,21.38,86.68,60.01,66.48,46.53,35.47,80.71,31.78,43.83
30,38.83,14.14,61.74,92.02,11.31,76.03,26.91,24.41,72.5,40.5,54.41,50.36,48.08,77.9,22.09,42.19,15.23,46.0,22.09,46.39,66.48,70.71,69.77,28.64,10.2,11.66,8.25,39.4,22.36,50.12,0.0,85.28,28.43,10.0,70.77,44.38,11.0,73.78,27.8,21.21,43.01,51.48,28.3
31,68.03,97.65,29.73,8.25,87.13,10.77,58.41,94.85,24.0,81.58,40.5,62.1,37.74,16.12,104.31,71.02,100.0,66.48,101.98,72.44,49.03,44.18,86.09,96.52,77.67,74.4,77.9,83.95,103.32,81.04,85.28,0.0,57.69,79.32,82.01,77.78,94.05,14.56,57.49,68.01,67.9,49.34,57.31
32,36.06,40.0,38.21,64.03,29.53,49.19,4.47,38.83,48.66,35.78,34.53,42.52,20.0,52.5,46.65,29.73,42.52,30.0,48.33,33.94,42.0,53.37,69.66,48.37,20.0,16.97,22.36,36.77,49.19,52.84,28.43,57.69,0.0,21.63,68.62,35.81,36.4,47.54,6.4,19.24,28.32,36.25,9.22
33,42.05,18.44,58.24,85.6,8.25,70.71,21.54,20.4,68.96,31.3,52.35,52.5,41.62,73.54,25.06,32.25,21.26,36.0,32.06,36.5,56.92,70.0,74.89,37.95,2.0,6.0,11.31,30.53,32.25,55.61,10.0,79.32,21.63,0.0,75.29,34.79,14.87,68.88,23.09,22.14,33.02,51.09,24.52
34,33.6,83.17,54.74,90.05,81.39,72.06,64.35,94.81,58.01,102.94,45.88,26.63,69.32,66.07,90.8,98.29,82.01,98.49,67.27,102.55,103.31,38.33,5.0,53.04,73.57,70.18,64.41,103.23,69.26,21.38,70.77,82.01,68.62,75.29,0.0,104.0,80.99,68.07,62.24,53.82,96.94,37.7,59.41
35,70.72,45.1,69.12,81.25,35.13,73.01,39.82,30.36,78.09,5.83,68.54,78.24,45.89,79.16,46.32,7.07,49.09,11.4,65.62,5.83,35.81,87.46,104.66,72.73,35.47,37.12,45.19,8.6,65.38,86.68,44.38,77.78,35.81,34.79,104.0,0.0,43.0,73.06,42.01,51.22,10.0,71.69,44.82
36,49.65,3.61,71.87,100.42,8.54,85.23,35.85,16.64,82.64,38.12,65.0,61.29,56.4,87.66,11.18,42.58,6.71,47.3,23.77,46.27,70.26,81.61,79.71,34.71,16.4,19.72,19.1,36.35,23.09,60.01,11.0,94.05,36.4,14.87,80.99,43.0,0.0,83.24,37.12,32.14,44.15,62.39,38.08
37,53.67,86.83,15.23,22.8,76.97,4.0,47.41,86.02,10.77,76.03,26.0,47.54,28.64,6.32,93.91,66.03,88.84,62.29,89.11,68.26,50.12,31.05,72.0,82.8,67.08,63.53,66.03,78.1,90.55,66.48,73.78,14.56,47.54,68.88,68.07,73.06,83.24,0.0,46.14,55.23,63.07,34.79,45.49
38,29.68,40.71,35.17,64.35,31.32,48.26,2.24,42.11,45.88,41.68,30.02,36.24,20.81,50.57,47.93,36.07,42.72,36.4,45.79,40.31,47.17,48.51,63.25,44.15,21.19,17.46,20.52,42.49,46.87,46.53,27.8,57.49,6.4,23.09,62.24,42.01,37.12,46.14,0.0,14.04,34.71,30.68,2.83
39,20.25,35.36,41.88,75.43,29.43,57.98,15.03,42.45,52.48,49.5,33.62,30.36,33.62,58.6,43.29,46.32,36.14,47.85,33.97,50.77,61.07,49.5,53.91,30.36,20.25,16.55,13.04,49.58,35.36,35.47,21.21,68.01,19.24,22.14,53.82,51.22,32.14,55.23,14.04,0.0,45.65,30.27,12.37
40,64.2,46.84,59.48,71.57,35.69,63.01,32.65,34.67,68.25,13.93,59.48,70.72,36.14,69.18,49.66,3.16,50.7,3.16,65.01,5.83,28.32,78.29,97.95,70.21,33.14,33.73,41.98,16.55,65.07,80.71,43.01,67.9,28.32,33.02,96.94,10.0,44.15,63.07,34.71,45.65,0.0,63.25,37.54
41,19.85,65.62,19.65,57.57,59.01,38.6,32.89,71.34,27.46,72.01,9.06,13.04,31.91,35.36,73.55,65.19,66.29,64.2,60.42,69.07,65.86,19.24,40.52,51.09,49.09,45.1,43.29,73.01,62.18,31.78,51.48,49.34,36.25,51.09,37.7,71.69,62.39,34.79,30.68,30.27,63.25,0.0,28.16
42,26.93,41.63,33.84,64.38,32.76,47.8,5.0,44.01,44.6,44.42,28.02,33.42,21.47,49.65,49.04,38.9,43.42,39.2,45.22,43.14,49.37,46.27,60.44,42.72,22.56,18.68,20.62,45.18,46.4,43.83,28.3,57.31,9.22,24.52,59.41,44.82,38.08,45.49,2.83,12.37,37.54,28.16,0.0
