vehicles
vehicle_idx, capacity, cost_per_unit_distance
1,100,3
2,100,3
3,100,3
4,100,3
5,100,3
6,100,3
depot
node_idx,x,y
0,34,31
home delivery customers
node_idx,x,y,service_time,demand
1,70,80,10,17
2,59,55,10,7
3,50,64,10,15
4,80,64,10,16
5,75,90,10,17
6,1,44,10,66
7,35,45,10,16
8,71,84,10,11
9,45,71,10,22
10,81,46,10,16
11,15,0,10,11
12,31,26,10,21
self pickup customers
node_idx,x,y,service_time,demand,locker_idxs
13,81,70,10,6,39
14,85,61,10,15,39
15,45,60,10,5,36
16,25,40,10,1,36
17,9,66,10,21,34
18,50,54,10,25,35-33
19,25,54,10,17,40
20,45,59,10,17,36-38-40
21,10,95,10,22,37
22,51,5,10,2,34
flexible customers
node_idx,x,y,service_time,demand,locker_idxs
23,45,55,10,26,35-37-40-38-36
24,1,9,10,7,34
25,66,84,10,10,33
26,11,35,10,25,36
27,85,10,10,7,34
28,75,20,10,21,36
29,15,21,10,11,34
30,90,45,10,21,35
31,6,6,10,25,34
32,26,36,10,22,36-38-37-34
lockers
node_idx,x,y,service_time,capacity,cost_per_unit_good
33,65,88,10,100
34,25,15,10,73
35,53,52,10,90
36,34,35,10,99
37,39,54,10,73
38,43,48,10,88
39,102,74,10,88
40,47,46,10,92
mrt lines
start_node_idx,end_node_idx,freight_capacity,cost_per_unit_good
33,34,100,0.5
34,33,100,0.5
distance matrix
,0,1,2,3,4,5,6,7,8,9,10,11,12,13,14,15,16,17,18,19,20,21,22,23,24,25,26,27,28,29,30,31,32,33,34,35,36,37,38,39,40,
0,0.0,60.8,34.66,36.67,56.61,71.85,35.47,14.04,64.64,41.48,49.34,36.36,5.83,61.07,59.17,31.02,12.73,43.01,28.02,24.7,30.08,68.35,31.06,26.4,39.66,61.91,23.35,55.15,42.45,21.47,57.72,37.54,9.43,64.88,18.36,28.32,4.0,23.54,19.24,80.45,19.85
1,60.8,0.0,27.31,25.61,18.87,11.18,77.83,49.5,4.12,26.57,35.74,97.08,66.61,14.87,24.21,32.02,60.21,62.59,32.8,51.97,32.65,61.85,77.37,35.36,99.01,5.66,74.2,71.59,60.21,80.66,40.31,97.84,62.23,9.43,79.06,32.76,57.63,40.46,41.87,32.56,41.05
2,34.66,27.31,0.0,12.73,22.85,38.48,59.03,26.0,31.38,21.26,23.77,70.43,40.31,26.63,26.68,14.87,37.16,51.2,9.06,34.01,14.56,63.25,50.64,14.0,74.03,29.83,52.0,51.97,38.48,55.61,32.57,72.18,38.08,33.54,52.5,6.71,32.02,20.02,17.46,47.01,15.0
3,36.67,25.61,12.73,0.0,30.0,36.07,52.92,24.21,29.0,8.6,35.85,72.95,42.49,31.58,35.13,6.4,34.66,41.05,10.0,26.93,7.07,50.61,59.01,10.3,73.66,25.61,48.6,64.35,50.61,55.44,44.28,72.8,36.88,28.3,55.01,12.37,33.12,14.87,17.46,52.95,18.25
4,56.61,18.87,22.85,30.0,0.0,26.48,81.49,48.85,21.93,35.69,18.03,91.22,62.01,6.08,5.83,35.23,60.01,71.03,31.62,55.9,35.36,76.56,65.74,36.14,96.26,24.41,74.85,54.23,44.28,77.94,21.47,94.02,60.83,28.3,73.66,29.55,54.38,42.2,40.31,24.17,37.59
5,71.85,11.18,38.48,36.07,26.48,0.0,87.13,60.21,7.21,35.51,44.41,108.17,77.67,20.88,30.68,42.43,70.71,70.23,43.83,61.61,43.14,65.19,88.32,46.1,109.71,10.82,84.39,80.62,70.0,91.44,47.43,108.71,72.92,10.2,90.14,43.91,68.6,50.91,52.8,31.38,52.15
6,35.47,77.83,59.03,52.92,81.49,87.13,0.0,34.01,80.62,51.62,80.02,46.17,34.99,84.12,85.7,46.82,24.33,23.41,50.01,26.0,46.49,51.79,63.41,45.35,35.0,76.32,13.45,90.62,77.79,26.93,89.01,38.33,26.25,77.67,37.64,52.61,34.21,39.29,42.19,105.36,46.04
7,14.04,49.5,26.0,24.21,48.85,60.21,34.01,0.0,53.08,27.86,46.01,49.24,19.42,52.35,52.5,18.03,11.18,33.42,17.49,13.45,17.2,55.9,43.08,14.14,49.52,49.82,26.0,61.03,47.17,31.24,55.0,48.6,12.73,52.43,31.62,19.31,10.05,9.85,8.54,73.01,12.04
8,64.64,4.12,31.38,29.0,21.93,7.21,80.62,53.08,0.0,29.07,39.29,100.96,70.46,17.2,26.93,35.38,63.66,64.56,36.62,54.92,36.07,61.98,81.49,38.95,102.59,5.0,77.47,75.31,64.12,84.29,43.38,101.53,65.8,7.21,82.93,36.72,61.4,43.86,45.61,32.57,44.94
9,41.48,26.57,21.26,8.6,35.69,35.51,51.62,27.86,29.07,0.0,43.83,77.08,47.13,36.01,41.23,11.0,36.89,36.35,17.72,26.25,12.0,42.44,66.27,16.0,76.03,24.7,49.52,72.95,59.17,58.31,51.97,75.8,39.82,26.25,59.46,20.62,37.64,18.03,23.09,57.08,25.08
10,49.34,35.74,23.77,35.85,18.03,44.41,80.02,46.01,39.29,43.83,0.0,80.45,53.85,24.0,15.52,38.63,56.32,74.73,32.02,56.57,38.28,86.27,50.8,37.11,88.14,40.85,70.86,36.22,26.68,70.58,9.06,85.0,55.9,44.94,64.01,28.64,48.27,42.76,38.05,35.0,34.0
11,36.36,97.08,70.43,72.95,91.22,108.17,46.17,49.24,100.96,77.08,80.45,0.0,30.53,96.21,92.85,67.08,41.23,66.27,64.35,54.92,66.19,95.13,36.35,62.65,16.64,98.27,35.23,70.71,63.25,21.0,87.46,10.82,37.64,101.21,18.03,64.4,39.82,59.09,55.57,114.21,56.04
12,5.83,66.61,40.31,42.49,62.01,77.67,34.99,19.42,70.46,47.13,53.85,30.53,0.0,66.6,64.35,36.77,15.23,45.65,33.84,28.64,35.85,72.12,29.0,32.2,34.48,67.74,21.93,56.32,44.41,16.76,61.98,32.02,11.18,70.71,12.53,34.06,9.49,29.12,25.06,85.7,25.61
13,61.07,14.87,26.63,31.58,6.08,20.88,84.12,52.35,17.2,36.01,24.0,96.21,66.6,0.0,9.85,37.36,63.53,72.11,34.89,58.24,37.64,75.27,71.59,39.0,100.6,20.52,78.26,60.13,50.36,82.2,26.57,98.6,64.66,24.08,78.49,33.29,58.6,44.94,43.91,21.38,41.62
14,59.17,24.21,26.68,35.13,5.83,30.68,85.7,52.5,26.93,41.23,15.52,92.85,64.35,9.85,0.0,40.01,63.57,76.16,35.69,60.41,40.05,82.35,65.51,40.45,98.79,29.83,78.43,51.0,42.2,80.62,16.76,96.26,64.08,33.6,75.6,33.24,57.25,46.53,43.97,21.4,40.85
15,31.02,32.02,14.87,6.4,35.23,42.43,46.82,18.03,35.38,11.0,38.63,67.08,36.77,37.36,40.01,0.0,28.28,36.5,7.81,20.88,1.0,49.5,55.33,5.0,67.36,31.89,42.2,64.03,50.0,49.2,47.43,66.61,30.61,34.41,49.24,11.31,27.31,8.49,12.17,58.69,14.14
16,12.73,60.21,37.16,34.66,60.01,70.71,24.33,11.18,63.66,36.89,56.32,41.23,15.23,63.53,63.57,28.28,0.0,30.53,28.65,14.0,27.59,57.01,43.6,25.0,39.2,60.14,14.87,67.08,53.85,21.47,65.19,38.95,4.12,62.48,25.0,30.46,10.3,19.8,19.7,84.17,22.8
17,43.01,62.59,51.2,41.05,71.03,70.23,23.41,33.42,64.56,36.35,74.73,66.27,45.65,72.11,76.16,36.5,30.53,0.0,42.72,20.0,36.67,29.02,74.06,37.64,57.56,59.77,31.06,94.4,80.45,45.4,83.68,60.07,34.48,60.17,53.45,46.17,39.82,32.31,38.47,93.34,42.94
18,28.02,32.8,9.06,10.0,31.62,43.83,50.01,17.49,36.62,17.72,32.02,64.35,33.84,34.89,35.69,7.81,28.65,42.72,0.0,25.0,7.07,57.28,49.01,5.1,66.53,34.0,43.38,56.22,42.2,48.1,41.0,65.12,30.0,37.16,46.32,3.61,24.84,11.0,9.22,55.71,8.54
19,24.7,51.97,34.01,26.93,55.9,61.61,26.0,13.45,54.92,26.25,56.57,54.92,28.64,58.24,60.41,20.88,14.0,20.0,25.0,0.0,20.62,43.66,55.47,20.02,51.0,50.8,23.6,74.4,60.46,34.48,65.62,51.62,18.03,52.5,39.0,28.07,21.02,14.0,18.97,79.56,23.41
20,30.08,32.65,14.56,7.07,35.36,43.14,46.49,17.2,36.07,12.0,38.28,66.19,35.85,37.64,40.05,1.0,27.59,36.67,7.07,20.62,0.0,50.21,54.33,4.0,66.6,32.65,41.62,63.25,49.2,48.41,47.13,65.8,29.83,35.23,48.33,10.63,26.4,7.81,11.18,58.94,13.15
21,68.35,61.85,63.25,50.61,76.56,65.19,51.79,55.9,61.98,42.44,86.27,95.13,72.12,75.27,82.35,49.5,57.01,29.02,57.28,43.66,50.21,0.0,98.9,53.15,86.47,57.07,60.01,113.36,99.25,74.17,94.34,89.09,61.13,55.44,81.39,60.81,64.62,50.22,57.43,94.37,61.4
22,31.06,77.37,50.64,59.01,65.74,88.32,63.41,43.08,81.49,66.27,50.8,36.35,29.0,71.59,65.51,55.33,43.6,74.06,49.01,55.47,54.33,98.9,0.0,50.36,50.16,80.41,50.0,34.37,28.3,39.4,55.87,45.01,39.82,84.17,27.86,47.04,34.48,50.45,43.74,85.8,41.19
23,26.4,35.36,14.0,10.3,36.14,46.1,45.35,14.14,38.95,16.0,37.11,62.65,32.2,39.0,40.45,5.0,25.0,37.64,5.1,20.02,4.0,53.15,50.36,0.0,63.66,35.81,39.45,60.21,46.1,45.34,46.1,62.63,26.87,38.59,44.72,8.54,22.83,6.08,7.28,60.08,9.22
24,39.66,99.01,74.03,73.66,96.26,109.71,35.0,49.52,102.59,76.03,88.14,16.64,34.48,100.6,98.79,67.36,39.2,57.56,66.53,51.0,66.6,86.47,50.16,63.66,0.0,99.25,27.86,84.01,74.81,18.44,96.01,5.83,36.8,101.67,24.74,67.48,42.01,58.9,57.31,120.11,59.03
25,61.91,5.66,29.83,25.61,24.41,10.82,76.32,49.82,5.0,24.7,40.85,98.27,67.74,20.52,29.83,31.89,60.14,59.77,34.0,50.8,32.65,57.07,80.41,35.81,99.25,0.0,73.66,76.4,64.63,81.06,45.79,98.41,62.48,4.12,80.26,34.54,58.52,40.36,42.72,37.36,42.49
26,23.35,74.2,52.0,48.6,74.85,84.39,13.45,26.0,77.47,49.52,70.86,35.23,21.93,78.26,78.43,42.2,14.87,31.06,43.38,23.6,41.62,60.01,50.0,39.45,27.86,73.66,0.0,78.11,65.73,14.56,79.63,29.43,15.03,75.66,24.41,45.31,23.0,33.84,34.54,99.01,37.64
27,55.15,71.59,51.97,64.35,54.23,80.62,90.62,61.03,75.31,72.95,36.22,70.71,56.32,60.13,51.0,64.03,67.08,94.4,56.22,74.4,63.25,113.36,34.37,60.21,84.01,76.4,78.11,0.0,14.14,70.86,35.36,79.1,64.47,80.52,60.21,52.8,56.8,63.66,56.64,66.22,52.35
28,42.45,60.21,38.48,50.61,44.28,70.0,77.79,47.17,64.12,59.17,26.68,63.25,44.41,50.36,42.2,50.0,53.85,80.45,42.2,60.46,49.2,99.25,28.3,46.1,74.81,64.63,65.73,14.14,0.0,60.01,29.15,70.41,51.55,68.73,50.25,38.83,43.66,49.52,42.52,60.37,38.21
29,21.47,80.66,55.61,55.44,77.94,91.44,26.93,31.24,84.29,58.31,70.58,21.0,16.76,82.2,80.62,49.2,21.47,45.4,48.1,34.48,48.41,74.17,39.4,45.34,18.44,81.06,14.56,70.86,60.01,0.0,78.75,17.49,18.6,83.6,11.66,49.04,23.6,40.8,38.9,101.87,40.61
30,57.72,40.31,32.57,44.28,21.47,47.43,89.01,55.0,43.38,51.97,9.06,87.46,61.98,26.57,16.76,47.43,65.19,83.68,41.0,65.62,47.13,94.34,55.87,46.1,96.01,45.79,79.63,35.36,29.15,78.75,0.0,92.61,64.63,49.74,71.59,37.66,56.89,51.79,47.1,31.38,43.01
31,37.54,97.84,72.18,72.8,94.02,108.71,38.33,48.6,101.53,75.8,85.0,10.82,32.02,98.6,96.26,66.61,38.95,60.07,65.12,51.62,65.8,89.09,45.01,62.63,5.83,98.41,29.43,79.1,70.41,17.49,92.61,0.0,36.06,101.02,21.02,65.76,40.31,58.25,55.97,117.64,57.28
32,9.43,62.23,38.08,36.88,60.83,72.92,26.25,12.73,65.8,39.82,55.9,37.64,11.18,64.66,64.08,30.61,4.12,34.48,30.0,18.03,29.83,61.13,39.82,26.87,36.8,62.48,15.03,64.47,51.55,18.6,64.63,36.06,0.0,65.0,21.02,31.38,8.06,22.2,20.81,84.97,23.26
33,64.88,9.43,33.54,28.3,28.3,10.2,77.67,52.43,7.21,26.25,44.94,101.21,70.71,24.08,33.6,34.41,62.48,60.17,37.16,52.5,35.23,55.44,84.17,38.59,101.67,4.12,75.66,80.52,68.73,83.6,49.74,101.02,65.0,0.0,83.24,37.95,61.4,42.8,45.65,39.56,45.69
34,18.36,79.06,52.5,55.01,73.66,90.14,37.64,31.62,82.93,59.46,64.01,18.03,12.53,78.49,75.6,49.24,25.0,53.45,46.32,39.0,48.33,81.39,27.86,44.72,24.74,80.26,24.41,60.21,50.25,11.66,71.59,21.02,21.02,83.24,0.0,46.4,21.93,41.44,37.59,97.01,38.01
35,28.32,32.76,6.71,12.37,29.55,43.91,52.61,19.31,36.72,20.62,28.64,64.4,34.06,33.29,33.24,11.31,30.46,46.17,3.61,28.07,10.63,60.81,47.04,8.54,67.48,34.54,45.31,52.8,38.83,49.04,37.66,65.76,31.38,37.95,46.4,0.0,25.5,14.14,10.77,53.71,8.49
36,4.0,57.63,32.02,33.12,54.38,68.6,34.21,10.05,61.4,37.64,48.27,39.82,9.49,58.6,57.25,27.31,10.3,39.82,24.84,21.02,26.4,64.62,34.48,22.83,42.01,58.52,23.0,56.8,43.66,23.6,56.89,40.31,8.06,61.4,21.93,25.5,0.0,19.65,15.81,78.39,17.03
37,23.54,40.46,20.02,14.87,42.2,50.91,39.29,9.85,43.86,18.03,42.76,59.09,29.12,44.94,46.53,8.49,19.8,32.31,11.0,14.0,7.81,50.22,50.45,6.08,58.9,40.36,33.84,63.66,49.52,40.8,51.79,58.25,22.2,42.8,41.44,14.14,19.65,0.0,7.21,66.1,11.31
38,19.24,41.87,17.46,17.46,40.31,52.8,42.19,8.54,45.61,23.09,38.05,55.57,25.06,43.91,43.97,12.17,19.7,38.47,9.22,18.97,11.18,57.43,43.74,7.28,57.31,42.72,34.54,56.64,42.52,38.9,47.1,55.97,20.81,45.65,37.59,10.77,15.81,7.21,0.0,64.47,4.47
39,80.45,32.56,47.01,52.95,24.17,31.38,105.36,73.01,32.57,57.08,35.0,114.21,85.7,21.38,21.4,58.69,84.17,93.34,55.71,79.56,58.94,94.37,85.8,60.08,120.11,37.36,99.01,66.22,60.37,101.87,31.38,117.64,84.97,39.56,97.01,53.71,78.39,66.1,64.47,0.0,61.72
40,19.85,41.05,15.0,18.25,37.59,52.15,46.04,12.04,44.94,25.08,34.0,56.04,25.61,41.62,40.85,14.14,22.8,42.94,8.54,23.41,13.15,61.4,41.19,9.22,59.03,42.49,37.64,52.35,38.21,40.61,43.01,57.28,23.26,45.69,38.01,8.49,17.03,11.31,4.47,61.72,0.0
