set K:= 1	2	3	4	5;
set C_H:= 1	2	3	4	5	6	7	8	9	10	11	12	13;
set C_S:= 14	15	16	17	18	19	20	21	22	23	24;
set C_F:= 25	26	27	28	29	30	31	32	33	34	35;
set M:= 36	37	38	39;
set L_B:= 40	41	42	43	44;
set A1:=
(0,*) 1 2 3 4 5 6 7 8 9 10 11 12 13 25 26 27 28 29 30 31 32 33 34 35 36 37 38 39 40 41 42 43 44
(1,*) 0 2 3 4 5 6 7 8 9 10 11 12 13 25 26 27 28 29 30 31 32 33 34 35 36 37 38 39 40 41 42 43 44
(2,*) 0 1 3 4 5 6 7 8 9 10 11 12 13 25 26 27 28 29 30 31 32 33 34 35 36 37 38 39 40 41 42 43 44
(3,*) 0 1 2 4 5 6 7 8 9 10 11 12 13 25 26 27 28 29 30 31 32 33 34 35 36 37 38 39 40 41 42 43 44
(4,*) 0 1 2 3 5 6 7 8 9 10 11 12 13 25 26 27 28 29 30 31 32 33 34 35 36 37 38 39 40 41 42 43 44
(5,*) 0 1 2 3 4 6 7 8 9 10 11 12 13 25 26 27 28 29 30 31 32 33 34 35 36 37 38 39 40 41 42 43 44
(6,*) 0 1 2 3 4 5 7 8 9 10 11 12 13 25 26 27 28 29 30 31 32 33 34 35 36 37 38 39 40 41 42 43 44
(7,*) 0 1 2 3 4 5 6 8 9 10 11 12 13 25 26 27 28 29 30 31 32 33 34 35 36 37 38 39 40 41 42 43 44
(8,*) 0 1 2 3 4 5 6 7 9 10 11 12 13 25 26 27 28 29 30 31 32 33 34 35 36 37 38 39 40 41 42 43 44
(9,*) 0 1 2 3 4 5 6 7 8 10 11 12 13 25 26 27 28 29 30 31 32 33 34 35 36 37 38 39 40 41 42 43 44
(10,*) 0 1 2 3 4 5 6 7 8 9 11 12 13 25 26 27 28 29 30 31 32 33 34 35 36 37 38 39 40 41 42 43 44
(11,*) 0 1 2 3 4 5 6 7 8 9 10 12 13 25 26 27 28 29 30 31 32 33 34 35 36 37 38 39 40 41 42 43 44
(12,*) 0 1 2 3 4 5 6 7 8 9 10 11 13 25 26 27 28 29 30 31 32 33 34 35 36 37 38 39 40 41 42 43 44
(13,*) 0 1 2 3 4 5 6 7 8 9 10 11 12 25 26 27 28 29 30 31 32 33 34 35 36 37 38 39 40 41 42 43 44
(25,*) 0 1 2 3 4 5 6 7 8 9 10 11 12 13 26 27 28 29 30 31 32 33 34 35 36 37 38 39 40 41 42 43 44
(26,*) 0 1 2 3 4 5 6 7 8 9 10 11 12 13 25 27 28 29 30 31 32 33 34 35 36 37 38 39 40 41 42 43 44
(27,*) 0 1 2 3 4 5 6 7 8 9 10 11 12 13 25 26 28 29 30 31 32 33 34 35 36 37 38 39 40 41 42 43 44
(28,*) 0 1 2 3 4 5 6 7 8 9 10 11 12 13 25 26 27 29 30 31 32 33 34 35 36 37 38 39 40 41 42 43 44
(29,*) 0 1 2 3 4 5 6 7 8 9 10 11 12 13 25 26 27 28 30 31 32 33 34 35 36 37 38 39 40 41 42 43 44
(30,*) 0 1 2 3 4 5 6 7 8 9 10 11 12 13 25 26 27 28 29 31 32 33 34 35 36 37 38 39 40 41 42 43 44
(31,*) 0 1 2 3 4 5 6 7 8 9 10 11 12 13 25 26 27 28 29 30 32 33 34 35 36 37 38 39 40 41 42 43 44
(32,*) 0 1 2 3 4 5 6 7 8 9 10 11 12 13 25 26 27 28 29 30 31 33 34 35 36 37 38 39 40 41 42 43 44
(33,*) 0 1 2 3 4 5 6 7 8 9 10 11 12 13 25 26 27 28 29 30 31 32 34 35 36 37 38 39 40 41 42 43 44
(34,*) 0 1 2 3 4 5 6 7 8 9 10 11 12 13 25 26 27 28 29 30 31 32 33 35 36 37 38 39 40 41 42 43 44
(35,*) 0 1 2 3 4 5 6 7 8 9 10 11 12 13 25 26 27 28 29 30 31 32 33 34 36 37 38 39 40 41 42 43 44
(36,*) 0 1 2 3 4 5 6 7 8 9 10 11 12 13 25 26 27 28 29 30 31 32 33 34 35 37 38 39 40 41 42 43 44
(37,*) 0 1 2 3 4 5 6 7 8 9 10 11 12 13 25 26 27 28 29 30 31 32 33 34 35 36 38 39 40 41 42 43 44
(38,*) 0 1 2 3 4 5 6 7 8 9 10 11 12 13 25 26 27 28 29 30 31 32 33 34 35 36 37 39 40 41 42 43 44
(39,*) 0 1 2 3 4 5 6 7 8 9 10 11 12 13 25 26 27 28 29 30 31 32 33 34 35 36 37 38 40 41 42 43 44
(40,*) 0 1 2 3 4 5 6 7 8 9 10 11 12 13 25 26 27 28 29 30 31 32 33 34 35 36 37 38 39 41 42 43 44
(41,*) 0 1 2 3 4 5 6 7 8 9 10 11 12 13 25 26 27 28 29 30 31 32 33 34 35 36 37 38 39 40 42 43 44
(42,*) 0 1 2 3 4 5 6 7 8 9 10 11 12 13 25 26 27 28 29 30 31 32 33 34 35 36 37 38 39 40 41 43 44
(43,*) 0 1 2 3 4 5 6 7 8 9 10 11 12 13 25 26 27 28 29 30 31 32 33 34 35 36 37 38 39 40 41 42 44
(44,*) 0 1 2 3 4 5 6 7 8 9 10 11 12 13 25 26 27 28 29 30 31 32 33 34 35 36 37 38 39 40 41 42 43
;
set A2:=
(36,*) 37
(37,*) 36
(38,*) 39
(39,*) 38
;
param BigM:=99999;
param n:= 5;
param d:=
1	14
2	11
3	22
4	7
5	18
6	23
7	2
8	4
9	11
10	6
11	18
12	23
13	11
14	1
15	2
16	12
17	9
18	2
19	20
20	15
21	19
22	13
23	15
24	12
25	15
26	18
27	21
28	14
29	10
30	19
31	13
32	8
33	11
34	21
35	2
;
param Q:=100;
param w:=
[36,*] 37 0.5
[37,*] 36 0.5
[38,*] 39 0.5
[39,*] 38 0.5
;
param V:=
[36,*] 37 95
[37,*] 36 95
[38,*] 39 80
[39,*] 38 80
;
param e:
	36	37	38	39	40	41	42	43	44:=
14	0	1	0	0	0	1	0	0	0	
15	1	0	0	0	0	0	0	0	1	
16	0	1	0	0	1	0	0	0	0	
17	0	0	1	0	0	1	0	0	0	
18	1	0	0	0	0	0	0	0	1	
19	0	1	0	0	0	1	0	0	0	
20	0	0	0	1	1	0	0	0	0	
21	0	1	0	0	0	0	1	0	0	
22	0	1	0	0	0	0	1	0	0	
23	1	0	0	0	1	1	1	1	1	
24	0	0	0	1	1	0	0	0	0	
25	1	0	0	0	0	0	0	0	1	
26	0	1	0	0	0	0	1	1	1	
27	1	0	0	0	1	0	0	1	1	
28	0	0	1	0	0	1	1	1	1	
29	0	1	0	0	0	0	1	0	0	
30	0	0	0	1	0	1	0	0	0	
31	0	0	0	1	1	0	0	0	0	
32	0	0	0	1	1	0	0	0	0	
33	0	0	0	1	1	0	0	0	0	
34	1	0	0	1	1	0	0	0	0	
35	0	0	0	1	0	0	1	0	0	
;
param p:=
1	3
2	3
3	3
4	3
5	3
;
param G:=
36	90
37	95
38	76
39	80
40	93
41	93
42	93
43	84
44	73
;
param s:=
0	0
1	10
2	10
3	10
4	10
5	10
6	10
7	10
8	10
9	10
10	10
11	10
12	10
13	10
25	10
26	10
27	10
28	10
29	10
30	10
31	10
32	10
33	10
34	10
35	10
36	10
37	10
38	10
39	10
40	10
41	10
42	10
43	10
44	10
;
param t:
	0	1	2	3	4	5	6	7	8	9	10	11	12	13	14	15	16	17	18	19	20	21	22	23	24	25	26	27	28	29	30	31	32	33	34	35	36	37	38	39	40	41	42	43	44:=
0	0.0	72.25	106.15	17.2	78.92	48.83	10.0	76.66	72.11	60.0	69.86	76.94	60.17	76.03	33.11	70.0	28.28	56.92	88.81	26.31	56.14	32.31	14.14	54.41	64.0	70.94	21.63	60.83	55.46	13.42	62.29	46.17	47.07	72.25	78.82	69.86	85.21	10.77	78.31	69.35	45.28	48.84	31.89	42.01	46.86
1	72.25	0.0	66.27	60.17	18.97	38.83	65.12	107.81	94.76	90.0	23.41	92.2	22.63	5.66	89.29	39.4	71.47	30.0	68.96	46.04	84.4	64.62	58.55	38.21	92.46	43.86	54.33	48.41	28.43	84.0	86.56	78.89	73.78	93.34	63.56	83.55	66.73	62.8	14.32	90.52	59.08	24.19	50.29	43.83	43.27
2	106.15	66.27	0.0	104.02	84.0	58.14	104.8	88.09	74.0	78.92	46.17	66.12	54.63	70.03	101.13	37.2	86.09	93.15	26.0	85.6	75.71	78.23	97.84	52.5	78.41	35.38	84.85	45.61	55.57	111.61	72.69	78.43	72.8	72.0	32.98	62.13	28.16	101.98	79.0	71.06	64.14	69.78	74.28	64.35	59.4
3	17.2	60.17	104.02	0.0	64.03	46.04	7.21	89.29	82.61	71.39	62.8	86.02	52.8	63.15	48.83	66.84	39.29	40.79	90.38	18.44	66.75	40.05	8.0	51.61	75.31	68.82	22.36	60.83	49.52	30.53	72.44	56.89	56.14	82.39	80.62	78.03	86.82	7.21	64.07	79.31	49.82	38.95	32.57	40.71	45.65
4	78.92	18.97	84.0	64.03	0.0	55.17	70.26	124.45	111.95	106.15	42.38	110.0	40.5	14.14	101.13	58.31	84.12	24.74	87.93	54.41	100.5	78.23	64.78	55.61	108.9	62.77	64.62	66.57	45.61	91.78	103.25	94.02	89.38	110.63	82.46	101.21	85.7	68.47	5.0	107.71	75.01	36.62	63.29	58.9	59.4
5	48.83	38.83	58.14	46.04	55.17	0.0	46.69	69.31	56.85	51.22	24.0	55.57	17.09	44.41	54.04	21.26	36.0	48.08	45.61	27.78	45.61	28.07	39.7	5.66	53.81	22.8	27.2	16.12	10.77	56.46	48.08	40.25	34.99	55.61	36.5	46.65	42.2	43.86	51.66	52.63	20.25	20.62	17.46	7.28	4.47
6	10.0	65.12	104.8	7.21	70.26	46.69	0.0	83.95	78.1	66.48	65.51	82.1	55.57	68.47	42.19	67.88	34.23	47.54	89.55	20.59	62.13	36.22	7.21	52.35	70.46	69.43	20.59	60.46	51.61	23.32	68.03	52.15	52.04	78.03	79.65	74.43	85.96	2.83	70.01	75.01	47.43	42.72	31.38	40.61	45.61
7	76.66	107.81	88.09	89.29	124.45	69.31	83.95	0.0	14.56	18.87	88.2	22.0	85.28	113.45	46.17	74.24	50.0	113.72	62.13	80.5	24.41	50.99	81.61	69.66	15.62	70.68	69.86	61.06	79.4	70.03	21.26	33.11	36.06	16.49	57.27	27.2	60.41	82.46	120.97	18.38	49.58	88.62	64.66	65.95	65.05
8	72.11	94.76	74.0	82.61	111.95	56.85	78.1	14.56	0.0	12.65	74.4	8.94	72.14	100.42	45.69	60.03	44.0	102.96	48.0	71.47	16.0	42.76	74.67	56.57	8.94	56.36	61.61	47.2	66.48	67.91	10.2	26.0	26.68	2.0	42.76	12.65	46.1	76.24	108.25	4.24	38.08	76.84	54.78	54.38	52.8
9	60.0	90.0	78.92	71.39	106.15	51.22	66.48	18.87	12.65	0.0	71.55	20.0	67.68	95.6	33.11	58.82	32.25	94.87	53.37	61.74	5.66	32.31	63.56	52.15	4.0	55.79	51.26	44.94	61.61	55.32	6.32	14.56	17.2	13.42	46.17	17.89	50.8	64.78	102.83	11.4	31.14	70.04	45.79	47.38	46.86
10	69.86	23.41	46.17	62.8	42.38	24.0	65.51	88.2	74.4	71.55	0.0	70.77	10.0	28.64	78.03	16.12	60.0	47.07	45.61	44.94	66.21	52.04	58.31	20.4	73.43	20.59	48.7	27.2	14.56	79.12	67.23	62.64	56.92	72.8	40.25	62.48	43.32	62.77	37.7	70.21	42.45	24.84	40.61	31.06	28.07
11	76.94	92.2	66.12	86.02	110.0	55.57	82.1	22.0	8.94	20.0	70.77	0.0	69.66	97.84	52.84	55.61	48.66	102.96	40.2	73.35	21.54	46.0	78.03	54.41	16.97	51.61	64.28	43.86	64.4	74.0	15.23	31.05	30.07	7.21	36.06	8.94	38.64	80.02	106.04	8.6	38.6	76.06	56.29	54.23	51.88
12	60.17	22.63	54.63	52.8	40.5	17.09	55.57	85.28	72.14	67.68	10.0	69.66	0.0	28.28	70.46	20.0	52.35	40.05	50.16	34.99	62.13	44.72	48.37	15.62	70.0	24.08	39.29	26.08	6.32	69.86	64.03	57.27	51.88	70.71	43.17	60.96	47.38	52.84	36.4	67.9	37.12	15.26	32.02	23.35	21.54
13	76.03	5.66	70.03	63.15	14.14	44.41	68.47	113.45	100.42	95.6	28.64	97.84	28.28	0.0	94.25	44.72	76.55	29.73	74.0	50.04	90.0	69.86	62.13	43.86	98.08	49.19	58.86	54.04	34.06	88.09	92.2	84.38	79.32	98.99	68.88	89.2	71.87	66.27	9.22	96.18	64.64	28.86	55.36	49.24	48.83
14	33.11	89.29	101.13	48.83	101.13	54.04	42.19	46.17	45.69	33.11	78.03	52.84	70.46	94.25	0.0	71.02	18.11	83.23	78.23	47.71	31.62	26.0	42.52	58.03	36.77	69.86	36.72	57.72	64.28	24.08	37.74	24.08	28.84	46.52	68.96	48.41	74.95	41.62	99.16	44.29	38.08	65.46	39.05	47.17	50.0
15	70.0	39.4	37.2	66.84	58.31	21.26	67.88	74.24	60.03	58.82	16.12	55.61	20.0	44.72	71.02	0.0	53.85	60.03	30.27	48.41	53.85	45.61	60.83	15.62	60.17	4.47	48.41	14.14	18.97	76.94	53.85	52.15	46.17	58.31	24.17	47.71	27.66	65.05	53.71	55.95	33.14	33.96	38.28	28.02	23.32
16	28.28	71.47	86.09	39.29	84.12	36.0	34.23	50.0	44.0	32.25	60.0	48.66	52.35	76.55	18.11	53.85	0.0	67.94	65.12	32.56	28.0	8.25	31.62	40.2	36.22	53.14	21.26	41.23	46.17	27.2	34.06	18.0	18.97	44.05	55.32	41.76	61.62	32.56	81.86	41.11	21.95	47.93	21.19	29.07	32.06
17	56.92	30.0	93.15	40.79	24.74	48.08	47.54	113.72	102.96	94.87	47.07	102.96	40.05	29.73	83.23	60.03	67.94	0.0	90.02	35.61	89.31	63.78	43.08	50.99	98.18	64.0	46.86	63.15	42.19	70.23	93.3	81.22	77.67	102.0	82.39	94.02	87.09	46.17	26.4	98.88	64.88	27.66	49.2	48.75	51.26
18	88.81	68.96	26.0	90.38	87.93	45.61	89.55	62.13	48.0	53.37	45.61	40.2	50.16	74.0	78.23	30.27	65.12	90.02	0.0	72.8	50.6	58.0	83.19	40.79	52.61	26.08	68.96	29.73	48.04	91.93	47.07	54.59	49.4	46.0	10.0	36.22	3.61	86.83	83.17	45.1	43.93	63.13	58.18	49.77	44.94
19	26.31	46.04	85.6	18.44	54.41	27.78	20.59	80.5	71.47	61.74	44.94	73.35	34.99	50.04	47.71	48.41	32.56	35.61	72.8	0.0	56.46	29.53	13.42	33.29	65.39	50.48	11.31	43.08	31.24	38.05	61.35	47.41	44.94	70.88	63.25	64.78	69.29	17.89	53.15	67.72	35.13	22.56	17.12	23.09	27.86
20	56.14	84.4	75.71	66.75	100.5	45.61	62.13	24.41	16.0	5.66	66.21	21.54	62.13	90.0	31.62	53.85	28.0	89.31	50.6	56.46	0.0	27.2	58.86	46.65	8.94	50.99	46.17	39.85	56.04	52.5	6.32	10.0	11.66	16.12	42.76	16.97	47.8	60.3	97.19	13.34	25.5	64.38	40.31	41.73	41.23
21	32.31	64.62	78.23	40.05	78.23	28.07	36.22	50.99	42.76	32.31	52.04	46.0	44.72	69.86	26.0	45.61	8.25	63.78	58.0	29.53	27.2	0.0	32.06	32.06	36.06	44.94	18.97	33.11	38.47	33.94	32.56	17.89	16.12	42.43	48.08	38.21	54.45	34.06	75.66	39.32	14.21	41.68	15.0	21.38	24.0
22	14.14	58.55	97.84	8.0	64.78	39.7	7.21	81.61	74.67	63.56	58.31	78.03	48.37	62.13	42.52	60.83	31.62	43.08	83.19	13.42	58.86	32.06	0.0	45.34	67.47	62.48	14.56	53.85	44.41	27.2	64.5	49.03	48.17	74.43	73.35	70.03	79.61	4.47	64.2	71.34	41.98	35.74	25.08	33.84	38.83
23	54.41	38.21	52.5	51.61	55.61	5.66	52.35	69.66	56.57	52.15	20.4	54.41	15.62	43.86	58.03	15.62	40.2	50.99	40.79	33.29	46.65	32.06	45.34	0.0	54.41	17.2	32.8	12.17	10.0	61.74	48.41	42.38	36.77	55.17	32.06	45.61	37.48	49.52	51.74	52.33	22.14	23.35	22.83	12.53	8.25
24	64.0	92.46	78.41	75.31	108.9	53.81	70.46	15.62	8.94	4.0	73.43	16.97	70.0	98.08	36.77	60.17	36.22	98.18	52.61	65.39	8.94	36.06	67.47	54.41	0.0	56.92	55.03	46.52	64.03	59.23	6.32	18.44	20.59	10.0	46.0	16.49	50.25	68.73	105.48	8.6	33.97	73.0	49.24	50.33	49.52
25	70.94	43.86	35.38	68.82	62.77	22.8	69.43	70.68	56.36	55.79	20.59	51.61	24.08	49.19	69.86	4.47	53.14	64.0	26.08	50.48	50.99	44.94	62.48	17.2	56.92	0.0	49.52	12.17	22.36	77.18	50.6	50.0	44.0	54.59	19.7	43.91	23.35	66.6	58.18	52.33	31.78	37.48	39.05	29.0	24.08
26	21.63	54.33	84.85	22.36	64.62	27.2	20.59	69.86	61.61	51.26	48.7	64.28	39.29	58.86	36.72	48.41	21.26	46.86	68.96	11.31	46.17	18.97	14.56	32.8	55.03	49.52	0.0	40.0	34.18	30.59	51.42	36.77	34.93	61.19	59.06	56.04	65.37	17.89	62.94	58.05	27.46	30.15	10.82	20.52	25.46
27	60.83	48.41	45.61	60.83	66.57	16.12	60.46	61.06	47.2	44.94	27.2	43.86	26.08	54.04	57.72	14.14	41.23	63.15	29.73	43.08	39.85	33.11	53.85	12.17	46.52	12.17	40.0	0.0	21.54	66.03	40.25	38.05	32.06	45.61	20.4	35.38	26.25	57.69	62.43	43.01	19.65	35.51	29.21	20.12	15.23
28	55.46	28.43	55.57	49.52	45.61	10.77	51.61	79.4	66.48	61.61	14.56	64.4	6.32	34.06	64.28	18.97	46.17	42.19	48.04	31.24	56.04	38.47	44.41	10.0	64.03	22.36	34.18	21.54	0.0	64.56	58.14	50.99	45.65	65.12	40.2	55.61	45.0	48.83	41.77	62.24	30.89	15.13	26.17	17.12	15.23
29	13.42	84.0	111.61	30.53	91.78	56.46	23.32	70.03	67.91	55.32	79.12	74.0	69.86	88.09	24.08	76.94	27.2	70.23	91.93	38.05	52.5	33.94	27.2	61.74	59.23	77.18	30.59	66.03	64.56	0.0	58.82	43.08	45.65	68.41	82.02	68.03	88.39	24.17	90.93	65.8	48.1	60.07	39.0	49.24	53.67
30	62.29	86.56	72.69	72.44	103.25	48.08	68.03	21.26	10.2	6.32	67.23	15.23	64.03	92.2	37.74	53.85	34.06	93.3	47.07	61.35	6.32	32.56	64.5	48.41	6.32	50.6	51.42	40.25	58.14	58.82	0.0	16.12	16.49	10.0	40.05	11.66	44.55	66.12	99.72	7.07	28.6	67.62	44.78	45.0	43.86
31	46.17	78.89	78.43	56.89	94.02	40.25	52.15	33.11	26.0	14.56	62.64	31.05	57.27	84.38	24.08	52.15	18.0	81.22	54.59	47.41	10.0	17.89	49.03	42.38	18.44	50.0	36.77	38.05	50.99	43.08	16.12	0.0	6.0	26.08	45.69	25.06	51.43	50.36	91.02	23.19	20.25	57.49	32.02	35.23	35.78
32	47.07	73.78	72.8	56.14	89.38	34.99	52.04	36.06	26.68	17.2	56.92	30.07	51.88	79.32	28.84	46.17	18.97	77.67	49.4	44.94	11.66	16.12	48.17	36.77	20.59	44.0	34.93	32.06	45.65	45.65	16.49	6.0	0.0	26.31	40.25	22.8	46.14	50.0	86.21	23.19	14.76	53.04	28.65	30.48	30.53
33	72.25	93.34	72.0	82.39	110.63	55.61	78.03	16.49	2.0	13.42	72.8	7.21	70.71	98.99	46.52	58.31	44.05	102.0	46.0	70.88	16.12	42.43	74.43	55.17	10.0	54.59	61.19	45.61	65.12	68.41	10.0	26.08	26.31	0.0	40.79	10.77	44.1	76.11	106.89	3.16	37.12	75.72	54.08	53.34	51.61
34	78.82	63.56	32.98	80.62	82.46	36.5	79.65	57.27	42.76	46.17	40.25	36.06	43.17	68.88	68.96	24.17	55.32	82.39	10.0	63.25	42.76	48.08	73.35	32.06	46.0	19.7	59.06	20.4	40.2	82.02	40.05	45.69	40.25	40.79	0.0	30.27	6.4	76.94	77.88	39.32	33.97	55.04	48.3	40.16	35.44
35	69.86	83.55	62.13	78.03	101.21	46.65	74.43	27.2	12.65	17.89	62.48	8.94	60.96	89.2	48.41	47.71	41.76	94.02	36.22	64.78	16.97	38.21	70.03	45.61	16.49	43.91	56.04	35.38	55.61	68.03	11.66	25.06	22.8	10.77	30.27	0.0	34.01	72.25	97.31	9.06	29.83	67.12	47.68	45.31	42.94
36	85.21	66.73	28.16	86.82	85.7	42.2	85.96	60.41	46.1	50.8	43.32	38.64	47.38	71.87	74.95	27.66	61.62	87.09	3.61	69.29	47.8	54.45	79.61	37.48	50.25	23.35	65.37	26.25	45.0	88.39	44.55	51.43	46.14	44.1	6.4	34.01	0.0	83.24	80.99	43.0	40.36	60.03	54.59	46.24	41.44
37	10.77	62.8	101.98	7.21	68.47	43.86	2.83	82.46	76.24	64.78	62.77	80.02	52.84	66.27	41.62	65.05	32.56	46.17	86.83	17.89	60.3	34.06	4.47	49.52	68.73	66.6	17.89	57.69	48.83	24.17	66.12	50.36	50.0	76.11	76.94	72.25	83.24	0.0	68.07	73.06	44.92	40.16	28.65	37.8	42.8
38	78.31	14.32	79.0	64.07	5.0	51.66	70.01	120.97	108.25	102.83	37.7	106.04	36.4	9.22	99.16	53.71	81.86	26.4	83.17	53.15	97.19	75.66	64.2	51.74	105.48	58.18	62.94	62.43	41.77	90.93	99.72	91.02	86.21	106.89	77.88	97.31	80.99	68.07	0.0	104.0	71.7	34.0	60.83	55.8	55.97
39	69.35	90.52	71.06	79.31	107.71	52.63	75.01	18.38	4.24	11.4	70.21	8.6	67.9	96.18	44.29	55.95	41.11	98.88	45.1	67.72	13.34	39.32	71.34	52.33	8.6	52.33	58.05	43.01	62.24	65.8	7.07	23.19	23.19	3.16	39.32	9.06	43.0	73.06	104.0	0.0	34.0	72.67	50.92	50.25	48.6
40	45.28	59.08	64.14	49.82	75.01	20.25	47.43	49.58	38.08	31.14	42.45	38.6	37.12	64.64	38.08	33.14	21.95	64.88	43.93	35.13	25.5	14.21	41.98	22.14	33.97	31.78	27.46	19.65	30.89	48.1	28.6	20.25	14.76	37.12	33.97	29.83	40.36	44.92	71.7	34.0	0.0	39.05	18.03	16.4	15.81
41	48.84	24.19	69.78	38.95	36.62	20.62	42.72	88.62	76.84	70.04	24.84	76.06	15.26	28.86	65.46	33.96	47.93	27.66	63.13	22.56	64.38	41.68	35.74	23.35	73.0	37.48	30.15	35.51	15.13	60.07	67.62	57.49	53.04	75.72	55.04	67.12	60.03	40.16	34.0	72.67	39.05	0.0	26.83	22.67	24.19
42	31.89	50.29	74.28	32.57	63.29	17.46	31.38	64.66	54.78	45.79	40.61	56.29	32.02	55.36	39.05	38.28	21.19	49.2	58.18	17.12	40.31	15.0	25.08	22.83	49.24	39.05	10.82	29.21	26.17	39.0	44.78	32.02	28.65	54.08	48.3	47.68	54.59	28.65	60.83	50.92	18.03	26.83	0.0	10.3	15.0
43	42.01	43.83	64.35	40.71	58.9	7.28	40.61	65.95	54.38	47.38	31.06	54.23	23.35	49.24	47.17	28.02	29.07	48.75	49.77	23.09	41.73	21.38	33.84	12.53	50.33	29.0	20.52	20.12	17.12	49.24	45.0	35.23	30.48	53.34	40.16	45.31	46.24	37.8	55.8	50.25	16.4	22.67	10.3	0.0	5.0
44	46.86	43.27	59.4	45.65	59.4	4.47	45.61	65.05	52.8	46.86	28.07	51.88	21.54	48.83	50.0	23.32	32.06	51.26	44.94	27.86	41.23	24.0	38.83	8.25	49.52	24.08	25.46	15.23	15.23	53.67	43.86	35.78	30.53	51.61	35.44	42.94	41.44	42.8	55.97	48.6	15.81	24.19	15.0	5.0	0.0
;
