vehicles
vehicle_idx, capacity, cost_per_unit_distance
1,100,3
2,100,3
3,100,3
4,100,3
5,100,3
6,100,3
7,100,3
depot
node_idx,x,y
0,75,55
home delivery customers
node_idx,x,y,service_time,demand
1,51,25,10,1
2,59,37,10,2
3,43,21,10,20
4,35,53,10,7
5,37,13,10,15
6,87,43,10,12
7,51,95,10,9
8,49,25,10,22
9,81,53,10,18
10,83,23,10,15
11,21,93,10,13
12,59,31,10,12
13,11,27,10,18
14,67,1,10,23
15,97,61,10,2
self pickup customers
node_idx,x,y,service_time,demand,locker_idxs
16,77,1,10,26,55-48
17,93,45,10,13,51-48
18,77,63,10,10,56-46
19,37,51,10,7,56-52-47
20,95,31,10,10,51-55-48
21,3,1,10,9,51-47-49
22,29,81,10,6,52-49
23,7,51,10,19,52-49
24,91,35,10,24,53-48
25,61,69,10,4,56-46
26,27,97,10,20,52-49
27,27,53,10,3,52-49
28,9,91,10,7,54-49
29,59,41,10,3,56-50-55-47
30,91,41,10,20,53-48
flexible customers
node_idx,x,y,service_time,demand,locker_idxs
31,7,75,10,12,52-49
32,81,25,10,20,53-55-51-48
33,27,31,10,24,54-50-47
34,23,65,10,23,52-54-50-49
35,9,51,10,13,52-54-49
36,73,81,10,19,54-46
37,41,61,10,12,56-54-50-52-49
38,21,5,10,20,54-47
39,17,81,10,10,52-49
40,77,39,10,1,53-55-51-48
41,47,29,10,17,54-50-56-47
42,3,89,10,13,54-49
43,33,87,10,6,52-49
44,17,45,10,22,52-54-50-47
45,23,3,10,21,51-47
lockers
node_idx,x,y,service_time,capacity,cost_per_unit_good
46,65,88,10,72
47,25,15,10,97
48,93,12,10,89
49,22,88,10,95
50,38,48,10,85
51,92,37,10,82
52,25,64,10,72
53,75,24,10,76
54,28,46,10,92
55,79,27,10,83
56,53,55,10,96
mrt lines
start_node_idx,end_node_idx,freight_capacity,cost_per_unit_good
46,47,97,0.5
47,46,97,0.5
48,49,95,0.5
49,48,95,0.5
distance matrix
,0,1,2,3,4,5,6,7,8,9,10,11,12,13,14,15,16,17,18,19,20,21,22,23,24,25,26,27,28,29,30,31,32,33,34,35,36,37,38,39,40,41,42,43,44,45,46,47,48,49,50,51,52,53,54,55,56,
0,0.0,38.42,24.08,46.69,40.05,56.64,16.97,46.65,39.7,6.32,32.98,66.03,28.84,69.86,54.59,22.8,54.04,20.59,8.25,38.21,31.24,90.0,52.84,68.12,25.61,19.8,63.78,48.04,75.18,21.26,21.26,70.88,30.59,53.67,52.95,66.12,26.08,34.53,73.59,63.56,16.12,38.21,79.62,52.8,58.86,73.54,34.48,64.03,46.62,62.43,37.66,24.76,50.8,31.0,47.85,28.28,22.0
1,38.42,0.0,14.42,8.94,32.25,18.44,40.25,70.0,2.0,41.04,32.06,74.32,10.0,40.05,28.84,58.41,35.38,46.52,46.04,29.53,44.41,53.67,60.17,51.11,41.23,45.12,75.89,36.88,78.23,17.89,43.08,66.6,30.0,24.74,48.83,49.4,60.17,37.36,36.06,65.51,29.53,5.66,80.0,64.56,39.45,35.61,64.54,27.86,43.97,69.35,26.42,42.72,46.87,24.02,31.14,28.07,30.07
2,24.08,14.42,0.0,22.63,28.84,32.56,28.64,58.55,15.62,27.2,27.78,67.68,6.0,49.03,36.88,44.94,40.25,34.93,31.62,26.08,36.5,66.57,53.25,53.85,32.06,32.06,68.0,35.78,73.59,4.0,32.25,64.4,25.06,32.56,45.61,51.92,46.17,30.0,49.68,60.83,18.11,14.42,76.42,56.36,42.76,49.52,51.35,40.5,42.2,63.01,23.71,33.0,43.42,20.62,32.28,22.36,18.97
3,46.69,8.94,22.63,0.0,32.98,10.0,49.19,74.43,7.21,49.68,40.05,75.29,18.87,32.56,31.24,67.2,39.45,55.46,54.04,30.59,52.95,44.72,61.61,46.86,50.0,51.26,77.67,35.78,77.82,25.61,52.0,64.9,38.21,18.87,48.33,45.34,67.08,40.05,27.2,65.39,38.47,8.94,78.89,66.75,35.38,26.91,70.52,18.97,50.8,70.21,27.46,51.55,46.62,32.14,29.15,36.5,35.44
4,40.05,32.25,28.84,32.98,0.0,40.05,52.95,44.94,31.3,46.0,56.6,42.38,32.56,35.38,61.06,62.51,66.84,58.55,43.17,2.83,63.91,61.06,28.64,28.07,58.82,30.53,44.72,8.0,46.04,26.83,57.27,35.61,53.85,23.41,16.97,26.08,47.2,10.0,50.0,33.29,44.27,26.83,48.17,34.06,19.7,51.42,46.1,39.29,71.03,37.34,5.83,59.2,14.87,49.41,9.9,51.11,18.11
5,56.64,18.44,32.56,10.0,40.05,0.0,58.31,83.19,16.97,59.46,47.07,81.58,28.43,29.53,32.31,76.84,41.76,64.5,64.03,38.0,60.73,36.06,68.47,48.41,58.31,60.93,84.59,41.23,82.87,35.61,60.83,68.88,45.61,20.59,53.85,47.2,76.94,48.17,17.89,70.88,47.71,18.87,83.26,74.11,37.74,17.2,80.06,12.17,56.01,76.49,35.01,60.01,52.39,39.56,34.21,44.27,44.94
6,16.97,40.25,28.64,49.19,52.95,58.31,0.0,63.25,42.05,11.66,20.4,82.8,30.46,77.67,46.52,20.59,43.17,6.32,22.36,50.64,14.42,93.91,69.34,80.4,8.94,36.77,80.72,60.83,91.59,28.07,4.47,86.16,18.97,61.19,67.68,78.41,40.5,49.4,76.16,79.65,10.77,42.38,95.77,69.66,70.03,75.47,50.09,68.03,31.58,79.06,49.25,7.81,65.46,22.47,59.08,17.89,36.06
7,46.65,70.0,58.55,74.43,44.94,83.19,63.25,0.0,70.03,51.61,78.79,30.07,64.5,78.89,95.35,57.2,97.53,65.3,41.23,46.17,77.67,105.55,26.08,62.23,72.11,27.86,24.08,48.37,42.19,54.59,67.2,48.33,76.16,68.35,41.04,60.83,26.08,35.44,94.87,36.77,61.74,66.12,48.37,19.7,60.46,96.17,15.65,84.12,93.02,29.83,48.76,71.03,40.46,74.95,54.13,73.54,40.05
8,39.7,2.0,15.62,7.21,31.3,16.97,42.05,70.03,0.0,42.52,34.06,73.54,11.66,38.05,30.0,60.0,36.88,48.33,47.2,28.64,46.39,51.88,59.46,49.4,43.17,45.61,75.29,35.61,77.18,18.87,44.94,65.3,32.0,22.8,47.71,47.71,60.93,36.88,34.41,64.5,31.3,4.47,78.82,64.03,37.74,34.06,65.0,26.0,45.88,68.54,25.5,44.64,45.79,26.02,29.7,30.07,30.27
9,6.32,41.04,27.2,49.68,46.0,59.46,11.66,51.61,42.52,0.0,30.07,72.11,31.11,74.67,53.85,17.89,52.15,14.42,10.77,44.05,26.08,93.74,59.06,74.03,20.59,25.61,69.66,54.0,81.41,25.06,15.62,77.2,28.0,58.31,59.23,72.03,29.12,40.79,76.84,69.86,14.56,41.62,85.91,58.82,64.5,76.58,38.48,67.68,42.72,68.6,43.29,19.42,57.07,29.61,53.46,26.08,28.07
10,32.98,32.06,27.78,40.05,56.6,47.07,20.4,78.79,34.06,30.07,0.0,93.51,25.3,72.11,27.2,40.5,22.8,24.17,40.45,53.85,14.42,82.97,79.25,80.99,14.42,50.99,92.8,63.53,100.5,30.0,19.7,92.09,2.83,56.57,73.24,79.12,58.86,56.64,64.56,87.86,17.09,36.5,103.71,81.22,69.57,63.25,67.45,58.55,14.87,89.14,51.48,16.64,71.03,8.06,59.62,5.66,43.86
11,66.03,74.32,67.68,75.29,42.38,81.58,82.8,30.07,73.54,72.11,93.51,0.0,72.72,66.75,102.86,82.46,107.7,86.53,63.53,44.94,96.54,93.74,14.42,44.27,90.91,46.65,7.21,40.45,12.17,64.4,87.2,22.8,90.69,62.29,28.07,43.68,53.37,37.74,88.0,12.65,77.79,69.08,18.44,13.42,48.17,90.02,44.28,78.1,108.37,5.1,48.1,90.43,29.27,87.62,47.52,87.86,49.68
12,28.84,10.0,6.0,18.87,32.56,28.43,30.46,64.5,11.66,31.11,25.3,72.72,0.0,48.17,31.05,48.41,34.99,36.77,36.72,29.73,36.0,63.53,58.31,55.71,32.25,38.05,73.35,38.83,78.1,10.0,33.53,68.12,22.8,32.0,49.52,53.85,51.92,34.99,46.04,65.3,19.7,12.17,80.62,61.74,44.27,45.61,57.31,37.58,38.95,67.96,27.02,33.54,47.38,17.46,34.44,20.4,24.74
13,69.86,40.05,49.03,32.56,35.38,29.53,77.67,78.89,38.05,74.67,72.11,66.75,48.17,0.0,61.74,92.48,70.94,83.95,75.18,35.38,84.1,27.2,56.92,24.33,80.4,65.3,71.81,30.53,64.03,50.0,81.22,48.17,70.03,16.49,39.85,24.08,82.22,45.34,24.17,54.33,67.08,36.06,62.51,63.91,18.97,26.83,81.47,18.44,83.36,61.98,34.21,81.61,39.56,64.07,25.5,68.0,50.48
14,54.59,28.84,36.88,31.24,61.06,32.31,46.52,95.35,30.0,53.85,27.2,102.86,31.05,61.74,0.0,67.08,10.0,51.11,62.8,58.31,41.04,64.0,88.57,78.1,41.62,68.26,104.0,65.6,107.07,40.79,46.65,95.27,27.78,50.0,77.67,76.58,80.22,65.39,46.17,94.34,39.29,34.41,108.81,92.48,66.6,44.05,87.02,44.27,28.23,97.95,55.23,43.83,75.72,24.35,59.55,28.64,55.79
15,22.8,58.41,44.94,67.2,62.51,76.84,20.59,57.2,60.0,17.89,40.5,82.46,48.41,92.48,67.08,0.0,63.25,16.49,20.1,60.83,30.07,111.52,70.88,90.55,26.68,36.88,78.71,70.46,92.97,42.94,20.88,91.08,39.4,76.16,74.11,88.57,31.24,56.0,94.4,82.46,29.73,59.36,98.08,69.08,81.58,94.02,41.87,85.44,49.16,79.71,60.42,24.52,72.06,43.05,70.61,38.47,44.41
16,54.04,35.38,40.25,39.45,66.84,41.76,43.17,97.53,36.88,52.15,22.8,107.7,34.99,70.94,10.0,63.25,0.0,46.82,62.0,64.03,34.99,74.0,93.3,86.02,36.77,69.86,108.24,72.14,112.8,43.86,42.38,101.86,24.33,58.31,83.74,84.4,80.1,69.97,56.14,100.0,38.0,41.04,114.98,96.6,74.4,54.04,87.82,53.85,19.42,102.93,61.07,39.0,81.69,23.09,66.53,26.08,59.09
17,20.59,46.52,34.93,55.46,58.55,64.5,6.32,65.3,48.33,14.42,24.17,86.53,36.77,83.95,51.11,16.49,46.82,0.0,24.08,56.32,14.14,100.18,73.43,86.21,10.2,40.0,84.02,66.48,95.77,34.23,4.47,91.08,23.32,67.47,72.8,84.21,41.18,54.41,82.37,84.1,17.09,48.7,100.18,73.24,76.0,81.63,51.31,74.32,33.0,83.01,55.08,8.06,70.6,27.66,65.01,22.8,41.23
18,8.25,46.04,31.62,54.04,43.17,64.03,22.36,41.23,47.2,10.77,40.45,63.53,36.72,75.18,62.8,20.1,62.0,24.08,0.0,41.76,36.72,96.54,51.26,71.02,31.3,17.09,60.46,50.99,73.54,28.43,26.08,71.02,38.21,59.36,54.04,69.05,18.44,36.06,80.62,62.64,24.0,45.34,78.43,50.12,62.64,80.72,27.73,70.77,53.45,60.42,41.79,30.02,52.01,39.05,51.87,36.06,25.3
19,38.21,29.53,26.08,30.59,2.83,38.0,50.64,46.17,28.64,44.05,53.85,44.94,29.73,35.38,58.31,60.83,64.03,56.32,41.76,0.0,61.35,60.46,31.05,30.0,56.32,30.0,47.07,10.2,48.83,24.17,54.92,38.42,51.11,22.36,19.8,28.0,46.86,10.77,48.7,36.06,41.76,24.17,50.99,36.22,20.88,50.0,46.4,37.95,68.24,39.92,3.16,56.75,17.69,46.62,10.3,48.37,16.49
20,31.24,44.41,36.5,52.95,63.91,60.73,14.42,77.67,46.39,26.08,14.42,96.54,36.0,84.1,41.04,30.07,34.99,14.14,36.72,61.35,0.0,96.77,82.8,90.24,5.66,50.99,94.76,71.47,104.86,37.36,10.77,98.39,15.23,68.0,79.62,88.29,54.63,61.77,78.43,92.65,19.7,48.04,108.76,83.55,79.25,77.25,64.41,71.81,19.1,92.62,59.48,6.71,77.39,21.19,68.66,16.49,48.37
21,90.0,53.67,66.57,44.72,61.06,36.06,93.91,105.55,51.88,93.74,82.97,93.74,63.53,27.2,64.0,111.52,74.0,100.18,96.54,60.46,96.77,0.0,84.12,50.16,94.34,89.38,98.95,57.27,90.2,68.82,96.66,74.11,81.61,38.42,67.05,50.36,106.3,71.02,18.44,81.22,83.19,52.15,88.0,91.08,46.17,20.1,106.83,26.08,90.67,89.05,58.6,96.01,66.73,75.58,51.48,80.32,73.59
22,52.84,60.17,53.25,61.61,28.64,68.47,69.34,26.08,59.46,59.06,79.25,14.42,58.31,56.92,88.57,70.88,93.3,73.43,51.26,31.05,82.8,84.12,0.0,37.2,77.2,34.18,16.12,28.07,22.36,50.0,73.78,22.8,76.42,50.04,17.09,36.06,44.0,23.32,76.42,12.0,63.78,55.03,27.2,7.21,37.95,78.23,36.67,66.12,94.11,9.9,34.21,76.84,17.46,73.25,35.01,73.59,35.38
23,68.12,51.11,53.85,46.86,28.07,48.41,80.4,62.23,49.4,74.03,80.99,44.27,55.71,24.33,78.1,90.55,86.02,86.21,71.02,30.0,90.24,50.16,37.2,0.0,85.51,56.92,50.16,20.1,40.05,52.95,84.59,24.0,78.43,28.28,21.26,2.0,72.5,35.44,48.08,31.62,71.02,45.65,38.21,44.41,11.66,50.6,68.8,40.25,94.43,39.92,31.14,86.15,22.2,73.16,21.59,75.89,46.17
24,25.61,41.23,32.06,50.0,58.82,58.31,8.94,72.11,43.17,20.59,14.42,90.91,32.25,80.4,41.62,26.68,36.77,10.2,31.3,56.32,5.66,94.34,77.2,85.51,0.0,45.34,89.11,66.48,99.3,32.56,6.0,93.04,14.14,64.12,74.32,83.55,49.4,56.36,76.16,87.13,14.56,44.41,103.25,77.9,74.67,75.15,59.03,68.96,23.09,87.01,54.57,2.24,72.09,19.42,63.95,14.42,42.94
25,19.8,45.12,32.06,51.26,30.53,60.93,36.77,27.86,45.61,25.61,50.99,46.65,38.05,65.3,68.26,36.88,69.86,40.0,17.09,30.0,50.99,89.38,34.18,56.92,45.34,0.0,44.05,37.58,56.46,28.07,41.04,54.33,48.33,50.99,38.21,55.03,16.97,21.54,75.47,45.61,34.0,42.38,61.35,33.29,50.12,76.16,19.42,64.9,65.37,43.38,31.14,44.55,36.35,47.13,40.22,45.69,16.12
26,63.78,75.89,68.0,77.67,44.72,84.59,80.72,24.08,75.29,69.66,92.8,7.21,73.35,71.81,104.0,78.71,108.24,84.02,60.46,47.07,94.76,98.95,16.12,50.16,89.11,44.05,0.0,44.0,18.97,64.5,85.04,29.73,90.0,66.0,32.25,49.4,48.7,38.63,92.2,18.87,76.58,70.88,25.3,11.66,52.95,94.09,39.05,82.02,107.62,10.3,50.22,88.46,33.06,87.37,51.01,87.2,49.4
27,48.04,36.88,35.78,35.78,8.0,41.23,60.83,48.37,35.61,54.0,63.53,40.45,38.83,30.53,65.6,70.46,72.14,66.48,50.99,10.2,71.47,57.27,28.07,20.1,66.48,37.58,44.0,0.0,42.05,34.18,65.12,29.73,60.83,22.0,12.65,18.11,53.85,16.12,48.37,29.73,51.92,31.24,43.27,34.53,12.81,50.16,51.66,38.05,77.7,35.36,12.08,66.94,11.18,56.08,7.07,58.14,26.08
28,75.18,78.23,73.59,77.82,46.04,82.87,91.59,42.19,77.18,81.41,100.5,12.17,78.1,64.03,107.07,92.97,112.8,95.77,73.54,48.83,104.86,90.2,22.36,40.05,99.3,56.46,18.97,42.05,0.0,70.71,96.04,16.12,97.67,62.64,29.53,40.0,64.78,43.86,86.83,12.81,85.6,72.72,6.32,24.33,46.69,89.11,56.08,77.67,115.31,13.34,51.87,99.02,31.38,94.05,48.85,94.85,56.85
29,21.26,17.89,4.0,25.61,26.83,35.61,28.07,54.59,18.87,25.06,30.0,64.4,10.0,50.0,40.79,42.94,43.86,34.23,28.43,24.17,37.36,68.82,50.0,52.95,32.56,28.07,64.5,34.18,70.71,0.0,32.0,62.13,27.2,33.53,43.27,50.99,42.38,26.91,52.35,58.0,18.11,16.97,73.76,52.84,42.19,52.35,47.38,42.8,44.69,59.82,22.14,33.24,41.05,23.35,31.4,24.41,15.23
30,21.26,43.08,32.25,52.0,57.27,60.83,4.47,67.2,44.94,15.62,19.7,87.2,33.53,81.22,46.65,20.88,42.38,4.47,26.08,54.92,10.77,96.66,73.78,84.59,6.0,41.04,85.04,65.12,96.04,32.0,0.0,90.62,18.87,64.78,72.11,82.61,43.86,53.85,78.71,84.12,14.14,45.61,100.24,74.03,74.11,77.9,53.71,70.94,29.07,83.49,53.46,4.12,69.89,23.35,63.2,18.44,40.5
31,70.88,66.6,64.4,64.9,35.61,68.88,86.16,48.33,65.3,77.2,92.09,22.8,68.12,48.17,95.27,91.08,101.86,91.08,71.02,38.42,98.39,74.11,22.8,24.0,93.04,54.33,29.73,29.73,16.12,62.13,90.62,0.0,89.31,48.33,18.87,24.08,66.27,36.77,71.39,11.66,78.71,60.96,14.56,28.64,31.62,73.76,59.44,62.64,106.61,19.85,41.11,93.11,21.1,85.0,35.81,86.53,50.16
32,30.59,30.0,25.06,38.21,53.85,45.61,18.97,76.16,32.0,28.0,2.83,90.69,22.8,70.03,27.78,39.4,24.33,23.32,38.21,51.11,15.23,81.61,76.42,78.43,14.14,48.33,90.0,60.83,97.67,27.2,18.87,89.31,0.0,54.33,70.46,76.55,56.57,53.81,63.25,85.04,14.56,34.23,100.9,78.41,67.05,62.03,65.0,56.89,17.69,86.31,48.76,16.28,68.24,6.08,57.01,2.83,41.04
33,53.67,24.74,32.56,18.87,23.41,20.59,61.19,68.35,22.8,58.31,56.57,62.29,32.0,16.49,50.0,76.16,58.31,67.47,59.36,22.36,68.0,38.42,50.04,28.28,64.12,50.99,66.0,22.0,62.64,33.53,64.78,48.33,54.33,0.0,34.23,26.91,67.94,33.11,26.68,50.99,50.64,20.1,62.77,56.32,17.2,28.28,68.51,16.12,68.68,57.22,20.25,65.28,33.06,48.51,15.03,52.15,35.38
34,52.95,48.83,45.61,48.33,16.97,53.85,67.68,41.04,47.71,59.23,73.24,28.07,49.52,39.85,77.67,74.11,83.74,72.8,54.04,19.8,79.62,67.05,17.09,21.26,74.32,38.21,32.25,12.65,29.53,43.27,72.11,18.87,70.46,34.23,0.0,19.8,52.5,18.44,60.03,17.09,59.93,43.27,31.24,24.17,20.88,62.0,47.89,50.04,87.8,23.02,22.67,74.46,2.24,66.22,19.65,67.68,31.62
35,66.12,49.4,51.92,45.34,26.08,47.2,78.41,60.83,47.71,72.03,79.12,43.68,53.85,24.08,76.58,88.57,84.4,84.21,69.05,28.0,88.29,50.36,36.06,2.0,83.55,55.03,49.4,18.11,40.0,50.99,82.61,24.08,76.55,26.91,19.8,0.0,70.68,33.53,47.54,31.05,69.05,43.91,38.47,43.27,10.0,50.0,67.12,39.4,92.61,39.22,29.15,84.17,20.62,71.31,19.65,74.0,44.18
36,26.08,60.17,46.17,67.08,47.2,76.94,40.5,26.08,60.93,29.12,58.86,53.37,51.92,82.22,80.22,31.24,80.1,41.18,18.44,46.86,54.63,106.3,44.0,72.5,49.4,16.97,48.7,53.85,64.78,42.38,43.86,66.27,56.57,67.94,52.5,70.68,0.0,37.74,92.09,56.0,42.19,58.14,70.46,40.45,66.57,92.65,10.63,81.61,71.84,51.48,48.1,47.93,50.92,57.04,57.01,54.33,32.8
37,34.53,37.36,30.0,40.05,10.0,48.17,49.4,35.44,36.88,40.79,56.64,37.74,34.99,45.34,65.39,56.0,69.97,54.41,36.06,10.77,61.77,71.02,23.32,35.44,56.36,21.54,38.63,16.12,43.86,26.91,53.85,36.77,53.81,33.11,18.44,33.53,37.74,0.0,59.46,31.24,42.19,32.56,47.2,27.2,28.84,60.73,36.12,48.7,71.45,33.02,13.34,56.36,16.28,50.25,19.85,50.99,13.42
38,73.59,36.06,49.68,27.2,50.0,17.89,76.16,94.87,34.41,76.84,64.56,88.0,46.04,24.17,46.17,94.4,56.14,82.37,80.62,48.7,78.43,18.44,76.42,48.08,76.16,75.47,92.2,48.37,86.83,52.35,78.71,71.39,63.25,26.68,60.03,47.54,92.09,59.46,0.0,76.11,65.51,35.38,85.91,82.87,40.2,2.83,93.94,10.77,72.34,83.01,46.24,77.88,59.14,57.25,41.59,62.03,59.36
39,63.56,65.51,60.83,65.39,33.29,70.88,79.65,36.77,64.5,69.86,87.86,12.65,65.3,54.33,94.34,82.46,100.0,84.1,62.64,36.06,92.65,81.22,12.0,31.62,87.13,45.61,18.87,29.73,12.81,58.0,84.12,11.66,85.04,50.99,17.09,31.05,56.0,31.24,76.11,0.0,73.24,60.03,16.12,17.09,36.0,78.23,48.51,66.48,102.65,8.6,39.12,86.95,18.79,81.32,36.69,82.22,44.41
40,16.12,29.53,18.11,38.47,44.27,47.71,10.77,61.74,31.3,14.56,17.09,77.79,19.7,67.08,39.29,29.73,38.0,17.09,24.0,41.76,19.7,83.19,63.78,71.02,14.56,34.0,76.58,51.92,85.6,18.11,14.14,78.71,14.56,50.64,59.93,69.05,42.19,42.19,65.51,73.24,0.0,31.62,89.31,65.12,60.3,64.9,50.45,57.27,31.38,73.66,40.02,15.13,57.7,15.13,49.5,12.17,28.84
41,38.21,5.66,14.42,8.94,26.83,18.87,42.38,66.12,4.47,41.62,36.5,69.08,12.17,36.06,34.41,59.36,41.04,48.7,45.34,24.17,48.04,52.15,55.03,45.65,44.41,42.38,70.88,31.24,72.72,16.97,45.61,60.96,34.23,20.1,43.27,43.91,58.14,32.56,35.38,60.03,31.62,0.0,74.4,59.67,34.0,35.38,61.68,26.08,49.04,64.08,21.02,45.71,41.34,28.44,25.5,32.06,26.68
42,79.62,80.0,76.42,78.89,48.17,83.26,95.77,48.37,78.82,85.91,103.71,18.44,80.62,62.51,108.81,98.08,114.98,100.18,78.43,50.99,108.76,88.0,27.2,38.21,103.25,61.35,25.3,43.27,6.32,73.76,100.24,14.56,100.9,62.77,31.24,38.47,70.46,47.2,85.91,16.12,89.31,74.4,0.0,30.07,46.17,88.29,62.01,77.2,118.44,19.03,53.91,103.08,33.3,97.0,49.74,98.08,60.46
43,52.8,64.56,56.36,66.75,34.06,74.11,69.66,19.7,64.03,58.82,81.22,13.42,61.74,63.91,92.48,69.08,96.6,73.24,50.12,36.22,83.55,91.08,7.21,44.41,77.9,33.29,11.66,34.53,24.33,52.84,74.03,28.64,78.41,56.32,24.17,43.27,40.45,27.2,82.87,17.09,65.12,59.67,30.07,0.0,44.94,84.59,32.02,72.44,96.05,11.05,39.32,77.34,24.35,75.72,41.3,75.6,37.74
44,58.86,39.45,42.76,35.38,19.7,37.74,70.03,60.46,37.74,64.5,69.57,48.17,44.27,18.97,66.6,81.58,74.4,76.0,62.64,20.88,79.25,46.17,37.95,11.66,74.67,50.12,52.95,12.81,46.69,42.19,74.11,31.62,67.05,17.2,20.88,10.0,66.57,28.84,40.2,36.0,60.3,34.0,46.17,44.94,0.0,42.43,64.44,31.05,82.86,43.29,21.21,75.43,20.62,61.68,11.05,64.56,37.36
45,73.54,35.61,49.52,26.91,51.42,17.2,75.47,96.17,34.06,76.58,63.25,90.02,45.61,26.83,44.05,94.02,54.04,81.63,80.72,50.0,77.25,20.1,78.23,50.6,75.15,76.16,94.09,50.16,89.11,52.35,77.9,73.76,62.03,28.28,62.0,50.0,92.65,60.73,2.83,78.23,64.9,35.38,88.29,84.59,42.43,0.0,94.81,12.17,70.58,85.01,47.43,76.92,61.03,56.08,43.29,60.93,60.03
46,34.48,64.54,51.35,70.52,46.1,80.06,50.09,15.65,65.0,38.48,67.45,44.28,57.31,81.47,87.02,41.87,87.82,51.31,27.73,46.4,64.41,106.83,36.67,68.8,59.03,19.42,39.05,51.66,56.08,47.38,53.71,59.44,65.0,68.51,47.89,67.12,10.63,36.12,93.94,48.51,50.45,61.68,62.01,32.02,64.44,94.81,0.0,83.24,80.99,43.0,48.26,57.71,46.65,64.78,55.97,62.59,35.11
47,64.03,27.86,40.5,18.97,39.29,12.17,68.03,84.12,26.0,67.68,58.55,78.1,37.58,18.44,44.27,85.44,53.85,74.32,70.77,37.95,71.81,26.08,66.12,40.25,68.96,64.9,82.02,38.05,77.67,42.8,70.94,62.64,56.89,16.12,50.04,39.4,81.61,48.7,10.77,66.48,57.27,26.08,77.2,72.44,31.05,12.17,83.24,0.0,68.07,73.06,35.47,70.52,49.0,50.8,31.14,55.32,48.83
48,46.62,43.97,42.2,50.8,71.03,56.01,31.58,93.02,45.88,42.72,14.87,108.37,38.95,83.36,28.23,49.16,19.42,33.0,53.45,68.24,19.1,90.67,94.11,94.43,23.09,65.37,107.62,77.7,115.31,44.69,29.07,106.61,17.69,68.68,87.8,92.61,71.84,71.45,72.34,102.65,31.38,49.04,118.44,96.05,82.86,70.58,80.99,68.07,0.0,104.0,65.73,25.02,85.6,21.63,73.36,20.52,58.73
49,62.43,69.35,63.01,70.21,37.34,76.49,79.06,29.83,68.54,68.6,89.14,5.1,67.96,61.98,97.95,79.71,102.93,83.01,60.42,39.92,92.62,89.05,9.9,39.92,87.01,43.38,10.3,35.36,13.34,59.82,83.49,19.85,86.31,57.22,23.02,39.22,51.48,33.02,83.01,8.6,73.66,64.08,19.03,11.05,43.29,85.01,43.0,73.06,104.0,0.0,43.08,86.61,24.19,83.1,42.43,83.49,45.28
50,37.66,26.42,23.71,27.46,5.83,35.01,49.25,48.76,25.5,43.29,51.48,48.1,27.02,34.21,55.23,60.42,61.07,55.08,41.79,3.16,59.48,58.6,34.21,31.14,54.57,31.14,50.22,12.08,51.87,22.14,53.46,41.11,48.76,20.25,22.67,29.15,48.1,13.34,46.24,39.12,40.02,21.02,53.91,39.32,21.21,47.43,48.26,35.47,65.73,43.08,0.0,55.11,20.62,44.1,10.2,46.07,16.55
51,24.76,42.72,33.0,51.55,59.2,60.01,7.81,71.03,44.64,19.42,16.64,90.43,33.54,81.61,43.83,24.52,39.0,8.06,30.02,56.75,6.71,96.01,76.84,86.15,2.24,44.55,88.46,66.94,99.02,33.24,4.12,93.11,16.28,65.28,74.46,84.17,47.93,56.36,77.88,86.95,15.13,45.71,103.08,77.34,75.43,76.92,57.71,70.52,25.02,86.61,55.11,0.0,72.24,21.4,64.63,16.4,42.95
52,50.8,46.87,43.42,46.62,14.87,52.39,65.46,40.46,45.79,57.07,71.03,29.27,47.38,39.56,75.72,72.06,81.69,70.6,52.01,17.69,77.39,66.73,17.46,22.2,72.09,36.35,33.06,11.18,31.38,41.05,69.89,21.1,68.24,33.06,2.24,20.62,50.92,16.28,59.14,18.79,57.7,41.34,33.3,24.35,20.62,61.03,46.65,49.0,85.6,24.19,20.62,72.24,0.0,64.03,18.25,65.46,29.41
53,31.0,24.02,20.62,32.14,49.41,39.56,22.47,74.95,26.02,29.61,8.06,87.62,17.46,64.07,24.35,43.05,23.09,27.66,39.05,46.62,21.19,75.58,73.25,73.16,19.42,47.13,87.37,56.08,94.05,23.35,23.35,85.0,6.08,48.51,66.22,71.31,57.04,50.25,57.25,81.32,15.13,28.44,97.0,75.72,61.68,56.08,64.78,50.8,21.63,83.1,44.1,21.4,64.03,0.0,51.89,5.0,38.01
54,47.85,31.14,32.28,29.15,9.9,34.21,59.08,54.13,29.7,53.46,59.62,47.52,34.44,25.5,59.55,70.61,66.53,65.01,51.87,10.3,68.66,51.48,35.01,21.59,63.95,40.22,51.01,7.07,48.85,31.4,63.2,35.81,57.01,15.03,19.65,19.65,57.01,19.85,41.59,36.69,49.5,25.5,49.74,41.3,11.05,43.29,55.97,31.14,73.36,42.43,10.2,64.63,18.25,51.89,0.0,54.42,26.57
55,28.28,28.07,22.36,36.5,51.11,44.27,17.89,73.54,30.07,26.08,5.66,87.86,20.4,68.0,28.64,38.47,26.08,22.8,36.06,48.37,16.49,80.32,73.59,75.89,14.42,45.69,87.2,58.14,94.85,24.41,18.44,86.53,2.83,52.15,67.68,74.0,54.33,50.99,62.03,82.22,12.17,32.06,98.08,75.6,64.56,60.93,62.59,55.32,20.52,83.49,46.07,16.4,65.46,5.0,54.42,0.0,38.21
56,22.0,30.07,18.97,35.44,18.11,44.94,36.06,40.05,30.27,28.07,43.86,49.68,24.74,50.48,55.79,44.41,59.09,41.23,25.3,16.49,48.37,73.59,35.38,46.17,42.94,16.12,49.4,26.08,56.85,15.23,40.5,50.16,41.04,35.38,31.62,44.18,32.8,13.42,59.36,44.41,28.84,26.68,60.46,37.74,37.36,60.03,35.11,48.83,58.73,45.28,16.55,42.95,29.41,38.01,26.57,38.21,0.0
