set K:= 1	2	3	4	5	6	7;
set C_H:= 1	2	3	4	5	6	7	8	9	10	11	12	13	14	15	16	17	18	19	20	21	22	23	24	25	26	27;
set C_S:= 28	29	30	31	32	33	34	35	36	37	38	39	40;
set C_F:= 41	42	43	44;
set M:= 45	46;
set L_B:= 47	48	49	50	51	52	53;
set A1:=
(0,*) 1 2 3 4 5 6 7 8 9 10 11 12 13 14 15 16 17 18 19 20 21 22 23 24 25 26 27 41 42 43 44 45 46 47 48 49 50 51 52 53
(1,*) 0 2 3 4 5 6 7 8 9 10 11 12 13 14 15 16 17 18 19 20 21 22 23 24 25 26 27 41 42 43 44 45 46 47 48 49 50 51 52 53
(2,*) 0 1 3 4 5 6 7 8 9 10 11 12 13 14 15 16 17 18 19 20 21 22 23 24 25 26 27 41 42 43 44 45 46 47 48 49 50 51 52 53
(3,*) 0 1 2 4 5 6 7 8 9 10 11 12 13 14 15 16 17 18 19 20 21 22 23 24 25 26 27 41 42 43 44 45 46 47 48 49 50 51 52 53
(4,*) 0 1 2 3 5 6 7 8 9 10 11 12 13 14 15 16 17 18 19 20 21 22 23 24 25 26 27 41 42 43 44 45 46 47 48 49 50 51 52 53
(5,*) 0 1 2 3 4 6 7 8 9 10 11 12 13 14 15 16 17 18 19 20 21 22 23 24 25 26 27 41 42 43 44 45 46 47 48 49 50 51 52 53
(6,*) 0 1 2 3 4 5 7 8 9 10 11 12 13 14 15 16 17 18 19 20 21 22 23 24 25 26 27 41 42 43 44 45 46 47 48 49 50 51 52 53
(7,*) 0 1 2 3 4 5 6 8 9 10 11 12 13 14 15 16 17 18 19 20 21 22 23 24 25 26 27 41 42 43 44 45 46 47 48 49 50 51 52 53
(8,*) 0 1 2 3 4 5 6 7 9 10 11 12 13 14 15 16 17 18 19 20 21 22 23 24 25 26 27 41 42 43 44 45 46 47 48 49 50 51 52 53
(9,*) 0 1 2 3 4 5 6 7 8 10 11 12 13 14 15 16 17 18 19 20 21 22 23 24 25 26 27 41 42 43 44 45 46 47 48 49 50 51 52 53
(10,*) 0 1 2 3 4 5 6 7 8 9 11 12 13 14 15 16 17 18 19 20 21 22 23 24 25 26 27 41 42 43 44 45 46 47 48 49 50 51 52 53
(11,*) 0 1 2 3 4 5 6 7 8 9 10 12 13 14 15 16 17 18 19 20 21 22 23 24 25 26 27 41 42 43 44 45 46 47 48 49 50 51 52 53
(12,*) 0 1 2 3 4 5 6 7 8 9 10 11 13 14 15 16 17 18 19 20 21 22 23 24 25 26 27 41 42 43 44 45 46 47 48 49 50 51 52 53
(13,*) 0 1 2 3 4 5 6 7 8 9 10 11 12 14 15 16 17 18 19 20 21 22 23 24 25 26 27 41 42 43 44 45 46 47 48 49 50 51 52 53
(14,*) 0 1 2 3 4 5 6 7 8 9 10 11 12 13 15 16 17 18 19 20 21 22 23 24 25 26 27 41 42 43 44 45 46 47 48 49 50 51 52 53
(15,*) 0 1 2 3 4 5 6 7 8 9 10 11 12 13 14 16 17 18 19 20 21 22 23 24 25 26 27 41 42 43 44 45 46 47 48 49 50 51 52 53
(16,*) 0 1 2 3 4 5 6 7 8 9 10 11 12 13 14 15 17 18 19 20 21 22 23 24 25 26 27 41 42 43 44 45 46 47 48 49 50 51 52 53
(17,*) 0 1 2 3 4 5 6 7 8 9 10 11 12 13 14 15 16 18 19 20 21 22 23 24 25 26 27 41 42 43 44 45 46 47 48 49 50 51 52 53
(18,*) 0 1 2 3 4 5 6 7 8 9 10 11 12 13 14 15 16 17 19 20 21 22 23 24 25 26 27 41 42 43 44 45 46 47 48 49 50 51 52 53
(19,*) 0 1 2 3 4 5 6 7 8 9 10 11 12 13 14 15 16 17 18 20 21 22 23 24 25 26 27 41 42 43 44 45 46 47 48 49 50 51 52 53
(20,*) 0 1 2 3 4 5 6 7 8 9 10 11 12 13 14 15 16 17 18 19 21 22 23 24 25 26 27 41 42 43 44 45 46 47 48 49 50 51 52 53
(21,*) 0 1 2 3 4 5 6 7 8 9 10 11 12 13 14 15 16 17 18 19 20 22 23 24 25 26 27 41 42 43 44 45 46 47 48 49 50 51 52 53
(22,*) 0 1 2 3 4 5 6 7 8 9 10 11 12 13 14 15 16 17 18 19 20 21 23 24 25 26 27 41 42 43 44 45 46 47 48 49 50 51 52 53
(23,*) 0 1 2 3 4 5 6 7 8 9 10 11 12 13 14 15 16 17 18 19 20 21 22 24 25 26 27 41 42 43 44 45 46 47 48 49 50 51 52 53
(24,*) 0 1 2 3 4 5 6 7 8 9 10 11 12 13 14 15 16 17 18 19 20 21 22 23 25 26 27 41 42 43 44 45 46 47 48 49 50 51 52 53
(25,*) 0 1 2 3 4 5 6 7 8 9 10 11 12 13 14 15 16 17 18 19 20 21 22 23 24 26 27 41 42 43 44 45 46 47 48 49 50 51 52 53
(26,*) 0 1 2 3 4 5 6 7 8 9 10 11 12 13 14 15 16 17 18 19 20 21 22 23 24 25 27 41 42 43 44 45 46 47 48 49 50 51 52 53
(27,*) 0 1 2 3 4 5 6 7 8 9 10 11 12 13 14 15 16 17 18 19 20 21 22 23 24 25 26 41 42 43 44 45 46 47 48 49 50 51 52 53
(41,*) 0 1 2 3 4 5 6 7 8 9 10 11 12 13 14 15 16 17 18 19 20 21 22 23 24 25 26 27 42 43 44 45 46 47 48 49 50 51 52 53
(42,*) 0 1 2 3 4 5 6 7 8 9 10 11 12 13 14 15 16 17 18 19 20 21 22 23 24 25 26 27 41 43 44 45 46 47 48 49 50 51 52 53
(43,*) 0 1 2 3 4 5 6 7 8 9 10 11 12 13 14 15 16 17 18 19 20 21 22 23 24 25 26 27 41 42 44 45 46 47 48 49 50 51 52 53
(44,*) 0 1 2 3 4 5 6 7 8 9 10 11 12 13 14 15 16 17 18 19 20 21 22 23 24 25 26 27 41 42 43 45 46 47 48 49 50 51 52 53
(45,*) 0 1 2 3 4 5 6 7 8 9 10 11 12 13 14 15 16 17 18 19 20 21 22 23 24 25 26 27 41 42 43 44 46 47 48 49 50 51 52 53
(46,*) 0 1 2 3 4 5 6 7 8 9 10 11 12 13 14 15 16 17 18 19 20 21 22 23 24 25 26 27 41 42 43 44 45 47 48 49 50 51 52 53
(47,*) 0 1 2 3 4 5 6 7 8 9 10 11 12 13 14 15 16 17 18 19 20 21 22 23 24 25 26 27 41 42 43 44 45 46 48 49 50 51 52 53
(48,*) 0 1 2 3 4 5 6 7 8 9 10 11 12 13 14 15 16 17 18 19 20 21 22 23 24 25 26 27 41 42 43 44 45 46 47 49 50 51 52 53
(49,*) 0 1 2 3 4 5 6 7 8 9 10 11 12 13 14 15 16 17 18 19 20 21 22 23 24 25 26 27 41 42 43 44 45 46 47 48 50 51 52 53
(50,*) 0 1 2 3 4 5 6 7 8 9 10 11 12 13 14 15 16 17 18 19 20 21 22 23 24 25 26 27 41 42 43 44 45 46 47 48 49 51 52 53
(51,*) 0 1 2 3 4 5 6 7 8 9 10 11 12 13 14 15 16 17 18 19 20 21 22 23 24 25 26 27 41 42 43 44 45 46 47 48 49 50 52 53
(52,*) 0 1 2 3 4 5 6 7 8 9 10 11 12 13 14 15 16 17 18 19 20 21 22 23 24 25 26 27 41 42 43 44 45 46 47 48 49 50 51 53
(53,*) 0 1 2 3 4 5 6 7 8 9 10 11 12 13 14 15 16 17 18 19 20 21 22 23 24 25 26 27 41 42 43 44 45 46 47 48 49 50 51 52
;
set A2:=
(45,*) 46
(46,*) 45
;
param BigM:=99999;
param n:= 7;
param d:=
1	16
2	23
3	12
4	6
5	5
6	1
7	13
8	14
9	8
10	20
11	19
12	26
13	22
14	16
15	20
16	12
17	20
18	14
19	25
20	17
21	20
22	2
23	9
24	10
25	11
26	21
27	24
28	14
29	1
30	20
31	18
32	7
33	21
34	13
35	3
36	17
37	8
38	22
39	19
40	15
41	8
42	24
43	12
44	6
;
param Q:=100;
param w:=
[45,*] 46 1
[46,*] 45 1
;
param V:=
[45,*] 46 93
[46,*] 45 93
;
param f:=
45	100
46	100
47	100
48	100
49	100
50	100
51	100
52	100
53	100
;
param e:
	45	46	47	48	49	50	51	52	53:=
28	1	0	0	0	0	0	0	0	0	
29	0	1	0	1	0	1	0	1	0	
30	1	0	1	0	1	0	1	0	1	
31	0	1	0	1	0	1	0	1	0	
32	0	0	0	1	0	1	0	1	0	
33	1	0	0	0	1	0	1	0	0	
34	0	0	0	1	0	0	0	1	0	
35	0	1	1	1	1	1	0	1	0	
36	1	0	0	0	0	0	0	0	0	
37	1	0	0	0	1	0	1	0	0	
38	0	0	1	0	1	0	1	0	1	
39	0	1	0	1	0	1	0	1	0	
40	1	0	0	0	0	0	0	0	0	
41	0	0	1	0	1	0	1	0	1	
42	1	0	0	0	1	0	0	0	0	
43	0	0	1	0	1	0	1	0	1	
44	0	0	1	0	0	0	1	0	1	
;
param p:=
1	1
2	1
3	1
4	1
5	1
6	1
7	1
;
param G:=
45	93
46	91
47	83
48	96
49	74
50	77
51	76
52	95
53	86
;
param s:=
0	0
1	15
2	15
3	15
4	15
5	15
6	15
7	15
8	15
9	15
10	15
11	15
12	15
13	15
14	15
15	15
16	15
17	15
18	15
19	15
20	15
21	15
22	15
23	15
24	15
25	15
26	15
27	15
41	15
42	15
43	15
44	15
45	10
46	10
47	10
48	10
49	10
50	10
51	10
52	10
53	10
;
param t:
	0	1	2	3	4	5	6	7	8	9	10	11	12	13	14	15	16	17	18	19	20	21	22	23	24	25	26	27	28	29	30	31	32	33	34	35	36	37	38	39	40	41	42	43	44	45	46	47	48	49	50	51	52	53:=
0	0.0	69.43	32.56	76.24	42.52	32.8	38.63	38.21	77.67	39.6	25.46	95.35	74.03	58.31	26.08	86.16	58.82	90.02	24.74	74.73	25.06	95.35	42.94	18.44	33.53	77.25	91.61	69.08	98.08	20.0	65.12	22.0	26.08	72.11	43.86	32.31	73.35	71.69	94.25	18.44	94.59	63.15	62.61	88.29	96.6	92.7	40.52	60.73	19.1	62.8	23.26	70.71	24.0	76.4
1	69.43	0.0	36.88	46.65	27.78	78.79	62.1	51.92	12.17	77.79	72.47	51.61	52.8	24.08	43.86	31.3	18.11	61.22	59.06	32.8	45.34	51.61	67.47	54.04	88.59	76.66	23.41	23.32	89.44	50.0	59.23	57.27	67.08	71.81	81.04	40.5	79.25	75.31	42.05	54.04	78.89	35.44	74.11	42.8	34.06	85.49	41.59	28.64	71.56	37.36	48.88	40.25	53.85	34.83
2	32.56	36.88	0.0	54.41	10.77	48.17	37.95	29.53	45.65	50.16	40.45	70.26	55.46	30.0	8.25	56.89	27.86	70.23	28.0	48.04	10.2	70.26	44.27	18.97	55.79	69.31	59.36	40.2	88.09	13.42	52.5	24.0	36.06	63.66	54.33	11.66	68.41	65.3	66.27	18.97	80.99	39.29	59.36	62.03	65.79	82.98	21.4	34.23	37.64	39.85	14.04	47.54	22.0	50.09
3	76.24	46.65	54.41	0.0	54.59	64.5	44.72	39.29	39.85	58.82	62.77	20.59	8.25	27.2	54.59	26.31	59.4	16.12	53.37	14.56	54.33	20.59	46.04	58.03	76.16	34.23	48.04	23.32	43.08	64.78	21.63	77.67	57.58	31.05	59.67	46.39	39.29	35.44	26.08	58.03	32.25	15.23	39.45	17.2	39.29	39.56	72.9	21.63	66.1	14.56	67.68	7.21	52.35	13.15
4	42.52	27.78	10.77	54.59	0.0	58.55	46.69	37.36	37.95	60.0	50.99	67.91	57.2	27.86	18.97	52.0	17.09	70.71	38.21	45.61	20.88	67.91	52.95	29.73	66.48	74.4	50.99	36.5	91.93	22.63	56.85	29.73	46.39	68.82	64.03	20.1	74.43	71.02	62.13	29.73	83.74	39.45	66.21	59.23	59.23	87.05	18.38	33.11	48.38	40.5	21.1	47.41	32.25	47.8
5	32.8	78.79	48.17	64.5	58.55	0.0	20.0	28.43	82.68	8.25	8.25	85.09	59.09	58.82	40.05	83.45	75.31	74.0	20.4	69.43	38.05	85.09	18.97	30.07	11.66	52.04	96.52	68.12	72.44	42.76	46.17	52.0	12.17	48.04	11.66	39.29	46.39	46.04	88.41	30.07	72.11	56.64	36.06	80.45	96.21	67.27	65.62	58.14	13.89	55.32	48.05	61.61	26.31	70.29
6	38.63	62.1	37.95	44.72	46.69	20.0	0.0	10.2	64.4	16.12	18.44	65.3	39.85	40.25	31.3	63.66	62.03	55.32	14.42	49.52	29.53	65.3	6.32	25.46	31.62	38.63	77.9	48.83	59.46	38.42	28.07	50.91	14.0	33.53	18.97	26.68	34.99	33.11	68.41	25.46	56.57	36.77	24.41	60.46	76.58	54.08	58.6	38.83	23.0	35.38	43.6	41.62	18.44	50.33
7	38.21	51.92	29.53	39.29	37.36	28.43	10.2	0.0	54.59	26.0	24.41	59.46	36.06	30.53	24.08	55.32	52.15	52.04	14.14	41.62	22.63	59.46	16.0	21.54	39.6	41.62	68.26	39.7	61.77	32.8	27.2	46.04	18.87	36.06	29.12	17.89	39.6	36.88	61.06	21.54	56.92	28.84	30.0	53.67	67.88	56.44	50.77	29.73	26.93	27.78	37.54	34.93	14.56	42.72
8	77.67	12.17	45.65	39.85	37.95	82.68	64.4	54.59	0.0	80.5	77.2	41.04	47.07	24.17	51.61	20.0	30.27	52.84	64.03	25.3	52.8	41.04	69.08	60.96	93.23	72.44	14.14	18.0	82.87	59.06	56.0	67.68	71.61	68.12	83.26	46.69	76.03	72.03	30.53	60.96	71.69	32.06	72.44	32.56	22.0	79.4	53.24	26.68	77.23	34.06	58.69	34.53	59.46	26.93
9	39.6	77.79	50.16	58.82	60.0	8.25	16.12	26.0	80.5	0.0	14.14	79.32	52.84	56.36	42.43	79.4	76.24	67.23	22.36	65.12	40.45	79.32	12.81	33.53	18.44	44.0	94.02	64.9	64.28	46.82	39.4	57.31	15.23	40.2	4.47	40.05	38.21	38.0	83.55	33.53	64.28	52.5	28.0	75.29	92.46	59.14	69.12	54.92	20.52	50.99	52.2	56.64	28.28	65.76
10	25.46	72.47	40.45	62.77	50.99	8.25	18.44	24.41	77.2	14.14	0.0	83.26	58.24	53.81	32.25	79.65	67.91	73.76	13.42	66.03	30.27	83.26	20.1	22.0	16.12	54.92	91.21	63.66	75.71	34.53	46.39	43.86	5.66	50.36	18.44	32.31	50.0	49.03	85.44	22.0	74.11	53.25	39.29	77.9	92.02	70.41	57.43	53.81	6.4	52.15	39.81	59.06	18.97	67.12
11	95.35	51.61	70.26	20.59	67.91	85.09	65.3	59.46	41.04	79.32	83.26	0.0	26.91	40.45	72.03	21.26	68.0	18.44	73.38	22.36	72.11	0.0	66.57	76.94	96.75	49.19	42.94	31.62	50.04	82.0	41.04	94.19	78.0	47.71	80.0	64.12	55.57	52.15	12.65	76.94	38.05	32.25	58.14	8.94	29.12	48.51	86.13	36.06	86.38	32.56	84.15	24.74	71.81	20.22
12	74.03	52.8	55.46	8.25	57.2	59.09	39.85	36.06	47.07	52.84	58.24	26.91	0.0	31.24	54.41	34.53	64.03	16.0	50.16	22.09	53.85	26.91	40.25	56.32	70.68	26.08	56.0	29.73	36.72	64.56	14.14	77.79	53.37	22.8	53.25	46.17	31.05	27.2	34.0	56.32	26.91	18.44	31.62	25.06	47.54	32.7	75.17	25.61	62.17	16.97	68.01	12.65	50.04	21.0
13	58.31	24.08	30.0	27.2	27.86	58.82	40.25	30.53	24.17	56.36	53.81	40.45	31.24	0.0	32.98	27.86	32.8	43.27	41.04	18.11	33.53	40.45	44.94	40.25	69.66	53.14	37.74	10.77	67.68	42.43	35.44	54.0	48.17	48.08	59.09	26.0	55.32	51.42	36.5	40.25	58.14	12.81	50.04	32.06	38.83	63.29	46.24	5.66	54.56	14.42	44.01	20.0	37.2	20.22
14	26.08	43.86	8.25	54.59	18.97	40.05	31.3	24.08	51.61	42.43	32.25	72.03	54.41	32.98	0.0	60.73	36.06	69.86	20.1	50.36	2.0	72.03	37.58	10.77	47.54	65.3	65.6	43.68	84.88	10.2	49.4	23.41	28.0	59.67	46.69	8.25	63.66	60.83	69.43	10.77	78.71	40.05	54.04	64.28	70.68	79.63	27.31	36.22	29.41	40.2	13.89	48.17	14.14	52.24
15	86.16	31.3	56.89	26.31	52.0	83.45	63.66	55.32	20.0	79.4	79.65	21.26	34.53	27.86	60.73	0.0	48.7	35.44	67.68	14.42	61.35	21.26	66.84	68.03	94.85	60.53	22.8	17.09	67.08	69.86	46.82	80.62	74.03	57.27	81.22	53.85	65.51	61.61	10.77	68.03	55.32	26.91	64.62	13.42	13.42	64.38	69.35	26.08	81.27	28.43	70.86	24.17	64.5	14.32
16	58.82	18.11	27.86	59.4	17.09	75.31	62.03	52.15	30.27	76.24	67.91	68.0	64.03	32.8	36.06	48.7	0.0	75.07	54.92	47.2	37.95	68.0	68.12	46.82	83.52	84.97	40.45	37.2	100.44	38.83	67.08	42.8	63.15	79.62	80.1	36.22	86.16	82.46	59.46	46.82	90.91	45.61	79.12	59.06	52.15	95.96	24.7	38.42	65.46	47.2	36.12	52.35	49.03	49.41
17	90.02	61.22	70.23	16.12	70.71	74.0	55.32	52.04	52.84	67.23	73.76	18.44	16.0	43.27	69.86	35.44	75.07	0.0	66.12	28.43	69.43	18.44	55.03	72.25	85.44	31.62	58.24	38.21	32.06	80.05	27.86	93.15	69.05	31.11	67.08	61.61	38.42	35.38	30.0	72.25	20.1	31.3	42.8	22.36	46.17	30.15	89.01	37.74	77.93	30.46	83.24	23.32	66.03	26.4
18	24.74	59.06	28.0	53.37	38.21	20.4	14.42	14.14	64.03	22.36	13.42	73.38	50.16	41.04	20.1	67.68	54.92	66.12	0.0	54.59	18.11	73.38	19.8	11.66	29.53	52.8	78.1	51.22	73.54	25.06	40.45	36.88	8.25	47.54	26.68	18.97	49.4	47.41	74.24	11.66	69.86	42.05	38.83	67.23	79.65	68.15	46.84	41.62	13.6	41.23	30.41	48.7	6.0	55.9
19	74.73	32.8	48.04	14.56	45.61	69.43	49.52	41.62	25.3	65.12	66.03	22.36	22.09	18.11	50.36	14.42	47.2	28.43	54.59	0.0	50.64	22.36	52.5	56.32	80.92	48.0	34.06	10.0	57.58	60.13	32.98	72.03	60.46	44.18	66.84	42.76	52.35	48.37	19.7	56.32	46.52	12.81	50.6	14.0	27.78	54.12	63.89	14.14	68.1	14.14	62.01	10.2	52.0	2.24
20	25.06	45.34	10.2	54.33	20.88	38.05	29.53	22.63	52.8	40.45	30.27	72.11	53.85	33.53	2.0	61.35	37.95	69.43	18.11	50.64	0.0	72.11	35.78	8.94	45.61	64.03	66.84	44.27	83.76	10.77	48.37	24.17	26.0	58.41	44.72	8.0	62.23	59.46	69.86	8.94	77.82	40.0	52.5	64.5	71.55	78.49	29.15	36.5	27.51	40.05	15.0	48.04	12.17	52.47
21	95.35	51.61	70.26	20.59	67.91	85.09	65.3	59.46	41.04	79.32	83.26	0.0	26.91	40.45	72.03	21.26	68.0	18.44	73.38	22.36	72.11	0.0	66.57	76.94	96.75	49.19	42.94	31.62	50.04	82.0	41.04	94.19	78.0	47.71	80.0	64.12	55.57	52.15	12.65	76.94	38.05	32.25	58.14	8.94	29.12	48.51	86.13	36.06	86.38	32.56	84.15	24.74	71.81	20.22
22	42.94	67.47	44.27	46.04	52.95	18.97	6.32	16.0	69.08	12.81	20.1	66.57	40.25	44.94	37.58	66.84	68.12	55.03	19.8	52.5	35.78	66.57	0.0	31.24	30.46	34.93	82.29	52.84	55.79	44.41	27.2	56.64	17.09	30.27	14.42	32.98	30.46	29.12	70.77	31.24	54.04	40.0	19.7	62.48	80.0	50.45	64.88	42.94	25.71	38.42	49.65	43.86	24.41	53.08
23	18.44	54.04	18.97	58.03	29.73	30.07	25.46	21.54	60.96	33.53	22.0	76.94	56.32	40.25	10.77	68.03	46.82	72.25	11.66	56.32	8.94	76.94	31.24	0.0	36.88	62.77	75.07	50.99	83.19	13.42	48.7	25.46	18.44	57.31	37.95	14.42	60.0	57.69	75.89	0.0	78.43	44.72	49.68	69.86	78.89	77.83	35.69	42.38	18.68	44.41	18.79	52.35	7.21	57.97
24	33.53	88.59	55.79	76.16	66.48	11.66	31.62	39.6	93.23	18.44	16.12	96.75	70.68	69.66	47.54	94.85	83.52	85.44	29.53	80.92	45.61	96.75	30.46	36.88	0.0	62.13	107.2	79.25	82.02	48.04	57.58	54.92	21.63	58.55	20.0	48.33	56.0	56.14	100.0	36.88	82.61	68.12	46.17	92.09	107.48	77.0	71.01	69.31	18.25	66.84	53.0	73.24	34.93	81.84
25	77.25	76.66	69.31	34.23	74.4	52.04	38.63	41.62	72.44	44.0	54.92	49.19	26.08	53.14	65.3	60.53	84.97	31.62	52.8	48.0	64.03	49.19	34.93	62.77	62.13	0.0	82.02	54.59	20.88	74.4	17.89	87.66	51.92	5.66	42.19	58.0	7.21	6.0	58.82	62.77	20.88	41.23	16.0	50.0	73.35	15.52	90.61	48.08	60.64	39.29	79.03	38.05	55.57	47.04
26	91.61	23.41	59.36	48.04	50.99	96.52	77.9	68.26	14.14	94.02	91.21	42.94	56.0	37.74	65.6	22.8	40.45	58.24	78.1	34.06	66.84	42.94	82.29	75.07	107.2	82.02	0.0	29.73	89.82	72.72	66.75	80.62	85.6	78.23	96.6	60.83	86.37	82.39	30.53	75.07	78.1	43.68	83.95	36.06	15.62	86.98	64.76	39.4	91.35	45.61	72.01	44.18	73.59	35.0
27	69.08	23.32	40.2	23.32	36.5	68.12	48.83	39.7	18.0	64.9	63.66	31.62	29.73	10.77	43.68	17.09	37.2	38.21	51.22	10.0	44.27	31.62	52.84	50.99	79.25	54.59	29.73	0.0	66.21	52.95	38.0	64.12	58.0	50.16	67.23	36.77	58.03	54.04	26.08	50.99	55.57	14.14	54.59	22.8	28.43	62.39	54.57	10.0	64.82	16.12	54.23	17.09	47.71	12.21
28	98.08	89.44	88.09	43.08	91.93	72.44	59.46	61.77	82.87	64.28	75.71	50.04	36.72	67.68	84.88	67.08	100.44	32.06	73.54	57.58	83.76	50.04	55.79	83.19	82.02	20.88	89.82	66.21	0.0	94.34	35.61	107.7	72.8	26.0	62.03	77.2	26.08	26.68	62.03	83.19	12.0	54.92	36.5	54.33	78.23	5.39	109.04	62.13	81.49	53.25	98.74	49.19	76.03	55.97
29	20.0	50.0	13.42	64.78	22.63	42.76	38.42	32.8	59.06	46.82	34.53	82.0	64.56	42.43	10.2	69.86	38.83	80.05	25.06	60.13	10.77	82.0	44.41	13.42	48.04	74.4	72.72	52.95	94.34	0.0	59.06	13.42	31.62	68.82	51.26	18.44	72.25	69.66	78.92	13.42	88.57	50.16	62.23	74.11	79.12	89.04	23.02	46.04	30.02	50.36	5.39	58.31	20.0	62.07
30	65.12	59.23	52.5	21.63	56.85	46.17	28.07	27.2	56.0	39.4	46.39	41.04	14.14	35.44	49.4	46.82	67.08	27.86	40.45	32.98	48.37	41.04	27.2	48.7	57.58	17.89	66.75	38.0	35.61	59.06	0.0	72.47	42.05	12.65	39.45	41.62	20.1	16.12	47.71	48.7	29.73	24.08	17.89	38.83	60.17	30.48	73.55	30.59	51.04	22.09	63.29	22.8	41.76	32.57
31	22.0	57.27	24.0	77.67	29.73	52.0	50.91	46.04	67.68	57.31	43.86	94.19	77.79	54.0	23.41	80.62	42.8	93.15	36.88	72.03	24.17	94.19	56.64	25.46	54.92	87.66	80.62	64.12	107.7	13.42	72.47	0.0	42.19	82.1	61.77	31.62	85.28	82.8	90.2	25.46	101.98	62.8	75.07	86.02	88.77	102.4	20.25	58.14	38.28	63.15	10.05	71.02	32.56	74.06
32	26.08	67.08	36.06	57.58	46.39	12.17	14.0	18.87	71.61	15.23	5.66	78.0	53.37	48.17	28.0	74.03	63.15	69.05	8.25	60.46	26.0	78.0	17.09	18.44	21.63	51.92	85.6	58.0	72.8	31.62	42.05	42.19	0.0	47.07	19.7	27.2	47.54	46.17	79.92	18.44	70.46	47.71	36.77	72.47	86.37	67.45	54.13	48.17	9.0	46.65	37.0	53.67	14.14	61.59
33	72.11	71.81	63.66	31.05	68.82	48.04	33.53	36.06	68.12	40.2	50.36	47.71	22.8	48.08	59.67	57.27	79.62	31.11	47.54	44.18	58.41	47.71	30.27	57.31	58.55	5.66	78.23	50.16	26.0	68.82	12.65	82.1	47.07	0.0	38.83	52.35	8.25	4.47	56.46	57.31	24.08	36.5	12.65	47.54	70.34	20.62	84.96	43.17	55.9	34.53	73.41	34.06	50.12	43.42
34	43.86	81.04	54.33	59.67	64.03	11.66	18.97	29.12	83.26	4.47	18.44	80.0	53.25	59.09	46.69	81.22	80.1	67.08	26.68	66.84	44.72	80.0	14.42	37.95	20.0	42.19	96.6	67.23	62.03	51.26	39.45	61.77	19.7	38.83	0.0	44.0	36.0	36.22	84.85	37.95	62.8	54.41	26.31	76.42	94.4	57.0	73.5	57.31	24.76	52.8	56.65	58.0	32.56	67.36
35	32.31	40.5	11.66	46.39	20.1	39.29	26.68	17.89	46.69	40.05	32.31	64.12	46.17	26.0	8.25	53.85	36.22	61.61	18.97	42.76	8.0	64.12	32.98	14.42	48.33	58.0	60.83	36.77	77.2	18.44	41.62	31.62	27.2	52.35	44.0	0.0	56.85	53.81	62.1	14.42	70.71	32.0	47.71	56.57	64.5	72.01	33.02	28.64	31.06	32.06	21.93	40.05	13.42	44.55
36	73.35	79.25	68.41	39.29	74.43	46.39	34.99	39.6	76.03	38.21	50.0	55.57	31.05	55.32	63.66	65.51	86.16	38.42	49.4	52.35	62.23	55.57	30.46	60.0	56.0	7.21	86.37	58.03	26.08	72.25	20.1	85.28	47.54	8.25	36.0	56.85	0.0	4.0	64.62	60.0	27.86	44.18	10.77	55.71	78.59	21.0	89.81	50.64	55.97	42.19	77.1	42.19	52.8	51.62
37	71.69	75.31	65.3	35.44	71.02	46.04	33.11	36.88	72.03	38.0	49.03	52.15	27.2	51.42	60.83	61.61	82.46	35.38	47.41	48.37	59.46	52.15	29.12	57.69	56.14	6.0	82.39	54.04	26.68	69.66	16.12	82.8	46.17	4.47	36.22	53.81	4.0	0.0	60.93	57.69	26.68	40.2	10.0	52.0	74.73	21.38	86.68	46.69	54.82	38.21	74.41	38.21	50.48	47.68
38	94.25	42.05	66.27	26.08	62.13	88.41	68.41	61.06	30.53	83.55	85.44	12.65	34.0	36.5	69.43	10.77	59.46	30.0	74.24	19.7	69.86	12.65	70.77	75.89	100.0	58.82	30.53	26.08	62.03	78.92	47.71	90.2	79.92	56.46	84.85	62.1	64.62	60.93	0.0	75.89	50.04	32.25	65.51	8.94	16.49	60.07	79.76	33.53	87.71	33.29	80.31	26.91	71.69	18.36
39	18.44	54.04	18.97	58.03	29.73	30.07	25.46	21.54	60.96	33.53	22.0	76.94	56.32	40.25	10.77	68.03	46.82	72.25	11.66	56.32	8.94	76.94	31.24	0.0	36.88	62.77	75.07	50.99	83.19	13.42	48.7	25.46	18.44	57.31	37.95	14.42	60.0	57.69	75.89	0.0	78.43	44.72	49.68	69.86	78.89	77.83	35.69	42.38	18.68	44.41	18.79	52.35	7.21	57.97
40	94.59	78.89	80.99	32.25	83.74	72.11	56.57	56.92	71.69	64.28	74.11	38.05	26.91	58.14	78.71	55.32	90.91	20.1	69.86	46.52	77.82	38.05	54.04	78.43	82.61	20.88	78.1	55.57	12.0	88.57	29.73	101.98	70.46	24.08	62.8	70.71	27.86	26.68	50.04	78.43	0.0	45.34	36.5	42.43	66.27	11.18	101.4	52.5	79.4	43.86	92.59	38.83	71.47	44.78
41	63.15	35.44	39.29	15.23	39.45	56.64	36.77	28.84	32.06	52.5	53.25	32.25	18.44	12.81	40.05	26.91	45.61	31.3	42.05	12.81	40.0	32.25	40.0	44.72	68.12	41.23	43.68	14.14	54.92	50.16	24.08	62.8	47.71	36.5	54.41	32.0	44.18	40.2	32.25	44.72	45.34	0.0	40.45	25.3	40.0	50.61	57.71	7.21	55.47	2.0	52.77	8.25	39.85	13.89
42	62.61	74.11	59.36	39.45	66.21	36.06	24.41	30.0	72.44	28.0	39.29	58.14	31.62	50.04	54.04	64.62	79.12	42.8	38.83	50.6	52.5	58.14	19.7	49.68	46.17	16.0	83.95	54.59	36.5	62.23	17.89	75.07	36.77	12.65	26.31	47.71	10.77	10.0	65.51	49.68	36.5	40.45	0.0	56.6	78.0	31.26	80.71	46.04	45.22	38.47	67.21	40.5	42.52	50.33
43	88.29	42.8	62.03	17.2	59.23	80.45	60.46	53.67	32.56	75.29	77.9	8.94	25.06	32.06	64.28	13.42	59.06	22.36	67.23	14.0	64.5	8.94	62.48	69.86	92.09	50.0	36.06	22.8	54.33	74.11	38.83	86.02	72.47	47.54	76.42	56.57	55.71	52.0	8.94	69.86	42.43	25.3	56.6	0.0	24.0	52.01	77.37	28.07	80.53	26.0	76.01	18.87	65.15	12.04
44	96.6	34.06	65.79	39.29	59.23	96.21	76.58	67.88	22.0	92.46	92.02	29.12	47.54	38.83	70.68	13.42	52.15	46.17	79.65	27.78	71.55	29.12	80.0	78.89	107.48	73.35	15.62	28.43	78.23	79.12	60.17	88.77	86.37	70.34	94.4	64.5	78.59	74.73	16.49	78.89	66.27	40.0	78.0	24.0	0.0	76.01	75.17	38.21	93.24	41.62	79.4	37.58	76.03	27.73
45	92.7	85.49	82.98	39.56	87.05	67.27	54.08	56.44	79.4	59.14	70.41	48.51	32.7	63.29	79.63	64.38	95.96	30.15	68.15	54.12	78.49	48.51	50.45	77.83	77.0	15.52	86.98	62.39	5.39	89.04	30.48	102.4	67.45	20.62	57.0	72.01	21.0	21.38	60.07	77.83	11.18	50.61	31.26	52.01	76.01	0.0	104.0	57.8	76.16	48.88	93.48	45.31	70.66	52.63
46	40.52	41.59	21.4	72.9	18.38	65.62	58.6	50.77	53.24	69.12	57.43	86.13	75.17	46.24	27.31	69.35	24.7	89.01	46.84	63.89	29.15	86.13	64.88	35.69	71.01	90.61	64.76	54.57	109.04	23.02	73.55	20.25	54.13	84.96	73.5	33.02	89.81	86.68	79.76	35.69	101.4	57.71	80.71	77.37	75.17	104.0	0.0	51.48	53.04	58.67	18.03	65.74	41.11	66.1
47	60.73	28.64	34.23	21.63	33.11	58.14	38.83	29.73	26.68	54.92	53.81	36.06	25.61	5.66	36.22	26.08	38.42	37.74	41.62	14.14	36.5	36.06	42.94	42.38	69.31	48.08	39.4	10.0	62.13	46.04	30.59	58.14	48.17	43.17	57.31	28.64	50.64	46.69	33.53	42.38	52.5	7.21	46.04	28.07	38.21	57.8	51.48	0.0	55.22	8.94	48.09	14.42	38.47	16.03
48	19.1	71.56	37.64	66.1	48.38	13.89	23.0	26.93	77.23	20.52	6.4	86.38	62.17	54.56	29.41	81.27	65.46	77.93	13.6	68.1	27.51	86.38	25.71	18.68	18.25	60.64	91.35	64.82	81.49	30.02	51.04	38.28	9.0	55.9	24.76	31.06	55.97	54.82	87.71	18.68	79.4	55.47	45.22	80.53	93.24	76.16	53.04	55.22	0.0	54.56	35.13	61.85	17.8	69.35
49	62.8	37.36	39.85	14.56	40.5	55.32	35.38	27.78	34.06	50.99	52.15	32.56	16.97	14.42	40.2	28.43	47.2	30.46	41.23	14.14	40.05	32.56	38.42	44.41	66.84	39.29	45.61	16.12	53.25	50.36	22.09	63.15	46.65	34.53	52.8	32.06	42.19	38.21	33.29	44.41	43.86	2.0	38.47	26.0	41.62	48.88	58.67	8.94	54.56	0.0	53.15	8.0	39.29	15.0
50	23.26	48.88	14.04	67.68	21.1	48.05	43.6	37.54	58.69	52.2	39.81	84.15	68.01	44.01	13.89	70.86	36.12	83.24	30.41	62.01	15.0	84.15	49.65	18.79	53.0	79.03	72.01	54.23	98.74	5.39	63.29	10.05	37.0	73.41	56.65	21.93	77.1	74.41	80.31	18.79	92.59	52.77	67.21	76.01	79.4	93.48	18.03	48.09	35.13	53.15	0.0	61.0	25.24	64.03
51	70.71	40.25	47.54	7.21	47.41	61.61	41.62	34.93	34.53	56.64	59.06	24.74	12.65	20.0	48.17	24.17	52.35	23.32	48.7	10.2	48.04	24.74	43.86	52.35	73.24	38.05	44.18	17.09	49.19	58.31	22.8	71.02	53.67	34.06	58.0	40.05	42.19	38.21	26.91	52.35	38.83	8.25	40.5	18.87	37.58	45.31	65.74	14.42	61.85	8.0	61.0	0.0	47.07	9.85
52	24.0	53.85	22.0	52.35	32.25	26.31	18.44	14.56	59.46	28.28	18.97	71.81	50.04	37.2	14.14	64.5	49.03	66.03	6.0	52.0	12.17	71.81	24.41	7.21	34.93	55.57	73.59	47.71	76.03	20.0	41.76	32.56	14.14	50.12	32.56	13.42	52.8	50.48	71.69	7.21	71.47	39.85	42.52	65.15	76.03	70.66	41.11	38.47	17.8	39.29	25.24	47.07	0.0	53.49
53	76.4	34.83	50.09	13.15	47.8	70.29	50.33	42.72	26.93	65.76	67.12	20.22	21.0	20.22	52.24	14.32	49.41	26.4	55.9	2.24	52.47	20.22	53.08	57.97	81.84	47.04	35.0	12.21	55.97	62.07	32.57	74.06	61.59	43.42	67.36	44.55	51.62	47.68	18.36	57.97	44.78	13.89	50.33	12.04	27.73	52.63	66.1	16.03	69.35	15.0	64.03	9.85	53.49	0.0
;
