set K:= 1	2	3	4	5	6	7;
set C_H:= 1	2	3	4	5	6	7	8	9	10	11	12	13	14	15	16	17	18	19	20	21	22	23	24	25	26	27;
set C_S:= 28	29	30	31	32	33	34	35	36	37	38	39	40;
set C_F:= 41	42	43	44;
set M:= 45	46	47	48;
set L_B:= 49	50	51	52	53	54	55;
set A1:=
(0,*) 1 2 3 4 5 6 7 8 9 10 11 12 13 14 15 16 17 18 19 20 21 22 23 24 25 26 27 41 42 43 44 45 46 47 48 49 50 51 52 53 54 55
(1,*) 0 2 3 4 5 6 7 8 9 10 11 12 13 14 15 16 17 18 19 20 21 22 23 24 25 26 27 41 42 43 44 45 46 47 48 49 50 51 52 53 54 55
(2,*) 0 1 3 4 5 6 7 8 9 10 11 12 13 14 15 16 17 18 19 20 21 22 23 24 25 26 27 41 42 43 44 45 46 47 48 49 50 51 52 53 54 55
(3,*) 0 1 2 4 5 6 7 8 9 10 11 12 13 14 15 16 17 18 19 20 21 22 23 24 25 26 27 41 42 43 44 45 46 47 48 49 50 51 52 53 54 55
(4,*) 0 1 2 3 5 6 7 8 9 10 11 12 13 14 15 16 17 18 19 20 21 22 23 24 25 26 27 41 42 43 44 45 46 47 48 49 50 51 52 53 54 55
(5,*) 0 1 2 3 4 6 7 8 9 10 11 12 13 14 15 16 17 18 19 20 21 22 23 24 25 26 27 41 42 43 44 45 46 47 48 49 50 51 52 53 54 55
(6,*) 0 1 2 3 4 5 7 8 9 10 11 12 13 14 15 16 17 18 19 20 21 22 23 24 25 26 27 41 42 43 44 45 46 47 48 49 50 51 52 53 54 55
(7,*) 0 1 2 3 4 5 6 8 9 10 11 12 13 14 15 16 17 18 19 20 21 22 23 24 25 26 27 41 42 43 44 45 46 47 48 49 50 51 52 53 54 55
(8,*) 0 1 2 3 4 5 6 7 9 10 11 12 13 14 15 16 17 18 19 20 21 22 23 24 25 26 27 41 42 43 44 45 46 47 48 49 50 51 52 53 54 55
(9,*) 0 1 2 3 4 5 6 7 8 10 11 12 13 14 15 16 17 18 19 20 21 22 23 24 25 26 27 41 42 43 44 45 46 47 48 49 50 51 52 53 54 55
(10,*) 0 1 2 3 4 5 6 7 8 9 11 12 13 14 15 16 17 18 19 20 21 22 23 24 25 26 27 41 42 43 44 45 46 47 48 49 50 51 52 53 54 55
(11,*) 0 1 2 3 4 5 6 7 8 9 10 12 13 14 15 16 17 18 19 20 21 22 23 24 25 26 27 41 42 43 44 45 46 47 48 49 50 51 52 53 54 55
(12,*) 0 1 2 3 4 5 6 7 8 9 10 11 13 14 15 16 17 18 19 20 21 22 23 24 25 26 27 41 42 43 44 45 46 47 48 49 50 51 52 53 54 55
(13,*) 0 1 2 3 4 5 6 7 8 9 10 11 12 14 15 16 17 18 19 20 21 22 23 24 25 26 27 41 42 43 44 45 46 47 48 49 50 51 52 53 54 55
(14,*) 0 1 2 3 4 5 6 7 8 9 10 11 12 13 15 16 17 18 19 20 21 22 23 24 25 26 27 41 42 43 44 45 46 47 48 49 50 51 52 53 54 55
(15,*) 0 1 2 3 4 5 6 7 8 9 10 11 12 13 14 16 17 18 19 20 21 22 23 24 25 26 27 41 42 43 44 45 46 47 48 49 50 51 52 53 54 55
(16,*) 0 1 2 3 4 5 6 7 8 9 10 11 12 13 14 15 17 18 19 20 21 22 23 24 25 26 27 41 42 43 44 45 46 47 48 49 50 51 52 53 54 55
(17,*) 0 1 2 3 4 5 6 7 8 9 10 11 12 13 14 15 16 18 19 20 21 22 23 24 25 26 27 41 42 43 44 45 46 47 48 49 50 51 52 53 54 55
(18,*) 0 1 2 3 4 5 6 7 8 9 10 11 12 13 14 15 16 17 19 20 21 22 23 24 25 26 27 41 42 43 44 45 46 47 48 49 50 51 52 53 54 55
(19,*) 0 1 2 3 4 5 6 7 8 9 10 11 12 13 14 15 16 17 18 20 21 22 23 24 25 26 27 41 42 43 44 45 46 47 48 49 50 51 52 53 54 55
(20,*) 0 1 2 3 4 5 6 7 8 9 10 11 12 13 14 15 16 17 18 19 21 22 23 24 25 26 27 41 42 43 44 45 46 47 48 49 50 51 52 53 54 55
(21,*) 0 1 2 3 4 5 6 7 8 9 10 11 12 13 14 15 16 17 18 19 20 22 23 24 25 26 27 41 42 43 44 45 46 47 48 49 50 51 52 53 54 55
(22,*) 0 1 2 3 4 5 6 7 8 9 10 11 12 13 14 15 16 17 18 19 20 21 23 24 25 26 27 41 42 43 44 45 46 47 48 49 50 51 52 53 54 55
(23,*) 0 1 2 3 4 5 6 7 8 9 10 11 12 13 14 15 16 17 18 19 20 21 22 24 25 26 27 41 42 43 44 45 46 47 48 49 50 51 52 53 54 55
(24,*) 0 1 2 3 4 5 6 7 8 9 10 11 12 13 14 15 16 17 18 19 20 21 22 23 25 26 27 41 42 43 44 45 46 47 48 49 50 51 52 53 54 55
(25,*) 0 1 2 3 4 5 6 7 8 9 10 11 12 13 14 15 16 17 18 19 20 21 22 23 24 26 27 41 42 43 44 45 46 47 48 49 50 51 52 53 54 55
(26,*) 0 1 2 3 4 5 6 7 8 9 10 11 12 13 14 15 16 17 18 19 20 21 22 23 24 25 27 41 42 43 44 45 46 47 48 49 50 51 52 53 54 55
(27,*) 0 1 2 3 4 5 6 7 8 9 10 11 12 13 14 15 16 17 18 19 20 21 22 23 24 25 26 41 42 43 44 45 46 47 48 49 50 51 52 53 54 55
(41,*) 0 1 2 3 4 5 6 7 8 9 10 11 12 13 14 15 16 17 18 19 20 21 22 23 24 25 26 27 42 43 44 45 46 47 48 49 50 51 52 53 54 55
(42,*) 0 1 2 3 4 5 6 7 8 9 10 11 12 13 14 15 16 17 18 19 20 21 22 23 24 25 26 27 41 43 44 45 46 47 48 49 50 51 52 53 54 55
(43,*) 0 1 2 3 4 5 6 7 8 9 10 11 12 13 14 15 16 17 18 19 20 21 22 23 24 25 26 27 41 42 44 45 46 47 48 49 50 51 52 53 54 55
(44,*) 0 1 2 3 4 5 6 7 8 9 10 11 12 13 14 15 16 17 18 19 20 21 22 23 24 25 26 27 41 42 43 45 46 47 48 49 50 51 52 53 54 55
(45,*) 0 1 2 3 4 5 6 7 8 9 10 11 12 13 14 15 16 17 18 19 20 21 22 23 24 25 26 27 41 42 43 44 46 47 48 49 50 51 52 53 54 55
(46,*) 0 1 2 3 4 5 6 7 8 9 10 11 12 13 14 15 16 17 18 19 20 21 22 23 24 25 26 27 41 42 43 44 45 47 48 49 50 51 52 53 54 55
(47,*) 0 1 2 3 4 5 6 7 8 9 10 11 12 13 14 15 16 17 18 19 20 21 22 23 24 25 26 27 41 42 43 44 45 46 48 49 50 51 52 53 54 55
(48,*) 0 1 2 3 4 5 6 7 8 9 10 11 12 13 14 15 16 17 18 19 20 21 22 23 24 25 26 27 41 42 43 44 45 46 47 49 50 51 52 53 54 55
(49,*) 0 1 2 3 4 5 6 7 8 9 10 11 12 13 14 15 16 17 18 19 20 21 22 23 24 25 26 27 41 42 43 44 45 46 47 48 50 51 52 53 54 55
(50,*) 0 1 2 3 4 5 6 7 8 9 10 11 12 13 14 15 16 17 18 19 20 21 22 23 24 25 26 27 41 42 43 44 45 46 47 48 49 51 52 53 54 55
(51,*) 0 1 2 3 4 5 6 7 8 9 10 11 12 13 14 15 16 17 18 19 20 21 22 23 24 25 26 27 41 42 43 44 45 46 47 48 49 50 52 53 54 55
(52,*) 0 1 2 3 4 5 6 7 8 9 10 11 12 13 14 15 16 17 18 19 20 21 22 23 24 25 26 27 41 42 43 44 45 46 47 48 49 50 51 53 54 55
(53,*) 0 1 2 3 4 5 6 7 8 9 10 11 12 13 14 15 16 17 18 19 20 21 22 23 24 25 26 27 41 42 43 44 45 46 47 48 49 50 51 52 54 55
(54,*) 0 1 2 3 4 5 6 7 8 9 10 11 12 13 14 15 16 17 18 19 20 21 22 23 24 25 26 27 41 42 43 44 45 46 47 48 49 50 51 52 53 55
(55,*) 0 1 2 3 4 5 6 7 8 9 10 11 12 13 14 15 16 17 18 19 20 21 22 23 24 25 26 27 41 42 43 44 45 46 47 48 49 50 51 52 53 54
;
set A2:=
(45,*) 46
(46,*) 45
(47,*) 48
(48,*) 47
;
param BigM:=99999;
param n:= 7;
param d:=
1	14
2	12
3	6
4	1
5	13
6	14
7	21
8	8
9	24
10	26
11	17
12	22
13	8
14	16
15	20
16	22
17	20
18	12
19	14
20	25
21	17
22	20
23	2
24	9
25	10
26	11
27	21
28	1
29	16
30	23
31	5
32	20
33	18
34	8
35	20
36	19
37	13
38	12
39	15
40	24
41	7
42	3
43	19
44	6
;
param Q:=100;
param w:=
[45,*] 46 1
[46,*] 45 1
[47,*] 48 1
[48,*] 47 1
;
param V:=
[45,*] 46 95
[46,*] 45 95
[47,*] 48 79
[48,*] 47 79
;
param f:=
45	100
46	100
47	100
48	100
49	100
50	100
51	100
52	100
53	100
54	100
55	100
;
param e:
	45	46	47	48	49	50	51	52	53	54	55:=
28	0	1	1	0	0	0	1	1	0	1	0	
29	0	1	0	1	1	0	1	0	1	0	0	
30	0	1	1	0	0	0	1	1	1	1	0	
31	0	0	1	0	0	1	1	1	0	1	0	
32	1	0	0	0	1	0	1	0	1	0	1	
33	0	1	1	0	0	0	0	1	0	1	0	
34	0	0	0	1	1	0	1	0	1	0	1	
35	0	0	1	0	0	1	1	1	0	1	0	
36	0	0	0	1	1	0	0	0	1	0	1	
37	0	0	1	0	0	0	1	1	0	1	0	
38	0	1	0	0	0	0	1	0	1	0	0	
39	1	0	0	0	1	0	0	0	0	0	1	
40	0	0	0	1	1	0	1	0	1	0	1	
41	0	0	1	0	0	0	1	1	0	1	0	
42	0	1	1	0	1	0	1	1	1	1	1	
43	0	1	1	0	0	0	1	1	1	1	0	
44	0	0	0	1	1	0	0	0	1	0	1	
;
param p:=
1	1
2	1
3	1
4	1
5	1
6	1
7	1
;
param G:=
45	77
46	95
47	79
48	70
49	79
50	81
51	74
52	80
53	89
54	80
55	84
;
param s:=
0	0
1	15
2	15
3	15
4	15
5	15
6	15
7	15
8	15
9	15
10	15
11	15
12	15
13	15
14	15
15	15
16	15
17	15
18	15
19	15
20	15
21	15
22	15
23	15
24	15
25	15
26	15
27	15
41	15
42	15
43	15
44	15
45	10
46	10
47	10
48	10
49	10
50	10
51	10
52	10
53	10
54	10
55	10
;
param t:
	0	1	2	3	4	5	6	7	8	9	10	11	12	13	14	15	16	17	18	19	20	21	22	23	24	25	26	27	28	29	30	31	32	33	34	35	36	37	38	39	40	41	42	43	44	45	46	47	48	49	50	51	52	53	54	55:=
0	0.0	98.08	76.24	42.52	38.63	38.21	77.67	72.11	39.6	62.61	74.03	73.35	58.31	71.69	26.08	86.16	94.25	90.02	88.29	24.74	74.73	25.06	95.35	42.94	18.44	33.53	77.25	91.61	20.0	69.43	32.56	32.8	65.12	22.0	63.15	25.46	95.35	43.86	58.82	94.59	69.08	26.08	32.31	18.44	96.6	92.7	40.52	11.7	91.39	69.05	27.2	44.41	17.26	59.2	20.1	70.18
1	98.08	0.0	43.08	91.93	59.46	61.77	82.87	26.0	64.28	36.5	36.72	26.08	67.68	26.68	84.88	67.08	62.03	32.06	54.33	73.54	57.58	83.76	50.04	55.79	83.19	82.02	20.88	89.82	94.34	89.44	88.09	72.44	35.61	107.7	54.92	75.71	50.04	62.03	100.44	12.0	66.21	72.8	77.2	83.19	78.23	5.39	109.04	86.38	70.46	51.88	115.41	62.48	81.15	61.03	78.79	44.78
2	76.24	43.08	0.0	54.59	44.72	39.29	39.85	31.05	58.82	39.45	8.25	39.29	27.2	35.44	54.59	26.31	26.08	16.12	17.2	53.37	14.56	54.33	20.59	46.04	58.03	76.16	34.23	48.04	64.78	46.65	54.41	64.5	21.63	77.67	15.23	62.77	20.59	59.67	59.4	32.25	23.32	57.58	46.39	58.03	39.29	39.56	72.9	65.76	31.05	10.0	100.44	32.0	59.68	21.47	56.57	6.08
3	42.52	91.93	54.59	0.0	46.69	37.36	37.95	68.82	60.0	66.21	57.2	74.43	27.86	71.02	18.97	52.0	62.13	70.71	59.23	38.21	45.61	20.88	67.91	52.95	29.73	66.48	74.4	50.99	22.63	27.78	10.77	58.55	56.85	29.73	39.45	50.99	67.91	64.03	17.09	83.74	36.5	46.39	20.1	29.73	59.23	87.05	18.38	39.81	56.14	44.72	69.31	30.53	36.69	33.12	34.93	49.93
4	38.63	59.46	44.72	46.69	0.0	10.2	64.4	33.53	16.12	24.41	39.85	34.99	40.25	33.11	31.3	63.66	68.41	55.32	60.46	14.42	49.52	29.53	65.3	6.32	25.46	31.62	38.63	77.9	38.42	62.1	37.95	20.0	28.07	50.91	36.77	18.44	65.3	18.97	62.03	56.57	48.83	14.0	26.68	25.46	76.58	54.08	58.6	26.93	69.31	41.23	58.03	21.54	21.95	36.62	20.0	38.95
5	38.21	61.77	39.29	37.36	10.2	0.0	54.59	36.06	26.0	30.0	36.06	39.6	30.53	36.88	24.08	55.32	61.06	52.04	53.67	14.14	41.62	22.63	59.46	16.0	21.54	39.6	41.62	68.26	32.8	51.92	29.53	28.43	27.2	46.04	28.84	24.41	59.46	29.12	52.15	56.92	39.7	18.87	17.89	21.54	67.88	56.44	50.77	27.0	60.96	34.0	61.19	11.66	21.02	27.59	18.11	33.24
6	77.67	82.87	39.85	37.95	64.4	54.59	0.0	68.12	80.5	72.44	47.07	76.03	24.17	72.03	51.61	20.0	30.53	52.84	32.56	64.03	25.3	52.8	41.04	69.08	60.96	93.23	72.44	14.14	59.06	12.17	45.65	82.68	56.0	67.68	32.06	77.2	41.04	83.26	30.27	71.69	18.0	71.61	46.69	60.96	22.0	79.4	53.24	71.51	21.54	32.25	104.86	42.94	66.47	28.86	63.66	39.46
7	72.11	26.0	31.05	68.82	33.53	36.06	68.12	0.0	40.2	12.65	22.8	8.25	48.08	4.47	59.67	57.27	56.46	31.11	47.54	47.54	44.18	58.41	47.71	30.27	57.31	58.55	5.66	78.23	68.82	71.81	63.66	48.04	12.65	82.1	36.5	50.36	47.71	38.83	79.62	24.08	50.16	47.07	52.35	57.31	70.34	20.62	84.96	60.41	62.1	36.0	90.35	38.42	55.15	41.48	52.8	29.07
8	39.6	64.28	58.82	60.0	16.12	26.0	80.5	40.2	0.0	28.0	52.84	38.21	56.36	38.0	42.43	79.4	83.55	67.23	75.29	22.36	65.12	40.45	79.32	12.81	33.53	18.44	44.0	94.02	46.82	77.79	50.16	8.25	39.4	57.31	52.5	14.14	79.32	4.47	76.24	64.28	64.9	15.23	40.05	33.53	92.46	59.14	69.12	29.41	85.04	56.57	51.42	37.58	27.31	52.7	27.2	53.41
9	62.61	36.5	39.45	66.21	24.41	30.0	72.44	12.65	28.0	0.0	31.62	10.77	50.04	10.0	54.04	64.62	65.51	42.8	56.6	38.83	50.6	52.5	58.14	19.7	49.68	46.17	16.0	83.95	62.23	74.11	59.36	36.06	17.89	75.07	40.45	39.29	58.14	26.31	79.12	36.5	54.59	36.77	47.71	49.68	78.0	31.26	80.71	51.0	69.86	41.76	78.92	36.06	46.32	44.01	44.41	35.85
10	74.03	36.72	8.25	57.2	39.85	36.06	47.07	22.8	52.84	31.62	0.0	31.05	31.24	27.2	54.41	34.53	34.0	16.0	25.06	50.16	22.09	53.85	26.91	40.25	56.32	70.68	26.08	56.0	64.56	52.8	55.46	59.09	14.14	77.79	18.44	58.24	26.91	53.25	64.03	26.91	29.73	53.37	46.17	56.32	47.54	32.7	75.17	63.03	39.29	15.23	97.02	31.05	57.01	24.76	54.0	8.06
11	73.35	26.08	39.29	74.43	34.99	39.6	76.03	8.25	38.21	10.77	31.05	0.0	55.32	4.0	63.66	65.51	64.62	38.42	55.71	49.4	52.35	62.23	55.57	30.46	60.0	56.0	7.21	86.37	72.25	79.25	68.41	46.39	20.1	85.28	44.18	50.0	55.57	36.0	86.16	27.86	58.03	47.54	56.85	60.0	78.59	21.0	89.81	61.72	70.34	44.05	89.44	43.91	56.94	48.84	54.92	37.22
12	58.31	67.68	27.2	27.86	40.25	30.53	24.17	48.08	56.36	50.04	31.24	55.32	0.0	51.42	32.98	27.86	36.5	43.27	32.06	41.04	18.11	33.53	40.45	44.94	40.25	69.66	53.14	37.74	42.43	24.08	30.0	58.82	35.44	54.0	12.81	53.81	40.45	59.09	32.8	58.14	10.77	48.17	26.0	40.25	38.83	63.29	46.24	50.25	33.11	17.2	84.97	18.87	44.65	6.71	41.62	23.35
13	71.69	26.68	35.44	71.02	33.11	36.88	72.03	4.47	38.0	10.0	27.2	4.0	51.42	0.0	60.83	61.61	60.93	35.38	52.0	47.41	48.37	59.46	52.15	29.12	57.69	56.14	6.0	82.39	69.66	75.31	65.3	46.04	16.12	82.8	40.2	49.03	52.15	36.22	82.46	26.68	54.04	46.17	53.81	57.69	74.73	21.38	86.68	60.01	66.48	40.05	88.81	40.5	55.01	44.91	52.84	33.24
14	26.08	84.88	54.59	18.97	31.3	24.08	51.61	59.67	42.43	54.04	54.41	63.66	32.98	60.83	0.0	60.73	69.43	69.86	64.28	20.1	50.36	2.0	72.03	37.58	10.77	47.54	65.3	65.6	10.2	43.86	8.25	40.05	49.4	23.41	40.05	32.25	72.03	46.69	36.06	78.71	43.68	28.0	8.25	10.77	70.68	79.63	27.31	21.1	65.79	46.04	53.25	23.41	17.72	35.06	16.12	48.84
15	86.16	67.08	26.31	52.0	63.66	55.32	20.0	57.27	79.4	64.62	34.53	65.51	27.86	61.61	60.73	0.0	10.77	35.44	13.42	67.68	14.42	61.35	21.26	66.84	68.03	94.85	60.53	22.8	69.86	31.3	56.89	83.45	46.82	80.62	26.91	79.65	21.26	81.22	48.7	55.32	17.09	74.03	53.85	68.03	13.42	64.38	69.35	77.83	5.66	23.32	112.73	44.41	72.07	28.02	68.96	28.79
16	94.25	62.03	26.08	62.13	68.41	61.06	30.53	56.46	83.55	65.51	34.0	64.62	36.5	60.93	69.43	10.77	0.0	30.0	8.94	74.24	19.7	69.86	12.65	70.77	75.89	100.0	58.82	30.53	78.92	42.05	66.27	88.41	47.71	90.2	32.25	85.44	12.65	84.85	59.46	50.04	26.08	79.92	62.1	75.89	16.49	60.07	79.76	85.23	10.0	27.2	120.33	50.99	79.31	35.11	76.16	30.48
17	90.02	32.06	16.12	70.71	55.32	52.04	52.84	31.11	67.23	42.8	16.0	38.42	43.27	35.38	69.86	35.44	30.0	0.0	22.36	66.12	28.43	69.43	18.44	55.03	72.25	85.44	31.62	58.24	80.05	61.22	70.23	74.0	27.86	93.15	31.3	73.76	18.44	67.08	75.07	20.1	38.21	69.05	61.61	72.25	46.17	30.15	89.01	79.03	38.47	26.08	112.87	46.69	73.01	37.59	70.0	21.19
18	88.29	54.33	17.2	59.23	60.46	53.67	32.56	47.54	75.29	56.6	25.06	55.71	32.06	52.0	64.28	13.42	8.94	22.36	0.0	67.23	14.0	64.5	8.94	62.48	69.86	92.09	50.0	36.06	74.11	42.8	62.03	80.45	38.83	86.02	25.3	77.9	8.94	76.42	59.06	42.43	22.8	72.47	56.57	69.86	24.0	52.01	77.37	78.75	16.12	19.7	113.84	44.27	72.73	29.27	69.57	21.93
19	24.74	73.54	53.37	38.21	14.42	14.14	64.03	47.54	22.36	38.83	50.16	49.4	41.04	47.41	20.1	67.68	74.24	66.12	67.23	0.0	54.59	18.11	73.38	19.8	11.66	29.53	52.8	78.1	25.06	59.06	28.0	20.4	40.45	36.88	42.05	13.42	73.38	26.68	54.92	69.86	51.22	8.25	18.97	11.66	79.65	68.15	46.84	13.15	73.24	47.54	47.07	23.32	7.62	39.66	5.66	47.3
20	74.73	57.58	14.56	45.61	49.52	41.62	25.3	44.18	65.12	50.6	22.09	52.35	18.11	48.37	50.36	14.42	19.7	28.43	14.0	54.59	0.0	50.64	22.36	52.5	56.32	80.92	48.0	34.06	60.13	32.8	48.04	69.43	32.98	72.03	12.81	66.03	22.36	66.84	47.2	46.52	10.0	60.46	42.76	56.32	27.78	54.12	63.89	65.55	20.0	8.94	100.66	31.3	59.62	15.52	56.46	15.13
21	25.06	83.76	54.33	20.88	29.53	22.63	52.8	58.41	40.45	52.5	53.85	62.23	33.53	59.46	2.0	61.35	69.86	69.43	64.5	18.11	50.64	0.0	72.11	35.78	8.94	45.61	64.03	66.84	10.77	45.34	10.2	38.05	48.37	24.17	40.0	30.27	72.11	44.72	37.95	77.82	44.27	26.0	8.0	8.94	71.55	78.49	29.15	19.42	66.48	46.0	52.15	22.8	15.81	35.23	14.14	48.51
22	95.35	50.04	20.59	67.91	65.3	59.46	41.04	47.71	79.32	58.14	26.91	55.57	40.45	52.15	72.03	21.26	12.65	18.44	8.94	73.38	22.36	72.11	0.0	66.57	76.94	96.75	49.19	42.94	82.0	51.61	70.26	85.09	41.04	94.19	32.25	83.26	0.0	80.0	68.0	38.05	31.62	78.0	64.12	76.94	29.12	48.51	86.13	85.38	22.36	26.31	120.33	50.99	79.31	37.0	76.16	26.4
23	42.94	55.79	46.04	52.95	6.32	16.0	69.08	30.27	12.81	19.7	40.25	30.46	44.94	29.12	37.58	66.84	70.77	55.03	62.48	19.8	52.5	35.78	66.57	0.0	31.24	30.46	34.93	82.29	44.41	67.47	44.27	18.97	27.2	56.64	40.0	20.1	66.57	14.42	68.12	54.04	52.84	17.09	32.98	31.24	80.0	50.45	64.88	31.38	72.47	43.86	60.13	26.68	27.02	40.71	25.46	40.61
24	18.44	83.19	58.03	29.73	25.46	21.54	60.96	57.31	33.53	49.68	56.32	60.0	40.25	57.69	10.77	68.03	75.89	72.25	69.86	11.66	56.32	8.94	76.94	31.24	0.0	36.88	62.77	75.07	13.42	54.04	18.97	30.07	48.7	25.46	44.72	22.0	76.94	37.95	46.82	78.43	50.99	18.44	14.42	0.0	78.89	77.83	35.69	10.63	73.35	50.64	44.72	26.08	7.07	40.8	6.32	52.01
25	33.53	82.02	76.16	66.48	31.62	39.6	93.23	58.55	18.44	46.17	70.68	56.0	69.66	56.14	47.54	94.85	100.0	85.44	92.09	29.53	80.92	45.61	96.75	30.46	36.88	0.0	62.13	107.2	48.04	88.59	55.79	11.66	57.58	54.92	68.12	16.12	96.75	20.0	83.52	82.61	79.25	21.63	48.33	36.88	107.48	77.0	71.01	28.02	100.5	72.8	35.78	50.99	29.83	67.18	31.62	70.49
26	77.25	20.88	34.23	74.4	38.63	41.62	72.44	5.66	44.0	16.0	26.08	7.21	53.14	6.0	65.3	60.53	58.82	31.62	50.0	52.8	48.0	64.03	49.19	34.93	62.77	62.13	0.0	82.02	74.4	76.66	69.31	52.04	17.89	87.66	41.23	54.92	49.19	42.19	84.97	20.88	54.59	51.92	58.0	62.77	73.35	15.52	90.61	65.55	65.12	40.2	94.76	44.05	60.42	46.49	58.14	33.06
27	91.61	89.82	48.04	50.99	77.9	68.26	14.14	78.23	94.02	83.95	56.0	86.37	37.74	82.39	65.6	22.8	30.53	58.24	36.06	78.1	34.06	66.84	42.94	82.29	75.07	107.2	82.02	0.0	72.72	23.41	59.36	96.52	66.75	80.62	43.68	91.21	42.94	96.6	40.45	78.1	29.73	85.6	60.83	75.07	15.62	86.98	64.76	85.63	20.59	42.43	118.81	56.6	80.61	41.63	77.79	49.16
28	20.0	94.34	64.78	22.63	38.42	32.8	59.06	68.82	46.82	62.23	64.56	72.25	42.43	69.66	10.2	69.86	78.92	80.05	74.11	25.06	60.13	10.77	82.0	44.41	13.42	48.04	74.4	72.72	0.0	50.0	13.42	42.76	59.06	13.42	50.16	34.53	82.0	51.26	38.83	88.57	52.95	31.62	18.44	13.42	79.12	89.04	23.02	20.02	74.73	56.14	46.69	33.53	19.65	45.0	19.7	59.03
29	69.43	89.44	46.65	27.78	62.1	51.92	12.17	71.81	77.79	74.11	52.8	79.25	24.08	75.31	43.86	31.3	42.05	61.22	42.8	59.06	32.8	45.34	51.61	67.47	54.04	88.59	76.66	23.41	50.0	0.0	36.88	78.79	59.23	57.27	35.44	72.47	51.61	81.04	18.11	78.89	23.32	67.08	40.5	54.04	34.06	85.49	41.59	64.66	33.53	37.58	96.54	40.79	60.22	30.41	57.69	44.78
30	32.56	88.09	54.41	10.77	37.95	29.53	45.65	63.66	50.16	59.36	55.46	68.41	30.0	65.3	8.25	56.89	66.27	70.23	62.03	28.0	48.04	10.2	70.26	44.27	18.97	55.79	69.31	59.36	13.42	36.88	0.0	48.17	52.5	24.0	39.29	40.45	70.26	54.33	27.86	80.99	40.2	36.06	11.66	18.97	65.79	82.98	21.4	29.07	61.61	45.12	59.67	25.61	25.96	33.54	24.33	49.04
31	32.8	72.44	64.5	58.55	20.0	28.43	82.68	48.04	8.25	36.06	59.09	46.39	58.82	46.04	40.05	83.45	88.41	74.0	80.45	20.4	69.43	38.05	85.09	18.97	30.07	11.66	52.04	96.52	42.76	78.79	48.17	0.0	46.17	52.0	56.64	8.25	85.09	11.66	75.31	72.11	68.12	12.17	39.29	30.07	96.21	67.27	65.62	23.77	89.11	61.22	43.17	40.0	23.19	55.97	24.0	58.83
32	65.12	35.61	21.63	56.85	28.07	27.2	56.0	12.65	39.4	17.89	14.14	20.1	35.44	16.12	49.4	46.82	47.71	27.86	38.83	40.45	32.98	48.37	41.04	27.2	48.7	57.58	17.89	66.75	59.06	59.23	52.5	46.17	0.0	72.47	24.08	46.39	41.04	39.45	67.08	29.73	38.0	42.05	41.62	48.7	60.17	30.48	73.55	53.6	52.0	24.33	86.09	26.91	47.85	28.86	45.12	18.03
33	22.0	107.7	77.67	29.73	50.91	46.04	67.68	82.1	57.31	75.07	77.79	85.28	54.0	82.8	23.41	80.62	90.2	93.15	86.02	36.88	72.03	24.17	94.19	56.64	25.46	54.92	87.66	80.62	13.42	57.27	24.0	52.0	72.47	0.0	62.8	43.86	94.19	61.77	42.8	101.98	64.12	42.19	31.62	25.46	88.77	102.4	20.25	28.23	85.16	68.73	43.91	46.82	30.23	57.31	31.24	72.03
34	63.15	54.92	15.23	39.45	36.77	28.84	32.06	36.5	52.5	40.45	18.44	44.18	12.81	40.2	40.05	26.91	32.25	31.3	25.3	42.05	12.81	40.0	32.25	40.0	44.72	68.12	41.23	43.68	50.16	35.44	39.29	56.64	24.08	62.8	0.0	53.25	32.25	54.41	45.61	45.34	14.14	47.71	32.0	44.72	40.0	50.61	57.71	53.45	32.56	6.0	88.54	18.97	47.43	6.4	44.27	10.63
35	25.46	75.71	62.77	50.99	18.44	24.41	77.2	50.36	14.14	39.29	58.24	50.0	53.81	49.03	32.25	79.65	85.44	73.76	77.9	13.42	66.03	30.27	83.26	20.1	22.0	16.12	54.92	91.21	34.53	72.47	40.45	8.25	46.39	43.86	53.25	0.0	83.26	18.44	67.91	74.11	63.66	5.66	32.31	22.0	92.02	70.41	57.43	15.65	85.28	58.31	40.05	35.38	15.03	51.74	16.12	56.86
36	95.35	50.04	20.59	67.91	65.3	59.46	41.04	47.71	79.32	58.14	26.91	55.57	40.45	52.15	72.03	21.26	12.65	18.44	8.94	73.38	22.36	72.11	0.0	66.57	76.94	96.75	49.19	42.94	82.0	51.61	70.26	85.09	41.04	94.19	32.25	83.26	0.0	80.0	68.0	38.05	31.62	78.0	64.12	76.94	29.12	48.51	86.13	85.38	22.36	26.31	120.33	50.99	79.31	37.0	76.16	26.4
37	43.86	62.03	59.67	64.03	18.97	29.12	83.26	38.83	4.47	26.31	53.25	36.0	59.09	36.22	46.69	81.22	84.85	67.08	76.42	26.68	66.84	44.72	80.0	14.42	37.95	20.0	42.19	96.6	51.26	81.04	54.33	11.66	39.45	61.77	54.41	18.44	80.0	0.0	80.1	62.8	67.23	19.7	44.0	37.95	94.4	57.0	73.5	33.84	86.83	58.14	54.41	40.5	31.78	55.07	31.62	54.49
38	58.82	100.44	59.4	17.09	62.03	52.15	30.27	79.62	76.24	79.12	64.03	86.16	32.8	82.46	36.06	48.7	59.46	75.07	59.06	54.92	47.2	37.95	68.0	68.12	46.82	83.52	84.97	40.45	38.83	18.11	27.86	75.31	67.08	42.8	45.61	67.91	68.0	80.1	0.0	90.91	37.2	63.15	36.22	46.82	52.15	95.96	24.7	56.86	51.42	49.52	85.04	43.17	53.76	39.41	51.92	56.08
39	94.59	12.0	32.25	83.74	56.57	56.92	71.69	24.08	64.28	36.5	26.91	27.86	58.14	26.68	78.71	55.32	50.04	20.1	42.43	69.86	46.52	77.82	38.05	54.04	78.43	82.61	20.88	78.1	88.57	78.89	80.99	72.11	29.73	101.98	45.34	74.11	38.05	62.8	90.91	0.0	55.57	70.46	70.71	78.43	66.27	11.18	101.4	82.98	58.55	41.62	114.16	55.57	77.37	51.66	74.73	34.83
40	69.08	66.21	23.32	36.5	48.83	39.7	18.0	50.16	64.9	54.59	29.73	58.03	10.77	54.04	43.68	17.09	26.08	38.21	22.8	51.22	10.0	44.27	31.62	52.84	50.99	79.25	54.59	29.73	52.95	23.32	40.2	68.12	38.0	64.12	14.14	63.66	31.62	67.23	37.2	55.57	0.0	58.0	36.77	50.99	28.43	62.39	54.57	60.9	22.36	14.56	95.71	28.28	55.23	12.21	52.15	21.84
41	26.08	72.8	57.58	46.39	14.0	18.87	71.61	47.07	15.23	36.77	53.37	47.54	48.17	46.17	28.0	74.03	79.92	69.05	72.47	8.25	60.46	26.0	78.0	17.09	18.44	21.63	51.92	85.6	31.62	67.08	36.06	12.17	42.05	42.19	47.71	5.66	78.0	19.7	63.15	70.46	58.0	0.0	27.2	18.44	86.37	67.45	54.13	14.87	79.65	52.84	44.05	29.73	12.08	46.1	12.17	51.62
42	32.31	77.2	46.39	20.1	26.68	17.89	46.69	52.35	40.05	47.71	46.17	56.85	26.0	53.81	8.25	53.85	62.1	61.61	56.57	18.97	42.76	8.0	64.12	32.98	14.42	48.33	58.0	60.83	18.44	40.5	11.66	39.29	41.62	31.62	32.0	32.31	64.12	44.0	36.22	70.71	36.77	27.2	0.0	14.42	64.5	72.01	33.02	24.84	59.09	38.0	59.06	15.23	19.85	27.29	17.2	40.61
43	18.44	83.19	58.03	29.73	25.46	21.54	60.96	57.31	33.53	49.68	56.32	60.0	40.25	57.69	10.77	68.03	75.89	72.25	69.86	11.66	56.32	8.94	76.94	31.24	0.0	36.88	62.77	75.07	13.42	54.04	18.97	30.07	48.7	25.46	44.72	22.0	76.94	37.95	46.82	78.43	50.99	18.44	14.42	0.0	78.89	77.83	35.69	10.63	73.35	50.64	44.72	26.08	7.07	40.8	6.32	52.01
44	96.6	78.23	39.29	59.23	76.58	67.88	22.0	70.34	92.46	78.0	47.54	78.59	38.83	74.73	70.68	13.42	16.49	46.17	24.0	79.65	27.78	71.55	29.12	80.0	78.89	107.48	73.35	15.62	79.12	34.06	65.79	96.21	60.17	88.77	40.0	92.02	29.12	94.4	52.15	66.27	28.43	86.37	64.5	78.89	0.0	76.01	75.17	89.04	8.25	36.72	123.55	56.64	83.49	40.31	80.45	42.15
45	92.7	5.39	39.56	87.05	54.08	56.44	79.4	20.62	59.14	31.26	32.7	21.0	63.29	21.38	79.63	64.38	60.07	30.15	52.01	68.15	54.12	78.49	48.51	50.45	77.83	77.0	15.52	86.98	89.04	85.49	82.98	67.27	30.48	102.4	50.61	70.41	48.51	57.0	95.96	11.18	62.39	67.45	72.01	77.83	76.01	0.0	104.0	80.99	68.07	47.93	110.17	57.38	75.77	56.6	73.41	40.72
46	40.52	109.04	72.9	18.38	58.6	50.77	53.24	84.96	69.12	80.71	75.17	89.81	46.24	86.68	27.31	69.35	79.76	89.01	77.37	46.84	63.89	29.15	86.13	64.88	35.69	71.01	90.61	64.76	23.02	41.59	21.4	65.62	73.55	20.25	57.71	57.43	86.13	73.5	24.7	101.4	54.57	54.13	33.02	35.69	75.17	104.0	0.0	43.0	73.06	63.07	64.14	46.67	42.43	51.43	41.98	68.1
47	11.7	86.38	65.76	39.81	26.93	27.0	71.51	60.41	29.41	51.0	63.03	61.72	50.25	60.01	21.1	77.83	85.23	79.03	78.75	13.15	65.55	19.42	85.38	31.38	10.63	28.02	65.55	85.63	20.02	64.66	29.07	23.77	53.6	28.23	53.45	15.65	85.38	33.84	56.86	82.98	60.9	14.87	24.84	10.63	89.04	80.99	43.0	0.0	83.24	59.2	35.11	34.48	6.08	50.16	9.22	59.68
48	91.39	70.46	31.05	56.14	69.31	60.96	21.54	62.1	85.04	69.86	39.29	70.34	33.11	66.48	65.79	5.66	10.0	38.47	16.12	73.24	20.0	66.48	22.36	72.47	73.35	100.5	65.12	20.59	74.73	33.53	61.61	89.11	52.0	85.16	32.56	85.28	22.36	86.83	51.42	58.55	22.36	79.65	59.09	73.35	8.25	68.07	73.06	83.24	0.0	28.84	118.07	50.0	77.52	33.6	74.43	34.01
49	69.05	51.88	10.0	44.72	41.23	34.0	32.25	36.0	56.57	41.76	15.23	44.05	17.2	40.05	46.04	23.32	27.2	26.08	19.7	47.54	8.94	46.0	26.31	43.86	50.64	72.8	40.2	42.43	56.14	37.58	45.12	61.22	24.33	68.73	6.0	58.31	26.31	58.14	49.52	41.62	14.56	52.84	38.0	50.64	36.72	47.93	63.07	59.2	28.84	0.0	94.25	24.74	53.16	11.7	50.0	7.28
50	27.2	115.41	100.44	69.31	58.03	61.19	104.86	90.35	51.42	78.92	97.02	89.44	84.97	88.81	53.25	112.73	120.33	112.87	113.84	47.07	100.66	52.15	120.33	60.13	44.72	35.78	94.76	118.81	46.69	96.54	59.67	43.17	86.09	43.91	88.54	40.05	120.33	54.41	85.04	114.16	95.71	44.05	59.06	44.72	123.55	110.17	64.14	35.11	118.07	94.25	0.0	69.57	41.11	85.23	44.27	94.37
51	44.41	62.48	32.0	30.53	21.54	11.66	42.94	38.42	37.58	36.06	31.05	43.91	18.87	40.5	23.41	44.41	50.99	46.69	44.27	23.32	31.3	22.8	50.99	26.68	26.08	50.99	44.05	56.6	33.53	40.79	25.61	40.0	26.91	46.82	18.97	35.38	50.99	40.5	43.17	55.57	28.28	29.73	15.23	26.08	56.64	57.38	46.67	34.48	50.0	24.74	69.57	0.0	28.46	16.4	25.3	26.02
52	17.26	81.15	59.68	36.69	21.95	21.02	66.47	55.15	27.31	46.32	57.01	56.94	44.65	55.01	17.72	72.07	79.31	73.01	72.73	7.62	59.62	15.81	79.31	27.02	7.07	29.83	60.42	80.61	19.65	60.22	25.96	23.19	47.85	30.23	47.43	15.03	79.31	31.78	53.76	77.37	55.23	12.08	19.85	7.07	83.49	75.77	42.43	6.08	77.52	53.16	41.11	28.46	0.0	44.28	3.16	53.6
53	59.2	61.03	21.47	33.12	36.62	27.59	28.86	41.48	52.7	44.01	24.76	48.84	6.71	44.91	35.06	28.02	35.11	37.59	29.27	39.66	15.52	35.23	37.0	40.71	40.8	67.18	46.49	41.63	45.0	30.41	33.54	55.97	28.86	57.31	6.4	51.74	37.0	55.07	39.41	51.66	12.21	46.1	27.29	40.8	40.31	56.6	51.43	50.16	33.6	11.7	85.23	16.4	44.28	0.0	41.15	17.03
54	20.1	78.79	56.57	34.93	20.0	18.11	63.66	52.8	27.2	44.41	54.0	54.92	41.62	52.84	16.12	68.96	76.16	70.0	69.57	5.66	56.46	14.14	76.16	25.46	6.32	31.62	58.14	77.79	19.7	57.69	24.33	24.0	45.12	31.24	44.27	16.12	76.16	31.62	51.92	74.73	52.15	12.17	17.2	6.32	80.45	73.41	41.98	9.22	74.43	50.0	44.27	25.3	3.16	41.15	0.0	50.49
55	70.18	44.78	6.08	49.93	38.95	33.24	39.46	29.07	53.41	35.85	8.06	37.22	23.35	33.24	48.84	28.79	30.48	21.19	21.93	47.3	15.13	48.51	26.4	40.61	52.01	70.49	33.06	49.16	59.03	44.78	49.04	58.83	18.03	72.03	10.63	56.86	26.4	54.49	56.08	34.83	21.84	51.62	40.61	52.01	42.15	40.72	68.1	59.68	34.01	7.28	94.37	26.02	53.6	17.03	50.49	0.0
;
