vehicles
vehicle_idx, capacity, cost_per_unit_distance
1,100,1
2,100,1
3,100,1
4,100,1
5,100,1
6,100,1
7,100,1
depot
node_idx,x,y
0,75,55
home delivery customers
node_idx,x,y,service_time,demand
1,77,1,15,26
2,81,25,15,20
3,59,37,15,2
4,93,45,15,13
5,77,63,15,10
6,37,51,15,7
7,27,31,15,24
8,95,31,15,10
9,87,43,15,12
10,23,65,15,23
11,73,81,15,19
12,3,1,15,9
13,51,95,15,9
14,21,5,15,20
15,91,35,15,24
16,61,69,15,4
17,27,97,15,20
18,83,23,15,15
19,21,93,15,13
20,27,53,15,3
21,59,41,15,3
22,67,1,15,23
23,77,39,15,1
24,3,89,15,13
25,33,87,15,6
26,17,45,15,22
27,23,3,15,21
28,97,61,15,2
self pickup customers
node_idx,x,y,service_time,demand,locker_idxs
29,51,25,15,1,52-54-58-49-57-55-51
30,43,21,15,20,49-54-58-51-57-55
31,37,13,15,15,49-54-51-55-58
32,9,51,15,13,47-56-49-54-52-58
33,41,61,15,12,47-56-54-58-52-48
34,49,25,15,22,51-55-57-49-54-52-58
35,7,51,15,19,47-56-52-58-49-54
36,17,81,15,10,47-56-52
37,59,31,15,12,49-54-52-58-51-46-55-57-53
38,9,91,15,7,47-56
39,11,27,15,18,49-54-58
40,47,29,15,17,57-55-52-51-58-54-49
41,91,41,15,20,46-51-55-53-57
flexible customers
node_idx,x,y,service_time,demand,locker_idxs
42,7,75,15,12,47-56-52
43,35,53,15,7,47-56-49-54-52-58
44,29,81,15,6,47-56-58-52-48
45,81,53,15,18,51-55-53-57-58-50-48-52
lockers
node_idx,x,y,service_time,capacity,cost_per_unit_good
46,93,12,10,79,100
47,22,88,10,82,100
48,65,88,10,90,100
49,25,15,10,92,100
50,77,88,10,88,100
51,72,14,10,73,100
52,42,63,10,96,100
53,92,33,10,89,100
54,31,38,10,100,100
55,76,19,10,84,100
56,22,71,10,95,100
57,78,34,10,80,100
58,43,48,10,99,100
mrt lines
start_node_idx,end_node_idx,freight_capacity,cost_per_unit_good
46,47,82,1
47,46,82,1
48,49,92,1
49,48,92,1
50,51,88,1
51,50,88,1
distance matrix
,0,1,2,3,4,5,6,7,8,9,10,11,12,13,14,15,16,17,18,19,20,21,22,23,24,25,26,27,28,29,30,31,32,33,34,35,36,37,38,39,40,41,42,43,44,45,46,47,48,49,50,51,52,53,54,55,56,57,58,
0,0.0,54.04,30.59,24.08,20.59,8.25,38.21,53.67,31.24,16.97,52.95,26.08,90.0,46.65,73.59,25.61,19.8,63.78,32.98,66.03,48.04,21.26,54.59,16.12,79.62,52.8,58.86,73.54,22.8,38.42,46.69,56.64,66.12,34.53,39.7,68.12,63.56,28.84,75.18,69.86,38.21,21.26,70.88,40.05,52.84,6.32,46.62,62.43,34.48,64.03,33.06,41.11,33.96,27.8,47.17,36.01,55.36,21.21,32.76
1,54.04,0.0,24.33,40.25,46.82,62.0,64.03,58.31,34.99,43.17,83.74,80.1,74.0,97.53,56.14,36.77,69.86,108.24,22.8,107.7,72.14,43.86,10.0,38.0,114.98,96.6,74.4,54.04,63.25,35.38,39.45,41.76,84.4,69.97,36.88,86.02,100.0,34.99,112.8,70.94,41.04,42.38,101.86,66.84,93.3,52.15,19.42,102.93,87.82,53.85,87.0,13.93,71.2,35.34,59.03,18.03,89.02,33.02,58.01
2,30.59,24.33,0.0,25.06,23.32,38.21,51.11,54.33,15.23,18.97,70.46,56.57,81.61,76.16,63.25,14.14,48.33,90.0,2.83,90.69,60.83,27.2,27.78,14.56,100.9,78.41,67.05,62.03,39.4,30.0,38.21,45.61,76.55,53.81,32.0,78.43,85.04,22.8,97.67,70.03,34.23,18.87,89.31,53.85,76.42,28.0,17.69,86.31,65.0,56.89,63.13,14.21,54.45,13.6,51.66,7.81,74.81,9.49,44.42
3,24.08,40.25,25.06,0.0,34.93,31.62,26.08,32.56,36.5,28.64,45.61,46.17,66.57,58.55,49.68,32.06,32.06,68.0,27.78,67.68,35.78,4.0,36.88,18.11,76.42,56.36,42.76,49.52,44.94,14.42,22.63,32.56,51.92,30.0,15.62,53.85,60.83,6.0,73.59,49.03,14.42,32.25,64.4,28.84,53.25,27.2,42.2,63.01,51.35,40.5,54.08,26.42,31.06,33.24,28.02,24.76,50.25,19.24,19.42
4,20.59,46.82,23.32,34.93,0.0,24.08,56.32,67.47,14.14,6.32,72.8,41.18,100.18,65.3,82.37,10.2,40.0,84.02,24.17,86.53,66.48,34.23,51.11,17.09,100.18,73.24,76.0,81.63,16.49,46.52,55.46,64.5,84.21,54.41,48.33,86.21,84.1,36.77,95.77,83.95,48.7,4.47,91.08,58.55,73.43,14.42,33.0,83.01,51.31,74.32,45.88,37.44,54.08,12.04,62.39,31.06,75.61,18.6,50.09
5,8.25,62.0,38.21,31.62,24.08,0.0,41.76,59.36,36.72,22.36,54.04,18.44,96.54,41.23,80.62,31.3,17.09,60.46,40.45,63.53,50.99,28.43,62.8,24.0,78.43,50.12,62.64,80.72,20.1,46.04,54.04,64.03,69.05,36.06,47.2,71.02,62.64,36.72,73.54,75.18,45.34,26.08,71.02,43.17,51.26,10.77,53.45,60.42,27.73,70.77,25.0,49.25,35.0,33.54,52.35,44.01,55.58,29.02,37.16
6,38.21,64.03,51.11,26.08,56.32,41.76,0.0,22.36,61.35,50.64,19.8,46.86,60.46,46.17,48.7,56.32,30.0,47.07,53.85,44.94,10.2,24.17,58.31,41.76,50.99,36.22,20.88,50.0,60.83,29.53,30.59,38.0,28.0,10.77,28.64,30.0,36.06,29.73,48.83,35.38,24.17,54.92,38.42,2.83,31.05,44.05,68.24,39.92,46.4,37.95,54.49,50.93,13.0,57.87,14.32,50.45,25.0,44.38,6.71
7,53.67,58.31,54.33,32.56,67.47,59.36,22.36,0.0,68.0,61.19,34.23,67.94,38.42,68.35,26.68,64.12,50.99,66.0,56.57,62.29,22.0,33.53,50.0,50.64,62.77,56.32,17.2,28.28,76.16,24.74,18.87,20.59,26.91,33.11,22.8,28.28,50.99,32.0,62.64,16.49,20.1,64.78,48.33,23.41,50.04,58.31,68.68,57.22,68.51,16.12,75.82,48.1,35.34,65.03,8.06,50.45,40.31,51.09,23.35
8,31.24,34.99,15.23,36.5,14.14,36.72,61.35,68.0,0.0,14.42,79.62,54.63,96.77,77.67,78.43,5.66,50.99,94.76,14.42,96.54,71.47,37.36,41.04,19.7,108.76,83.55,79.25,77.25,30.07,44.41,52.95,60.73,88.29,61.77,46.39,90.24,92.65,36.0,104.86,84.1,48.04,10.77,98.39,63.91,82.8,26.08,19.1,92.62,64.41,71.81,59.77,28.6,61.91,3.61,64.38,22.47,83.24,17.26,54.71
9,16.97,43.17,18.97,28.64,6.32,22.36,50.64,61.19,14.42,0.0,67.68,40.5,93.91,63.25,76.16,8.94,36.77,80.72,20.4,82.8,60.83,28.07,46.52,10.77,95.77,69.66,70.03,75.47,20.59,40.25,49.19,58.31,78.41,49.4,42.05,80.4,79.65,30.46,91.59,77.67,42.38,4.47,86.16,52.95,69.34,11.66,31.58,79.06,50.09,68.03,46.1,32.65,49.24,11.18,56.22,26.4,70.77,12.73,44.28
10,52.95,83.74,70.46,45.61,72.8,54.04,19.8,34.23,79.62,67.68,0.0,52.5,67.05,41.04,60.03,74.32,38.21,32.25,73.24,28.07,12.65,43.27,77.67,59.93,31.24,24.17,20.88,62.0,74.11,48.83,48.33,53.85,19.8,18.44,47.71,21.26,17.09,49.52,29.53,39.85,43.27,72.11,18.87,16.97,17.09,59.23,87.8,23.02,47.89,50.04,58.69,70.72,19.1,76.06,28.16,70.18,6.08,63.13,26.25
11,26.08,80.1,56.57,46.17,41.18,18.44,46.86,67.94,54.63,40.5,52.5,0.0,106.3,26.08,92.09,49.4,16.97,48.7,58.86,53.37,53.85,42.38,80.22,42.19,70.46,40.45,66.57,92.65,31.24,60.17,67.08,76.94,70.68,37.74,60.93,72.5,56.0,51.92,64.78,82.22,58.14,43.86,66.27,47.2,44.0,29.12,71.84,51.48,10.63,81.61,8.06,67.01,35.85,51.62,60.11,62.07,51.97,47.27,44.6
12,90.0,74.0,81.61,66.57,100.18,96.54,60.46,38.42,96.77,93.91,67.05,106.3,0.0,105.55,18.44,94.34,89.38,98.95,82.97,93.74,57.27,68.82,64.0,83.19,88.0,91.08,46.17,20.1,111.52,53.67,44.72,36.06,50.36,71.02,51.88,50.16,81.22,63.53,90.2,27.2,52.15,96.66,74.11,61.06,84.12,93.74,90.67,89.05,106.83,26.08,114.21,70.21,73.25,94.58,46.4,75.19,72.53,81.94,61.72
13,46.65,97.53,76.16,58.55,65.3,41.23,46.17,68.35,77.67,63.25,41.04,26.08,105.55,0.0,94.87,72.11,27.86,24.08,78.79,30.07,48.37,54.59,95.35,61.74,48.37,19.7,60.46,96.17,57.2,70.0,74.43,83.19,60.83,35.44,70.03,62.23,36.77,64.5,42.19,78.89,66.12,67.2,48.33,44.94,26.08,51.61,93.02,29.83,15.65,84.12,26.93,83.68,33.24,74.33,60.41,80.01,37.64,66.71,47.68
14,73.59,56.14,63.25,49.68,82.37,80.62,48.7,26.68,78.43,76.16,60.03,92.09,18.44,94.87,0.0,76.16,75.47,92.2,64.56,88.0,48.37,52.35,46.17,65.51,85.91,82.87,40.2,2.83,94.4,36.06,27.2,17.89,47.54,59.46,34.41,48.08,76.11,46.04,86.83,24.17,35.38,78.71,71.39,50.0,76.42,76.84,72.34,83.01,93.94,10.77,100.12,51.79,61.68,76.32,34.48,56.75,66.01,63.95,48.3
15,25.61,36.77,14.14,32.06,10.2,31.3,56.32,64.12,5.66,8.94,74.32,49.4,94.34,72.11,76.16,0.0,45.34,89.11,14.42,90.91,66.48,32.56,41.62,14.56,103.25,77.9,74.67,75.15,26.68,41.23,50.0,58.31,83.55,56.36,43.17,85.51,87.13,32.25,99.3,80.4,44.41,6.0,93.04,58.82,77.2,20.59,23.09,87.01,59.03,68.96,54.82,28.32,56.44,2.24,60.07,21.93,77.83,13.04,49.73
16,19.8,69.86,48.33,32.06,40.0,17.09,30.0,50.99,50.99,36.77,38.21,16.97,89.38,27.86,75.47,45.34,0.0,44.05,50.99,46.65,37.58,28.07,68.26,34.0,61.35,33.29,50.12,76.16,36.88,45.12,51.26,60.93,55.03,21.54,45.61,56.92,45.61,38.05,56.46,65.3,42.38,41.04,54.33,30.53,34.18,25.61,65.37,43.38,19.42,64.9,24.84,56.09,19.92,47.51,43.14,52.2,39.05,38.91,27.66
17,63.78,108.24,90.0,68.0,84.02,60.46,47.07,66.0,94.76,80.72,32.25,48.7,98.95,24.08,92.2,89.11,44.05,0.0,92.8,7.21,44.0,64.5,104.0,76.58,25.3,11.66,52.95,94.09,78.71,75.89,77.67,84.59,49.4,38.63,75.29,50.16,18.87,73.35,18.97,71.81,70.88,85.04,29.73,44.72,16.12,69.66,107.62,10.3,39.05,82.02,50.8,94.41,37.16,91.22,59.14,92.11,26.48,81.06,51.55
18,32.98,22.8,2.83,27.78,24.17,40.45,53.85,56.57,14.42,20.4,73.24,58.86,82.97,78.79,64.56,14.42,50.99,92.8,0.0,93.51,63.53,30.0,27.2,17.09,103.71,81.22,69.57,63.25,40.5,32.06,40.05,47.07,79.12,56.64,34.06,80.99,87.86,25.3,100.5,72.11,36.5,19.7,92.09,56.6,79.25,30.07,14.87,89.14,67.45,58.55,65.28,14.21,57.28,13.45,54.12,8.06,77.62,12.08,47.17
19,66.03,107.7,90.69,67.68,86.53,63.53,44.94,62.29,96.54,82.8,28.07,53.37,93.74,30.07,88.0,90.91,46.65,7.21,93.51,0.0,40.45,64.4,102.86,77.79,18.44,13.42,48.17,90.02,82.46,74.32,75.29,81.58,43.68,37.74,73.54,44.27,12.65,72.72,12.17,66.75,69.08,87.2,22.8,42.38,14.42,72.11,108.37,5.1,44.28,78.1,56.22,94.03,36.62,92.96,55.9,92.2,22.02,82.04,50.09
20,48.04,72.14,60.83,35.78,66.48,50.99,10.2,22.0,71.47,60.83,12.65,53.85,57.27,48.37,48.37,66.48,37.58,44.0,63.53,40.45,0.0,34.18,65.6,51.92,43.27,34.53,12.81,50.16,70.46,36.88,35.78,41.23,18.11,16.12,35.61,20.1,29.73,38.83,42.05,30.53,31.24,65.12,29.73,8.0,28.07,54.0,77.7,35.36,51.66,38.05,61.03,59.55,18.03,68.01,15.52,59.64,18.68,54.42,16.76
21,21.26,43.86,27.2,4.0,34.23,28.43,24.17,33.53,37.36,28.07,43.27,42.38,68.82,54.59,52.35,32.56,28.07,64.5,30.0,64.4,34.18,0.0,40.79,18.11,73.76,52.84,42.19,52.35,42.94,17.89,25.61,35.61,50.99,26.91,18.87,52.95,58.0,10.0,70.71,50.0,16.97,32.0,62.13,26.83,50.0,25.06,44.69,59.82,47.38,42.8,50.33,29.97,27.8,33.96,28.16,27.8,47.63,20.25,17.46
22,54.59,10.0,27.78,36.88,51.11,62.8,58.31,50.0,41.04,46.52,77.67,80.22,64.0,95.35,46.17,41.62,68.26,104.0,27.2,102.86,65.6,40.79,0.0,39.29,108.81,92.48,66.6,44.05,67.08,28.84,31.24,32.31,76.58,65.39,30.0,78.1,94.34,31.05,107.07,61.74,34.41,46.65,95.27,61.06,88.57,53.85,28.23,97.95,87.02,44.27,87.57,13.93,66.85,40.61,51.62,20.12,83.22,34.79,52.77
23,16.12,38.0,14.56,18.11,17.09,24.0,41.76,50.64,19.7,10.77,59.93,42.19,83.19,61.74,65.51,14.56,34.0,76.58,17.09,77.79,51.92,18.11,39.29,0.0,89.31,65.12,60.3,64.9,29.73,29.53,38.47,47.71,69.05,42.19,31.3,71.02,73.24,19.7,85.6,67.08,31.62,14.14,78.71,44.27,63.78,14.56,31.38,73.66,50.45,57.27,49.0,25.5,42.44,16.16,46.01,20.02,63.63,5.1,35.17
24,79.62,114.98,100.9,76.42,100.18,78.43,50.99,62.77,108.76,95.77,31.24,70.46,88.0,48.37,85.91,103.25,61.35,25.3,103.71,18.44,43.27,73.76,108.81,89.31,0.0,30.07,46.17,88.29,98.08,80.0,78.89,83.26,38.47,47.2,78.82,38.21,16.12,80.62,6.32,62.51,74.4,100.24,14.56,48.17,27.2,85.91,118.44,19.03,62.01,77.2,74.01,101.91,46.87,105.15,58.18,101.14,26.17,93.01,57.28
25,52.8,96.6,78.41,56.36,73.24,50.12,36.22,56.32,83.55,69.66,24.17,40.45,91.08,19.7,82.87,77.9,33.29,11.66,81.22,13.42,34.53,52.84,92.48,65.12,30.07,0.0,44.94,84.59,69.08,64.56,66.75,74.11,43.27,27.2,64.03,44.41,17.09,61.74,24.33,63.91,59.67,74.03,28.64,34.06,7.21,58.82,96.05,11.05,32.02,72.44,44.01,82.76,25.63,79.98,49.04,80.45,19.42,69.53,40.26
26,58.86,74.4,67.05,42.76,76.0,62.64,20.88,17.2,79.25,70.03,20.88,66.57,46.17,60.46,40.2,74.67,50.12,52.95,69.57,48.17,12.81,42.19,66.6,60.3,46.17,44.94,0.0,42.43,81.58,39.45,35.38,37.74,10.0,28.84,37.74,11.66,36.0,44.27,46.69,18.97,34.0,74.11,31.62,19.7,37.95,64.5,82.86,43.29,64.44,31.05,73.82,63.13,30.81,75.95,15.65,64.47,26.48,61.98,26.17
27,73.54,54.04,62.03,49.52,81.63,80.72,50.0,28.28,77.25,75.47,62.0,92.65,20.1,96.17,2.83,75.15,76.16,94.09,63.25,90.02,50.16,52.35,44.05,64.9,88.29,84.59,42.43,0.0,94.02,35.61,26.91,17.2,50.0,60.73,34.06,50.6,78.23,45.61,89.11,26.83,35.38,77.9,73.76,51.42,78.23,76.58,70.58,85.01,94.81,12.17,100.7,50.22,62.94,75.24,35.9,55.36,68.01,63.13,49.24
28,22.8,63.25,39.4,44.94,16.49,20.1,60.83,76.16,30.07,20.59,74.11,31.24,111.52,57.2,94.4,26.68,36.88,78.71,40.5,82.46,70.46,42.94,67.08,29.73,98.08,69.08,81.58,94.02,0.0,58.41,67.2,76.84,88.57,56.0,60.0,90.55,82.46,48.41,92.97,92.48,59.36,20.88,91.08,62.51,70.88,17.89,49.16,79.71,41.87,85.44,33.6,53.24,55.04,28.44,69.89,46.96,75.66,33.02,55.54
29,38.42,35.38,30.0,14.42,46.52,46.04,29.53,24.74,44.41,40.25,48.83,60.17,53.67,70.0,36.06,41.23,45.12,75.89,32.06,74.32,36.88,17.89,28.84,29.53,80.0,64.56,39.45,35.61,58.41,0.0,8.94,18.44,49.4,37.36,2.0,51.11,65.51,10.0,78.23,40.05,5.66,43.08,66.6,32.25,60.17,41.04,43.97,69.35,64.54,27.86,68.15,23.71,39.05,41.77,23.85,25.71,54.38,28.46,24.35
30,46.69,39.45,38.21,22.63,55.46,54.04,30.59,18.87,52.95,49.19,48.33,67.08,44.72,74.43,27.2,50.0,51.26,77.67,40.05,75.29,35.78,25.61,31.24,38.47,78.89,66.75,35.38,26.91,67.2,8.94,0.0,10.0,45.34,40.05,7.21,46.86,65.39,18.87,77.82,32.56,8.94,52.0,64.9,32.98,61.61,49.68,50.8,70.21,70.52,18.97,75.13,29.83,42.01,50.45,20.81,33.06,54.23,37.34,27.0
31,56.64,41.76,45.61,32.56,64.5,64.03,38.0,20.59,60.73,58.31,53.85,76.94,36.06,83.19,17.89,58.31,60.93,84.59,47.07,81.58,41.23,35.61,32.31,47.71,83.26,74.11,37.74,17.2,76.84,18.44,10.0,0.0,47.2,48.17,16.97,48.41,70.88,28.43,82.87,29.53,18.87,60.83,68.88,40.05,68.47,59.46,56.01,76.49,80.06,12.17,85.0,35.01,50.25,58.52,25.71,39.46,59.91,46.07,35.51
32,66.12,84.4,76.55,51.92,84.21,69.05,28.0,26.91,88.29,78.41,19.8,70.68,50.36,60.83,47.54,83.55,55.03,49.4,79.12,43.68,18.11,50.99,76.58,69.05,38.47,43.27,10.0,50.0,88.57,49.4,45.34,47.2,0.0,33.53,47.71,2.0,31.05,53.85,40.0,24.08,43.91,82.61,24.08,26.08,36.06,72.03,92.61,39.22,67.12,39.4,77.41,73.06,35.11,84.93,25.55,74.25,23.85,71.06,34.13
33,34.53,69.97,53.81,30.0,54.41,36.06,10.77,33.11,61.77,49.4,18.44,37.74,71.02,35.44,59.46,56.36,21.54,38.63,56.64,37.74,16.12,26.91,65.39,42.19,47.2,27.2,28.84,60.73,56.0,37.36,40.05,48.17,33.53,0.0,36.88,35.44,31.24,34.99,43.86,45.34,32.56,53.85,36.77,10.0,23.32,40.79,71.45,33.02,36.12,48.7,45.0,56.3,2.24,58.18,25.08,54.67,21.47,45.8,13.15
34,39.7,36.88,32.0,15.62,48.33,47.2,28.64,22.8,46.39,42.05,47.71,60.93,51.88,70.03,34.41,43.17,45.61,75.29,34.06,73.54,35.61,18.87,30.0,31.3,78.82,64.03,37.74,34.06,60.0,2.0,7.21,16.97,47.71,36.88,0.0,49.4,64.5,11.66,77.18,38.05,4.47,44.94,65.3,31.3,59.46,42.52,45.88,68.54,65.0,26.0,68.94,25.5,38.64,43.74,22.2,27.66,53.34,30.36,23.77
35,68.12,86.02,78.43,53.85,86.21,71.02,30.0,28.28,90.24,80.4,21.26,72.5,50.16,62.23,48.08,85.51,56.92,50.16,80.99,44.27,20.1,52.95,78.1,71.02,38.21,44.41,11.66,50.6,90.55,51.11,46.86,48.41,2.0,35.44,49.4,0.0,31.62,55.71,40.05,24.33,45.65,84.59,24.0,28.07,37.2,74.03,94.43,39.92,68.8,40.25,79.18,74.79,37.0,86.88,27.29,76.06,25.0,73.01,36.12
36,63.56,100.0,85.04,60.83,84.1,62.64,36.06,50.99,92.65,79.65,17.09,56.0,81.22,36.77,76.11,87.13,45.61,18.87,87.86,12.65,29.73,58.0,94.34,73.24,16.12,17.09,36.0,78.23,82.46,65.51,65.39,70.88,31.05,31.24,64.5,31.62,0.0,65.3,12.81,54.33,60.03,84.12,11.66,33.29,12.0,69.86,102.65,8.6,48.51,66.48,60.41,86.68,30.81,89.04,45.22,85.59,11.18,77.01,42.01
37,28.84,34.99,22.8,6.0,36.77,36.72,29.73,32.0,36.0,30.46,49.52,51.92,63.53,64.5,46.04,32.25,38.05,73.35,25.3,72.72,38.83,10.0,31.05,19.7,80.62,61.74,44.27,45.61,48.41,10.0,18.87,28.43,53.85,34.99,11.66,55.71,65.3,0.0,78.1,48.17,12.17,33.53,68.12,32.56,58.31,31.11,38.95,67.96,57.31,37.58,59.77,21.4,36.24,33.06,28.86,20.81,54.49,19.24,23.35
38,75.18,112.8,97.67,73.59,95.77,73.54,48.83,62.64,104.86,91.59,29.53,64.78,90.2,42.19,86.83,99.3,56.46,18.97,100.5,12.17,42.05,70.71,107.07,85.6,6.32,24.33,46.69,89.11,92.97,78.23,77.82,82.87,40.0,43.86,77.18,40.05,12.81,78.1,0.0,64.03,72.72,96.04,16.12,46.04,22.36,81.41,115.31,13.34,56.08,77.67,68.07,99.49,43.28,101.26,57.38,98.35,23.85,89.5,54.82
39,69.86,70.94,70.03,49.03,83.95,75.18,35.38,16.49,84.1,77.67,39.85,82.22,27.2,78.89,24.17,80.4,65.3,71.81,72.11,66.75,30.53,50.0,61.74,67.08,62.51,63.91,18.97,26.83,92.48,40.05,32.56,29.53,24.08,45.34,38.05,24.33,54.33,48.17,64.03,0.0,36.06,81.22,48.17,35.38,56.92,74.67,83.36,61.98,81.47,18.44,89.87,62.37,47.51,81.22,22.83,65.49,45.35,67.36,38.28
40,38.21,41.04,34.23,14.42,48.7,45.34,24.17,20.1,48.04,42.38,43.27,58.14,52.15,66.12,35.38,44.41,42.38,70.88,36.5,69.08,31.24,16.97,34.41,31.62,74.4,59.67,34.0,35.38,59.36,5.66,8.94,18.87,43.91,32.56,4.47,45.65,60.03,12.17,72.72,36.06,0.0,45.61,60.96,26.83,55.03,41.62,49.04,64.08,61.68,26.08,66.19,29.15,34.37,45.18,18.36,30.68,48.88,31.4,19.42
41,21.26,42.38,18.87,32.25,4.47,26.08,54.92,64.78,10.77,4.47,72.11,43.86,96.66,67.2,78.71,6.0,41.04,85.04,19.7,87.2,65.12,32.0,46.65,14.14,100.24,74.03,74.11,77.9,20.88,43.08,52.0,60.83,82.61,53.85,44.94,84.59,84.12,33.53,96.04,81.22,45.61,0.0,90.62,57.27,73.78,15.62,29.07,83.49,53.71,70.94,49.04,33.02,53.71,8.06,60.07,26.63,75.24,14.76,48.51
42,70.88,101.86,89.31,64.4,91.08,71.02,38.42,48.33,98.39,86.16,18.87,66.27,74.11,48.33,71.39,93.04,54.33,29.73,92.09,22.8,29.73,62.13,95.27,78.71,14.56,28.64,31.62,73.76,91.08,66.6,64.9,68.88,24.08,36.77,65.3,24.0,11.66,68.12,16.12,48.17,60.96,90.62,0.0,35.61,22.8,77.2,106.61,19.85,59.44,62.64,71.2,89.14,37.0,94.81,44.1,88.87,15.52,81.99,45.0
43,40.05,66.84,53.85,28.84,58.55,43.17,2.83,23.41,63.91,52.95,16.97,47.2,61.06,44.94,50.0,58.82,30.53,44.72,56.6,42.38,8.0,26.83,61.06,44.27,48.17,34.06,19.7,51.42,62.51,32.25,32.98,40.05,26.08,10.0,31.3,28.07,33.29,32.56,46.04,35.38,26.83,57.27,35.61,0.0,28.64,46.0,71.03,37.34,46.1,39.29,54.67,53.76,12.21,60.41,15.52,53.26,22.2,47.01,9.43
44,52.84,93.3,76.42,53.25,73.43,51.26,31.05,50.04,82.8,69.34,17.09,44.0,84.12,26.08,76.42,77.2,34.18,16.12,79.25,14.42,28.07,50.0,88.57,63.78,27.2,7.21,37.95,78.23,70.88,60.17,61.61,68.47,36.06,23.32,59.46,37.2,12.0,58.31,22.36,56.92,55.03,73.78,22.8,28.64,0.0,59.06,94.11,9.9,36.67,66.12,48.51,79.61,22.2,79.2,43.05,77.8,12.21,67.9,35.85
45,6.32,52.15,28.0,27.2,14.42,10.77,44.05,58.31,26.08,11.66,59.23,29.12,93.74,51.61,76.84,20.59,25.61,69.66,30.07,72.11,54.0,25.06,53.85,14.56,85.91,58.82,64.5,76.58,17.89,41.04,49.68,59.46,72.03,40.79,42.52,74.03,69.86,31.11,81.41,74.67,41.62,15.62,77.2,46.0,59.06,0.0,42.72,68.6,38.48,67.68,35.23,40.02,40.26,22.83,52.2,34.37,61.68,19.24,38.33
46,46.62,19.42,17.69,42.2,33.0,53.45,68.24,68.68,19.1,31.58,87.8,71.84,90.67,93.02,72.34,23.09,65.37,107.62,14.87,108.37,77.7,44.69,28.23,31.38,118.44,96.05,82.86,70.58,49.16,43.97,50.8,56.01,92.61,71.45,45.88,94.43,102.65,38.95,115.31,83.36,49.04,29.07,106.61,71.03,94.11,42.72,0.0,104.0,80.99,68.07,77.67,21.1,72.12,21.02,67.23,18.38,92.31,26.63,61.61
47,62.43,102.93,86.31,63.01,83.01,60.42,39.92,57.22,92.62,79.06,23.02,51.48,89.05,29.83,83.01,87.01,43.38,10.3,89.14,5.1,35.36,59.82,97.95,73.66,19.03,11.05,43.29,85.01,79.71,69.35,70.21,76.49,39.22,33.02,68.54,39.92,8.6,67.96,13.34,61.98,64.08,83.49,19.85,37.34,9.9,68.6,104.0,0.0,43.0,73.06,55.0,89.31,32.02,89.02,50.8,87.62,17.0,77.79,45.18
48,34.48,87.82,65.0,51.35,51.31,27.73,46.4,68.51,64.41,50.09,47.89,10.63,106.83,15.65,93.94,59.03,19.42,39.05,67.45,44.28,51.66,47.38,87.02,50.45,62.01,32.02,64.44,94.81,41.87,64.54,70.52,80.06,67.12,36.12,65.0,68.8,48.51,57.31,56.08,81.47,61.68,53.71,59.44,46.1,36.67,38.48,80.99,43.0,0.0,83.24,12.0,74.33,33.97,61.27,60.46,69.87,46.24,55.54,45.65
49,64.03,53.85,56.89,40.5,74.32,70.77,37.95,16.12,71.81,68.03,50.04,81.61,26.08,84.12,10.77,68.96,64.9,82.02,58.55,78.1,38.05,42.8,44.27,57.27,77.2,72.44,31.05,12.17,85.44,27.86,18.97,12.17,39.4,48.7,26.0,40.25,66.48,37.58,77.67,18.44,26.08,70.94,62.64,39.29,66.12,67.68,68.07,73.06,83.24,0.0,89.63,47.01,50.92,69.38,23.77,51.16,56.08,56.3,37.59
50,33.06,87.0,63.13,54.08,45.88,25.0,54.49,75.82,59.77,46.1,58.69,8.06,114.21,26.93,100.12,54.82,24.84,50.8,65.28,56.22,61.03,50.33,87.57,49.0,74.01,44.01,73.82,100.7,33.6,68.15,75.13,85.0,77.41,45.0,68.94,79.18,60.41,59.77,68.07,89.87,66.19,49.04,71.2,54.67,48.51,35.23,77.67,55.0,12.0,89.63,0.0,74.17,43.01,57.01,67.94,69.01,57.57,54.01,52.5
51,41.11,13.93,14.21,26.42,37.44,49.25,50.93,48.1,28.6,32.65,70.72,67.01,70.21,83.68,51.79,28.32,56.09,94.41,14.21,94.03,59.55,29.97,13.93,25.5,101.91,82.76,63.13,50.22,53.24,23.71,29.83,35.01,73.06,56.3,25.5,74.79,86.68,21.4,99.49,62.37,29.15,33.02,89.14,53.76,79.61,40.02,21.1,89.31,74.33,47.01,74.17,0.0,57.45,27.59,47.51,6.4,75.82,20.88,44.69
52,33.96,71.2,54.45,31.06,54.08,35.0,13.0,35.34,61.91,49.24,19.1,35.85,73.25,33.24,61.68,56.44,19.92,37.16,57.28,36.62,18.03,27.8,66.85,42.44,46.87,25.63,30.81,62.94,55.04,39.05,42.01,50.25,35.11,2.24,38.64,37.0,30.81,36.24,43.28,47.51,34.37,53.71,37.0,12.21,22.2,40.26,72.12,32.02,33.97,50.92,43.01,57.45,0.0,58.31,27.31,55.61,21.54,46.23,15.03
53,27.8,35.34,13.6,33.24,12.04,33.54,57.87,65.03,3.61,11.18,76.06,51.62,94.58,74.33,76.32,2.24,47.51,91.22,13.45,92.96,68.01,33.96,40.61,16.16,105.15,79.98,75.95,75.24,28.44,41.77,50.45,58.52,84.93,58.18,43.74,86.88,89.04,33.06,101.26,81.22,45.18,8.06,94.81,60.41,79.2,22.83,21.02,89.02,61.27,69.38,57.01,27.59,58.31,0.0,61.2,21.26,79.65,14.04,51.24
54,47.17,59.03,51.66,28.02,62.39,52.35,14.32,8.06,64.38,56.22,28.16,60.11,46.4,60.41,34.48,60.07,43.14,59.14,54.12,55.9,15.52,28.16,51.62,46.01,58.18,49.04,15.65,35.9,69.89,23.85,20.81,25.71,25.55,25.08,22.2,27.29,45.22,28.86,57.38,22.83,18.36,60.07,44.1,15.52,43.05,52.2,67.23,50.8,60.46,23.77,67.94,47.51,27.31,61.2,0.0,48.85,34.21,47.17,15.62
55,36.01,18.03,7.81,24.76,31.06,44.01,50.45,50.45,22.47,26.4,70.18,62.07,75.19,80.01,56.75,21.93,52.2,92.11,8.06,92.2,59.64,27.8,20.12,20.02,101.14,80.45,64.47,55.36,46.96,25.71,33.06,39.46,74.25,54.67,27.66,76.06,85.59,20.81,98.35,65.49,30.68,26.63,88.87,53.26,77.8,34.37,18.38,87.62,69.87,51.16,69.01,6.4,55.61,21.26,48.85,0.0,74.97,15.13,43.93
56,55.36,89.02,74.81,50.25,75.61,55.58,25.0,40.31,83.24,70.77,6.08,51.97,72.53,37.64,66.01,77.83,39.05,26.48,77.62,22.02,18.68,47.63,83.22,63.63,26.17,19.42,26.48,68.01,75.66,54.38,54.23,59.91,23.85,21.47,53.34,25.0,11.18,54.49,23.85,45.35,48.88,75.24,15.52,22.2,12.21,61.68,92.31,17.0,46.24,56.08,57.57,75.82,21.54,79.65,34.21,74.97,0.0,67.12,31.14
57,21.21,33.02,9.49,19.24,18.6,29.02,44.38,51.09,17.26,12.73,63.13,47.27,81.94,66.71,63.95,13.04,38.91,81.06,12.08,82.04,54.42,20.25,34.79,5.1,93.01,69.53,61.98,63.13,33.02,28.46,37.34,46.07,71.06,45.8,30.36,73.01,77.01,19.24,89.5,67.36,31.4,14.76,81.99,47.01,67.9,19.24,26.63,77.79,55.54,56.3,54.01,20.88,46.23,14.04,47.17,15.13,67.12,0.0,37.7
58,32.76,58.01,44.42,19.42,50.09,37.16,6.71,23.35,54.71,44.28,26.25,44.6,61.72,47.68,48.3,49.73,27.66,51.55,47.17,50.09,16.76,17.46,52.77,35.17,57.28,40.26,26.17,49.24,55.54,24.35,27.0,35.51,34.13,13.15,23.77,36.12,42.01,23.35,54.82,38.28,19.42,48.51,45.0,9.43,35.85,38.33,61.61,45.18,45.65,37.59,52.5,44.69,15.03,51.24,15.62,43.93,31.14,37.7,0.0
