vehicles
vehicle_idx, capacity, cost_per_unit_distance
1,100,1
2,100,1
3,100,1
4,100,1
5,100,1
6,100,1
7,100,1
depot
node_idx,x,y
0,75,55
home delivery customers
node_idx,x,y,service_time,demand
1,7,75,15,12
2,77,1,15,26
3,81,25,15,20
4,59,37,15,2
5,93,45,15,13
6,35,53,15,7
7,37,51,15,7
8,27,31,15,24
9,23,65,15,23
10,73,81,15,19
11,41,61,15,12
12,51,95,15,9
13,81,53,15,18
14,7,51,15,19
15,21,5,15,20
16,17,81,15,10
17,83,23,15,15
18,21,93,15,13
19,59,31,15,12
20,27,53,15,3
21,9,91,15,7
22,59,41,15,3
23,67,1,15,23
24,77,39,15,1
25,47,29,15,17
26,33,87,15,6
27,17,45,15,22
28,23,3,15,21
self pickup customers
node_idx,x,y,service_time,demand,locker_idxs
29,51,25,15,1,51-53-49-54-50-52
30,77,63,15,10,48-54-55-51-53
31,95,31,15,10,46-55-51-53
32,87,43,15,12,46-51-55-53
33,9,51,15,13,47-49-56-50-52-54
34,3,1,15,9,49
35,29,81,15,6,48-47-56-54-52-50
36,91,35,15,24,46-51-55-53
37,61,69,15,4,48-54-50-52
38,27,97,15,20,47-52-54-48
39,11,27,15,18,49-56-50
40,3,89,15,13,56-47
41,91,41,15,20,46-53-51-55
flexible customers
node_idx,x,y,service_time,demand,locker_idxs
42,43,21,15,20,53-49-50
43,37,13,15,15,50-49
44,49,25,15,22,53-49-50-54-52
45,97,61,15,2,55-51-53
lockers
node_idx,x,y,service_time,capacity,cost_per_unit_good
46,93,12,10,92,100
47,22,88,10,83,100
48,65,88,10,81,100
49,25,15,10,94,100
50,33,49,10,91,100
51,90,33,10,72,100
52,36,62,10,80,100
53,76,29,10,97,100
54,44,62,10,92,100
55,89,39,10,96,100
56,22,56,10,91,100
mrt lines
start_node_idx,end_node_idx,freight_capacity,cost_per_unit_good
46,47,92,1
47,46,92,1
48,49,94,1
49,48,94,1
distance matrix
,0,1,2,3,4,5,6,7,8,9,10,11,12,13,14,15,16,17,18,19,20,21,22,23,24,25,26,27,28,29,30,31,32,33,34,35,36,37,38,39,40,41,42,43,44,45,46,47,48,49,50,51,52,53,54,55,56,
0,0.0,70.88,54.04,30.59,24.08,20.59,40.05,38.21,53.67,52.95,26.08,34.53,46.65,6.32,68.12,73.59,63.56,32.98,66.03,28.84,48.04,75.18,21.26,54.59,16.12,38.21,52.8,58.86,73.54,38.42,8.25,31.24,16.97,66.12,90.0,52.84,25.61,19.8,63.78,69.86,79.62,21.26,46.69,56.64,39.7,22.8,46.62,62.43,34.48,64.03,42.43,26.63,39.62,26.02,31.78,21.26,53.01
1,70.88,0.0,101.86,89.31,64.4,91.08,35.61,38.42,48.33,18.87,66.27,36.77,48.33,77.2,24.0,71.39,11.66,92.09,22.8,68.12,29.73,16.12,62.13,95.27,78.71,60.96,28.64,31.62,73.76,66.6,71.02,98.39,86.16,24.08,74.11,22.8,93.04,54.33,29.73,48.17,14.56,90.62,64.9,68.88,65.3,91.08,106.61,19.85,59.44,62.64,36.77,93.02,31.78,82.93,39.22,89.55,24.21
2,54.04,101.86,0.0,24.33,40.25,46.82,66.84,64.03,58.31,83.74,80.1,69.97,97.53,52.15,86.02,56.14,100.0,22.8,107.7,34.99,72.14,112.8,43.86,10.0,38.0,41.04,96.6,74.4,54.04,35.38,62.0,34.99,43.17,84.4,74.0,93.3,36.77,69.86,108.24,70.94,114.98,42.38,39.45,41.76,36.88,63.25,19.42,102.93,87.82,53.85,65.12,34.54,73.5,28.02,69.35,39.85,77.78
3,30.59,89.31,24.33,0.0,25.06,23.32,53.85,51.11,54.33,70.46,56.57,53.81,76.16,28.0,78.43,63.25,85.04,2.83,90.69,22.8,60.83,97.67,27.2,27.78,14.56,34.23,78.41,67.05,62.03,30.0,38.21,15.23,18.97,76.55,81.61,76.42,14.14,48.33,90.0,70.03,100.9,18.87,38.21,45.61,32.0,39.4,17.69,86.31,65.0,56.89,53.67,12.04,58.26,6.4,52.33,16.12,66.65
4,24.08,64.4,40.25,25.06,0.0,34.93,28.84,26.08,32.56,45.61,46.17,30.0,58.55,27.2,53.85,49.68,60.83,27.78,67.68,6.0,35.78,73.59,4.0,36.88,18.11,14.42,56.36,42.76,49.52,14.42,31.62,36.5,28.64,51.92,66.57,53.25,32.06,32.06,68.0,49.03,76.42,32.25,22.63,32.56,15.62,44.94,42.2,63.01,51.35,40.5,28.64,31.26,33.97,18.79,29.15,30.07,41.59
5,20.59,91.08,46.82,23.32,34.93,0.0,58.55,56.32,67.47,72.8,41.18,54.41,65.3,14.42,86.21,82.37,84.1,24.17,86.53,36.77,66.48,95.77,34.23,51.11,17.09,48.7,73.24,76.0,81.63,46.52,24.08,14.14,6.32,84.21,100.18,73.43,10.2,40.0,84.02,83.95,100.18,4.47,55.46,64.5,48.33,16.49,33.0,83.01,51.31,74.32,60.13,12.37,59.48,23.35,51.87,7.21,71.85
6,40.05,35.61,66.84,53.85,28.84,58.55,0.0,2.83,23.41,16.97,47.2,10.0,44.94,46.0,28.07,50.0,33.29,56.6,42.38,32.56,8.0,46.04,26.83,61.06,44.27,26.83,34.06,19.7,51.42,32.25,43.17,63.91,52.95,26.08,61.06,28.64,58.82,30.53,44.72,35.38,48.17,57.27,32.98,40.05,31.3,62.51,71.03,37.34,46.1,39.29,4.47,58.52,9.06,47.51,12.73,55.79,13.34
7,38.21,38.42,64.03,51.11,26.08,56.32,2.83,0.0,22.36,19.8,46.86,10.77,46.17,44.05,30.0,48.7,36.06,53.85,44.94,29.73,10.2,48.83,24.17,58.31,41.76,24.17,36.22,20.88,50.0,29.53,41.76,61.35,50.64,28.0,60.46,31.05,56.32,30.0,47.07,35.38,50.99,54.92,30.59,38.0,28.64,60.83,68.24,39.92,46.4,37.95,4.47,55.97,11.05,44.78,13.04,53.37,15.81
8,53.67,48.33,58.31,54.33,32.56,67.47,23.41,22.36,0.0,34.23,67.94,33.11,68.35,58.31,28.28,26.68,50.99,56.57,62.29,32.0,22.0,62.64,33.53,50.0,50.64,20.1,56.32,17.2,28.28,24.74,59.36,68.0,61.19,26.91,38.42,50.04,64.12,50.99,66.0,16.49,62.77,64.78,18.87,20.59,22.8,76.16,68.68,57.22,68.51,16.12,18.97,63.03,32.28,49.04,35.36,62.51,25.5
9,52.95,18.87,83.74,70.46,45.61,72.8,16.97,19.8,34.23,0.0,52.5,18.44,41.04,59.23,21.26,60.03,17.09,73.24,28.07,49.52,12.65,29.53,43.27,77.67,59.93,43.27,24.17,20.88,62.0,48.83,54.04,79.62,67.68,19.8,67.05,17.09,74.32,38.21,32.25,39.85,31.24,72.11,48.33,53.85,47.71,74.11,87.8,23.02,47.89,50.04,18.87,74.25,13.34,64.07,21.21,70.94,9.06
10,26.08,66.27,80.1,56.57,46.17,41.18,47.2,46.86,67.94,52.5,0.0,37.74,26.08,29.12,72.5,92.09,56.0,58.86,53.37,51.92,53.85,64.78,42.38,80.22,42.19,58.14,40.45,66.57,92.65,60.17,18.44,54.63,40.5,70.68,106.3,44.0,49.4,16.97,48.7,82.22,70.46,43.86,67.08,76.94,60.93,31.24,71.84,51.48,10.63,81.61,51.22,50.92,41.59,52.09,34.67,44.94,56.8
11,34.53,36.77,69.97,53.81,30.0,54.41,10.0,10.77,33.11,18.44,37.74,0.0,35.44,40.79,35.44,59.46,31.24,56.64,37.74,34.99,16.12,43.86,26.91,65.39,42.19,32.56,27.2,28.84,60.73,37.36,36.06,61.77,49.4,33.53,71.02,23.32,56.36,21.54,38.63,45.34,47.2,53.85,40.05,48.17,36.88,56.0,71.45,33.02,36.12,48.7,14.42,56.44,5.1,47.42,3.16,52.8,19.65
12,46.65,48.33,97.53,76.16,58.55,65.3,44.94,46.17,68.35,41.04,26.08,35.44,0.0,51.61,62.23,94.87,36.77,78.79,30.07,64.5,48.37,42.19,54.59,95.35,61.74,66.12,19.7,60.46,96.17,70.0,41.23,77.67,63.25,60.83,105.55,26.08,72.11,27.86,24.08,78.89,48.37,67.2,74.43,83.19,70.03,57.2,93.02,29.83,15.65,84.12,49.4,73.25,36.25,70.58,33.73,67.68,48.6
13,6.32,77.2,52.15,28.0,27.2,14.42,46.0,44.05,58.31,59.23,29.12,40.79,51.61,0.0,74.03,76.84,69.86,30.07,72.11,31.11,54.0,81.41,25.06,53.85,14.56,41.62,58.82,64.5,76.58,41.04,10.77,26.08,11.66,72.03,93.74,59.06,20.59,25.61,69.66,74.67,85.91,15.62,49.68,59.46,42.52,17.89,42.72,68.6,38.48,67.68,48.17,21.93,45.89,24.52,38.08,16.12,59.08
14,68.12,24.0,86.02,78.43,53.85,86.21,28.07,30.0,28.28,21.26,72.5,35.44,62.23,74.03,0.0,48.08,31.62,80.99,44.27,55.71,20.1,40.05,52.95,78.1,71.02,45.65,44.41,11.66,50.6,51.11,71.02,90.24,80.4,2.0,50.16,37.2,85.51,56.92,50.16,24.33,38.21,84.59,46.86,48.41,49.4,90.55,94.43,39.92,68.8,40.25,26.08,84.93,31.02,72.42,38.6,82.87,15.81
15,73.59,71.39,56.14,63.25,49.68,82.37,50.0,48.7,26.68,60.03,92.09,59.46,94.87,76.84,48.08,0.0,76.11,64.56,88.0,46.04,48.37,86.83,52.35,46.17,65.51,35.38,82.87,40.2,2.83,36.06,80.62,78.43,76.16,47.54,18.44,76.42,76.16,75.47,92.2,24.17,85.91,78.71,27.2,17.89,34.41,94.4,72.34,83.01,93.94,10.77,45.61,74.46,58.94,60.01,61.47,76.03,51.01
16,63.56,11.66,100.0,85.04,60.83,84.1,33.29,36.06,50.99,17.09,56.0,31.24,36.77,69.86,31.62,76.11,0.0,87.86,12.65,65.3,29.73,12.81,58.0,94.34,73.24,60.03,17.09,36.0,78.23,65.51,62.64,92.65,79.65,31.05,81.22,12.0,87.13,45.61,18.87,54.33,16.12,84.12,65.39,70.88,64.5,82.46,102.65,8.6,48.51,66.48,35.78,87.37,26.87,78.64,33.02,83.35,25.5
17,32.98,92.09,22.8,2.83,27.78,24.17,56.6,53.85,56.57,73.24,58.86,56.64,78.79,30.07,80.99,64.56,87.86,0.0,93.51,25.3,63.53,100.5,30.0,27.2,17.09,36.5,81.22,69.57,63.25,32.06,40.45,14.42,20.4,79.12,82.97,79.25,14.42,50.99,92.8,72.11,103.71,19.7,40.05,47.07,34.06,40.5,14.87,89.14,67.45,58.55,56.36,12.21,61.07,9.22,55.15,17.09,69.35
18,66.03,22.8,107.7,90.69,67.68,86.53,42.38,44.94,62.29,28.07,53.37,37.74,30.07,72.11,44.27,88.0,12.65,93.51,0.0,72.72,40.45,12.17,64.4,102.86,77.79,69.08,13.42,48.17,90.02,74.32,63.53,96.54,82.8,43.68,93.74,14.42,90.91,46.65,7.21,66.75,18.44,87.2,75.29,81.58,73.54,82.46,108.37,5.1,44.28,78.1,45.61,91.44,34.44,84.39,38.6,86.83,37.01
19,28.84,68.12,34.99,22.8,6.0,36.77,32.56,29.73,32.0,49.52,51.92,34.99,64.5,31.11,55.71,46.04,65.3,25.3,72.72,0.0,38.83,78.1,10.0,31.05,19.7,12.17,61.74,44.27,45.61,10.0,36.72,36.0,30.46,53.85,63.53,58.31,32.25,38.05,73.35,48.17,80.62,33.53,18.87,28.43,11.66,48.41,38.95,67.96,57.31,37.58,31.62,31.06,38.6,17.12,34.44,31.05,44.65
20,48.04,29.73,72.14,60.83,35.78,66.48,8.0,10.2,22.0,12.65,53.85,16.12,48.37,54.0,20.1,48.37,29.73,63.53,40.45,38.83,0.0,42.05,34.18,65.6,51.92,31.24,34.53,12.81,50.16,36.88,50.99,71.47,60.83,18.11,57.27,28.07,66.48,37.58,44.0,30.53,43.27,65.12,35.78,41.23,35.61,70.46,77.7,35.36,51.66,38.05,7.21,66.1,12.73,54.56,19.24,63.56,5.83
21,75.18,16.12,112.8,97.67,73.59,95.77,46.04,48.83,62.64,29.53,64.78,43.86,42.19,81.41,40.05,86.83,12.81,100.5,12.17,78.1,42.05,0.0,70.71,107.07,85.6,72.72,24.33,46.69,89.11,78.23,73.54,104.86,91.59,40.0,90.2,22.36,99.3,56.46,18.97,64.03,6.32,96.04,77.82,82.87,77.18,92.97,115.31,13.34,56.08,77.67,48.37,99.62,39.62,91.29,45.45,95.41,37.34
22,21.26,62.13,43.86,27.2,4.0,34.23,26.83,24.17,33.53,43.27,42.38,26.91,54.59,25.06,52.95,52.35,58.0,30.0,64.4,10.0,34.18,70.71,0.0,40.79,18.11,16.97,52.84,42.19,52.35,17.89,28.43,37.36,28.07,50.99,68.82,50.0,32.56,28.07,64.5,50.0,73.76,32.0,25.61,35.61,18.87,42.94,44.69,59.82,47.38,42.8,27.2,32.02,31.14,20.81,25.81,30.07,39.92
23,54.59,95.27,10.0,27.78,36.88,51.11,61.06,58.31,50.0,77.67,80.22,65.39,95.35,53.85,78.1,46.17,94.34,27.2,102.86,31.05,65.6,107.07,40.79,0.0,39.29,34.41,92.48,66.6,44.05,28.84,62.8,41.04,46.52,76.58,64.0,88.57,41.62,68.26,104.0,61.74,108.81,46.65,31.24,32.31,30.0,67.08,28.23,97.95,87.02,44.27,58.82,39.41,68.43,29.41,65.19,43.91,71.06
24,16.12,78.71,38.0,14.56,18.11,17.09,44.27,41.76,50.64,59.93,42.19,42.19,61.74,14.56,71.02,65.51,73.24,17.09,77.79,19.7,51.92,85.6,18.11,39.29,0.0,31.62,65.12,60.3,64.9,29.53,24.0,19.7,10.77,69.05,83.19,63.78,14.56,34.0,76.58,67.08,89.31,14.14,38.47,47.71,31.3,29.73,31.38,73.66,50.45,57.27,45.12,14.32,47.01,10.05,40.22,12.0,57.57
25,38.21,60.96,41.04,34.23,14.42,48.7,26.83,24.17,20.1,43.27,58.14,32.56,66.12,41.62,45.65,35.38,60.03,36.5,69.08,12.17,31.24,72.72,16.97,34.41,31.62,0.0,59.67,34.0,35.38,5.66,45.34,48.04,42.38,43.91,52.15,55.03,44.41,42.38,70.88,36.06,74.4,45.61,8.94,18.87,4.47,59.36,49.04,64.08,61.68,26.08,24.41,43.19,34.79,29.0,33.14,43.17,36.8
26,52.8,28.64,96.6,78.41,56.36,73.24,34.06,36.22,56.32,24.17,40.45,27.2,19.7,58.82,44.41,82.87,17.09,81.22,13.42,61.74,34.53,24.33,52.84,92.48,65.12,59.67,0.0,44.94,84.59,64.56,50.12,83.55,69.66,43.27,91.08,7.21,77.9,33.29,11.66,63.91,30.07,74.03,66.75,74.11,64.03,69.08,96.05,11.05,32.02,72.44,38.0,78.52,25.18,72.2,27.31,73.76,32.89
27,58.86,31.62,74.4,67.05,42.76,76.0,19.7,20.88,17.2,20.88,66.57,28.84,60.46,64.5,11.66,40.2,36.0,69.57,48.17,44.27,12.81,46.69,42.19,66.6,60.3,34.0,44.94,0.0,42.43,39.45,62.64,79.25,70.03,10.0,46.17,37.95,74.67,50.12,52.95,18.97,46.17,74.11,35.38,37.74,37.74,81.58,82.86,43.29,64.44,31.05,16.49,73.98,25.5,61.13,31.91,72.25,12.08
28,73.54,73.76,54.04,62.03,49.52,81.63,51.42,50.0,28.28,62.0,92.65,60.73,96.17,76.58,50.6,2.83,78.23,63.25,90.02,45.61,50.16,89.11,52.35,44.05,64.9,35.38,84.59,42.43,0.0,35.61,80.72,77.25,75.47,50.0,20.1,78.23,75.15,76.16,94.09,26.83,88.29,77.9,26.91,17.2,34.06,94.02,70.58,85.01,94.81,12.17,47.07,73.41,60.42,59.03,62.63,75.18,53.01
29,38.42,66.6,35.38,30.0,14.42,46.52,32.25,29.53,24.74,48.83,60.17,37.36,70.0,41.04,51.11,36.06,65.51,32.06,74.32,10.0,36.88,78.23,17.89,28.84,29.53,5.66,64.56,39.45,35.61,0.0,46.04,44.41,40.25,49.4,53.67,60.17,41.23,45.12,75.89,40.05,80.0,43.08,8.94,18.44,2.0,58.41,43.97,69.35,64.54,27.86,30.0,39.81,39.92,25.32,37.66,40.5,42.45
30,8.25,71.02,62.0,38.21,31.62,24.08,43.17,41.76,59.36,54.04,18.44,36.06,41.23,10.77,71.02,80.62,62.64,40.45,63.53,36.72,50.99,73.54,28.43,62.8,24.0,45.34,50.12,62.64,80.72,46.04,0.0,36.72,22.36,69.05,96.54,51.26,31.3,17.09,60.46,75.18,78.43,26.08,54.04,64.03,47.2,20.1,53.45,60.42,27.73,70.77,46.17,32.7,41.01,34.01,33.02,26.83,55.44
31,31.24,98.39,34.99,15.23,36.5,14.14,63.91,61.35,68.0,79.62,54.63,61.77,77.67,26.08,90.24,78.43,92.65,14.42,96.54,36.0,71.47,104.86,37.36,41.04,19.7,48.04,83.55,79.25,77.25,44.41,36.72,0.0,14.42,88.29,96.77,82.8,5.66,50.99,94.76,84.1,108.76,10.77,52.95,60.73,46.39,30.07,19.1,92.62,64.41,71.81,64.56,5.39,66.65,19.1,59.68,10.0,77.16
32,16.97,86.16,43.17,18.97,28.64,6.32,52.95,50.64,61.19,67.68,40.5,49.4,63.25,11.66,80.4,76.16,79.65,20.4,82.8,30.46,60.83,91.59,28.07,46.52,10.77,42.38,69.66,70.03,75.47,40.25,22.36,14.42,0.0,78.41,93.91,69.34,8.94,36.77,80.72,77.67,95.77,4.47,49.19,58.31,42.05,20.59,31.58,79.06,50.09,68.03,54.33,10.44,54.42,17.8,47.01,4.47,66.29
33,66.12,24.08,84.4,76.55,51.92,84.21,26.08,28.0,26.91,19.8,70.68,33.53,60.83,72.03,2.0,47.54,31.05,79.12,43.68,53.85,18.11,40.0,50.99,76.58,69.05,43.91,43.27,10.0,50.0,49.4,69.05,88.29,78.41,0.0,50.36,36.06,83.55,55.03,49.4,24.08,38.47,82.61,45.34,47.2,47.71,88.57,92.61,39.22,67.12,39.4,24.08,82.98,29.15,70.52,36.69,80.89,13.93
34,90.0,74.11,74.0,81.61,66.57,100.18,61.06,60.46,38.42,67.05,106.3,71.02,105.55,93.74,50.16,18.44,81.22,82.97,93.74,63.53,57.27,90.2,68.82,64.0,83.19,52.15,91.08,46.17,20.1,53.67,96.54,96.77,93.91,50.36,0.0,84.12,94.34,89.38,98.95,27.2,88.0,96.66,44.72,36.06,51.88,111.52,90.67,89.05,106.83,26.08,56.6,92.7,69.35,78.19,73.5,94.02,58.19
35,52.84,22.8,93.3,76.42,53.25,73.43,28.64,31.05,50.04,17.09,44.0,23.32,26.08,59.06,37.2,76.42,12.0,79.25,14.42,58.31,28.07,22.36,50.0,88.57,63.78,55.03,7.21,37.95,78.23,60.17,51.26,82.8,69.34,36.06,84.12,0.0,77.2,34.18,16.12,56.92,27.2,73.78,61.61,68.47,59.46,70.88,94.11,9.9,36.67,66.12,32.25,77.62,20.25,70.09,24.21,73.24,25.96
36,25.61,93.04,36.77,14.14,32.06,10.2,58.82,56.32,64.12,74.32,49.4,56.36,72.11,20.59,85.51,76.16,87.13,14.42,90.91,32.25,66.48,99.3,32.56,41.62,14.56,44.41,77.9,74.67,75.15,41.23,31.3,5.66,8.94,83.55,94.34,77.2,0.0,45.34,89.11,80.4,103.25,6.0,50.0,58.31,43.17,26.68,23.09,87.01,59.03,68.96,59.67,2.24,61.27,16.16,54.2,4.47,72.12
37,19.8,54.33,69.86,48.33,32.06,40.0,30.53,30.0,50.99,38.21,16.97,21.54,27.86,25.61,56.92,75.47,45.61,50.99,46.65,38.05,37.58,56.46,28.07,68.26,34.0,42.38,33.29,50.12,76.16,45.12,17.09,50.99,36.77,55.03,89.38,34.18,45.34,0.0,44.05,65.3,61.35,41.04,51.26,60.93,45.61,36.88,65.37,43.38,19.42,64.9,34.41,46.23,25.96,42.72,18.38,41.04,41.11
38,63.78,29.73,108.24,90.0,68.0,84.02,44.72,47.07,66.0,32.25,48.7,38.63,24.08,69.66,50.16,92.2,18.87,92.8,7.21,73.35,44.0,18.97,64.5,104.0,76.58,70.88,11.66,52.95,94.09,75.89,60.46,94.76,80.72,49.4,98.95,16.12,89.11,44.05,0.0,71.81,25.3,85.04,77.67,84.59,75.29,78.71,107.62,10.3,39.05,82.02,48.37,89.81,36.14,83.82,38.91,84.9,41.3
39,69.86,48.17,70.94,70.03,49.03,83.95,35.38,35.38,16.49,39.85,82.22,45.34,78.89,74.67,24.33,24.17,54.33,72.11,66.75,48.17,30.53,64.03,50.0,61.74,67.08,36.06,63.91,18.97,26.83,40.05,75.18,84.1,77.67,24.08,27.2,56.92,80.4,65.3,71.81,0.0,62.51,81.22,32.56,29.53,38.05,92.48,83.36,61.98,81.47,18.44,31.11,79.23,43.01,65.03,48.1,78.92,31.02
40,79.62,14.56,114.98,100.9,76.42,100.18,48.17,50.99,62.77,31.24,70.46,47.2,48.37,85.91,38.21,85.91,16.12,103.71,18.44,80.62,43.27,6.32,73.76,108.81,89.31,74.4,30.07,46.17,88.29,80.0,78.43,108.76,95.77,38.47,88.0,27.2,103.25,61.35,25.3,62.51,0.0,100.24,78.89,83.26,78.82,98.08,118.44,19.03,62.01,77.2,50.0,103.46,42.64,94.49,49.09,99.48,38.08
41,21.26,90.62,42.38,18.87,32.25,4.47,57.27,54.92,64.78,72.11,43.86,53.85,67.2,15.62,84.59,78.71,84.12,19.7,87.2,33.53,65.12,96.04,32.0,46.65,14.14,45.61,74.03,74.11,77.9,43.08,26.08,10.77,4.47,82.61,96.66,73.78,6.0,41.04,85.04,81.22,100.24,0.0,52.0,60.83,44.94,20.88,29.07,83.49,53.71,70.94,58.55,8.06,58.87,19.21,51.48,2.83,70.61
42,46.69,64.9,39.45,38.21,22.63,55.46,32.98,30.59,18.87,48.33,67.08,40.05,74.43,49.68,46.86,27.2,65.39,40.05,75.29,18.87,35.78,77.82,25.61,31.24,38.47,8.94,66.75,35.38,26.91,8.94,54.04,52.95,49.19,45.34,44.72,61.61,50.0,51.26,77.67,32.56,78.89,52.0,0.0,10.0,7.21,67.2,50.8,70.21,70.52,18.97,29.73,48.51,41.59,33.96,41.01,49.4,40.82
43,56.64,68.88,41.76,45.61,32.56,64.5,40.05,38.0,20.59,53.85,76.94,48.17,83.19,59.46,48.41,17.89,70.88,47.07,81.58,28.43,41.23,82.87,35.61,32.31,47.71,18.87,74.11,37.74,17.2,18.44,64.03,60.73,58.31,47.2,36.06,68.47,58.31,60.93,84.59,29.53,83.26,60.83,10.0,0.0,16.97,76.84,56.01,76.49,80.06,12.17,36.22,56.65,49.01,42.15,49.5,58.14,45.54
44,39.7,65.3,36.88,32.0,15.62,48.33,31.3,28.64,22.8,47.71,60.93,36.88,70.03,42.52,49.4,34.41,64.5,34.06,73.54,11.66,35.61,77.18,18.87,30.0,31.3,4.47,64.03,37.74,34.06,2.0,47.2,46.39,42.05,47.71,51.88,59.46,43.17,45.61,75.29,38.05,78.82,44.94,7.21,16.97,0.0,60.0,45.88,68.54,65.0,26.0,28.84,41.77,39.22,27.29,37.34,42.38,41.11
45,22.8,91.08,63.25,39.4,44.94,16.49,62.51,60.83,76.16,74.11,31.24,56.0,57.2,17.89,90.55,94.4,82.46,40.5,82.46,48.41,70.46,92.97,42.94,67.08,29.73,59.36,69.08,81.58,94.02,58.41,20.1,30.07,20.59,88.57,111.52,70.88,26.68,36.88,78.71,92.48,98.08,20.88,67.2,76.84,60.0,0.0,49.16,79.71,41.87,85.44,65.12,28.86,61.01,38.28,53.01,23.41,75.17
46,46.62,106.61,19.42,17.69,42.2,33.0,71.03,68.24,68.68,87.8,71.84,71.45,93.02,42.72,94.43,72.34,102.65,14.87,108.37,38.95,77.7,115.31,44.69,28.23,31.38,49.04,96.05,82.86,70.58,43.97,53.45,19.1,31.58,92.61,90.67,94.11,23.09,65.37,107.62,83.36,118.44,29.07,50.8,56.01,45.88,49.16,0.0,104.0,80.99,68.07,70.49,21.21,75.82,24.04,70.01,27.29,83.53
47,62.43,19.85,102.93,86.31,63.01,83.01,37.34,39.92,57.22,23.02,51.48,33.02,29.83,68.6,39.92,83.01,8.6,89.14,5.1,67.96,35.36,13.34,59.82,97.95,73.66,64.08,11.05,43.29,85.01,69.35,60.42,92.62,79.06,39.22,89.05,9.9,87.01,43.38,10.3,61.98,19.03,83.49,70.21,76.49,68.54,79.71,104.0,0.0,43.0,73.06,40.52,87.46,29.53,79.98,34.06,83.01,32.0
48,34.48,59.44,87.82,65.0,51.35,51.31,46.1,46.4,68.51,47.89,10.63,36.12,15.65,38.48,68.8,93.94,48.51,67.45,44.28,57.31,51.66,56.08,47.38,87.02,50.45,61.68,32.02,64.44,94.81,64.54,27.73,64.41,50.09,67.12,106.83,36.67,59.03,19.42,39.05,81.47,62.01,53.71,70.52,80.06,65.0,41.87,80.99,43.0,0.0,83.24,50.45,60.42,38.95,60.02,33.42,54.56,53.6
49,64.03,62.64,53.85,56.89,40.5,74.32,39.29,37.95,16.12,50.04,81.61,48.7,84.12,67.68,40.25,10.77,66.48,58.55,78.1,37.58,38.05,77.67,42.8,44.27,57.27,26.08,72.44,31.05,12.17,27.86,70.77,71.81,68.03,39.4,26.08,66.12,68.96,64.9,82.02,18.44,77.2,70.94,18.97,12.17,26.0,85.44,68.07,73.06,83.24,0.0,34.93,67.45,48.27,52.89,50.7,68.35,41.11
50,42.43,36.77,65.12,53.67,28.64,60.13,4.47,4.47,18.97,18.87,51.22,14.42,49.4,48.17,26.08,45.61,35.78,56.36,45.61,31.62,7.21,48.37,27.2,58.82,45.12,24.41,38.0,16.49,47.07,30.0,46.17,64.56,54.33,24.08,56.6,32.25,59.67,34.41,48.37,31.11,50.0,58.55,29.73,36.22,28.84,65.12,70.49,40.52,50.45,34.93,0.0,59.2,13.34,47.42,17.03,56.89,13.04
51,26.63,93.02,34.54,12.04,31.26,12.37,58.52,55.97,63.03,74.25,50.92,56.44,73.25,21.93,84.93,74.46,87.37,12.21,91.44,31.06,66.1,99.62,32.02,39.41,14.32,43.19,78.52,73.98,73.41,39.81,32.7,5.39,10.44,82.98,92.7,77.62,2.24,46.23,89.81,79.23,103.46,8.06,48.51,56.65,41.77,28.86,21.21,87.46,60.42,67.45,59.2,0.0,61.29,14.56,54.38,6.08,71.78
52,39.62,31.78,73.5,58.26,33.97,59.48,9.06,11.05,32.28,13.34,41.59,5.1,36.25,45.89,31.02,58.94,26.87,61.07,34.44,38.6,12.73,39.62,31.14,68.43,47.01,34.79,25.18,25.5,60.42,39.92,41.01,66.65,54.42,29.15,69.35,20.25,61.27,25.96,36.14,43.01,42.64,58.87,41.59,49.01,39.22,61.01,75.82,29.53,38.95,48.27,13.34,61.29,0.0,51.86,8.0,57.78,15.23
53,26.02,82.93,28.02,6.4,18.79,23.35,47.51,44.78,49.04,64.07,52.09,47.42,70.58,24.52,72.42,60.01,78.64,9.22,84.39,17.12,54.56,91.29,20.81,29.41,10.05,29.0,72.2,61.13,59.03,25.32,34.01,19.1,17.8,70.52,78.19,70.09,16.16,42.72,83.82,65.03,94.49,19.21,33.96,42.15,27.29,38.28,24.04,79.98,60.02,52.89,47.42,14.56,51.86,0.0,45.97,16.4,60.37
54,31.78,39.22,69.35,52.33,29.15,51.87,12.73,13.04,35.36,21.21,34.67,3.16,33.73,38.08,38.6,61.47,33.02,55.15,38.6,34.44,19.24,45.45,25.81,65.19,40.22,33.14,27.31,31.91,62.63,37.66,33.02,59.68,47.01,36.69,73.5,24.21,54.2,18.38,38.91,48.1,49.09,51.48,41.01,49.5,37.34,53.01,70.01,34.06,33.42,50.7,17.03,54.38,8.0,45.97,0.0,50.54,22.8
55,21.26,89.55,39.85,16.12,30.07,7.21,55.79,53.37,62.51,70.94,44.94,52.8,67.68,16.12,82.87,76.03,83.35,17.09,86.83,31.05,63.56,95.41,30.07,43.91,12.0,43.17,73.76,72.25,75.18,40.5,26.83,10.0,4.47,80.89,94.02,73.24,4.47,41.04,84.9,78.92,99.48,2.83,49.4,58.14,42.38,23.41,27.29,83.01,54.56,68.35,56.89,6.08,57.78,16.4,50.54,0.0,69.12
56,53.01,24.21,77.78,66.65,41.59,71.85,13.34,15.81,25.5,9.06,56.8,19.65,48.6,59.08,15.81,51.01,25.5,69.35,37.01,44.65,5.83,37.34,39.92,71.06,57.57,36.8,32.89,12.08,53.01,42.45,55.44,77.16,66.29,13.93,58.19,25.96,72.12,41.11,41.3,31.02,38.08,70.61,40.82,45.54,41.11,75.17,83.53,32.0,53.6,41.11,13.04,71.78,15.23,60.37,22.8,69.12,0.0
