set K:= 1	2	3	4	5	6	7;
set C_H:= 1	2	3	4	5	6	7	8	9	10	11	12	13	14	15	16	17	18	19	20	21	22	23	24	25	26	27	28	29;
set C_S:= 30	31	32	33	34	35	36	37	38	39	40	41	42	43;
set C_F:= 44	45	46	47;
set M:= 48	49;
set L_B:= 50	51	52	53	54	55	56;
set A1:=
(0,*) 1 2 3 4 5 6 7 8 9 10 11 12 13 14 15 16 17 18 19 20 21 22 23 24 25 26 27 28 29 44 45 46 47 48 49 50 51 52 53 54 55 56
(1,*) 0 2 3 4 5 6 7 8 9 10 11 12 13 14 15 16 17 18 19 20 21 22 23 24 25 26 27 28 29 44 45 46 47 48 49 50 51 52 53 54 55 56
(2,*) 0 1 3 4 5 6 7 8 9 10 11 12 13 14 15 16 17 18 19 20 21 22 23 24 25 26 27 28 29 44 45 46 47 48 49 50 51 52 53 54 55 56
(3,*) 0 1 2 4 5 6 7 8 9 10 11 12 13 14 15 16 17 18 19 20 21 22 23 24 25 26 27 28 29 44 45 46 47 48 49 50 51 52 53 54 55 56
(4,*) 0 1 2 3 5 6 7 8 9 10 11 12 13 14 15 16 17 18 19 20 21 22 23 24 25 26 27 28 29 44 45 46 47 48 49 50 51 52 53 54 55 56
(5,*) 0 1 2 3 4 6 7 8 9 10 11 12 13 14 15 16 17 18 19 20 21 22 23 24 25 26 27 28 29 44 45 46 47 48 49 50 51 52 53 54 55 56
(6,*) 0 1 2 3 4 5 7 8 9 10 11 12 13 14 15 16 17 18 19 20 21 22 23 24 25 26 27 28 29 44 45 46 47 48 49 50 51 52 53 54 55 56
(7,*) 0 1 2 3 4 5 6 8 9 10 11 12 13 14 15 16 17 18 19 20 21 22 23 24 25 26 27 28 29 44 45 46 47 48 49 50 51 52 53 54 55 56
(8,*) 0 1 2 3 4 5 6 7 9 10 11 12 13 14 15 16 17 18 19 20 21 22 23 24 25 26 27 28 29 44 45 46 47 48 49 50 51 52 53 54 55 56
(9,*) 0 1 2 3 4 5 6 7 8 10 11 12 13 14 15 16 17 18 19 20 21 22 23 24 25 26 27 28 29 44 45 46 47 48 49 50 51 52 53 54 55 56
(10,*) 0 1 2 3 4 5 6 7 8 9 11 12 13 14 15 16 17 18 19 20 21 22 23 24 25 26 27 28 29 44 45 46 47 48 49 50 51 52 53 54 55 56
(11,*) 0 1 2 3 4 5 6 7 8 9 10 12 13 14 15 16 17 18 19 20 21 22 23 24 25 26 27 28 29 44 45 46 47 48 49 50 51 52 53 54 55 56
(12,*) 0 1 2 3 4 5 6 7 8 9 10 11 13 14 15 16 17 18 19 20 21 22 23 24 25 26 27 28 29 44 45 46 47 48 49 50 51 52 53 54 55 56
(13,*) 0 1 2 3 4 5 6 7 8 9 10 11 12 14 15 16 17 18 19 20 21 22 23 24 25 26 27 28 29 44 45 46 47 48 49 50 51 52 53 54 55 56
(14,*) 0 1 2 3 4 5 6 7 8 9 10 11 12 13 15 16 17 18 19 20 21 22 23 24 25 26 27 28 29 44 45 46 47 48 49 50 51 52 53 54 55 56
(15,*) 0 1 2 3 4 5 6 7 8 9 10 11 12 13 14 16 17 18 19 20 21 22 23 24 25 26 27 28 29 44 45 46 47 48 49 50 51 52 53 54 55 56
(16,*) 0 1 2 3 4 5 6 7 8 9 10 11 12 13 14 15 17 18 19 20 21 22 23 24 25 26 27 28 29 44 45 46 47 48 49 50 51 52 53 54 55 56
(17,*) 0 1 2 3 4 5 6 7 8 9 10 11 12 13 14 15 16 18 19 20 21 22 23 24 25 26 27 28 29 44 45 46 47 48 49 50 51 52 53 54 55 56
(18,*) 0 1 2 3 4 5 6 7 8 9 10 11 12 13 14 15 16 17 19 20 21 22 23 24 25 26 27 28 29 44 45 46 47 48 49 50 51 52 53 54 55 56
(19,*) 0 1 2 3 4 5 6 7 8 9 10 11 12 13 14 15 16 17 18 20 21 22 23 24 25 26 27 28 29 44 45 46 47 48 49 50 51 52 53 54 55 56
(20,*) 0 1 2 3 4 5 6 7 8 9 10 11 12 13 14 15 16 17 18 19 21 22 23 24 25 26 27 28 29 44 45 46 47 48 49 50 51 52 53 54 55 56
(21,*) 0 1 2 3 4 5 6 7 8 9 10 11 12 13 14 15 16 17 18 19 20 22 23 24 25 26 27 28 29 44 45 46 47 48 49 50 51 52 53 54 55 56
(22,*) 0 1 2 3 4 5 6 7 8 9 10 11 12 13 14 15 16 17 18 19 20 21 23 24 25 26 27 28 29 44 45 46 47 48 49 50 51 52 53 54 55 56
(23,*) 0 1 2 3 4 5 6 7 8 9 10 11 12 13 14 15 16 17 18 19 20 21 22 24 25 26 27 28 29 44 45 46 47 48 49 50 51 52 53 54 55 56
(24,*) 0 1 2 3 4 5 6 7 8 9 10 11 12 13 14 15 16 17 18 19 20 21 22 23 25 26 27 28 29 44 45 46 47 48 49 50 51 52 53 54 55 56
(25,*) 0 1 2 3 4 5 6 7 8 9 10 11 12 13 14 15 16 17 18 19 20 21 22 23 24 26 27 28 29 44 45 46 47 48 49 50 51 52 53 54 55 56
(26,*) 0 1 2 3 4 5 6 7 8 9 10 11 12 13 14 15 16 17 18 19 20 21 22 23 24 25 27 28 29 44 45 46 47 48 49 50 51 52 53 54 55 56
(27,*) 0 1 2 3 4 5 6 7 8 9 10 11 12 13 14 15 16 17 18 19 20 21 22 23 24 25 26 28 29 44 45 46 47 48 49 50 51 52 53 54 55 56
(28,*) 0 1 2 3 4 5 6 7 8 9 10 11 12 13 14 15 16 17 18 19 20 21 22 23 24 25 26 27 29 44 45 46 47 48 49 50 51 52 53 54 55 56
(29,*) 0 1 2 3 4 5 6 7 8 9 10 11 12 13 14 15 16 17 18 19 20 21 22 23 24 25 26 27 28 44 45 46 47 48 49 50 51 52 53 54 55 56
(44,*) 0 1 2 3 4 5 6 7 8 9 10 11 12 13 14 15 16 17 18 19 20 21 22 23 24 25 26 27 28 29 45 46 47 48 49 50 51 52 53 54 55 56
(45,*) 0 1 2 3 4 5 6 7 8 9 10 11 12 13 14 15 16 17 18 19 20 21 22 23 24 25 26 27 28 29 44 46 47 48 49 50 51 52 53 54 55 56
(46,*) 0 1 2 3 4 5 6 7 8 9 10 11 12 13 14 15 16 17 18 19 20 21 22 23 24 25 26 27 28 29 44 45 47 48 49 50 51 52 53 54 55 56
(47,*) 0 1 2 3 4 5 6 7 8 9 10 11 12 13 14 15 16 17 18 19 20 21 22 23 24 25 26 27 28 29 44 45 46 48 49 50 51 52 53 54 55 56
(48,*) 0 1 2 3 4 5 6 7 8 9 10 11 12 13 14 15 16 17 18 19 20 21 22 23 24 25 26 27 28 29 44 45 46 47 49 50 51 52 53 54 55 56
(49,*) 0 1 2 3 4 5 6 7 8 9 10 11 12 13 14 15 16 17 18 19 20 21 22 23 24 25 26 27 28 29 44 45 46 47 48 50 51 52 53 54 55 56
(50,*) 0 1 2 3 4 5 6 7 8 9 10 11 12 13 14 15 16 17 18 19 20 21 22 23 24 25 26 27 28 29 44 45 46 47 48 49 51 52 53 54 55 56
(51,*) 0 1 2 3 4 5 6 7 8 9 10 11 12 13 14 15 16 17 18 19 20 21 22 23 24 25 26 27 28 29 44 45 46 47 48 49 50 52 53 54 55 56
(52,*) 0 1 2 3 4 5 6 7 8 9 10 11 12 13 14 15 16 17 18 19 20 21 22 23 24 25 26 27 28 29 44 45 46 47 48 49 50 51 53 54 55 56
(53,*) 0 1 2 3 4 5 6 7 8 9 10 11 12 13 14 15 16 17 18 19 20 21 22 23 24 25 26 27 28 29 44 45 46 47 48 49 50 51 52 54 55 56
(54,*) 0 1 2 3 4 5 6 7 8 9 10 11 12 13 14 15 16 17 18 19 20 21 22 23 24 25 26 27 28 29 44 45 46 47 48 49 50 51 52 53 55 56
(55,*) 0 1 2 3 4 5 6 7 8 9 10 11 12 13 14 15 16 17 18 19 20 21 22 23 24 25 26 27 28 29 44 45 46 47 48 49 50 51 52 53 54 56
(56,*) 0 1 2 3 4 5 6 7 8 9 10 11 12 13 14 15 16 17 18 19 20 21 22 23 24 25 26 27 28 29 44 45 46 47 48 49 50 51 52 53 54 55
;
set A2:=
(48,*) 49
(49,*) 48
;
param BigM:=99999;
param n:= 7;
param d:=
1	14
2	11
3	22
4	25
5	2
6	18
7	26
8	14
9	9
10	11
11	24
12	15
13	23
14	14
15	8
16	8
17	16
18	12
19	2
20	10
21	3
22	3
23	16
24	9
25	14
26	4
27	13
28	7
29	16
30	20
31	5
32	10
33	16
34	5
35	15
36	9
37	2
38	20
39	25
40	23
41	8
42	18
43	16
44	22
45	18
46	12
47	13
;
param Q:=100;
param w:=
[48,*] 49 1
[49,*] 48 1
;
param V:=
[48,*] 49 83
[49,*] 48 83
;
param f:=
48	100
49	100
50	100
51	100
52	100
53	100
54	100
55	100
56	100
;
param e:
	48	49	50	51	52	53	54	55	56:=
30	1	0	0	0	0	0	0	0	0	
31	0	1	0	0	1	0	0	1	0	
32	0	0	1	1	1	1	1	0	1	
33	0	1	0	0	1	0	1	1	0	
34	0	0	1	0	1	0	1	0	0	
35	0	1	1	1	1	1	1	1	1	
36	0	0	1	1	1	1	1	0	1	
37	0	0	0	1	0	0	0	0	0	
38	0	0	0	1	0	1	0	0	1	
39	0	0	1	0	1	1	1	0	1	
40	0	1	1	0	1	0	1	1	1	
41	0	1	0	0	1	0	1	1	0	
42	0	0	0	1	0	1	0	0	0	
43	1	0	1	0	1	1	1	0	1	
44	0	0	0	1	0	0	0	0	0	
45	0	1	0	1	0	1	0	1	1	
46	0	0	1	0	1	0	1	0	0	
47	0	0	1	0	1	0	1	0	1	
;
param p:=
1	1
2	1
3	1
4	1
5	1
6	1
7	1
;
param G:=
48	73
49	83
50	87
51	94
52	82
53	85
54	72
55	88
56	88
;
param s:=
0	0
1	15
2	15
3	15
4	15
5	15
6	15
7	15
8	15
9	15
10	15
11	15
12	15
13	15
14	15
15	15
16	15
17	15
18	15
19	15
20	15
21	15
22	15
23	15
24	15
25	15
26	15
27	15
28	15
29	15
44	15
45	15
46	15
47	15
48	10
49	10
50	10
51	10
52	10
53	10
54	10
55	10
56	10
;
param t:
	0	1	2	3	4	5	6	7	8	9	10	11	12	13	14	15	16	17	18	19	20	21	22	23	24	25	26	27	28	29	30	31	32	33	34	35	36	37	38	39	40	41	42	43	44	45	46	47	48	49	50	51	52	53	54	55	56:=
0	0.0	58.31	87.32	44.18	47.41	48.37	82.1	58.0	97.02	88.57	11.66	36.88	16.12	12.81	94.09	78.89	81.71	72.8	90.0	74.24	81.63	37.74	60.17	88.0	38.05	36.06	88.77	34.53	14.14	54.33	48.08	77.79	70.88	63.81	48.17	70.26	56.36	36.22	72.25	44.27	62.77	60.46	92.65	38.21	36.22	80.62	26.68	18.87	46.53	86.68	34.23	90.47	38.47	67.45	38.01	85.44	42.45
1	58.31	0.0	55.71	97.53	92.35	58.82	69.43	12.81	69.08	51.42	46.65	26.08	42.19	61.35	83.74	39.29	50.16	98.08	78.1	39.4	40.79	70.03	44.05	76.58	52.61	31.3	62.61	87.36	63.25	50.12	97.32	86.09	48.41	87.36	86.02	59.46	31.24	89.84	24.08	65.12	79.12	86.35	48.0	22.36	92.48	64.03	79.7	61.61	23.35	91.84	46.17	54.82	56.57	47.42	51.62	90.44	40.52
2	87.32	55.71	0.0	107.52	93.72	49.52	26.0	43.68	13.42	8.25	78.59	54.33	75.71	81.41	36.06	17.2	6.0	77.79	31.05	16.49	16.97	70.71	27.78	30.59	54.41	80.22	8.94	99.36	82.37	36.88	101.98	54.59	17.2	69.86	82.8	26.83	32.25	102.18	33.29	59.46	59.09	71.55	20.4	56.04	108.41	20.1	94.4	77.18	76.69	55.01	54.59	6.08	56.85	20.81	53.82	54.0	45.19
3	44.18	97.53	107.52	0.0	18.11	58.14	91.59	93.23	112.8	111.8	54.04	72.11	58.14	36.5	98.49	105.6	103.25	54.0	96.6	99.64	108.41	36.88	80.72	94.83	54.04	80.02	105.26	10.2	34.53	70.71	10.2	72.8	90.51	50.99	29.12	82.8	83.76	8.0	104.71	48.41	57.58	47.07	119.63	75.29	11.31	93.23	18.11	36.06	90.05	81.25	56.6	112.43	50.99	86.98	54.82	80.52	66.29
4	47.41	92.35	93.72	18.11	0.0	44.41	75.6	85.91	97.67	98.81	54.41	66.27	57.72	36.06	81.41	94.02	90.0	36.06	79.92	87.82	96.75	24.17	68.26	78.23	43.08	80.52	90.51	17.89	34.18	57.69	8.94	55.03	77.2	32.98	11.66	67.88	73.54	18.97	95.52	34.41	40.25	29.12	107.7	70.11	26.68	77.9	22.63	32.56	89.27	63.32	47.54	99.02	39.4	73.82	44.01	62.64	56.3
5	48.37	58.82	49.52	58.14	44.41	0.0	35.44	48.66	54.92	54.41	44.94	36.06	44.72	38.05	46.04	50.16	45.61	39.29	42.43	43.86	52.8	21.26	24.17	40.45	10.77	62.29	47.2	50.48	38.21	13.42	52.5	31.62	32.8	28.64	34.0	25.06	32.06	53.25	54.33	10.0	20.59	28.07	63.53	40.5	60.03	35.78	46.52	32.25	66.22	39.82	17.2	54.67	10.0	29.41	11.18	38.47	18.38
6	82.1	69.43	26.0	91.59	75.6	35.44	0.0	56.64	23.32	34.06	76.24	57.58	74.67	72.99	14.42	38.63	26.68	53.67	8.94	34.0	39.85	55.46	26.83	7.21	44.41	86.16	18.44	84.97	73.35	28.07	84.4	29.12	21.26	47.2	64.03	12.17	38.83	87.66	52.15	43.86	36.88	49.68	46.17	60.93	94.85	6.32	81.71	67.47	85.96	29.02	48.0	32.02	45.12	22.02	44.28	28.0	41.59
7	58.0	12.81	43.68	93.23	85.91	48.66	56.64	0.0	56.92	40.2	46.69	21.63	42.52	58.31	70.94	28.07	37.95	87.86	65.3	27.2	30.0	62.51	31.62	63.78	44.05	38.47	50.16	83.26	60.03	38.63	91.76	74.24	35.61	77.28	78.41	46.86	18.87	85.91	15.23	56.04	68.41	76.66	38.83	19.8	89.55	51.22	76.03	57.27	33.24	79.61	38.47	43.42	48.04	34.66	43.05	78.23	31.02
8	97.02	69.08	13.42	112.8	97.67	54.92	23.32	56.92	0.0	19.8	89.11	66.0	86.58	89.89	28.0	30.53	18.97	76.94	24.33	29.73	30.0	76.03	36.88	24.74	61.74	92.78	8.25	105.39	90.62	43.86	106.3	52.0	26.31	70.46	86.28	30.0	44.05	108.17	46.65	64.4	60.0	72.8	30.53	68.12	114.91	19.8	101.21	85.09	89.74	50.22	63.25	16.28	63.53	29.61	61.33	49.48	54.57
9	88.57	51.42	8.25	111.8	98.81	54.41	34.06	40.2	19.8	0.0	79.12	53.85	75.89	83.76	44.27	12.17	8.94	84.9	39.29	14.56	10.77	75.29	31.11	38.83	58.0	78.03	17.09	103.25	84.88	41.23	106.83	62.29	21.63	76.55	88.2	33.53	32.31	106.08	27.86	64.4	65.79	78.0	12.17	54.92	111.95	28.0	97.84	80.0	73.44	63.07	57.2	3.61	60.83	25.0	57.31	62.03	47.43
10	11.66	46.65	78.59	54.04	54.41	44.94	76.24	46.69	89.11	79.12	0.0	26.08	4.47	18.44	89.11	68.88	72.8	74.97	84.59	64.62	71.55	39.7	52.35	82.61	34.18	26.31	80.89	44.0	20.4	48.17	56.57	76.03	62.8	65.12	52.84	64.12	46.82	46.04	61.22	43.27	62.13	62.23	82.37	26.91	47.07	74.0	36.0	22.36	36.01	84.58	28.64	81.27	35.78	59.54	33.84	83.26	35.01
11	36.88	26.08	54.33	72.11	66.27	36.06	57.58	21.63	66.0	53.85	26.08	0.0	22.36	36.72	71.69	43.08	48.37	74.32	66.48	39.29	45.69	44.18	31.05	64.62	27.86	28.64	58.03	62.03	38.47	31.62	71.39	66.48	40.2	63.56	60.13	45.69	22.09	64.62	35.38	40.5	56.6	62.03	56.36	4.47	68.0	53.85	54.63	36.06	30.41	73.66	20.88	56.29	31.62	37.48	26.93	72.25	18.38
12	16.12	42.19	75.71	58.14	57.72	44.72	74.67	42.52	86.58	75.89	4.47	22.36	0.0	22.09	87.86	65.39	69.86	76.58	83.19	61.35	68.03	41.62	50.04	81.22	34.0	22.8	78.41	48.04	24.08	46.69	60.3	76.16	60.3	66.48	55.46	62.51	43.68	50.16	57.2	44.05	62.8	63.78	78.71	22.8	51.42	72.11	40.05	25.3	32.02	84.53	27.86	78.16	36.06	57.14	33.54	83.19	33.14
13	12.81	61.35	81.41	36.5	36.06	38.05	72.99	58.31	89.89	83.76	18.44	36.72	22.09	0.0	84.1	75.29	76.16	60.0	80.4	70.0	78.1	25.06	53.67	78.41	28.64	44.72	81.71	26.31	2.0	46.17	38.21	65.97	64.4	51.11	35.61	61.61	52.5	28.64	71.22	32.56	50.6	47.71	89.38	39.4	31.3	72.28	18.44	6.32	54.08	74.95	26.83	85.23	28.07	60.84	28.86	73.76	36.36
14	94.09	83.74	36.06	98.49	81.41	46.04	14.42	70.94	28.0	44.27	89.11	71.69	87.86	84.1	0.0	51.11	38.47	53.81	5.66	47.2	51.88	64.03	41.18	7.21	56.04	100.32	27.2	92.97	84.21	41.23	90.35	28.28	35.38	50.0	69.77	26.0	53.25	95.52	65.6	52.95	41.18	53.25	56.32	75.15	103.09	19.8	90.71	78.23	100.34	23.71	60.53	41.48	56.04	36.4	56.08	23.32	55.08
15	78.89	39.29	17.2	105.6	94.02	50.16	38.63	28.07	30.53	12.17	68.88	43.08	65.39	75.29	51.11	0.0	12.81	84.59	45.65	6.32	2.83	69.97	26.0	44.72	51.61	66.12	25.46	96.54	76.58	36.77	101.55	64.28	20.0	75.31	84.1	34.06	22.8	99.36	16.12	59.93	64.78	76.16	14.14	43.68	104.69	32.31	90.55	72.14	61.29	66.71	49.52	15.52	54.92	22.2	50.8	65.51	39.62
16	81.71	50.16	6.0	103.25	90.0	45.61	26.68	37.95	18.97	8.94	72.8	48.37	69.86	76.16	38.47	12.81	0.0	76.16	33.11	10.77	13.42	66.6	22.8	32.31	49.68	74.24	12.81	94.85	77.18	32.56	98.08	54.04	12.81	67.68	79.32	24.74	26.31	97.67	28.43	55.61	56.92	69.08	20.1	50.04	103.71	20.4	89.64	72.11	70.83	55.44	49.4	9.22	52.35	16.28	49.04	54.33	39.82
17	72.8	98.08	77.79	54.0	36.06	39.29	53.67	87.86	76.94	84.9	74.97	74.32	76.58	60.0	53.81	84.59	76.16	0.0	54.41	78.41	86.83	35.38	60.0	53.25	46.52	97.65	71.69	52.95	58.82	50.16	44.05	25.61	64.78	10.77	27.2	51.42	70.46	54.59	92.09	34.0	20.0	12.81	96.1	78.79	62.51	58.31	55.03	54.04	103.45	31.4	53.67	83.82	42.94	62.39	47.42	31.24	57.57
18	90.0	78.1	31.05	96.6	79.92	42.43	8.94	65.3	24.33	39.29	84.59	66.48	83.19	80.4	5.66	45.65	33.11	54.41	0.0	41.62	46.52	61.35	35.78	2.0	52.04	95.08	22.36	90.62	80.62	36.5	88.84	28.84	29.73	49.52	68.26	20.88	47.71	93.23	60.0	50.0	40.0	52.5	51.42	69.86	100.66	14.14	87.93	74.67	94.89	25.96	56.14	36.67	52.35	30.81	52.01	25.3	50.22
19	74.24	39.4	16.49	99.64	87.82	43.86	34.0	27.2	29.73	14.56	64.62	39.29	61.35	70.0	47.2	6.32	10.77	78.41	41.62	0.0	8.94	63.81	19.7	40.5	45.61	64.03	23.32	90.69	71.22	30.46	95.41	58.55	14.14	69.05	77.82	28.28	17.89	93.51	18.44	53.67	58.55	69.86	20.0	40.45	98.99	27.78	84.85	66.6	60.21	61.4	43.86	17.12	48.83	16.03	44.82	60.17	33.97
20	81.63	40.79	16.97	108.41	96.75	52.8	39.85	30.0	30.0	10.77	71.55	45.69	68.03	78.1	51.88	2.83	13.42	86.83	46.52	8.94	0.0	72.72	28.64	45.69	54.41	68.26	25.61	99.36	79.4	39.4	104.31	66.12	22.09	77.67	86.76	36.0	25.61	102.18	17.09	62.61	67.08	78.59	11.31	46.17	107.52	33.53	93.38	74.97	63.13	68.25	52.35	14.32	57.69	24.52	53.6	67.08	42.45
21	37.74	70.03	70.71	36.88	24.17	21.26	55.46	62.51	76.03	75.29	39.7	44.18	41.62	25.06	64.03	69.97	66.6	35.38	61.35	63.81	72.72	0.0	44.41	59.46	18.97	63.53	68.41	29.53	24.17	34.06	31.62	42.19	53.81	26.08	16.0	46.04	49.4	32.25	71.47	11.66	26.31	22.8	83.76	48.37	39.4	56.6	26.68	18.87	70.58	51.24	24.08	75.74	15.23	50.33	19.92	50.16	32.28
22	60.17	44.05	27.78	80.72	68.26	24.17	26.83	31.62	36.88	31.11	52.35	31.05	50.04	53.67	41.18	26.0	22.8	60.0	35.78	19.7	28.64	44.41	0.0	34.0	26.91	59.46	28.64	72.14	54.59	10.77	76.03	43.08	10.77	50.16	58.14	15.62	12.81	74.97	32.25	34.0	40.0	50.64	39.45	34.18	80.92	22.8	66.84	49.4	59.17	48.02	26.83	32.02	29.73	7.28	26.25	46.65	17.72
23	88.0	76.58	30.59	94.83	78.23	40.45	7.21	63.78	24.74	38.83	82.61	64.62	81.22	78.41	7.21	44.72	32.31	53.25	2.0	40.5	45.69	59.46	34.0	0.0	50.04	93.23	22.09	88.77	78.64	34.53	87.13	27.78	28.28	48.08	66.57	18.97	46.04	91.39	58.82	48.08	38.42	50.99	50.99	68.03	98.79	12.81	86.02	72.69	93.15	25.5	54.15	36.35	50.36	29.21	50.01	24.74	48.27
24	38.05	52.61	54.41	54.04	43.08	10.77	44.41	44.05	61.74	58.0	34.18	27.86	34.0	28.64	56.04	51.61	49.68	46.52	52.04	45.61	54.41	18.97	26.91	50.04	0.0	52.35	53.67	45.25	29.12	17.89	50.12	42.19	37.2	35.78	34.53	32.98	30.46	48.08	52.5	12.65	29.73	34.18	65.6	32.31	54.04	43.68	40.0	23.41	57.14	50.54	7.21	58.9	4.0	33.6	1.0	49.19	13.34
25	36.06	31.3	80.22	80.02	80.52	62.29	86.16	38.47	92.78	78.03	26.31	28.64	22.8	44.72	100.32	66.12	74.24	97.65	95.08	64.03	68.26	63.53	59.46	93.23	52.35	0.0	85.16	70.11	46.69	60.03	82.87	93.72	67.91	87.2	78.0	74.32	49.03	72.03	53.37	64.03	82.07	84.88	77.28	25.3	72.25	82.22	62.13	48.08	11.18	101.4	45.25	81.0	55.32	65.52	51.62	100.0	46.32
26	88.77	62.61	8.94	105.26	90.51	47.2	18.44	50.16	8.25	17.09	80.89	58.03	78.41	81.71	27.2	25.46	12.81	71.69	22.36	23.32	25.61	68.41	28.64	22.09	53.67	85.16	0.0	97.65	82.46	35.78	99.04	47.54	18.11	64.5	79.25	22.63	36.22	100.44	41.23	56.85	53.85	66.57	29.12	60.3	107.07	13.42	93.3	76.97	82.57	47.1	55.03	14.32	55.57	21.38	53.23	46.17	46.32
27	34.53	87.36	99.36	10.2	17.89	50.48	84.97	83.26	105.39	103.25	44.0	62.03	48.04	26.31	92.97	96.54	94.85	52.95	90.62	90.69	99.36	29.53	72.14	88.77	45.25	70.11	97.65	0.0	24.33	62.48	14.42	68.73	82.22	48.0	26.08	75.47	74.4	2.83	95.02	41.18	52.95	44.0	110.63	65.15	10.2	86.09	8.0	26.0	80.01	77.52	47.2	104.06	42.52	78.64	45.97	76.66	57.01
28	14.14	63.25	82.37	34.53	34.18	38.21	73.35	60.03	90.62	84.88	20.4	38.47	24.08	2.0	84.21	76.58	77.18	58.82	80.62	71.22	79.4	24.17	54.59	78.64	29.12	46.69	82.46	24.33	0.0	46.82	36.22	65.51	65.3	50.12	34.06	62.1	53.81	26.68	72.8	32.25	50.0	46.65	90.69	41.23	29.53	72.8	16.49	6.0	56.08	74.53	27.78	86.28	28.28	61.72	29.41	73.35	37.44
29	54.33	50.12	36.88	70.71	57.69	13.42	28.07	38.63	43.86	41.23	48.17	31.62	46.69	46.17	41.23	36.77	32.56	50.16	36.5	30.46	39.4	34.06	10.77	34.53	17.89	60.03	35.78	62.48	46.82	0.0	65.6	36.06	19.8	40.0	47.41	16.0	20.4	65.3	42.0	23.32	30.27	40.2	50.12	35.61	71.61	26.31	57.69	41.23	61.72	42.45	20.1	41.73	20.0	16.28	17.46	41.04	13.93
30	48.08	97.32	101.98	10.2	8.94	52.5	84.4	91.76	106.3	106.83	56.57	71.39	60.3	38.21	90.35	101.55	98.08	44.05	88.84	95.41	104.31	31.62	76.03	87.13	50.12	82.87	99.04	14.42	36.22	65.6	0.0	63.91	85.28	41.76	20.59	76.42	80.5	14.14	102.16	42.52	49.19	37.95	115.38	74.97	20.59	86.56	21.54	36.06	92.27	72.12	53.85	107.17	46.65	81.84	51.0	71.47	63.07
31	77.79	86.09	54.59	72.8	55.03	31.62	29.12	74.24	52.0	62.29	76.03	66.48	76.16	65.97	28.28	64.28	54.04	25.61	28.84	58.55	66.12	42.19	43.08	27.78	42.19	93.72	47.54	68.73	65.51	36.06	63.91	0.0	44.41	22.36	43.68	30.27	55.46	71.02	74.73	33.53	16.0	26.0	74.11	70.77	78.92	34.53	68.03	59.67	96.9	9.06	48.83	60.67	40.25	42.95	42.72	8.0	48.1
32	70.88	48.41	17.2	90.51	77.2	32.8	21.26	35.61	26.31	21.63	62.8	40.2	60.3	64.4	35.38	20.0	12.81	64.78	29.73	14.14	22.09	53.81	10.77	28.28	37.2	67.91	18.11	82.22	65.3	19.8	85.28	44.41	0.0	55.79	66.57	14.14	18.97	85.04	31.3	42.8	45.12	56.92	31.62	42.76	91.21	15.62	77.2	60.03	66.31	47.43	37.58	21.93	39.7	3.61	36.62	46.17	28.46
33	63.81	87.36	69.86	50.99	32.98	28.64	47.2	77.28	70.46	76.55	65.12	63.56	66.48	51.11	50.0	75.31	67.68	10.77	49.52	69.05	77.67	26.08	50.16	48.08	35.78	87.2	64.5	48.0	50.12	40.0	41.76	22.36	55.79	0.0	22.09	43.08	60.13	50.04	82.0	23.32	10.77	4.0	87.36	68.03	58.03	51.11	48.66	44.94	92.78	30.36	42.94	75.77	32.25	53.15	36.67	29.73	46.84
34	48.17	86.02	82.8	29.12	11.66	34.0	64.03	78.41	86.28	88.2	52.84	60.13	55.46	35.61	69.77	84.1	79.32	27.2	68.26	77.82	86.76	16.0	58.14	66.57	34.53	78.0	79.25	26.08	34.06	47.41	20.59	43.68	66.57	22.09	0.0	56.64	64.56	28.0	86.83	24.17	28.64	18.11	97.53	64.28	36.0	66.48	27.86	30.53	85.73	52.17	40.05	88.23	30.59	63.29	35.51	51.42	47.85
35	70.26	59.46	26.83	82.8	67.88	25.06	12.17	46.86	30.0	33.53	64.12	45.69	62.51	61.61	26.0	34.06	24.74	51.42	20.88	28.28	36.0	46.04	15.62	18.97	32.98	74.32	22.63	75.47	62.1	16.0	76.42	30.27	14.14	43.08	56.64	0.0	28.28	78.23	44.94	34.41	32.31	44.72	44.72	49.19	85.09	10.77	71.55	56.32	74.63	33.62	36.06	32.7	34.18	13.0	32.76	32.31	29.43
36	56.36	31.24	32.25	83.76	73.54	32.06	38.83	18.87	44.05	32.31	46.82	22.09	43.68	52.5	53.25	22.8	26.31	70.46	47.71	17.89	25.61	49.4	12.81	46.04	30.46	49.03	36.22	74.4	53.81	20.4	80.5	55.46	18.97	60.13	64.56	28.28	0.0	77.2	22.36	40.79	50.64	60.0	36.88	24.08	82.22	34.0	68.12	49.52	47.42	60.75	27.2	34.48	34.18	17.0	29.55	59.36	17.49
37	36.22	89.84	102.18	8.0	18.97	53.25	87.66	85.91	108.17	106.08	46.04	64.62	50.16	28.64	95.52	99.36	97.67	54.59	93.23	93.51	102.18	32.25	74.97	91.39	48.08	72.03	100.44	2.83	26.68	65.3	14.14	71.02	85.04	50.04	28.0	78.23	77.2	0.0	97.75	43.91	55.32	46.04	113.45	67.68	8.0	88.84	10.2	28.64	82.05	79.76	50.0	106.89	45.34	81.47	48.8	78.92	59.82
38	72.25	24.08	33.29	104.71	95.52	54.33	52.15	15.23	46.65	27.86	61.22	35.38	57.2	71.22	65.6	16.12	28.43	92.09	60.0	18.44	17.09	71.47	32.25	58.82	52.5	53.37	41.23	95.02	72.8	42.0	102.16	74.73	31.3	82.0	86.83	44.94	22.36	97.75	0.0	63.15	72.11	82.1	24.08	34.41	102.08	46.04	88.2	69.34	47.04	78.55	48.33	31.38	56.32	31.95	51.55	77.25	39.22
39	44.27	65.12	59.46	48.41	34.41	10.0	43.86	56.04	64.4	64.4	43.27	40.5	44.05	32.56	52.95	59.93	55.61	34.0	50.0	53.67	62.61	11.66	34.0	48.08	12.65	64.03	56.85	41.18	32.25	23.32	42.52	33.53	42.8	23.32	24.17	34.41	40.79	43.91	63.15	0.0	18.87	21.54	73.43	44.94	50.99	44.94	37.95	26.31	69.46	42.45	19.7	64.66	8.94	39.41	13.6	41.23	25.02
40	62.77	79.12	59.09	57.58	40.25	20.59	36.88	68.41	60.0	65.79	62.13	56.6	62.8	50.6	41.18	64.78	56.92	20.0	40.0	58.55	67.08	26.31	40.0	38.42	29.73	82.07	53.85	52.95	50.0	30.27	49.19	16.0	45.12	10.77	28.64	32.31	50.64	55.32	72.11	18.87	0.0	12.81	76.66	61.06	63.15	40.5	52.04	44.27	86.61	25.02	36.88	65.0	26.91	42.58	30.48	24.0	38.91
41	60.46	86.35	71.55	47.07	29.12	28.07	49.68	76.66	72.8	78.0	62.23	62.03	63.78	47.71	53.25	76.16	69.08	12.81	52.5	69.86	78.59	22.8	50.64	50.99	34.18	84.88	66.57	44.0	46.65	40.2	37.95	26.0	56.92	4.0	18.11	44.72	60.0	46.04	82.1	21.54	12.81	0.0	88.54	66.48	54.04	53.25	44.72	41.62	90.82	34.21	41.23	77.39	30.46	54.12	35.11	33.53	45.89
42	92.65	48.0	20.4	119.63	107.7	63.53	46.17	38.83	30.53	12.17	82.37	56.36	78.71	89.38	56.32	14.14	20.1	96.1	51.42	20.0	11.31	83.76	39.45	50.99	65.6	77.28	29.12	110.63	90.69	50.12	115.38	74.11	31.62	87.36	97.53	44.72	36.88	113.45	24.08	73.43	76.66	88.54	0.0	56.46	118.83	40.05	104.69	86.28	71.11	75.17	63.66	14.87	68.82	34.54	64.82	74.11	53.76
43	38.21	22.36	56.04	75.29	70.11	40.5	60.93	19.8	68.12	54.92	26.91	4.47	22.8	39.4	75.15	43.68	50.04	78.79	69.86	40.45	46.17	48.37	34.18	68.03	32.31	25.3	60.3	65.15	41.23	35.61	74.97	70.77	42.76	68.03	64.28	49.19	24.08	67.68	34.41	44.94	61.06	66.48	56.46	0.0	70.68	56.92	57.58	39.29	26.17	77.83	25.3	57.56	36.06	40.26	31.38	76.42	22.67
44	36.22	92.48	108.41	11.31	26.68	60.03	94.85	89.55	114.91	111.95	47.07	68.0	51.42	31.3	103.09	104.69	103.71	62.51	100.66	98.99	107.52	39.4	80.92	98.79	54.04	72.25	107.07	10.2	29.53	71.61	20.59	78.92	91.21	58.03	36.0	85.09	82.22	8.0	102.08	50.99	63.15	54.04	118.83	70.68	0.0	95.77	14.14	32.8	82.73	87.69	55.17	112.93	51.61	87.62	54.67	86.83	65.07
45	80.62	64.03	20.1	93.23	77.9	35.78	6.32	51.22	19.8	28.0	74.0	53.85	72.11	72.28	19.8	32.31	20.4	58.31	14.14	27.78	33.53	56.6	22.8	12.81	43.68	82.22	13.42	86.09	72.8	26.31	86.56	34.53	15.62	51.11	66.48	10.77	34.0	88.84	46.04	44.94	40.5	53.25	40.05	56.92	95.77	0.0	82.29	67.05	81.39	35.13	46.39	26.17	44.94	17.0	43.42	34.06	39.01
46	26.68	79.7	94.4	18.11	22.63	46.52	81.71	76.03	101.21	97.84	36.0	54.63	40.05	18.44	90.71	90.55	89.64	55.03	87.93	84.85	93.38	26.68	66.84	86.02	40.0	62.13	93.3	8.0	16.49	57.69	21.54	68.03	77.2	48.66	27.86	71.55	68.12	10.2	88.2	37.95	52.04	44.72	104.69	57.58	14.14	82.29	0.0	18.87	72.01	77.01	41.04	98.86	37.74	73.6	40.61	76.03	50.93
47	18.87	61.61	77.18	36.06	32.56	32.25	67.47	57.27	85.09	80.0	22.36	36.06	25.3	6.32	78.23	72.14	72.11	54.04	74.67	66.6	74.97	18.87	49.4	72.69	23.41	48.08	76.97	26.0	6.0	41.23	36.06	59.67	60.03	44.94	30.53	56.32	49.52	28.64	69.34	26.31	44.27	41.62	86.28	39.29	32.8	67.05	18.87	0.0	56.72	68.66	22.8	81.27	22.36	56.44	23.77	67.47	32.65
48	46.53	23.35	76.69	90.05	89.27	66.22	85.96	33.24	89.74	73.44	36.01	30.41	32.02	54.08	100.34	61.29	70.83	103.45	94.89	60.21	63.13	70.58	59.17	93.15	57.14	11.18	82.57	80.01	56.08	61.72	92.27	96.9	66.31	92.78	85.73	74.63	47.42	82.05	47.04	69.46	86.61	90.82	71.11	26.17	82.73	81.39	72.01	56.72	0.0	104.0	49.93	76.66	60.54	64.4	56.3	102.59	48.8
49	86.68	91.84	55.01	81.25	63.32	39.82	29.02	79.61	50.22	63.07	84.58	73.66	84.53	74.95	23.71	66.71	55.44	31.4	25.96	61.4	68.25	51.24	48.02	25.5	50.54	101.4	47.1	77.52	74.53	42.45	72.12	9.06	47.43	30.36	52.17	33.62	60.75	79.76	78.55	42.45	25.02	34.21	75.17	77.83	87.69	35.13	77.01	68.66	104.0	0.0	56.94	61.0	48.85	46.62	51.0	1.41	55.32
50	34.23	46.17	54.59	56.6	47.54	17.2	48.0	38.47	63.25	57.2	28.64	20.88	27.86	26.83	60.53	49.52	49.4	53.67	56.14	43.86	52.35	24.08	26.83	54.15	7.21	45.25	55.03	47.2	27.78	20.1	53.85	48.83	37.58	42.94	40.05	36.06	27.2	50.0	48.33	19.7	36.88	41.23	63.66	25.3	55.17	46.39	41.04	22.8	49.93	56.94	0.0	58.52	10.77	34.01	6.4	55.57	9.9
51	90.47	54.82	6.08	112.43	99.02	54.67	32.02	43.42	16.28	3.61	81.27	56.29	78.16	85.23	41.48	15.52	9.22	83.82	36.67	17.12	14.32	75.74	32.02	36.35	58.9	81.0	14.32	104.06	86.28	41.73	107.17	60.67	21.93	75.77	88.23	32.7	34.48	106.89	31.38	64.66	65.0	77.39	14.87	57.56	112.93	26.17	98.86	81.27	76.66	61.0	58.52	0.0	61.55	25.46	58.26	60.01	48.88
52	38.47	56.57	56.85	50.99	39.4	10.0	45.12	48.04	63.53	60.83	35.78	31.62	36.06	28.07	56.04	54.92	52.35	42.94	52.35	48.83	57.69	15.23	29.73	50.36	4.0	55.32	55.57	42.52	28.28	20.0	46.65	40.25	39.7	32.25	30.59	34.18	34.18	45.34	56.32	8.94	26.91	30.46	68.82	36.06	51.61	44.94	37.74	22.36	60.54	48.85	10.77	61.55	0.0	36.12	5.0	47.54	17.26
53	67.45	47.42	20.81	86.98	73.82	29.41	22.02	34.66	29.61	25.0	59.54	37.48	57.14	60.84	36.4	22.2	16.28	62.39	30.81	16.03	24.52	50.33	7.28	29.21	33.6	65.52	21.38	78.64	61.72	16.28	81.84	42.95	3.61	53.15	63.29	13.0	17.0	81.47	31.95	39.41	42.58	54.12	34.54	40.26	87.62	17.0	73.6	56.44	64.4	46.62	34.01	25.46	36.12	0.0	33.02	45.31	25.0
54	38.01	51.62	53.82	54.82	44.01	11.18	44.28	43.05	61.33	57.31	33.84	26.93	33.54	28.86	56.08	50.8	49.04	47.42	52.01	44.82	53.6	19.92	26.25	50.01	1.0	51.62	53.23	45.97	29.41	17.46	51.0	42.72	36.62	36.67	35.51	32.76	29.55	48.8	51.55	13.6	30.48	35.11	64.82	31.38	54.67	43.42	40.61	23.77	56.3	51.0	6.4	58.26	5.0	33.02	0.0	49.65	12.37
55	85.44	90.44	54.0	80.52	62.64	38.47	28.0	78.23	49.48	62.03	83.26	72.25	83.19	73.76	23.32	65.51	54.33	31.24	25.3	60.17	67.08	50.16	46.65	24.74	49.19	100.0	46.17	76.66	73.35	41.04	71.47	8.0	46.17	29.73	51.42	32.31	59.36	78.92	77.25	41.23	24.0	33.53	74.11	76.42	86.83	34.06	76.03	67.47	102.59	1.41	55.57	60.01	47.54	45.31	49.65	0.0	53.91
56	42.45	40.52	45.19	66.29	56.3	18.38	41.59	31.02	54.57	47.43	35.01	18.38	33.14	36.36	55.08	39.62	39.82	57.57	50.22	33.97	42.45	32.28	17.72	48.27	13.34	46.32	46.32	57.01	37.44	13.93	63.07	48.1	28.46	46.84	47.85	29.43	17.49	59.82	39.22	25.02	38.91	45.89	53.76	22.67	65.07	39.01	50.93	32.65	48.8	55.32	9.9	48.88	17.26	25.0	12.37	53.91	0.0
;
