set K:= 1	2	3	4	5	6	7;
set C_H:= 1	2	3	4	5	6	7	8	9	10	11	12	13	14	15	16	17	18	19	20	21	22	23	24	25	26	27	28;
set C_S:= 29	30	31	32	33	34	35	36	37	38	39	40	41;
set C_F:= 42	43	44	45;
set M:= 46	47;
set L_B:= 48	49	50	51	52	53	54;
set A1:=
(0,*) 1 2 3 4 5 6 7 8 9 10 11 12 13 14 15 16 17 18 19 20 21 22 23 24 25 26 27 28 42 43 44 45 46 47 48 49 50 51 52 53 54
(1,*) 0 2 3 4 5 6 7 8 9 10 11 12 13 14 15 16 17 18 19 20 21 22 23 24 25 26 27 28 42 43 44 45 46 47 48 49 50 51 52 53 54
(2,*) 0 1 3 4 5 6 7 8 9 10 11 12 13 14 15 16 17 18 19 20 21 22 23 24 25 26 27 28 42 43 44 45 46 47 48 49 50 51 52 53 54
(3,*) 0 1 2 4 5 6 7 8 9 10 11 12 13 14 15 16 17 18 19 20 21 22 23 24 25 26 27 28 42 43 44 45 46 47 48 49 50 51 52 53 54
(4,*) 0 1 2 3 5 6 7 8 9 10 11 12 13 14 15 16 17 18 19 20 21 22 23 24 25 26 27 28 42 43 44 45 46 47 48 49 50 51 52 53 54
(5,*) 0 1 2 3 4 6 7 8 9 10 11 12 13 14 15 16 17 18 19 20 21 22 23 24 25 26 27 28 42 43 44 45 46 47 48 49 50 51 52 53 54
(6,*) 0 1 2 3 4 5 7 8 9 10 11 12 13 14 15 16 17 18 19 20 21 22 23 24 25 26 27 28 42 43 44 45 46 47 48 49 50 51 52 53 54
(7,*) 0 1 2 3 4 5 6 8 9 10 11 12 13 14 15 16 17 18 19 20 21 22 23 24 25 26 27 28 42 43 44 45 46 47 48 49 50 51 52 53 54
(8,*) 0 1 2 3 4 5 6 7 9 10 11 12 13 14 15 16 17 18 19 20 21 22 23 24 25 26 27 28 42 43 44 45 46 47 48 49 50 51 52 53 54
(9,*) 0 1 2 3 4 5 6 7 8 10 11 12 13 14 15 16 17 18 19 20 21 22 23 24 25 26 27 28 42 43 44 45 46 47 48 49 50 51 52 53 54
(10,*) 0 1 2 3 4 5 6 7 8 9 11 12 13 14 15 16 17 18 19 20 21 22 23 24 25 26 27 28 42 43 44 45 46 47 48 49 50 51 52 53 54
(11,*) 0 1 2 3 4 5 6 7 8 9 10 12 13 14 15 16 17 18 19 20 21 22 23 24 25 26 27 28 42 43 44 45 46 47 48 49 50 51 52 53 54
(12,*) 0 1 2 3 4 5 6 7 8 9 10 11 13 14 15 16 17 18 19 20 21 22 23 24 25 26 27 28 42 43 44 45 46 47 48 49 50 51 52 53 54
(13,*) 0 1 2 3 4 5 6 7 8 9 10 11 12 14 15 16 17 18 19 20 21 22 23 24 25 26 27 28 42 43 44 45 46 47 48 49 50 51 52 53 54
(14,*) 0 1 2 3 4 5 6 7 8 9 10 11 12 13 15 16 17 18 19 20 21 22 23 24 25 26 27 28 42 43 44 45 46 47 48 49 50 51 52 53 54
(15,*) 0 1 2 3 4 5 6 7 8 9 10 11 12 13 14 16 17 18 19 20 21 22 23 24 25 26 27 28 42 43 44 45 46 47 48 49 50 51 52 53 54
(16,*) 0 1 2 3 4 5 6 7 8 9 10 11 12 13 14 15 17 18 19 20 21 22 23 24 25 26 27 28 42 43 44 45 46 47 48 49 50 51 52 53 54
(17,*) 0 1 2 3 4 5 6 7 8 9 10 11 12 13 14 15 16 18 19 20 21 22 23 24 25 26 27 28 42 43 44 45 46 47 48 49 50 51 52 53 54
(18,*) 0 1 2 3 4 5 6 7 8 9 10 11 12 13 14 15 16 17 19 20 21 22 23 24 25 26 27 28 42 43 44 45 46 47 48 49 50 51 52 53 54
(19,*) 0 1 2 3 4 5 6 7 8 9 10 11 12 13 14 15 16 17 18 20 21 22 23 24 25 26 27 28 42 43 44 45 46 47 48 49 50 51 52 53 54
(20,*) 0 1 2 3 4 5 6 7 8 9 10 11 12 13 14 15 16 17 18 19 21 22 23 24 25 26 27 28 42 43 44 45 46 47 48 49 50 51 52 53 54
(21,*) 0 1 2 3 4 5 6 7 8 9 10 11 12 13 14 15 16 17 18 19 20 22 23 24 25 26 27 28 42 43 44 45 46 47 48 49 50 51 52 53 54
(22,*) 0 1 2 3 4 5 6 7 8 9 10 11 12 13 14 15 16 17 18 19 20 21 23 24 25 26 27 28 42 43 44 45 46 47 48 49 50 51 52 53 54
(23,*) 0 1 2 3 4 5 6 7 8 9 10 11 12 13 14 15 16 17 18 19 20 21 22 24 25 26 27 28 42 43 44 45 46 47 48 49 50 51 52 53 54
(24,*) 0 1 2 3 4 5 6 7 8 9 10 11 12 13 14 15 16 17 18 19 20 21 22 23 25 26 27 28 42 43 44 45 46 47 48 49 50 51 52 53 54
(25,*) 0 1 2 3 4 5 6 7 8 9 10 11 12 13 14 15 16 17 18 19 20 21 22 23 24 26 27 28 42 43 44 45 46 47 48 49 50 51 52 53 54
(26,*) 0 1 2 3 4 5 6 7 8 9 10 11 12 13 14 15 16 17 18 19 20 21 22 23 24 25 27 28 42 43 44 45 46 47 48 49 50 51 52 53 54
(27,*) 0 1 2 3 4 5 6 7 8 9 10 11 12 13 14 15 16 17 18 19 20 21 22 23 24 25 26 28 42 43 44 45 46 47 48 49 50 51 52 53 54
(28,*) 0 1 2 3 4 5 6 7 8 9 10 11 12 13 14 15 16 17 18 19 20 21 22 23 24 25 26 27 42 43 44 45 46 47 48 49 50 51 52 53 54
(42,*) 0 1 2 3 4 5 6 7 8 9 10 11 12 13 14 15 16 17 18 19 20 21 22 23 24 25 26 27 28 43 44 45 46 47 48 49 50 51 52 53 54
(43,*) 0 1 2 3 4 5 6 7 8 9 10 11 12 13 14 15 16 17 18 19 20 21 22 23 24 25 26 27 28 42 44 45 46 47 48 49 50 51 52 53 54
(44,*) 0 1 2 3 4 5 6 7 8 9 10 11 12 13 14 15 16 17 18 19 20 21 22 23 24 25 26 27 28 42 43 45 46 47 48 49 50 51 52 53 54
(45,*) 0 1 2 3 4 5 6 7 8 9 10 11 12 13 14 15 16 17 18 19 20 21 22 23 24 25 26 27 28 42 43 44 46 47 48 49 50 51 52 53 54
(46,*) 0 1 2 3 4 5 6 7 8 9 10 11 12 13 14 15 16 17 18 19 20 21 22 23 24 25 26 27 28 42 43 44 45 47 48 49 50 51 52 53 54
(47,*) 0 1 2 3 4 5 6 7 8 9 10 11 12 13 14 15 16 17 18 19 20 21 22 23 24 25 26 27 28 42 43 44 45 46 48 49 50 51 52 53 54
(48,*) 0 1 2 3 4 5 6 7 8 9 10 11 12 13 14 15 16 17 18 19 20 21 22 23 24 25 26 27 28 42 43 44 45 46 47 49 50 51 52 53 54
(49,*) 0 1 2 3 4 5 6 7 8 9 10 11 12 13 14 15 16 17 18 19 20 21 22 23 24 25 26 27 28 42 43 44 45 46 47 48 50 51 52 53 54
(50,*) 0 1 2 3 4 5 6 7 8 9 10 11 12 13 14 15 16 17 18 19 20 21 22 23 24 25 26 27 28 42 43 44 45 46 47 48 49 51 52 53 54
(51,*) 0 1 2 3 4 5 6 7 8 9 10 11 12 13 14 15 16 17 18 19 20 21 22 23 24 25 26 27 28 42 43 44 45 46 47 48 49 50 52 53 54
(52,*) 0 1 2 3 4 5 6 7 8 9 10 11 12 13 14 15 16 17 18 19 20 21 22 23 24 25 26 27 28 42 43 44 45 46 47 48 49 50 51 53 54
(53,*) 0 1 2 3 4 5 6 7 8 9 10 11 12 13 14 15 16 17 18 19 20 21 22 23 24 25 26 27 28 42 43 44 45 46 47 48 49 50 51 52 54
(54,*) 0 1 2 3 4 5 6 7 8 9 10 11 12 13 14 15 16 17 18 19 20 21 22 23 24 25 26 27 28 42 43 44 45 46 47 48 49 50 51 52 53
;
set A2:=
(46,*) 47
(47,*) 46
;
param BigM:=99999;
param n:= 7;
param d:=
1	12
2	26
3	20
4	2
5	20
6	7
7	10
8	7
9	24
10	12
11	23
12	13
13	19
14	12
15	6
16	9
17	22
18	20
19	24
20	10
21	15
22	3
23	18
24	23
25	1
26	22
27	21
28	2
29	1
30	13
31	15
32	10
33	9
34	18
35	19
36	4
37	20
38	13
39	17
40	13
41	20
42	12
43	7
44	3
45	6
;
param Q:=100;
param w:=
[46,*] 47 1
[47,*] 46 1
;
param V:=
[46,*] 47 99
[47,*] 46 99
;
param f:=
46	100
47	100
48	100
49	100
50	100
51	100
52	100
53	100
54	100
;
param e:
	46	47	48	49	50	51	52	53	54:=
29	0	0	1	0	1	1	1	1	1	
30	1	0	0	1	0	1	0	1	0	
31	0	0	0	0	1	0	1	0	1	
32	1	0	0	1	0	1	0	1	0	
33	0	0	0	0	0	0	0	0	1	
34	0	0	0	1	0	1	0	1	0	
35	0	1	1	0	0	0	1	0	0	
36	0	0	1	0	0	1	1	0	0	
37	0	1	0	0	0	0	0	0	0	
38	0	1	0	0	0	0	0	0	0	
39	0	0	1	0	1	1	1	1	1	
40	0	1	0	0	0	0	0	0	0	
41	1	0	0	1	0	1	0	1	0	
42	1	0	1	1	1	1	1	1	1	
43	0	1	0	0	0	0	0	0	0	
44	0	0	1	0	1	1	1	1	1	
45	0	1	1	0	0	0	1	0	0	
;
param p:=
1	1
2	1
3	1
4	1
5	1
6	1
7	1
;
param G:=
46	99
47	73
48	76
49	79
50	96
51	79
52	95
53	71
54	70
;
param s:=
0	0
1	15
2	15
3	15
4	15
5	15
6	15
7	15
8	15
9	15
10	15
11	15
12	15
13	15
14	15
15	15
16	15
17	15
18	15
19	15
20	15
21	15
22	15
23	15
24	15
25	15
26	15
27	15
28	15
42	15
43	15
44	15
45	15
46	10
47	10
48	10
49	10
50	10
51	10
52	10
53	10
54	10
;
param t:
	0	1	2	3	4	5	6	7	8	9	10	11	12	13	14	15	16	17	18	19	20	21	22	23	24	25	26	27	28	29	30	31	32	33	34	35	36	37	38	39	40	41	42	43	44	45	46	47	48	49	50	51	52	53	54:=
0	0.0	70.88	54.04	30.59	24.08	46.69	40.05	8.25	38.21	53.67	16.97	52.95	66.12	26.08	34.53	52.84	46.65	39.7	73.59	25.61	63.56	32.98	48.04	69.86	54.59	16.12	58.86	73.54	22.8	38.42	20.59	56.64	31.24	90.0	6.32	68.12	19.8	63.78	66.03	38.21	79.62	21.26	28.84	75.18	21.26	52.8	46.62	62.43	41.01	37.2	51.87	16.12	35.13	31.26	47.51
1	70.88	0.0	101.86	89.31	64.4	64.9	35.61	71.02	38.42	48.33	86.16	18.87	24.08	66.27	36.77	22.8	48.33	65.3	71.39	93.04	11.66	92.09	29.73	48.17	95.27	78.71	31.62	73.76	91.08	66.6	91.08	68.88	98.39	74.11	77.2	24.0	54.33	29.73	22.8	60.96	14.56	90.62	68.12	16.12	62.13	28.64	106.61	19.85	34.21	102.96	85.8	78.71	40.22	88.23	60.21
2	54.04	101.86	0.0	24.33	40.25	39.45	66.84	62.0	64.03	58.31	43.17	83.74	84.4	80.1	69.97	93.3	97.53	36.88	56.14	36.77	100.0	22.8	72.14	70.94	10.0	38.0	74.4	54.04	63.25	35.38	46.82	41.76	34.99	74.0	52.15	86.02	69.86	108.24	107.7	41.04	114.98	42.38	34.99	112.8	43.86	96.6	19.42	102.93	68.25	31.24	19.65	38.0	63.01	23.09	44.42
3	30.59	89.31	24.33	0.0	25.06	38.21	53.85	38.21	51.11	54.33	18.97	70.46	76.55	56.57	53.81	76.42	76.16	32.0	63.25	14.14	85.04	2.83	60.83	70.03	27.78	14.56	67.05	62.03	39.4	30.0	23.32	45.61	15.23	81.61	28.0	78.43	48.33	90.0	90.69	34.23	100.9	18.87	22.8	97.67	27.2	78.41	17.69	86.31	55.23	16.0	29.83	14.56	49.09	2.24	42.01
4	24.08	64.4	40.25	25.06	0.0	22.63	28.84	31.62	26.08	32.56	28.64	45.61	51.92	46.17	30.0	53.25	58.55	15.62	49.68	32.06	60.83	27.78	35.78	49.03	36.88	18.11	42.76	49.52	44.94	14.42	34.93	32.56	36.5	66.57	27.2	53.85	32.06	68.0	67.68	14.42	76.42	32.25	6.0	73.59	4.0	56.36	42.2	63.01	30.23	39.85	31.02	18.11	24.21	23.85	23.85
5	46.69	64.9	39.45	38.21	22.63	0.0	32.98	54.04	30.59	18.87	49.19	48.33	45.34	67.08	40.05	61.61	74.43	7.21	27.2	50.0	65.39	40.05	35.78	32.56	31.24	38.47	35.38	26.91	67.2	8.94	55.46	10.0	52.95	44.72	49.68	46.86	51.26	77.67	75.29	8.94	78.89	52.0	18.87	77.82	25.61	66.75	50.8	70.21	34.21	54.15	21.21	38.47	31.14	36.12	5.0
6	40.05	35.61	66.84	53.85	28.84	32.98	0.0	43.17	2.83	23.41	52.95	16.97	26.08	47.2	10.0	28.64	44.94	31.3	50.0	58.82	33.29	56.6	8.0	35.38	61.06	44.27	19.7	51.42	62.51	32.25	58.55	40.05	63.91	61.06	46.0	28.07	30.53	44.72	42.38	26.83	48.17	57.27	32.56	46.04	26.83	34.06	71.03	37.34	1.41	68.03	52.33	44.27	5.1	52.7	29.27
7	8.25	71.02	62.0	38.21	31.62	54.04	43.17	0.0	41.76	59.36	22.36	54.04	69.05	18.44	36.06	51.26	41.23	47.2	80.62	31.3	62.64	40.45	50.99	75.18	62.8	24.0	62.64	80.72	20.1	46.04	24.08	64.03	36.72	96.54	10.77	71.02	17.09	60.46	63.53	45.34	78.43	26.08	36.72	73.54	28.43	50.12	53.45	60.42	43.93	42.94	60.08	24.0	38.6	39.05	54.45
8	38.21	38.42	64.03	51.11	26.08	30.59	2.83	41.76	0.0	22.36	50.64	19.8	28.0	46.86	10.77	31.05	46.17	28.64	48.7	56.32	36.06	53.85	10.2	35.38	58.31	41.76	20.88	50.0	60.83	29.53	56.32	38.0	61.35	60.46	44.05	30.0	30.0	47.07	44.94	24.17	50.99	54.92	29.73	48.83	24.17	36.22	68.24	39.92	4.24	65.39	49.66	41.76	3.16	49.93	27.07
9	53.67	48.33	58.31	54.33	32.56	18.87	23.41	59.36	22.36	0.0	61.19	34.23	26.91	67.94	33.11	50.04	68.35	22.8	26.68	64.12	50.99	56.57	22.0	16.49	50.0	50.64	17.2	28.28	76.16	24.74	67.47	20.59	68.0	38.42	58.31	28.28	50.99	66.0	62.29	20.1	62.77	64.78	32.0	62.64	33.53	56.32	68.68	57.22	24.04	70.26	39.82	50.64	24.7	52.47	13.89
10	16.97	86.16	43.17	18.97	28.64	49.19	52.95	22.36	50.64	61.19	0.0	67.68	78.41	40.5	49.4	69.34	63.25	42.05	76.16	8.94	79.65	20.4	60.83	77.67	46.52	10.77	70.03	75.47	20.59	40.25	6.32	58.31	14.42	93.91	11.66	80.4	36.77	80.72	82.8	42.38	95.77	4.47	30.46	91.59	28.07	69.66	31.58	79.06	54.13	20.59	47.01	10.77	47.85	20.62	51.62
11	52.95	18.87	83.74	70.46	45.61	48.33	16.97	54.04	19.8	34.23	67.68	0.0	19.8	52.5	18.44	17.09	41.04	47.71	60.03	74.32	17.09	73.24	12.65	39.85	77.67	59.93	20.88	62.0	74.11	48.83	72.8	53.85	79.62	67.05	59.23	21.26	38.21	32.25	28.07	43.27	31.24	72.11	49.52	29.53	43.27	24.17	87.8	23.02	15.56	84.12	68.6	59.93	21.4	69.4	44.01
12	66.12	24.08	84.4	76.55	51.92	45.34	26.08	69.05	28.0	26.91	78.41	19.8	0.0	70.68	33.53	36.06	60.83	47.71	47.54	83.55	31.05	79.12	18.11	24.08	76.58	69.05	10.0	50.0	88.57	49.4	84.21	47.2	88.29	50.36	72.03	2.0	55.03	49.4	43.68	43.91	38.47	82.61	53.85	40.0	50.99	43.27	92.61	39.22	25.18	91.76	66.53	69.05	31.02	75.03	40.36
13	26.08	66.27	80.1	56.57	46.17	67.08	47.2	18.44	46.86	67.94	40.5	52.5	70.68	0.0	37.74	44.0	26.08	60.93	92.09	49.4	56.0	58.86	53.85	82.22	80.22	42.19	66.57	92.65	31.24	60.17	41.18	76.94	54.63	106.3	29.12	72.5	16.97	48.7	53.37	58.14	70.46	43.86	51.92	64.78	42.38	40.45	71.84	51.48	47.43	60.93	76.49	42.19	43.93	57.31	66.37
14	34.53	36.77	69.97	53.81	30.0	40.05	10.0	36.06	10.77	33.11	49.4	18.44	33.53	37.74	0.0	23.32	35.44	36.88	59.46	56.36	31.24	56.64	16.12	45.34	65.39	42.19	28.84	60.73	56.0	37.36	54.41	48.17	61.77	71.02	40.79	35.44	21.54	38.63	37.74	32.56	47.2	53.85	34.99	43.86	26.91	27.2	71.45	33.02	9.9	66.57	57.57	42.19	9.06	53.04	37.05
15	52.84	22.8	93.3	76.42	53.25	61.61	28.64	51.26	31.05	50.04	69.34	17.09	36.06	44.0	23.32	0.0	26.08	59.46	76.42	77.2	12.0	79.25	28.07	56.92	88.57	63.78	37.95	78.23	70.88	60.17	73.43	68.47	82.8	84.12	59.06	37.2	34.18	16.12	14.42	55.03	27.2	73.78	58.31	22.36	50.0	7.21	94.11	9.9	27.46	88.09	80.41	63.78	31.02	75.82	57.87
16	46.65	48.33	97.53	76.16	58.55	74.43	44.94	41.23	46.17	68.35	63.25	41.04	60.83	26.08	35.44	26.08	0.0	70.03	94.87	72.11	36.77	78.79	48.37	78.89	95.35	61.74	60.46	96.17	57.2	70.0	65.3	83.19	77.67	105.55	51.61	62.23	27.86	24.08	30.07	66.12	48.37	67.2	64.5	42.19	54.59	19.7	93.02	29.83	44.38	83.76	89.27	61.74	44.38	76.32	72.01
17	39.7	65.3	36.88	32.0	15.62	7.21	31.3	47.2	28.64	22.8	42.05	47.71	47.71	60.93	36.88	59.46	70.03	0.0	34.41	43.17	64.5	34.06	35.61	38.05	30.0	31.3	37.74	34.06	60.0	2.0	48.33	16.97	46.39	51.88	42.52	49.4	45.61	75.29	73.54	4.47	78.82	44.94	11.66	77.18	18.87	64.03	45.88	68.54	32.65	48.0	21.02	31.3	28.46	30.02	10.05
18	73.59	71.39	56.14	63.25	49.68	27.2	50.0	80.62	48.7	26.68	76.16	60.03	47.54	92.09	59.46	76.42	94.87	34.41	0.0	76.16	76.11	64.56	48.37	24.17	46.17	65.51	40.2	2.83	94.4	36.06	82.37	17.89	78.43	18.44	76.84	48.08	75.47	92.2	88.0	35.38	85.91	78.71	46.04	86.83	52.35	82.87	72.34	83.01	50.7	78.59	37.01	65.51	50.7	61.03	26.17
19	25.61	93.04	36.77	14.14	32.06	50.0	58.82	31.3	56.32	64.12	8.94	74.32	83.55	49.4	56.36	77.2	72.11	43.17	76.16	0.0	87.13	14.42	66.48	80.4	41.62	14.56	74.67	75.15	26.68	41.23	10.2	58.31	5.66	94.34	20.59	85.51	45.34	89.11	90.91	44.41	103.25	6.0	32.25	99.3	32.56	77.9	23.09	87.01	60.08	11.66	43.93	14.56	53.76	16.28	53.15
20	63.56	11.66	100.0	85.04	60.83	65.39	33.29	62.64	36.06	50.99	79.65	17.09	31.05	56.0	31.24	12.0	36.77	64.5	76.11	87.13	0.0	87.86	29.73	54.33	94.34	73.24	36.0	78.23	82.46	65.51	84.1	70.88	92.65	81.22	69.86	31.62	45.61	18.87	12.65	60.03	16.12	84.12	65.3	12.81	58.0	17.09	102.65	8.6	31.91	97.65	85.48	73.24	37.01	84.22	61.1
21	32.98	92.09	22.8	2.83	27.78	40.05	56.6	40.45	53.85	56.57	20.4	73.24	79.12	58.86	56.64	79.25	78.79	34.06	64.56	14.42	87.86	0.0	63.53	72.11	27.2	17.09	69.57	63.25	40.5	32.06	24.17	47.07	14.42	82.97	30.07	80.99	50.99	92.8	93.51	36.5	103.71	19.7	25.3	100.5	30.0	81.22	14.87	89.14	57.98	14.14	30.23	17.09	51.87	4.12	44.01
22	48.04	29.73	72.14	60.83	35.78	35.78	8.0	50.99	10.2	22.0	60.83	12.65	18.11	53.85	16.12	28.07	48.37	35.61	48.37	66.48	29.73	63.53	0.0	30.53	65.6	51.92	12.81	50.16	70.46	36.88	66.48	41.23	71.47	57.27	54.0	20.1	37.58	44.0	40.45	31.24	43.27	65.12	38.83	42.05	34.18	34.53	77.7	35.36	7.07	75.39	56.3	51.92	13.04	59.54	31.38
23	69.86	48.17	70.94	70.03	49.03	32.56	35.38	75.18	35.38	16.49	77.67	39.85	24.08	82.22	45.34	56.92	78.89	38.05	24.17	80.4	54.33	72.11	30.53	0.0	61.74	67.08	18.97	26.83	92.48	40.05	83.95	29.53	84.1	27.2	74.67	24.33	65.3	71.81	66.75	36.06	62.51	81.22	48.17	64.03	50.0	63.91	83.36	61.98	35.47	86.02	51.48	67.08	38.29	68.07	28.16
24	54.59	95.27	10.0	27.78	36.88	31.24	61.06	62.8	58.31	50.0	46.52	77.67	76.58	80.22	65.39	88.57	95.35	30.0	46.17	41.62	94.34	27.2	65.6	61.74	0.0	39.29	66.6	44.05	67.08	28.84	51.11	32.31	41.04	64.0	53.85	78.1	68.26	104.0	102.86	34.41	108.81	46.65	31.05	107.07	40.79	92.48	28.23	97.95	62.43	38.42	10.3	39.29	57.71	25.94	36.24
25	16.12	78.71	38.0	14.56	18.11	38.47	44.27	24.0	41.76	50.64	10.77	59.93	69.05	42.19	42.19	63.78	61.74	31.3	65.51	14.56	73.24	17.09	51.92	67.08	39.29	0.0	60.3	64.9	29.73	29.53	17.09	47.71	19.7	83.19	14.56	71.02	34.0	76.58	77.79	31.62	89.31	14.14	19.7	85.6	18.11	65.12	31.38	73.66	45.54	24.41	38.08	0.0	39.22	15.13	40.85
26	58.86	31.62	74.4	67.05	42.76	35.38	19.7	62.64	20.88	17.2	70.03	20.88	10.0	66.57	28.84	37.95	60.46	37.74	40.2	74.67	36.0	69.57	12.81	18.97	66.6	60.3	0.0	42.43	81.58	39.45	76.0	37.74	79.25	46.17	64.5	11.66	50.12	52.95	48.17	34.0	46.17	74.11	44.27	46.69	42.19	44.94	82.86	43.29	19.24	82.46	56.59	60.3	24.04	65.46	30.41
27	73.54	73.76	54.04	62.03	49.52	26.91	51.42	80.72	50.0	28.28	75.47	62.0	50.0	92.65	60.73	78.23	96.17	34.06	2.83	75.15	78.23	63.25	50.16	26.83	44.05	64.9	42.43	0.0	94.02	35.61	81.63	17.2	77.25	20.1	76.58	50.6	76.16	94.09	90.02	35.38	88.29	77.9	45.61	89.11	52.35	84.59	70.58	85.01	52.17	77.2	35.13	64.9	51.87	59.81	26.4
28	22.8	91.08	63.25	39.4	44.94	67.2	62.51	20.1	60.83	76.16	20.59	74.11	88.57	31.24	56.0	70.88	57.2	60.0	94.4	26.68	82.46	40.5	70.46	92.48	67.08	29.73	81.58	94.02	0.0	58.41	16.49	76.84	30.07	111.52	17.89	90.55	36.88	78.71	82.46	59.36	98.08	20.88	48.41	92.97	42.94	69.08	49.16	79.71	63.39	36.0	67.42	29.73	57.71	41.15	68.8
29	38.42	66.6	35.38	30.0	14.42	8.94	32.25	46.04	29.53	24.74	40.25	48.83	49.4	60.17	37.36	60.17	70.0	2.0	36.06	41.23	65.51	32.06	36.88	40.05	28.84	29.53	39.45	35.61	58.41	0.0	46.52	18.44	44.41	53.67	41.04	51.11	45.12	75.89	74.32	5.66	80.0	43.08	10.0	78.23	17.89	64.56	43.97	69.35	33.62	46.0	20.25	29.53	29.15	28.02	12.04
30	20.59	91.08	46.82	23.32	34.93	55.46	58.55	24.08	56.32	67.47	6.32	72.8	84.21	41.18	54.41	73.43	65.3	48.33	82.37	10.2	84.1	24.17	66.48	83.95	51.11	17.09	76.0	81.63	16.49	46.52	0.0	64.5	14.14	100.18	14.42	86.21	40.0	84.02	86.53	48.7	100.18	4.47	36.77	95.77	34.23	73.24	33.0	83.01	59.68	20.4	52.4	17.09	53.46	25.24	57.94
31	56.64	68.88	41.76	45.61	32.56	10.0	40.05	64.03	38.0	20.59	58.31	53.85	47.2	76.94	48.17	68.47	83.19	16.97	17.89	58.31	70.88	47.07	41.23	29.53	32.31	47.71	37.74	17.2	76.84	18.44	64.5	0.0	60.73	36.06	59.46	48.41	60.93	84.59	81.58	18.87	83.26	60.83	28.43	82.87	35.61	74.11	56.01	76.49	41.11	61.19	22.14	47.71	39.12	43.42	11.18
32	31.24	98.39	34.99	15.23	36.5	52.95	63.91	36.72	61.35	68.0	14.42	79.62	88.29	54.63	61.77	82.8	77.67	46.39	78.43	5.66	92.65	14.42	71.47	84.1	41.04	19.7	79.25	77.25	30.07	44.41	14.14	60.73	0.0	96.77	26.08	90.24	50.99	94.76	96.54	48.04	108.76	10.77	36.0	104.86	37.36	83.55	19.1	92.62	65.19	6.32	44.65	19.7	58.87	17.46	56.44
33	90.0	74.11	74.0	81.61	66.57	44.72	61.06	96.54	60.46	38.42	93.91	67.05	50.36	106.3	71.02	84.12	105.55	51.88	18.44	94.34	81.22	82.97	57.27	27.2	64.0	83.19	46.17	20.1	111.52	53.67	100.18	36.06	96.77	0.0	93.74	50.16	89.38	98.95	93.74	52.15	88.0	96.66	63.53	90.2	68.82	91.08	90.67	89.05	61.4	97.02	55.23	83.19	63.01	79.4	42.72
34	6.32	77.2	52.15	28.0	27.2	49.68	46.0	10.77	44.05	58.31	11.66	59.23	72.03	29.12	40.79	59.06	51.61	42.52	76.84	20.59	69.86	30.07	54.0	74.67	53.85	14.56	64.5	76.58	17.89	41.04	14.42	59.46	26.08	93.74	0.0	74.03	25.61	69.66	72.11	41.62	85.91	15.62	31.11	81.41	25.06	58.82	42.72	68.6	47.01	32.25	52.33	14.56	41.01	29.07	51.04
35	68.12	24.0	86.02	78.43	53.85	46.86	28.07	71.02	30.0	28.28	80.4	21.26	2.0	72.5	35.44	37.2	62.23	49.4	48.08	85.51	31.62	80.99	20.1	24.33	78.1	71.02	11.66	50.6	90.55	51.11	86.21	48.41	90.24	50.16	74.03	0.0	56.92	50.16	44.27	45.65	38.21	84.59	55.71	40.05	52.95	44.41	94.43	39.92	27.17	93.68	68.01	71.02	33.02	76.9	41.87
36	19.8	54.33	69.86	48.33	32.06	51.26	30.53	17.09	30.0	50.99	36.77	38.21	55.03	16.97	21.54	34.18	27.86	45.61	75.47	45.34	45.61	50.99	37.58	65.3	68.26	34.0	50.12	76.16	36.88	45.12	40.0	60.93	50.99	89.38	25.61	56.92	0.0	44.05	46.65	42.38	61.35	41.04	38.05	56.46	28.07	33.29	65.37	43.38	30.89	56.85	63.07	34.0	27.02	48.47	50.09
37	63.78	29.73	108.24	90.0	68.0	77.67	44.72	60.46	47.07	66.0	80.72	32.25	49.4	48.7	38.63	16.12	24.08	75.29	92.2	89.11	18.87	92.8	44.0	71.81	104.0	76.58	52.95	94.09	78.71	75.89	84.02	84.59	94.76	98.95	69.66	50.16	44.05	0.0	7.21	70.88	25.3	85.04	73.35	18.97	64.5	11.66	107.62	10.3	43.57	100.42	96.14	76.58	46.84	89.63	73.98
38	66.03	22.8	107.7	90.69	67.68	75.29	42.38	63.53	44.94	62.29	82.8	28.07	43.68	53.37	37.74	14.42	30.07	73.54	88.0	90.91	12.65	93.51	40.45	66.75	102.86	77.79	48.17	90.02	82.46	74.32	86.53	81.58	96.54	93.74	72.11	44.27	46.65	7.21	0.0	69.08	18.44	87.2	72.72	12.17	64.4	13.42	108.37	5.1	41.11	101.98	94.54	77.79	45.19	90.14	71.31
39	38.21	60.96	41.04	34.23	14.42	8.94	26.83	45.34	24.17	20.1	42.38	43.27	43.91	58.14	32.56	55.03	66.12	4.47	35.38	44.41	60.03	36.5	31.24	36.06	34.41	31.62	34.0	35.38	59.36	5.66	48.7	18.87	48.04	52.15	41.62	45.65	42.38	70.88	69.08	0.0	74.4	45.61	12.17	72.72	16.97	59.67	49.04	64.08	28.18	50.16	25.5	31.62	24.04	32.39	9.43
40	79.62	14.56	114.98	100.9	76.42	78.89	48.17	78.43	50.99	62.77	95.77	31.24	38.47	70.46	47.2	27.2	48.37	78.82	85.91	103.25	16.12	103.71	43.27	62.51	108.81	89.31	46.17	88.29	98.08	80.0	100.18	83.26	108.76	88.0	85.91	38.21	61.35	25.3	18.44	74.4	0.0	100.24	80.62	6.32	73.76	30.07	118.44	19.03	46.75	113.72	99.57	89.31	52.33	100.0	74.3
41	21.26	90.62	42.38	18.87	32.25	52.0	57.27	26.08	54.92	64.78	4.47	72.11	82.61	43.86	53.85	73.78	67.2	44.94	78.71	6.0	84.12	19.7	65.12	81.22	46.65	14.14	74.11	77.9	20.88	43.08	4.47	60.83	10.77	96.66	15.62	84.59	41.04	85.04	87.2	45.61	100.24	0.0	33.53	96.04	32.0	74.03	29.07	83.49	58.46	17.09	48.1	14.14	52.17	20.81	54.71
42	28.84	68.12	34.99	22.8	6.0	18.87	32.56	36.72	29.73	32.0	30.46	49.52	53.85	51.92	34.99	58.31	64.5	11.66	46.04	32.25	65.3	25.3	38.83	48.17	31.05	19.7	44.27	45.61	48.41	10.0	36.77	28.43	36.0	63.53	31.11	55.71	38.05	73.35	72.72	12.17	80.62	33.53	0.0	78.1	10.0	61.74	38.95	67.96	33.97	38.47	25.02	19.7	28.32	21.19	21.19
43	75.18	16.12	112.8	97.67	73.59	77.82	46.04	73.54	48.83	62.64	91.59	29.53	40.0	64.78	43.86	22.36	42.19	77.18	86.83	99.3	12.81	100.5	42.05	64.03	107.07	85.6	46.69	89.11	92.97	78.23	95.77	82.87	104.86	90.2	81.41	40.05	56.46	18.97	12.17	72.72	6.32	96.04	78.1	0.0	70.71	24.33	115.31	13.34	44.65	110.0	98.11	85.6	49.82	96.9	73.41
44	21.26	62.13	43.86	27.2	4.0	25.61	26.83	28.43	24.17	33.53	28.07	43.27	50.99	42.38	26.91	50.0	54.59	18.87	52.35	32.56	58.0	30.0	34.18	50.0	40.79	18.11	42.19	52.35	42.94	17.89	34.23	35.61	37.36	68.82	25.06	52.95	28.07	64.5	64.4	16.97	73.76	32.0	10.0	70.71	0.0	52.84	44.69	59.82	28.18	41.23	35.01	18.11	21.95	26.25	26.25
45	52.8	28.64	96.6	78.41	56.36	66.75	34.06	50.12	36.22	56.32	69.66	24.17	43.27	40.45	27.2	7.21	19.7	64.03	82.87	77.9	17.09	81.22	34.53	63.91	92.48	65.12	44.94	84.59	69.08	64.56	73.24	74.11	83.55	91.08	58.82	44.41	33.29	11.66	13.42	59.67	30.07	74.03	61.74	24.33	52.84	0.0	96.05	11.05	33.02	89.11	84.77	65.12	35.69	78.01	63.29
46	46.62	106.61	19.42	17.69	42.2	50.8	71.03	53.45	68.24	68.68	31.58	87.8	92.61	71.84	71.45	94.11	93.02	45.88	72.34	23.09	102.65	14.87	77.7	83.36	28.23	31.38	82.86	70.58	49.16	43.97	33.0	56.01	19.1	90.67	42.72	94.43	65.37	107.62	108.37	49.04	118.44	29.07	38.95	115.31	44.69	96.05	0.0	104.0	72.42	13.6	35.51	31.38	66.4	18.44	55.32
47	62.43	19.85	102.93	86.31	63.01	70.21	37.34	60.42	39.92	57.22	79.06	23.02	39.22	51.48	33.02	9.9	29.83	68.54	83.01	87.01	8.6	89.14	35.36	61.98	97.95	73.66	43.29	85.01	79.71	69.35	83.01	76.49	92.62	89.05	68.6	39.92	43.38	10.3	5.1	64.08	19.03	83.49	67.96	13.34	59.82	11.05	104.0	0.0	36.06	97.95	89.55	73.66	40.25	85.7	66.22
48	41.01	34.21	68.25	55.23	30.23	34.21	1.41	43.93	4.24	24.04	54.13	15.56	25.18	47.43	9.9	27.46	44.38	32.65	50.7	60.08	31.91	57.98	7.07	35.47	62.43	45.54	19.24	52.17	63.39	33.62	59.68	41.11	65.19	61.4	47.01	27.17	30.89	43.57	41.11	28.18	46.75	58.46	33.97	44.65	28.18	33.02	72.42	36.06	0.0	69.35	53.67	45.54	6.32	54.08	30.41
49	37.2	102.96	31.24	16.0	39.85	54.15	68.03	42.94	65.39	70.26	20.59	84.12	91.76	60.93	66.57	88.09	83.76	48.0	78.59	11.66	97.65	14.14	75.39	86.02	38.42	24.41	82.46	77.2	36.0	46.0	20.4	61.19	6.32	97.02	32.25	93.68	56.85	100.42	101.98	50.16	113.72	17.09	38.47	110.0	41.23	89.11	13.6	97.95	69.35	0.0	43.38	24.41	63.07	18.03	58.01
50	51.87	85.8	19.65	29.83	31.02	21.21	52.33	60.08	49.66	39.82	47.01	68.6	66.53	76.49	57.57	80.41	89.27	21.02	37.01	43.93	85.48	30.23	56.3	51.48	10.3	38.08	56.59	35.13	67.42	20.25	52.4	22.14	44.65	55.23	52.33	68.01	63.07	96.14	94.54	25.5	99.57	48.1	25.02	98.11	35.01	84.77	35.51	89.55	53.67	43.38	0.0	38.08	49.4	27.66	26.17
51	16.12	78.71	38.0	14.56	18.11	38.47	44.27	24.0	41.76	50.64	10.77	59.93	69.05	42.19	42.19	63.78	61.74	31.3	65.51	14.56	73.24	17.09	51.92	67.08	39.29	0.0	60.3	64.9	29.73	29.53	17.09	47.71	19.7	83.19	14.56	71.02	34.0	76.58	77.79	31.62	89.31	14.14	19.7	85.6	18.11	65.12	31.38	73.66	45.54	24.41	38.08	0.0	39.22	15.13	40.85
52	35.13	40.22	63.01	49.09	24.21	31.14	5.1	38.6	3.16	24.7	47.85	21.4	31.02	43.93	9.06	31.02	44.38	28.46	50.7	53.76	37.01	51.87	13.04	38.29	57.71	39.22	24.04	51.87	57.71	29.15	53.46	39.12	58.87	63.01	41.01	33.02	27.02	46.84	45.19	24.04	52.33	52.17	28.32	49.82	21.95	35.69	66.4	40.25	6.32	63.07	49.4	39.22	0.0	48.01	28.02
53	31.26	88.23	23.09	2.24	23.85	36.12	52.7	39.05	49.93	52.47	20.62	69.4	75.03	57.31	53.04	75.82	76.32	30.02	61.03	16.28	84.22	4.12	59.54	68.07	25.94	15.13	65.46	59.81	41.15	28.02	25.24	43.42	17.46	79.4	29.07	76.9	48.47	89.63	90.14	32.39	100.0	20.81	21.19	96.9	26.25	78.01	18.44	85.7	54.08	18.03	27.66	15.13	48.01	0.0	40.0
54	47.51	60.21	44.42	42.01	23.85	5.0	29.27	54.45	27.07	13.89	51.62	44.01	40.36	66.37	37.05	57.87	72.01	10.05	26.17	53.15	61.1	44.01	31.38	28.16	36.24	40.85	30.41	26.4	68.8	12.04	57.94	11.18	56.44	42.72	51.04	41.87	50.09	73.98	71.31	9.43	74.3	54.71	21.19	73.41	26.25	63.29	55.32	66.22	30.41	58.01	26.17	40.85	28.02	40.0	0.0
;
