vehicles
vehicle_idx, capacity, cost_per_unit_distance
1,100,3
2,100,3
3,100,3
4,100,3
5,100,3
6,100,3
depot
node_idx,x,y
0,31,73
home delivery customers
node_idx,x,y,service_time,demand
1,11,67,10,19
2,81,29,10,12
3,48,50,10,8
4,49,68,10,2
5,85,29,10,8
6,11,16,10,5
7,74,98,10,7
8,66,80,10,17
9,32,23,10,21
10,64,30,10,24
11,87,5,10,10
12,40,72,10,6
13,15,33,10,13
14,32,94,10,17
15,95,94,10,8
16,9,11,10,23
self pickup customers
node_idx,x,y,service_time,demand,locker_idxs
17,52,96,10,2,51-45
18,97,62,10,20,52-45
19,71,5,10,6,49-47
20,56,37,10,22,52-46
21,96,55,10,23,52-54-50-47
22,6,13,10,2,53-46
23,75,61,10,20,54-45
24,27,49,10,6,51-46
25,46,53,10,21,53-45
26,1,100,10,16,54-48
27,53,46,10,8,49-52-46
28,2,35,10,22,51-46
29,96,16,10,5,50-47
30,6,59,10,12,49-51-53-48
flexible customers
node_idx,x,y,service_time,demand,locker_idxs
31,6,56,10,17,51-53-49-48
32,91,17,10,14,50-47
33,13,81,10,14,51-48
34,36,17,10,15,54-46
35,1,44,10,21,51-53-46
36,60,95,10,10,52-45
37,28,43,10,24,51-53-49-46
38,3,9,10,11,53-46
39,98,8,10,11,52-47
40,6,25,10,11,49-46
41,7,81,10,22,51-48
42,96,88,10,17,51-45
43,90,68,10,3,54-52-45
44,33,31,10,18,49-53-46
lockers
node_idx,x,y,service_time,capacity,cost_per_unit_good
45,65,88,10,82
46,25,15,10,95
47,93,12,10,97
48,22,88,10,96
49,29,54,10,75
50,97,39,10,97
51,13,59,10,100
52,73,58,10,94
53,24,55,10,70
54,85,50,10,96
mrt lines
start_node_idx,end_node_idx,freight_capacity,cost_per_unit_good
45,46,95,0.5
46,45,95,0.5
47,48,97,0.5
48,47,97,0.5
distance matrix
,0,1,2,3,4,5,6,7,8,9,10,11,12,13,14,15,16,17,18,19,20,21,22,23,24,25,26,27,28,29,30,31,32,33,34,35,36,37,38,39,40,41,42,43,44,45,46,47,48,49,50,51,52,53,54,
0,0.0,20.88,66.6,28.6,18.68,69.66,60.41,49.74,35.69,50.01,54.2,88.09,9.06,43.08,21.02,67.36,65.79,31.14,66.91,78.89,43.83,67.45,65.0,45.61,24.33,25.0,40.36,34.83,47.8,86.45,28.65,30.23,82.07,19.7,56.22,41.73,36.4,30.15,69.86,93.35,54.12,25.3,66.71,59.21,42.05,37.16,58.31,86.98,17.49,19.1,74.24,22.8,44.6,19.31,58.69
1,20.88,0.0,79.65,40.72,38.01,83.19,51.0,70.21,56.52,48.75,64.64,98.08,29.43,34.23,34.21,88.23,56.04,50.22,86.15,86.28,54.08,85.84,54.23,64.28,24.08,37.7,34.48,46.96,33.24,99.13,9.43,12.08,94.34,14.14,55.9,25.08,56.44,29.41,58.55,105.12,42.3,14.56,87.56,79.01,42.19,57.94,53.85,98.74,23.71,22.2,90.44,8.25,62.65,17.69,75.93
2,66.6,79.65,0.0,39.12,50.45,4.0,71.2,69.35,53.16,49.37,17.03,24.74,59.41,66.12,81.4,66.49,74.22,73.01,36.67,26.0,26.25,30.02,76.69,32.56,57.58,42.44,106.96,32.76,79.23,19.85,80.78,79.71,15.62,85.6,46.57,81.39,69.26,54.82,80.52,27.02,75.11,90.44,60.88,40.02,48.04,61.13,57.72,20.81,83.44,57.7,18.87,74.32,30.08,62.65,21.38
3,28.6,40.72,39.12,0.0,18.03,42.54,50.25,54.59,34.99,31.38,25.61,59.55,23.41,37.12,46.82,64.38,55.15,46.17,50.45,50.54,15.26,48.26,55.97,29.15,21.02,3.61,68.62,6.4,48.38,58.82,42.95,42.43,54.2,46.75,35.11,47.38,46.57,21.19,60.88,65.3,48.88,51.4,61.22,45.69,24.21,41.63,41.88,58.9,46.04,19.42,50.22,36.14,26.25,24.52,37.0
4,18.68,38.01,50.45,18.03,0.0,53.08,64.4,39.05,20.81,48.1,40.85,73.57,9.85,48.8,31.06,52.84,69.63,28.16,48.37,66.73,31.78,48.76,69.81,26.93,29.07,15.3,57.69,22.36,57.43,70.09,43.93,44.64,66.07,38.28,52.63,53.67,29.15,32.65,74.81,77.47,60.81,43.97,51.08,41.0,40.31,25.61,58.18,71.22,33.6,24.41,56.08,37.11,26.0,28.18,40.25
5,69.66,83.19,4.0,42.54,53.08,0.0,75.13,69.87,54.42,53.34,21.02,24.08,62.24,70.11,83.87,65.76,78.1,74.69,35.11,27.78,30.08,28.23,80.6,33.53,61.35,45.79,109.99,36.24,83.22,17.03,84.5,83.49,13.42,88.81,50.45,85.33,70.58,58.69,84.4,24.7,79.1,93.74,60.02,39.32,52.04,62.3,61.61,18.79,86.31,61.33,15.62,78.0,31.38,66.31,21.0
6,60.41,51.0,71.2,50.25,64.4,75.13,0.0,103.41,84.39,22.14,54.82,76.79,63.06,17.46,80.78,114.63,5.39,89.89,97.53,61.0,49.66,93.52,5.83,78.24,36.67,50.93,84.59,51.61,21.02,85.0,43.29,40.31,80.01,65.03,25.02,29.73,92.96,31.91,10.63,87.37,10.3,65.12,111.4,94.58,26.63,90.0,14.04,82.1,72.84,42.05,89.02,43.05,74.89,41.11,81.44
7,49.74,70.21,69.35,54.59,39.05,69.87,103.41,0.0,19.7,85.96,68.73,93.9,42.8,87.78,42.19,21.38,108.6,22.09,42.72,93.05,63.6,48.3,108.85,37.01,67.9,53.0,73.03,56.08,95.67,84.9,78.39,79.92,82.76,63.32,89.47,90.8,14.32,71.7,113.85,93.15,99.76,69.12,24.17,34.0,78.55,13.45,96.38,88.07,52.95,62.94,63.32,72.4,40.01,65.95,49.24
8,35.69,56.52,53.16,34.99,20.81,54.42,84.39,19.7,0.0,66.37,50.04,77.88,27.2,69.35,36.77,32.2,89.5,21.26,35.85,75.17,44.15,39.05,89.94,21.02,49.82,33.6,68.01,36.4,78.24,70.68,63.57,64.62,67.78,53.01,69.78,74.3,16.16,53.04,94.92,78.79,81.39,59.01,31.05,26.83,59.08,8.06,76.85,73.16,44.72,45.22,51.4,57.01,23.09,48.88,35.51
9,50.01,48.75,49.37,31.38,48.1,53.34,22.14,85.96,66.37,0.0,32.76,57.87,49.65,19.72,71.0,94.92,25.94,75.69,75.8,42.95,27.78,71.55,27.86,57.38,26.48,33.11,83.01,31.14,32.31,64.38,44.41,42.01,59.3,61.03,7.21,37.44,77.25,20.4,32.2,67.68,26.08,63.16,91.22,73.41,8.06,72.9,10.63,61.98,65.76,31.14,66.94,40.71,53.91,32.98,59.48
10,54.2,64.64,17.03,25.61,40.85,21.02,54.82,68.73,50.04,32.76,0.0,33.97,48.37,49.09,71.55,71.11,58.19,67.08,45.97,25.96,10.63,40.61,60.44,32.89,41.59,29.21,94.18,19.42,62.2,34.93,64.85,63.56,29.97,72.12,30.87,64.54,65.12,38.28,64.51,40.5,58.22,76.49,66.24,46.04,31.02,58.01,41.79,34.13,71.61,42.44,34.21,58.67,29.41,47.17,29.0
11,88.09,98.08,24.74,59.55,73.57,24.08,76.79,93.9,77.88,57.87,33.97,0.0,81.84,77.25,104.62,89.36,78.23,97.5,57.87,16.0,44.55,50.8,81.39,57.27,74.4,63.13,128.14,53.26,90.14,14.21,97.35,95.72,12.65,106.08,52.39,94.43,93.96,70.18,84.1,11.4,83.43,110.34,83.49,63.07,59.93,85.87,62.8,9.22,105.42,75.93,35.44,91.61,54.82,80.43,45.04
12,9.06,29.43,59.41,23.41,9.85,62.24,63.06,42.8,27.2,49.65,48.37,81.84,0.0,46.32,23.41,59.24,68.43,26.83,57.87,73.82,38.48,58.52,68.1,36.69,26.42,19.92,48.01,29.07,53.04,79.2,36.4,37.58,75.01,28.46,55.15,48.01,30.48,31.38,73.06,86.37,58.01,34.21,58.24,50.16,41.59,29.68,58.94,80.06,24.08,21.1,65.86,29.97,35.85,23.35,50.09
13,43.08,34.23,66.12,37.12,48.8,70.11,17.46,87.78,69.35,19.72,49.09,77.25,46.32,0.0,63.32,100.6,22.8,73.06,86.98,62.61,41.19,83.93,21.93,66.21,20.0,36.89,68.45,40.16,13.15,82.76,27.51,24.7,77.67,48.04,26.4,17.8,76.61,16.4,26.83,86.68,12.04,48.66,97.91,82.76,18.11,74.33,20.59,80.78,55.44,25.24,82.22,26.08,63.16,23.77,72.03
14,21.02,34.21,81.4,46.82,31.06,83.87,80.78,42.19,36.77,71.0,71.55,104.62,23.41,63.32,0.0,63.0,86.13,20.1,72.45,97.17,61.85,74.95,85.07,54.2,45.28,43.32,31.58,52.39,66.19,100.9,43.6,46.04,97.01,23.02,77.1,58.83,28.02,51.16,89.81,108.41,73.74,28.18,64.28,63.56,63.01,33.54,79.31,102.2,11.66,40.11,85.15,39.82,54.56,39.81,68.88
15,67.36,88.23,66.49,64.38,52.84,65.76,114.63,21.38,32.2,94.92,71.11,89.36,59.24,100.6,63.0,0.0,119.52,43.05,32.06,92.18,69.07,39.01,120.34,38.59,81.54,63.89,94.19,63.78,110.14,78.01,95.63,96.77,77.1,83.02,97.01,106.47,35.01,84.2,125.26,86.05,112.61,88.96,6.08,26.48,88.39,30.59,105.55,82.02,73.25,77.18,55.04,89.16,42.19,81.01,45.12
16,65.79,56.04,74.22,55.15,69.63,78.1,5.39,108.6,89.5,25.94,58.19,78.23,68.43,22.8,86.13,119.52,0.0,95.26,101.71,62.29,53.71,97.49,3.61,82.8,42.05,55.97,89.36,56.22,25.0,87.14,48.09,45.1,82.22,70.11,27.66,33.96,98.27,37.22,6.32,89.05,14.32,70.03,116.18,99.05,31.24,95.21,16.49,84.01,78.09,47.42,92.35,48.17,79.4,46.49,85.42
17,31.14,50.22,73.01,46.17,28.16,74.69,89.89,22.09,21.26,75.69,67.08,97.5,26.83,73.06,20.1,43.05,95.26,0.0,56.4,92.96,59.14,60.14,94.89,41.88,53.24,43.42,51.16,50.01,78.87,91.3,59.03,60.96,88.1,41.79,80.6,72.84,8.06,58.18,99.85,99.3,84.6,47.43,44.72,47.2,67.72,15.26,85.38,93.47,31.05,47.89,72.62,53.76,43.42,49.65,56.61
18,66.91,86.15,36.67,50.45,48.37,35.11,97.53,42.72,35.85,75.8,45.97,57.87,57.87,86.98,72.45,32.06,101.71,56.4,0.0,62.65,48.02,7.07,103.35,22.02,71.2,51.79,103.25,46.82,98.76,46.01,91.05,91.2,45.4,86.12,75.8,97.67,49.58,71.57,107.91,54.01,98.23,91.98,26.02,9.22,71.11,41.23,85.98,50.16,79.38,68.47,23.0,84.05,24.33,73.33,16.97
19,78.89,86.28,26.0,50.54,66.73,27.78,61.0,93.05,75.17,42.95,25.96,16.0,73.82,62.61,97.17,92.18,62.29,92.96,62.65,0.0,35.34,55.9,65.49,56.14,62.23,54.12,118.0,44.78,75.24,27.31,84.5,82.62,23.32,95.6,37.0,80.13,90.67,57.38,68.12,27.17,68.01,99.36,86.68,65.8,46.04,83.22,47.07,23.09,96.38,64.54,42.8,79.25,53.04,68.62,47.13
20,43.83,54.08,26.25,15.26,31.78,30.08,49.66,63.6,44.15,27.78,10.63,44.55,38.48,41.19,61.85,69.07,53.71,59.14,48.02,35.34,0.0,43.86,55.46,30.61,31.38,18.87,83.63,9.49,54.04,45.18,54.63,53.49,40.31,61.52,28.28,55.44,58.14,28.64,59.94,51.04,51.42,65.86,64.82,46.01,23.77,51.79,38.01,44.65,61.29,31.91,41.05,48.3,27.02,36.72,31.78
21,67.45,85.84,30.02,48.26,48.76,28.23,93.52,48.3,39.05,71.55,40.61,50.8,58.52,83.93,74.95,39.01,97.49,60.14,7.07,55.9,43.86,0.0,99.32,21.84,69.26,50.04,105.12,43.93,96.1,39.0,90.09,90.01,38.33,86.98,71.02,95.63,53.81,69.05,103.75,47.04,94.87,92.72,33.0,14.32,67.42,45.28,81.49,43.1,81.02,67.01,16.03,83.1,23.19,72.0,12.08
22,65.0,54.23,76.69,55.97,69.81,80.6,5.83,108.85,89.94,27.86,60.44,81.39,68.1,21.93,85.07,120.34,3.61,94.89,103.35,65.49,55.46,99.32,0.0,84.05,41.68,56.57,87.14,57.43,22.36,90.05,46.0,43.0,85.09,68.36,30.27,31.4,98.18,37.2,5.0,92.14,12.0,68.01,117.15,100.4,32.45,95.43,19.1,87.01,76.69,47.01,94.64,46.53,80.71,45.69,87.24
23,45.61,64.28,32.56,29.15,26.93,33.53,78.24,37.01,21.02,57.38,32.89,57.27,36.69,66.21,54.2,38.59,82.8,41.88,22.02,56.14,30.61,21.84,84.05,0.0,49.48,30.08,83.65,26.63,77.49,49.66,69.03,69.18,46.82,65.15,58.8,75.93,37.16,50.33,88.81,57.78,77.83,70.88,34.21,16.55,51.61,28.79,67.94,52.2,59.48,46.53,31.11,62.03,3.61,51.35,14.87
24,24.33,24.08,57.58,21.02,29.07,61.35,36.67,67.9,49.82,26.48,41.59,74.4,26.42,20.0,45.28,81.54,42.05,53.24,71.2,62.23,31.38,69.26,41.68,49.48,0.0,19.42,57.25,26.17,28.65,76.49,23.26,22.14,71.55,34.93,33.24,26.48,56.61,6.08,46.65,81.99,31.89,37.74,79.26,65.8,18.97,54.45,34.06,75.66,39.32,5.39,70.71,17.2,46.87,6.71,58.01
25,25.0,37.7,42.44,3.61,15.3,45.79,50.93,53.0,33.6,33.11,29.21,63.13,19.92,36.89,43.32,63.89,55.97,43.42,51.79,54.12,18.87,50.04,56.57,30.08,19.42,0.0,65.07,9.9,47.54,62.2,40.45,40.11,57.63,43.28,37.36,45.89,44.27,20.59,61.52,68.77,48.83,48.01,61.03,46.49,25.55,39.82,43.42,62.37,42.44,17.03,52.89,33.54,27.46,22.09,39.12
26,40.36,34.48,106.96,68.62,57.69,109.99,84.59,73.03,68.01,83.01,94.18,128.14,48.01,68.45,31.58,94.19,89.36,51.16,103.25,118.0,83.63,105.12,87.14,83.65,57.25,65.07,0.0,74.97,65.01,126.81,41.3,44.28,122.43,22.47,90.08,56.0,59.21,63.07,91.02,133.69,75.17,19.92,95.75,94.58,76.06,65.12,88.32,127.31,24.19,53.85,113.74,42.72,83.35,50.54,97.75
27,34.83,46.96,32.76,6.4,22.36,36.24,51.61,56.08,36.4,31.14,19.42,53.26,29.07,40.16,52.39,63.78,56.22,50.01,46.82,44.78,9.49,43.93,57.43,26.63,26.17,9.9,74.97,0.0,52.17,52.43,48.76,48.05,47.8,53.15,33.62,52.04,49.5,25.18,62.2,58.9,51.48,57.8,60.11,43.05,25.0,43.68,41.77,52.5,52.2,25.3,44.55,42.06,23.32,30.36,32.25
28,47.8,33.24,79.23,48.38,57.43,83.22,21.02,95.67,78.24,32.31,62.2,90.14,53.04,13.15,66.19,110.14,25.0,78.87,98.76,75.24,54.04,96.1,22.36,77.49,28.65,47.54,65.01,52.17,0.0,95.9,24.33,21.38,90.8,47.3,38.47,9.06,83.45,27.2,26.02,99.72,10.77,46.27,107.91,93.98,31.26,82.33,30.48,93.86,56.65,33.02,95.08,26.4,74.63,29.73,84.34
29,86.45,99.13,19.85,58.82,70.09,17.03,85.0,84.9,70.68,64.38,34.93,14.21,79.2,82.76,100.9,78.01,87.14,91.3,46.01,27.31,45.18,39.0,90.05,49.66,76.49,62.2,126.81,52.43,95.9,0.0,99.74,98.49,5.1,105.42,60.01,99.04,86.82,73.16,93.26,8.25,90.45,110.21,72.0,52.35,64.76,78.39,71.01,5.0,103.25,77.03,23.02,93.48,47.89,81.88,35.74
30,28.65,9.43,80.78,42.95,43.93,84.5,43.29,78.39,63.57,44.41,64.85,97.35,36.4,27.51,43.6,95.63,48.09,59.03,91.05,84.5,54.63,90.09,46.0,69.03,23.26,40.45,41.3,48.76,24.33,99.74,0.0,3.0,94.81,23.09,51.61,15.81,64.9,27.2,50.09,105.19,34.0,22.02,94.56,84.48,38.9,65.74,47.93,98.88,33.12,23.54,93.17,7.0,67.01,18.44,79.51
31,30.23,12.08,79.71,42.43,44.64,83.49,40.31,79.92,64.62,42.01,63.56,95.72,37.58,24.7,46.04,96.77,45.1,60.96,91.2,82.62,53.49,90.01,43.0,69.18,22.14,40.11,44.28,48.05,21.38,98.49,3.0,0.0,93.52,25.96,49.2,13.0,66.61,25.55,47.1,103.77,31.0,25.02,95.52,84.85,36.8,67.12,45.19,97.49,35.78,23.09,92.57,7.62,67.03,18.03,79.23
32,82.07,94.34,15.62,54.2,66.07,13.42,80.01,82.76,67.78,59.3,29.97,12.65,75.01,77.67,97.01,77.1,82.22,88.1,45.4,23.32,40.31,38.33,85.09,46.82,71.55,57.63,122.43,47.8,90.8,5.1,94.81,93.52,0.0,100.9,55.0,93.96,83.93,68.15,88.36,11.4,85.38,105.6,71.18,51.01,59.67,75.61,66.03,5.39,99.01,72.2,22.8,88.59,44.78,77.03,33.54
33,19.7,14.14,85.6,46.75,38.28,88.81,65.03,63.32,53.01,61.03,72.12,106.08,28.46,48.04,23.02,83.02,70.11,41.79,86.12,95.6,61.52,86.98,68.36,65.15,34.93,43.28,22.47,53.15,47.3,105.42,23.09,25.96,100.9,0.0,68.01,38.9,49.04,40.85,72.69,112.04,56.44,6.0,83.29,78.09,53.85,52.47,67.08,105.65,11.4,31.38,93.91,22.0,64.26,28.23,78.39
34,56.22,55.9,46.57,35.11,52.63,50.45,25.02,89.47,69.78,7.21,30.87,52.39,55.15,26.4,77.1,97.01,27.66,80.6,75.8,37.0,28.28,71.02,30.27,58.8,33.24,37.36,90.08,33.62,38.47,60.01,51.61,49.2,55.0,68.01,0.0,44.2,81.61,27.2,33.96,62.65,31.05,70.26,92.96,74.28,14.32,76.69,11.18,57.22,72.37,37.66,64.85,47.89,55.23,39.85,59.08
35,41.73,25.08,81.39,47.38,53.67,85.33,29.73,90.8,74.3,37.44,64.54,94.43,48.01,17.8,58.83,106.47,33.96,72.84,97.67,80.13,55.44,95.63,31.4,75.93,26.48,45.89,56.0,52.04,9.06,99.04,15.81,13.0,93.96,38.9,44.2,0.0,77.99,27.02,35.06,103.46,19.65,37.48,104.69,92.18,34.54,77.67,37.64,97.41,48.75,29.73,96.13,19.21,73.35,25.5,84.21
36,36.4,56.44,69.26,46.57,29.15,70.58,92.96,14.32,16.16,77.25,65.12,93.96,30.48,76.61,28.02,35.01,98.27,8.06,49.58,90.67,58.14,53.81,98.18,37.16,56.61,44.27,59.21,49.5,83.45,86.82,64.9,66.61,83.93,49.04,81.61,77.99,0.0,61.06,103.17,94.94,88.41,54.82,36.67,40.36,69.46,8.6,87.32,89.32,38.64,51.4,67.12,59.2,39.22,53.81,51.48
37,30.15,29.41,54.82,21.19,32.65,58.69,31.91,71.7,53.04,20.4,38.28,70.18,31.38,16.4,51.16,84.2,37.22,58.18,71.57,57.38,28.64,69.05,37.2,50.33,6.08,20.59,63.07,25.18,27.2,73.16,27.2,25.55,68.15,40.85,27.2,27.02,61.06,0.0,42.2,78.26,28.43,43.42,81.54,66.85,13.0,58.26,28.16,72.01,45.4,11.05,69.12,21.93,47.43,12.65,57.43
38,69.86,58.55,80.52,60.88,74.81,84.4,10.63,113.85,94.92,32.2,64.51,84.1,73.06,26.83,89.81,125.26,6.32,99.85,107.91,68.12,59.94,103.75,5.0,88.81,46.65,61.52,91.02,62.2,26.02,93.26,50.09,47.1,88.36,72.69,33.96,35.06,103.17,42.2,0.0,95.01,16.28,72.11,122.02,105.12,37.2,100.42,22.8,90.05,81.25,51.97,98.67,50.99,85.45,50.57,91.68
39,93.35,105.12,27.02,65.3,77.47,24.7,87.37,93.15,78.79,67.68,40.5,11.4,86.37,86.68,108.41,86.05,89.05,99.3,54.01,27.17,51.04,47.04,92.14,57.78,81.99,68.77,133.69,58.9,99.72,8.25,105.19,103.77,11.4,112.04,62.65,103.46,94.94,78.26,95.01,0.0,93.56,116.66,80.02,60.53,68.95,86.54,73.33,6.4,110.34,82.93,31.02,99.13,55.9,87.66,43.97
40,54.12,42.3,75.11,48.88,60.81,79.1,10.3,99.76,81.39,26.08,58.22,83.43,58.01,12.04,73.74,112.61,14.32,84.6,98.23,68.01,51.42,94.87,12.0,77.83,31.89,48.83,75.17,51.48,10.77,90.45,34.0,31.0,85.38,56.44,31.05,19.65,88.41,28.43,16.28,93.56,0.0,56.01,109.86,94.37,27.66,86.31,21.47,87.97,65.0,37.01,92.07,34.71,74.69,34.99,82.86
41,25.3,14.56,90.44,51.4,43.97,93.74,65.12,69.12,59.01,63.16,76.49,110.34,34.21,48.66,28.18,88.96,70.03,47.43,91.98,99.36,65.86,92.72,68.01,70.88,37.74,48.01,19.92,57.8,46.27,110.21,22.02,25.02,105.6,6.0,70.26,37.48,54.82,43.42,72.11,116.66,56.01,0.0,89.27,84.01,56.36,58.42,68.41,110.26,16.55,34.83,99.32,22.8,69.89,31.06,83.93
42,66.71,87.56,60.88,61.22,51.08,60.02,111.4,24.17,31.05,91.22,66.24,83.49,58.24,97.91,64.28,6.08,116.18,44.72,26.02,86.68,64.82,33.0,117.15,34.21,79.26,61.03,95.75,60.11,107.91,72.0,94.56,95.52,71.18,83.29,92.96,104.69,36.67,81.54,122.02,80.02,109.86,89.27,0.0,20.88,84.96,31.0,101.83,76.06,74.0,75.13,49.01,87.92,37.8,79.2,39.56
43,59.21,79.01,40.02,45.69,41.0,39.32,94.58,34.0,26.83,73.41,46.04,63.07,50.16,82.76,63.56,26.48,99.05,47.2,9.22,65.8,46.01,14.32,100.4,16.55,65.8,46.49,94.58,43.05,93.98,52.35,84.48,84.85,51.01,78.09,74.28,92.18,40.36,66.85,105.12,60.53,94.37,84.01,20.88,0.0,67.96,32.02,83.87,56.08,70.88,62.59,29.83,77.52,19.72,67.27,18.68
44,42.05,42.19,48.04,24.21,40.31,52.04,26.63,78.55,59.08,8.06,31.02,59.93,41.59,18.11,63.01,88.39,31.24,67.72,71.11,46.04,23.77,67.42,32.45,51.61,18.97,25.55,76.06,25.0,31.26,64.76,38.9,36.8,59.67,53.85,14.32,34.54,69.46,13.0,37.2,68.95,27.66,56.36,84.96,67.96,0.0,65.37,17.89,62.94,58.05,23.35,64.5,34.41,48.26,25.63,55.36
45,37.16,57.94,61.13,41.63,25.61,62.3,90.0,13.45,8.06,72.9,58.01,85.87,29.68,74.33,33.54,30.59,95.21,15.26,41.23,83.22,51.79,45.28,95.43,28.79,54.45,39.82,65.12,43.68,82.33,78.39,65.74,67.12,75.61,52.47,76.69,77.67,8.6,58.26,100.42,86.54,86.31,58.42,31.0,32.02,65.37,0.0,83.24,80.99,43.0,49.52,58.52,59.54,31.05,52.63,42.94
46,58.31,53.85,57.72,41.88,58.18,61.61,14.04,96.38,76.85,10.63,41.79,62.8,58.94,20.59,79.31,105.55,16.49,85.38,85.98,47.07,38.01,81.49,19.1,67.94,34.06,43.42,88.32,41.77,30.48,71.01,47.93,45.19,66.03,67.08,11.18,37.64,87.32,28.16,22.8,73.33,21.47,68.41,101.83,83.87,17.89,83.24,0.0,68.07,73.06,39.2,75.89,45.61,64.44,40.01,69.46
47,86.98,98.74,20.81,58.9,71.22,18.79,82.1,88.07,73.16,61.98,34.13,9.22,80.06,80.78,102.2,82.02,84.01,93.47,50.16,23.09,44.65,43.1,87.01,52.2,75.66,62.37,127.31,52.5,93.86,5.0,98.88,97.49,5.39,105.65,57.22,97.41,89.32,72.01,90.05,6.4,87.97,110.26,76.06,56.08,62.94,80.99,68.07,0.0,104.0,76.55,27.29,92.78,50.16,81.3,38.83
48,17.49,23.71,83.44,46.04,33.6,86.31,72.84,52.95,44.72,65.76,71.61,105.42,24.08,55.44,11.66,73.25,78.09,31.05,79.38,96.38,61.29,81.02,76.69,59.48,39.32,42.44,24.19,52.2,56.65,103.25,33.12,35.78,99.01,11.4,72.37,48.75,38.64,45.4,81.25,110.34,65.0,16.55,74.0,70.88,58.05,43.0,73.06,104.0,0.0,34.71,89.59,30.36,59.17,33.06,73.57
49,19.1,22.2,57.7,19.42,24.41,61.33,42.05,62.94,45.22,31.14,42.44,75.93,21.1,25.24,40.11,77.18,47.42,47.89,68.47,64.54,31.91,67.01,47.01,46.53,5.39,17.03,53.85,25.3,33.02,77.03,23.54,23.09,72.2,31.38,37.66,29.73,51.4,11.05,51.97,82.93,37.01,34.83,75.13,62.59,23.35,49.52,39.2,76.55,34.71,0.0,69.63,16.76,44.18,5.1,56.14
50,74.24,90.44,18.87,50.22,56.08,15.62,89.02,63.32,51.4,66.94,34.21,35.44,65.86,82.22,85.15,55.04,92.35,72.62,23.0,42.8,41.05,16.03,94.64,31.11,70.71,52.89,113.74,44.55,95.08,23.02,93.17,92.57,22.8,93.91,64.85,96.13,67.12,69.12,98.67,31.02,92.07,99.32,49.01,29.83,64.5,58.52,75.89,27.29,89.59,69.63,0.0,86.35,30.61,74.73,16.28
51,22.8,8.25,74.32,36.14,37.11,78.0,43.05,72.4,57.01,40.71,58.67,91.61,29.97,26.08,39.82,89.16,48.17,53.76,84.05,79.25,48.3,83.1,46.53,62.03,17.2,33.54,42.72,42.06,26.4,93.48,7.0,7.62,88.59,22.0,47.89,19.21,59.2,21.93,50.99,99.13,34.71,22.8,87.92,77.52,34.41,59.54,45.61,92.78,30.36,16.76,86.35,0.0,60.01,11.7,72.56
52,44.6,62.65,30.08,26.25,26.0,31.38,74.89,40.01,23.09,53.91,29.41,54.82,35.85,63.16,54.56,42.19,79.4,43.42,24.33,53.04,27.02,23.19,80.71,3.61,46.87,27.46,83.35,23.32,74.63,47.89,67.01,67.03,44.78,64.26,55.23,73.35,39.22,47.43,85.45,55.9,74.69,69.89,37.8,19.72,48.26,31.05,64.44,50.16,59.17,44.18,30.61,60.01,0.0,49.09,14.42
53,19.31,17.69,62.65,24.52,28.18,66.31,41.11,65.95,48.88,32.98,47.17,80.43,23.35,23.77,39.81,81.01,46.49,49.65,73.33,68.62,36.72,72.0,45.69,51.35,6.71,22.09,50.54,30.36,29.73,81.88,18.44,18.03,77.03,28.23,39.85,25.5,53.81,12.65,50.57,87.66,34.99,31.06,79.2,67.27,25.63,52.63,40.01,81.3,33.06,5.1,74.73,11.7,49.09,0.0,61.2
54,58.69,75.93,21.38,37.0,40.25,21.0,81.44,49.24,35.51,59.48,29.0,45.04,50.09,72.03,68.88,45.12,85.42,56.61,16.97,47.13,31.78,12.08,87.24,14.87,58.01,39.12,97.75,32.25,84.34,35.74,79.51,79.23,33.54,78.39,59.08,84.21,51.48,57.43,91.68,43.97,82.86,83.93,39.56,18.68,55.36,42.94,69.46,38.83,73.57,56.14,16.28,72.56,14.42,61.2,0.0
