set K:= 1	2	3	4	5	6;
set C_H:= 1	2	3	4	5	6	7	8	9	10	11	12	13	14	15	16	17	18	19	20	21	22	23	24	25	26	27;
set C_S:= 28	29	30	31	32	33	34	35	36	37	38	39;
set C_F:= 40	41	42	43;
set M:= 44	45;
set L_B:= 46	47	48	49	50	51;
set A1:=
(0,*) 1 2 3 4 5 6 7 8 9 10 11 12 13 14 15 16 17 18 19 20 21 22 23 24 25 26 27 40 41 42 43 44 45 46 47 48 49 50 51
(1,*) 0 2 3 4 5 6 7 8 9 10 11 12 13 14 15 16 17 18 19 20 21 22 23 24 25 26 27 40 41 42 43 44 45 46 47 48 49 50 51
(2,*) 0 1 3 4 5 6 7 8 9 10 11 12 13 14 15 16 17 18 19 20 21 22 23 24 25 26 27 40 41 42 43 44 45 46 47 48 49 50 51
(3,*) 0 1 2 4 5 6 7 8 9 10 11 12 13 14 15 16 17 18 19 20 21 22 23 24 25 26 27 40 41 42 43 44 45 46 47 48 49 50 51
(4,*) 0 1 2 3 5 6 7 8 9 10 11 12 13 14 15 16 17 18 19 20 21 22 23 24 25 26 27 40 41 42 43 44 45 46 47 48 49 50 51
(5,*) 0 1 2 3 4 6 7 8 9 10 11 12 13 14 15 16 17 18 19 20 21 22 23 24 25 26 27 40 41 42 43 44 45 46 47 48 49 50 51
(6,*) 0 1 2 3 4 5 7 8 9 10 11 12 13 14 15 16 17 18 19 20 21 22 23 24 25 26 27 40 41 42 43 44 45 46 47 48 49 50 51
(7,*) 0 1 2 3 4 5 6 8 9 10 11 12 13 14 15 16 17 18 19 20 21 22 23 24 25 26 27 40 41 42 43 44 45 46 47 48 49 50 51
(8,*) 0 1 2 3 4 5 6 7 9 10 11 12 13 14 15 16 17 18 19 20 21 22 23 24 25 26 27 40 41 42 43 44 45 46 47 48 49 50 51
(9,*) 0 1 2 3 4 5 6 7 8 10 11 12 13 14 15 16 17 18 19 20 21 22 23 24 25 26 27 40 41 42 43 44 45 46 47 48 49 50 51
(10,*) 0 1 2 3 4 5 6 7 8 9 11 12 13 14 15 16 17 18 19 20 21 22 23 24 25 26 27 40 41 42 43 44 45 46 47 48 49 50 51
(11,*) 0 1 2 3 4 5 6 7 8 9 10 12 13 14 15 16 17 18 19 20 21 22 23 24 25 26 27 40 41 42 43 44 45 46 47 48 49 50 51
(12,*) 0 1 2 3 4 5 6 7 8 9 10 11 13 14 15 16 17 18 19 20 21 22 23 24 25 26 27 40 41 42 43 44 45 46 47 48 49 50 51
(13,*) 0 1 2 3 4 5 6 7 8 9 10 11 12 14 15 16 17 18 19 20 21 22 23 24 25 26 27 40 41 42 43 44 45 46 47 48 49 50 51
(14,*) 0 1 2 3 4 5 6 7 8 9 10 11 12 13 15 16 17 18 19 20 21 22 23 24 25 26 27 40 41 42 43 44 45 46 47 48 49 50 51
(15,*) 0 1 2 3 4 5 6 7 8 9 10 11 12 13 14 16 17 18 19 20 21 22 23 24 25 26 27 40 41 42 43 44 45 46 47 48 49 50 51
(16,*) 0 1 2 3 4 5 6 7 8 9 10 11 12 13 14 15 17 18 19 20 21 22 23 24 25 26 27 40 41 42 43 44 45 46 47 48 49 50 51
(17,*) 0 1 2 3 4 5 6 7 8 9 10 11 12 13 14 15 16 18 19 20 21 22 23 24 25 26 27 40 41 42 43 44 45 46 47 48 49 50 51
(18,*) 0 1 2 3 4 5 6 7 8 9 10 11 12 13 14 15 16 17 19 20 21 22 23 24 25 26 27 40 41 42 43 44 45 46 47 48 49 50 51
(19,*) 0 1 2 3 4 5 6 7 8 9 10 11 12 13 14 15 16 17 18 20 21 22 23 24 25 26 27 40 41 42 43 44 45 46 47 48 49 50 51
(20,*) 0 1 2 3 4 5 6 7 8 9 10 11 12 13 14 15 16 17 18 19 21 22 23 24 25 26 27 40 41 42 43 44 45 46 47 48 49 50 51
(21,*) 0 1 2 3 4 5 6 7 8 9 10 11 12 13 14 15 16 17 18 19 20 22 23 24 25 26 27 40 41 42 43 44 45 46 47 48 49 50 51
(22,*) 0 1 2 3 4 5 6 7 8 9 10 11 12 13 14 15 16 17 18 19 20 21 23 24 25 26 27 40 41 42 43 44 45 46 47 48 49 50 51
(23,*) 0 1 2 3 4 5 6 7 8 9 10 11 12 13 14 15 16 17 18 19 20 21 22 24 25 26 27 40 41 42 43 44 45 46 47 48 49 50 51
(24,*) 0 1 2 3 4 5 6 7 8 9 10 11 12 13 14 15 16 17 18 19 20 21 22 23 25 26 27 40 41 42 43 44 45 46 47 48 49 50 51
(25,*) 0 1 2 3 4 5 6 7 8 9 10 11 12 13 14 15 16 17 18 19 20 21 22 23 24 26 27 40 41 42 43 44 45 46 47 48 49 50 51
(26,*) 0 1 2 3 4 5 6 7 8 9 10 11 12 13 14 15 16 17 18 19 20 21 22 23 24 25 27 40 41 42 43 44 45 46 47 48 49 50 51
(27,*) 0 1 2 3 4 5 6 7 8 9 10 11 12 13 14 15 16 17 18 19 20 21 22 23 24 25 26 40 41 42 43 44 45 46 47 48 49 50 51
(40,*) 0 1 2 3 4 5 6 7 8 9 10 11 12 13 14 15 16 17 18 19 20 21 22 23 24 25 26 27 41 42 43 44 45 46 47 48 49 50 51
(41,*) 0 1 2 3 4 5 6 7 8 9 10 11 12 13 14 15 16 17 18 19 20 21 22 23 24 25 26 27 40 42 43 44 45 46 47 48 49 50 51
(42,*) 0 1 2 3 4 5 6 7 8 9 10 11 12 13 14 15 16 17 18 19 20 21 22 23 24 25 26 27 40 41 43 44 45 46 47 48 49 50 51
(43,*) 0 1 2 3 4 5 6 7 8 9 10 11 12 13 14 15 16 17 18 19 20 21 22 23 24 25 26 27 40 41 42 44 45 46 47 48 49 50 51
(44,*) 0 1 2 3 4 5 6 7 8 9 10 11 12 13 14 15 16 17 18 19 20 21 22 23 24 25 26 27 40 41 42 43 45 46 47 48 49 50 51
(45,*) 0 1 2 3 4 5 6 7 8 9 10 11 12 13 14 15 16 17 18 19 20 21 22 23 24 25 26 27 40 41 42 43 44 46 47 48 49 50 51
(46,*) 0 1 2 3 4 5 6 7 8 9 10 11 12 13 14 15 16 17 18 19 20 21 22 23 24 25 26 27 40 41 42 43 44 45 47 48 49 50 51
(47,*) 0 1 2 3 4 5 6 7 8 9 10 11 12 13 14 15 16 17 18 19 20 21 22 23 24 25 26 27 40 41 42 43 44 45 46 48 49 50 51
(48,*) 0 1 2 3 4 5 6 7 8 9 10 11 12 13 14 15 16 17 18 19 20 21 22 23 24 25 26 27 40 41 42 43 44 45 46 47 49 50 51
(49,*) 0 1 2 3 4 5 6 7 8 9 10 11 12 13 14 15 16 17 18 19 20 21 22 23 24 25 26 27 40 41 42 43 44 45 46 47 48 50 51
(50,*) 0 1 2 3 4 5 6 7 8 9 10 11 12 13 14 15 16 17 18 19 20 21 22 23 24 25 26 27 40 41 42 43 44 45 46 47 48 49 51
(51,*) 0 1 2 3 4 5 6 7 8 9 10 11 12 13 14 15 16 17 18 19 20 21 22 23 24 25 26 27 40 41 42 43 44 45 46 47 48 49 50
;
set A2:=
(44,*) 45
(45,*) 44
;
param BigM:=99999;
param n:= 6;
param d:=
1	24
2	9
3	19
4	9
5	14
6	14
7	8
8	13
9	18
10	14
11	13
12	2
13	18
14	3
15	24
16	8
17	14
18	13
19	23
20	9
21	13
22	14
23	18
24	24
25	8
26	14
27	18
28	8
29	9
30	8
31	24
32	8
33	18
34	9
35	24
36	14
37	4
38	13
39	4
40	18
41	3
42	4
43	24
;
param Q:=100;
param w:=
[44,*] 45 1
[45,*] 44 1
;
param V:=
[44,*] 45 75
[45,*] 44 75
;
param f:=
44	100
45	100
46	100
47	100
48	100
49	100
50	100
51	100
;
param e:
	44	45	46	47	48	49	50	51:=
28	1	0	0	0	1	0	0	0	
29	0	1	0	1	0	0	0	1	
30	0	0	0	1	1	0	1	1	
31	1	0	0	0	1	0	0	0	
32	1	0	0	0	0	0	0	0	
33	0	1	0	1	0	1	1	1	
34	0	0	1	0	1	1	1	1	
35	0	1	0	1	0	1	1	1	
36	0	1	1	1	1	1	1	1	
37	0	0	1	0	0	1	0	0	
38	0	0	1	0	1	1	1	0	
39	0	0	1	0	0	1	0	0	
40	0	0	1	1	1	1	1	1	
41	0	0	1	0	0	1	0	0	
42	0	1	0	1	0	1	1	1	
43	1	0	1	1	1	1	1	1	
;
param p:=
1	1
2	1
3	1
4	1
5	1
6	1
;
param G:=
44	71
45	75
46	76
47	94
48	72
49	83
50	80
51	93
;
param s:=
0	0
1	15
2	15
3	15
4	15
5	15
6	15
7	15
8	15
9	15
10	15
11	15
12	15
13	15
14	15
15	15
16	15
17	15
18	15
19	15
20	15
21	15
22	15
23	15
24	15
25	15
26	15
27	15
40	15
41	15
42	15
43	15
44	10
45	10
46	10
47	10
48	10
49	10
50	10
51	10
;
param t:
	0	1	2	3	4	5	6	7	8	9	10	11	12	13	14	15	16	17	18	19	20	21	22	23	24	25	26	27	28	29	30	31	32	33	34	35	36	37	38	39	40	41	42	43	44	45	46	47	48	49	50	51:=
0	0.0	21.02	33.24	20.62	30.27	14.87	58.01	34.41	67.27	41.76	29.15	80.26	69.29	56.85	42.15	39.2	49.82	26.91	51.0	9.43	78.43	45.12	89.27	36.12	73.82	37.16	84.48	59.46	88.53	53.25	64.2	88.26	99.09	29.41	30.08	34.41	29.61	44.05	56.4	31.78	32.2	40.11	22.8	60.8	96.83	21.54	46.32	47.01	54.71	28.6	40.31	34.0
1	21.02	0.0	24.19	26.4	51.24	33.84	62.3	29.02	46.57	21.95	26.68	72.8	79.88	47.43	54.49	26.93	51.42	45.19	34.66	27.51	88.51	54.64	75.6	15.52	80.62	35.51	90.14	40.82	75.0	68.01	66.94	84.48	87.13	41.73	12.04	50.22	33.54	23.02	42.44	11.66	20.62	19.42	39.82	52.2	87.32	41.98	31.62	52.0	48.51	24.33	38.33	40.82
2	33.24	24.19	0.0	19.24	57.25	37.34	41.88	6.4	55.32	38.48	9.22	49.04	63.78	24.19	43.08	7.07	30.02	44.28	21.02	32.65	71.42	39.96	56.08	23.32	61.03	14.21	69.35	32.14	55.32	57.94	45.19	60.3	65.95	33.38	15.81	44.28	18.97	32.02	23.71	30.81	4.47	25.61	38.33	28.64	64.5	46.49	15.13	33.24	24.33	7.0	16.12	26.4
3	20.62	26.4	19.24	0.0	38.48	18.87	38.21	17.0	69.35	47.42	11.18	60.8	53.54	39.2	28.32	26.31	29.27	25.08	40.2	15.62	62.27	28.3	73.25	35.36	55.36	17.2	65.51	51.0	72.4	42.44	44.0	67.78	81.57	16.12	26.83	26.25	9.06	44.78	42.38	37.48	21.02	38.91	19.1	42.45	77.99	27.73	34.37	27.29	35.47	12.37	20.25	14.87
4	30.27	51.24	57.25	38.48	0.0	19.92	62.27	55.46	97.49	71.81	49.66	96.26	61.29	77.18	37.7	64.2	59.55	17.2	77.62	25.32	70.11	44.72	111.51	66.01	71.57	54.08	82.71	87.48	110.64	40.0	69.46	99.2	119.04	31.89	59.14	26.0	43.83	74.24	80.78	61.98	57.97	70.01	21.26	79.88	114.11	10.77	72.12	53.01	72.2	50.7	56.61	42.43
5	14.87	33.84	37.34	18.87	19.92	0.0	49.48	35.85	80.36	55.54	30.02	78.64	56.52	58.01	29.43	44.27	43.83	12.04	57.72	6.32	65.73	34.01	92.11	47.52	63.0	35.38	74.03	67.74	91.27	38.95	56.32	83.73	100.26	18.11	40.05	20.12	25.5	56.29	60.93	45.31	38.08	51.48	8.54	61.07	96.18	9.22	52.2	38.9	53.76	30.87	38.18	26.4
6	58.01	62.3	41.88	38.21	62.27	49.48	0.0	35.51	96.26	80.13	35.85	41.48	25.96	37.7	25.5	45.34	12.04	45.18	55.61	50.36	31.38	17.8	66.01	65.19	19.21	27.78	27.86	66.85	65.01	34.01	7.21	38.29	67.68	31.62	57.31	36.62	29.43	73.82	50.12	71.59	46.32	67.42	42.72	36.14	58.87	54.23	50.33	11.0	29.15	38.48	25.81	24.02
7	34.41	29.02	6.4	17.0	55.46	35.85	35.51	0.0	61.62	44.72	5.83	46.07	57.49	22.63	37.64	11.7	23.71	41.23	25.32	32.02	65.05	34.0	56.3	29.68	54.64	7.81	63.06	36.88	55.47	52.5	39.0	55.9	65.07	29.0	21.93	40.0	14.04	38.42	25.71	36.69	10.82	32.02	35.44	26.4	62.43	44.72	19.24	26.87	20.62	5.83	9.85	20.88
8	67.27	46.57	55.32	69.35	97.49	80.36	96.26	61.62	0.0	26.02	63.6	85.73	119.1	64.41	97.1	50.93	84.22	91.42	42.54	74.04	126.62	95.0	72.01	34.0	115.43	69.35	122.61	34.48	72.0	111.65	98.23	102.53	86.01	85.48	42.54	95.27	73.24	24.6	51.48	35.51	51.22	30.53	85.8	68.88	92.54	88.53	46.62	88.46	71.02	60.8	70.71	81.02
9	41.76	21.95	38.48	47.42	71.81	55.54	80.13	44.72	26.02	0.0	44.65	81.01	100.12	56.14	75.74	37.11	68.43	67.08	36.35	49.24	108.41	75.07	75.96	15.52	99.13	52.35	107.78	35.78	75.61	89.64	83.67	95.52	89.19	63.25	22.83	72.11	53.26	10.77	46.27	10.3	34.01	15.0	61.77	61.13	92.4	63.25	37.01	70.72	60.21	41.88	54.56	60.96
10	29.15	26.68	9.22	11.18	49.66	30.02	35.85	5.83	63.6	44.65	0.0	51.11	55.87	28.32	34.01	16.03	24.74	35.69	30.02	26.25	63.89	31.4	62.13	30.41	54.59	9.0	63.69	41.3	61.29	48.85	40.26	59.91	70.77	24.19	22.02	35.13	9.85	39.62	31.32	35.78	12.53	33.3	29.83	31.89	67.8	38.91	24.0	26.08	25.55	2.83	12.04	17.49
11	80.26	72.8	49.04	60.8	96.26	78.64	41.48	46.07	85.73	81.01	51.11	0.0	65.12	25.5	64.41	46.1	37.74	79.51	45.18	76.4	67.19	56.8	27.86	66.19	52.15	43.6	52.2	51.24	26.93	75.27	36.35	17.8	26.31	64.66	62.17	73.5	53.15	71.06	35.23	76.66	52.2	66.01	75.01	20.62	18.03	86.27	44.05	45.65	25.55	51.88	40.61	53.91
12	69.29	79.88	63.78	53.54	61.29	56.52	25.96	57.49	119.1	100.12	55.87	65.12	0.0	63.57	27.2	68.6	36.67	47.17	80.26	60.08	9.22	25.24	91.2	86.28	15.26	49.82	24.21	91.79	90.2	21.84	29.02	56.92	91.35	39.92	77.83	37.22	46.86	95.46	75.64	90.6	67.94	89.11	48.05	62.1	81.22	57.14	74.63	30.81	55.03	58.69	48.83	39.2
13	56.85	47.43	24.19	39.2	77.18	58.01	37.7	22.63	64.41	56.14	28.32	25.5	63.57	0.0	52.24	20.62	27.46	61.74	21.93	54.56	68.88	46.0	34.44	41.0	55.23	23.26	60.21	31.24	33.54	66.0	36.89	39.46	42.45	47.76	36.67	58.24	33.54	46.69	13.45	51.24	26.93	41.19	56.36	5.0	40.31	66.57	19.24	35.13	8.54	28.32	21.19	37.36
14	42.15	54.49	43.08	28.32	37.7	29.43	25.5	37.64	97.1	75.74	34.01	64.41	27.2	52.24	0.0	49.34	26.93	21.38	62.82	32.89	36.4	7.81	85.38	63.25	34.37	31.4	45.54	74.46	84.4	14.87	32.65	63.66	89.69	13.04	54.64	11.7	24.17	72.67	61.2	65.76	46.52	66.57	21.1	52.95	82.37	31.26	56.75	18.79	44.72	36.67	32.06	16.76
15	39.2	26.93	7.07	26.31	64.2	44.27	45.34	11.7	50.93	37.11	16.03	46.1	68.6	20.62	49.34	0.0	33.3	51.35	14.0	39.4	75.82	45.62	50.21	21.59	64.54	18.87	72.11	25.32	49.5	64.2	47.71	59.01	60.8	40.2	16.12	51.16	25.5	29.07	17.2	31.0	7.07	22.85	45.4	25.5	60.42	53.45	8.06	37.8	23.19	14.04	19.85	32.57
16	49.82	51.42	30.02	29.27	59.55	43.83	12.04	23.71	84.22	68.43	24.74	37.74	36.67	27.46	26.93	33.3	0.0	42.45	43.83	43.32	43.01	19.65	58.86	53.34	31.24	16.16	39.36	55.23	57.87	39.32	15.52	39.96	62.77	27.66	45.62	35.81	20.22	61.85	39.0	60.17	34.48	55.47	38.6	27.0	55.76	50.22	38.42	8.25	19.1	27.2	13.89	17.49
17	26.91	45.19	44.28	25.08	17.2	12.04	45.18	41.23	91.42	67.08	35.69	79.51	47.17	61.74	21.38	51.35	42.45	0.0	65.28	18.03	56.32	27.86	96.18	57.97	55.73	38.48	66.91	76.03	95.27	27.86	52.35	82.01	102.93	14.87	50.01	10.0	28.23	67.05	66.94	56.8	46.01	61.85	6.0	64.01	97.45	10.0	59.41	35.81	56.08	37.34	40.71	25.61
18	51.0	34.66	21.02	40.2	77.62	57.72	55.61	25.32	42.54	36.35	30.02	45.18	80.26	21.93	62.82	14.0	43.83	65.28	0.0	52.5	86.84	58.52	41.34	22.85	74.41	31.62	80.72	11.7	40.82	77.62	56.57	60.88	53.71	54.15	22.63	65.12	39.32	26.02	10.0	34.01	19.65	21.59	59.3	26.57	56.09	66.94	6.08	49.65	28.6	28.02	31.78	46.1
19	9.43	27.51	32.65	15.62	25.32	6.32	50.36	32.02	74.04	49.24	26.25	76.4	60.08	54.56	32.89	39.4	43.32	18.03	52.5	0.0	69.26	36.35	88.23	41.3	65.28	32.8	76.11	62.17	87.42	43.83	56.89	82.76	97.0	20.4	34.0	25.0	23.71	50.01	56.36	39.0	32.89	45.28	13.45	57.98	93.61	15.0	47.17	39.46	51.09	26.63	35.81	26.48
20	78.43	88.51	71.42	62.27	70.11	65.73	31.38	65.05	126.62	108.41	63.89	67.19	9.22	68.88	36.4	75.82	43.01	56.32	86.84	69.26	0.0	34.0	94.2	94.26	15.03	57.28	19.72	98.18	93.21	30.27	32.57	56.72	93.01	49.04	85.91	46.39	55.22	103.32	81.49	99.05	75.69	96.94	57.27	66.85	82.15	66.27	81.4	38.18	60.37	66.71	55.97	47.71
21	45.12	54.64	39.96	28.3	44.72	34.01	17.8	34.0	95.0	75.07	31.4	56.8	25.24	46.0	7.81	45.62	19.65	27.86	58.52	36.35	34.0	0.0	78.45	61.62	29.02	26.93	40.01	70.23	77.47	20.0	25.0	55.87	82.28	16.03	53.08	18.87	21.93	70.94	55.9	65.44	43.83	64.66	26.31	46.27	74.71	37.36	52.55	11.4	38.12	34.21	26.93	14.14
22	89.27	75.6	56.08	73.25	111.51	92.11	66.01	56.3	72.01	75.96	62.13	27.86	91.2	34.44	85.38	50.21	58.86	96.18	41.34	88.23	94.2	78.45	0.0	64.01	79.25	57.7	80.01	40.52	1.0	98.15	62.2	44.1	14.0	82.08	63.6	92.36	67.98	65.19	33.3	75.18	57.28	62.17	90.79	32.57	22.83	100.85	44.05	67.08	40.8	61.61	55.54	71.51
23	36.12	15.52	23.32	35.36	66.01	47.52	65.19	29.68	34.0	15.52	30.41	66.19	86.28	41.0	63.25	21.59	53.34	57.97	22.85	41.3	94.26	61.62	64.01	0.0	84.31	37.44	92.66	26.25	63.53	77.7	68.43	80.22	76.56	51.48	8.6	61.33	39.7	9.43	32.28	11.18	18.87	4.0	52.2	46.0	78.59	56.22	22.2	56.22	44.72	27.59	39.45	47.51
24	73.82	80.62	61.03	55.36	71.57	63.0	19.21	54.64	115.43	99.13	54.59	52.15	15.26	55.23	34.37	64.54	31.24	55.73	74.41	65.28	15.03	29.02	79.25	84.31	0.0	46.87	11.18	85.43	78.26	34.67	18.36	42.2	78.0	45.04	76.32	45.89	47.17	93.01	68.24	90.35	65.46	86.61	55.08	52.77	67.27	65.62	69.31	28.64	46.87	57.31	45.0	40.52
25	37.16	35.51	14.21	17.2	54.08	35.38	27.78	7.81	69.35	52.35	9.0	43.6	49.82	23.26	31.4	18.87	16.16	38.48	31.62	32.8	57.28	26.93	57.7	37.44	46.87	0.0	55.46	43.32	56.8	46.1	31.62	51.24	65.0	24.74	29.53	35.51	10.3	46.23	30.0	44.01	18.6	39.82	33.12	25.81	60.88	43.6	25.63	19.1	18.38	11.18	3.16	15.0
26	84.48	90.14	69.35	65.51	82.71	74.03	27.86	63.06	122.61	107.78	63.69	52.2	24.21	60.21	45.54	72.11	39.36	66.91	80.72	76.11	19.72	40.01	80.01	92.66	11.18	55.46	0.0	91.22	79.06	45.18	24.41	39.01	76.79	56.0	84.97	57.07	57.01	101.02	73.59	99.4	73.82	94.67	66.19	57.01	65.19	76.79	76.06	38.33	52.33	66.31	53.24	50.8
27	59.46	40.82	32.14	51.0	87.48	67.74	66.85	36.88	34.48	35.78	41.3	51.24	91.79	31.24	74.46	25.32	55.23	76.03	11.7	62.17	98.18	70.23	40.52	26.25	85.43	43.32	91.22	0.0	40.26	89.29	67.36	68.15	54.13	65.49	29.55	76.42	50.8	25.06	17.8	36.8	30.02	23.35	70.03	35.23	59.0	76.94	17.72	61.27	38.9	39.12	43.46	57.72
28	88.53	75.0	55.32	72.4	110.64	91.27	65.01	55.47	72.0	75.61	61.29	26.93	90.2	33.54	84.4	49.5	57.87	95.27	40.82	87.42	93.21	77.47	1.0	63.53	78.26	56.8	79.06	40.26	0.0	97.16	61.2	43.27	14.04	81.15	63.01	91.42	67.08	64.85	32.65	74.71	56.57	61.74	89.89	31.62	22.36	99.98	43.42	66.1	39.85	60.8	54.63	70.58
29	53.25	68.01	57.94	42.44	40.0	38.95	34.01	52.5	111.65	89.64	48.85	75.27	21.84	66.0	14.87	64.2	39.32	27.86	77.62	43.83	30.27	20.0	98.15	77.7	34.67	46.1	45.18	89.29	97.16	0.0	40.31	71.56	101.24	26.4	69.12	18.87	39.0	87.13	75.66	79.51	61.33	81.12	30.53	66.19	92.85	37.36	71.57	31.14	58.08	51.48	46.53	31.62
30	64.2	66.94	45.19	44.0	69.46	56.32	7.21	39.0	98.23	83.67	40.26	36.35	29.02	36.89	32.65	47.71	15.52	52.35	56.57	56.89	32.57	25.0	62.2	68.43	18.36	31.62	24.41	67.36	61.2	40.31	0.0	31.4	62.65	38.63	60.93	43.83	35.01	76.66	50.0	75.61	49.66	70.33	49.77	34.44	53.16	61.33	51.74	17.46	28.6	42.72	29.15	30.41
31	88.26	84.48	60.3	67.78	99.2	83.73	38.29	55.9	102.53	95.52	59.91	17.8	56.92	39.46	63.66	59.01	39.96	82.01	60.88	82.76	56.72	55.87	44.1	80.22	42.2	51.24	39.01	68.15	43.27	71.56	31.4	0.0	38.33	67.42	75.01	74.33	59.09	86.15	51.24	90.01	64.12	80.62	78.49	34.53	26.31	90.14	58.69	46.23	36.06	61.39	48.08	57.45
32	99.09	87.13	65.95	81.57	119.04	100.26	67.68	65.07	86.01	89.19	70.77	26.31	91.35	42.45	89.69	60.8	62.77	102.93	53.71	97.0	93.01	82.28	14.0	76.56	78.0	65.0	76.79	54.13	14.04	101.24	62.65	38.33	0.0	88.32	75.29	97.95	75.21	78.45	44.78	87.73	67.8	75.03	97.91	39.2	12.53	108.6	55.57	70.94	46.87	70.71	62.43	77.52
33	29.41	41.73	33.38	16.12	31.89	18.11	31.62	29.0	85.48	63.25	24.19	64.66	39.92	47.76	13.04	40.2	27.66	14.87	54.15	20.4	49.04	16.03	82.08	51.48	45.04	24.74	56.0	65.49	81.15	26.4	38.63	67.42	88.32	0.0	42.94	11.0	15.03	60.9	54.33	53.15	36.14	55.01	11.18	49.66	82.62	22.83	48.09	21.47	41.59	26.48	26.57	10.82
34	30.08	12.04	15.81	26.83	59.14	40.05	57.31	21.93	42.54	22.83	22.02	62.17	77.83	36.67	54.64	16.12	45.62	50.01	22.63	34.0	85.91	53.08	63.6	8.6	76.32	29.53	84.97	29.55	63.01	69.12	60.93	75.01	75.29	42.94	0.0	52.92	31.14	18.03	30.53	15.13	11.4	12.08	44.15	41.59	75.96	49.0	19.72	48.01	39.01	19.21	31.78	38.95
35	34.41	50.22	44.28	26.25	26.0	20.12	36.62	40.0	95.27	72.11	35.13	73.5	37.22	58.24	11.7	51.16	35.81	10.0	65.12	25.0	46.39	18.87	92.36	61.33	45.89	35.51	57.07	76.42	91.42	18.87	43.83	74.33	97.95	11.0	52.92	0.0	26.02	70.68	65.28	61.85	46.87	65.0	11.66	59.81	91.53	20.0	59.08	28.32	51.62	37.34	37.11	20.88
36	29.61	33.54	18.97	9.06	43.83	25.5	29.43	14.04	73.24	53.26	9.85	53.15	46.86	33.54	24.17	25.5	20.22	28.23	39.32	23.71	55.22	21.93	67.98	39.7	47.17	10.3	57.01	50.8	67.08	39.0	35.01	59.09	75.21	15.03	31.14	26.02	0.0	49.04	39.32	43.83	22.36	42.8	22.83	36.06	70.71	33.42	33.24	18.68	28.43	12.53	12.81	7.81
37	44.05	23.02	32.02	44.78	74.24	56.29	73.82	38.42	24.6	10.77	39.62	71.06	95.46	46.69	72.67	29.07	61.85	67.05	26.02	50.01	103.32	70.94	65.19	9.43	93.01	46.23	101.02	25.06	64.85	87.13	76.66	86.15	78.45	60.9	18.03	70.68	49.04	0.0	36.01	13.93	27.66	6.4	61.35	51.62	81.88	64.78	27.46	65.19	51.55	36.8	48.01	56.85
38	56.4	42.44	23.71	42.38	80.78	60.93	50.12	25.71	51.48	46.27	31.32	35.23	75.64	13.45	61.2	17.2	39.0	66.94	10.0	56.36	81.49	55.9	33.3	32.28	68.24	30.0	73.59	17.8	32.65	75.66	50.0	51.24	44.78	54.33	30.53	65.28	39.32	36.01	0.0	43.32	24.21	31.4	61.13	17.49	46.32	70.01	10.82	45.88	21.4	30.08	29.15	45.0
39	31.78	11.66	30.81	37.48	61.98	45.31	71.59	36.69	35.51	10.3	35.78	76.66	90.6	51.24	65.76	31.0	60.17	56.8	34.01	39.0	99.05	65.44	75.18	11.18	90.35	44.01	99.4	36.8	74.71	79.51	75.61	90.01	87.73	53.15	15.13	61.85	43.83	13.93	43.32	0.0	26.48	13.45	51.48	56.22	89.56	53.16	32.98	61.77	54.08	33.11	46.49	51.4
40	32.2	20.62	4.47	21.02	57.97	38.08	46.32	10.82	51.22	34.01	12.53	52.2	67.94	26.93	46.52	7.07	34.48	46.01	19.65	32.89	75.69	43.83	57.28	18.87	65.46	18.6	73.82	30.02	56.57	61.33	49.66	64.12	67.8	36.14	11.4	46.87	22.36	27.66	24.21	26.48	0.0	21.26	40.01	31.62	67.08	47.3	14.32	37.54	28.07	9.85	20.59	30.02
41	40.11	19.42	25.61	38.91	70.01	51.48	67.42	32.02	30.53	15.0	33.3	66.01	89.11	41.19	66.57	22.85	55.47	61.85	21.59	45.28	96.94	64.66	62.17	4.0	86.61	39.82	94.67	23.35	61.74	81.12	70.33	80.62	75.03	55.01	12.08	65.0	42.8	6.4	31.4	13.45	21.26	0.0	56.04	46.17	77.67	60.21	22.02	58.8	45.61	30.48	41.62	50.61
42	22.8	39.82	38.33	19.1	21.26	8.54	42.72	35.44	85.8	61.77	29.83	75.01	48.05	56.36	21.1	45.4	38.6	6.0	59.3	13.45	57.27	26.31	90.79	52.2	55.08	33.12	66.19	70.03	89.89	30.53	49.77	78.49	97.91	11.18	44.15	11.66	22.83	61.35	61.13	51.48	40.01	56.04	0.0	58.83	92.85	11.66	53.46	32.65	51.04	31.4	35.51	21.26
43	60.8	52.2	28.64	42.45	79.88	61.07	36.14	26.4	68.88	61.13	31.89	20.62	62.1	5.0	52.95	25.5	27.0	64.01	26.57	57.98	66.85	46.27	32.57	46.0	52.77	25.81	57.01	35.23	31.62	66.19	34.44	34.53	39.2	49.66	41.59	59.81	36.06	51.62	17.49	56.22	31.62	46.17	58.83	0.0	36.06	69.4	24.19	35.06	8.25	32.2	23.32	39.0
44	96.83	87.32	64.5	77.99	114.11	96.18	58.87	62.43	92.54	92.4	67.8	18.03	81.22	40.31	82.37	60.42	55.76	97.45	56.09	93.61	82.15	74.71	22.83	78.59	67.27	60.88	65.19	59.0	22.36	92.85	53.16	26.31	12.53	82.62	75.96	91.53	70.71	81.88	46.32	89.56	67.08	77.67	92.85	36.06	0.0	104.0	56.61	63.63	42.52	68.24	58.0	71.84
45	21.54	41.98	46.49	27.73	10.77	9.22	54.23	44.72	88.53	63.25	38.91	86.27	57.14	66.57	31.26	53.45	50.22	10.0	66.94	15.0	66.27	37.36	100.85	56.22	65.62	43.6	76.79	76.94	99.98	37.36	61.33	90.14	108.6	22.83	49.0	20.0	33.42	64.78	70.01	53.16	47.3	60.21	11.66	69.4	104.0	0.0	61.4	44.29	61.85	39.92	46.23	32.8
46	46.32	31.62	15.13	34.37	72.12	52.2	50.33	19.24	46.62	37.01	24.0	44.05	74.63	19.24	56.75	8.06	38.42	59.41	6.08	47.17	81.4	52.55	44.05	22.2	69.31	25.63	76.06	17.72	43.42	71.57	51.74	58.69	55.57	48.09	19.72	59.08	33.24	27.46	10.82	32.98	14.32	22.02	53.46	24.19	56.61	61.4	0.0	43.91	24.6	22.09	25.94	40.02
47	47.01	52.0	33.24	27.29	53.01	38.9	11.0	26.87	88.46	70.72	26.08	45.65	30.81	35.13	18.79	37.8	8.25	35.81	49.65	39.46	38.18	11.4	67.08	56.22	28.64	19.1	38.33	61.27	66.1	31.14	17.46	46.23	70.94	21.47	48.01	28.32	18.68	65.19	45.88	61.77	37.54	58.8	32.65	35.06	63.63	44.29	43.91	0.0	27.0	28.84	18.03	13.04
48	54.71	48.51	24.33	35.47	72.2	53.76	29.15	20.62	71.02	60.21	25.55	25.55	55.03	8.54	44.72	23.19	19.1	56.08	28.6	51.09	60.37	38.12	40.8	44.72	46.87	18.38	52.33	38.9	39.85	58.08	28.6	36.06	46.87	41.59	39.01	51.62	28.43	51.55	21.4	54.08	28.07	45.61	51.04	8.25	42.52	61.85	24.6	27.0	0.0	26.4	15.62	30.87
49	28.6	24.33	7.0	12.37	50.7	30.87	38.48	5.83	60.8	41.88	2.83	51.88	58.69	28.32	36.67	14.04	27.2	37.34	28.02	26.63	66.71	34.21	61.61	27.59	57.31	11.18	66.31	39.12	60.8	51.48	42.72	61.39	70.71	26.48	19.21	37.34	12.53	36.8	30.08	33.11	9.85	30.48	31.4	32.2	68.24	39.92	22.09	28.84	26.4	0.0	14.04	20.25
50	40.31	38.33	16.12	20.25	56.61	38.18	25.81	9.85	70.71	54.56	12.04	40.61	48.83	21.19	32.06	19.85	13.89	40.71	31.78	35.81	55.97	26.93	55.54	39.45	45.0	3.16	53.24	43.46	54.63	46.53	29.15	48.08	62.43	26.57	31.78	37.11	12.81	48.01	29.15	46.49	20.59	41.62	35.51	23.32	58.0	46.23	25.94	18.03	15.62	14.04	0.0	16.28
51	34.0	40.82	26.4	14.87	42.43	26.4	24.02	20.88	81.02	60.96	17.49	53.91	39.2	37.36	16.76	32.57	17.49	25.61	46.1	26.48	47.71	14.14	71.51	47.51	40.52	15.0	50.8	57.72	70.58	31.62	30.41	57.45	77.52	10.82	38.95	20.88	7.81	56.85	45.0	51.4	30.02	50.61	21.26	39.0	71.84	32.8	40.02	13.04	30.87	20.25	16.28	0.0
;
