vehicles
vehicle_idx, capacity, cost_per_unit_distance
1,100,1
2,100,1
3,100,1
4,100,1
5,100,1
6,100,1
7,100,1
depot
node_idx,x,y
0,47,5
home delivery customers
node_idx,x,y,service_time,demand
1,1,19,15,20
2,77,87,15,11
3,5,27,15,25
4,41,53,15,2
5,51,87,15,18
6,67,73,15,10
7,71,99,15,14
8,85,85,15,9
9,57,85,15,18
10,61,13,15,15
11,39,15,15,23
12,13,59,15,16
13,43,99,15,14
14,87,73,15,8
15,11,37,15,5
16,77,81,15,8
17,3,63,15,16
18,53,75,15,15
19,73,55,15,9
20,11,9,15,2
21,27,37,15,3
22,63,63,15,3
23,37,21,15,13
24,13,55,15,8
25,45,43,15,9
26,13,11,15,13
27,37,15,15,7
28,53,59,15,16
29,97,83,15,18
self pickup customers
node_idx,x,y,service_time,demand,locker_idxs
30,3,9,15,22,51
31,89,45,15,26,48-56-58-52-53
32,11,1,15,22,51
33,71,33,15,24,48-56-58-54-52
34,21,11,15,12,51-56-58-54
35,81,71,15,2,53-50-57
36,89,75,15,10,57-53-50
37,95,59,15,20,57-53
38,33,47,15,25,51-56-58-54-52-57
39,23,63,15,23,49-57-54-52-58-56
40,47,93,15,16,55-53-50-49-57
41,83,7,15,14,48
42,69,91,15,4,53-57-50-55
43,75,31,15,16,48-54-56-58-52
flexible customers
node_idx,x,y,service_time,demand,locker_idxs
44,97,35,15,14,48
45,23,79,15,5,49-55-57
46,57,11,15,11,48-56-58-51-52-54
47,47,95,15,12,49-53-55-50-57
lockers
node_idx,x,y,service_time,capacity,cost_per_unit_good
48,93,12,10,76,100
49,22,88,10,88,100
50,65,88,10,100,100
51,25,15,10,88,100
52,51,42,10,79,100
53,78,85,10,92,100
54,43,38,10,94,100
55,50,101,10,76,100
56,50,33,10,87,100
57,61,77,10,97,100
58,49,36,10,73,100
mrt lines
start_node_idx,end_node_idx,freight_capacity,cost_per_unit_good
48,49,88,1
49,48,88,1
50,51,100,1
51,50,100,1
distance matrix
,0,1,2,3,4,5,6,7,8,9,10,11,12,13,14,15,16,17,18,19,20,21,22,23,24,25,26,27,28,29,30,31,32,33,34,35,36,37,38,39,40,41,42,43,44,45,46,47,48,49,50,51,52,53,54,55,56,57,58,
0,0.0,48.08,87.32,47.41,48.37,82.1,70.88,97.02,88.57,80.62,16.12,12.81,63.81,94.09,78.89,48.17,81.71,72.8,70.26,56.36,36.22,37.74,60.17,18.87,60.46,38.05,34.53,14.14,54.33,92.65,44.18,58.0,36.22,36.88,26.68,74.24,81.63,72.25,44.27,62.77,88.0,36.06,88.77,38.21,58.31,77.79,11.66,90.0,46.53,86.68,84.93,24.17,37.22,85.8,33.24,96.05,28.16,73.35,31.06
1,48.08,0.0,101.98,8.94,52.5,84.4,85.28,106.3,106.83,86.56,60.3,38.21,41.76,90.35,101.55,20.59,98.08,44.05,76.42,80.5,14.14,31.62,76.03,36.06,37.95,50.12,14.42,36.22,65.6,115.38,10.2,91.76,20.59,71.39,21.54,95.41,104.31,102.16,42.52,49.19,87.13,82.87,99.04,74.97,97.32,63.91,56.57,88.84,92.27,72.12,94.11,24.33,55.04,101.41,46.1,95.52,50.96,83.45,50.92
2,87.32,101.98,0.0,93.72,49.52,26.0,17.2,13.42,8.25,20.1,75.71,81.41,69.86,36.06,17.2,82.8,6.0,77.79,26.83,32.25,102.18,70.71,27.78,77.18,71.55,54.41,99.36,82.37,36.88,20.4,107.52,43.68,108.41,54.33,94.4,16.49,16.97,33.29,59.46,59.09,30.59,80.22,8.94,56.04,55.71,54.59,78.59,31.05,76.69,55.01,12.04,88.81,51.97,2.24,59.64,30.41,60.37,18.87,58.18
3,47.41,8.94,93.72,0.0,44.41,75.6,77.2,97.67,98.81,77.9,57.72,36.06,32.98,81.41,94.02,11.66,90.0,36.06,67.88,73.54,18.97,24.17,68.26,32.56,29.12,43.08,17.89,34.18,57.69,107.7,18.11,85.91,26.68,66.27,22.63,87.82,96.75,95.52,34.41,40.25,78.23,80.52,90.51,70.11,92.35,55.03,54.41,79.92,89.27,63.32,85.56,23.32,48.38,93.24,39.56,86.61,45.4,75.07,44.91
4,48.37,52.5,49.52,44.41,0.0,35.44,32.8,54.92,54.41,35.78,44.72,38.05,28.64,46.04,50.16,34.0,45.61,39.29,25.06,32.06,53.25,21.26,24.17,32.25,28.07,10.77,50.48,38.21,13.42,63.53,58.14,48.66,60.03,36.06,46.52,43.86,52.8,54.33,10.0,20.59,40.45,62.29,47.2,40.5,58.82,31.62,44.94,42.43,66.22,39.82,42.44,41.23,14.87,48.92,15.13,48.84,21.93,31.24,18.79
5,82.1,84.4,26.0,75.6,35.44,0.0,21.26,23.32,34.06,6.32,74.67,72.99,47.2,14.42,38.63,64.03,26.68,53.67,12.17,38.83,87.66,55.46,26.83,67.47,49.68,44.41,84.97,73.35,28.07,46.17,91.59,56.64,94.85,57.58,81.71,34.0,39.85,52.15,43.86,36.88,7.21,86.16,18.44,60.93,69.43,29.12,76.24,8.94,85.96,29.02,14.04,76.55,45.0,27.07,49.65,14.04,54.01,14.14,51.04
6,70.88,85.28,17.2,77.2,32.8,21.26,0.0,26.31,21.63,15.62,60.3,64.4,55.79,35.38,20.0,66.57,12.81,64.78,14.14,18.97,85.04,53.81,10.77,60.03,56.92,37.2,82.22,65.3,19.8,31.62,90.51,35.61,91.21,40.2,77.2,14.14,22.09,31.3,42.8,45.12,28.28,67.91,18.11,42.76,48.41,44.41,62.8,29.73,66.31,47.43,15.13,71.61,34.89,16.28,42.44,32.76,43.46,7.21,41.15
7,97.02,106.3,13.42,97.67,54.92,23.32,26.31,0.0,19.8,19.8,86.58,89.89,70.46,28.0,30.53,86.28,18.97,76.94,30.0,44.05,108.17,76.03,36.88,85.09,72.8,61.74,105.39,90.62,43.86,30.53,112.8,56.92,114.91,66.0,101.21,29.73,30.0,46.65,64.4,60.0,24.74,92.78,8.25,68.12,69.08,52.0,89.11,24.33,89.74,50.22,12.53,95.77,60.41,15.65,67.12,21.1,69.26,24.17,66.73
8,88.57,106.83,8.25,98.81,54.41,34.06,21.63,19.8,0.0,28.0,75.89,83.76,76.55,44.27,12.17,88.2,8.94,84.9,33.53,32.31,106.08,75.29,31.11,80.0,78.0,58.0,103.25,84.88,41.23,12.17,111.8,40.2,111.95,53.85,97.84,14.56,10.77,27.86,64.4,65.79,38.83,78.03,17.09,54.92,51.42,62.29,79.12,39.29,73.44,63.07,20.22,92.2,54.82,7.0,63.03,38.48,62.68,25.3,60.8
9,80.62,86.56,20.1,77.9,35.78,6.32,15.62,19.8,28.0,0.0,72.11,72.28,51.11,19.8,32.31,66.48,20.4,58.31,10.77,34.0,88.84,56.6,22.8,67.05,53.25,43.68,86.09,72.8,26.31,40.05,93.23,51.22,95.77,53.85,82.29,27.78,33.53,46.04,44.94,40.5,12.81,82.22,13.42,56.92,64.03,34.53,74.0,14.14,81.39,35.13,8.54,76.97,43.42,21.0,49.04,17.46,52.47,8.94,49.65
10,16.12,60.3,75.71,57.72,44.72,74.67,60.3,86.58,75.89,72.11,0.0,22.09,66.48,87.86,65.39,55.46,69.86,76.58,62.51,43.68,50.16,41.62,50.04,25.3,63.78,34.0,48.04,24.08,46.69,78.71,58.14,42.52,51.42,22.36,40.05,61.35,68.03,57.2,44.05,62.8,81.22,22.8,78.41,22.8,42.19,76.16,4.47,83.19,32.02,84.53,75.11,36.06,30.68,73.98,30.81,88.68,22.83,64.0,25.94
11,12.81,38.21,81.41,36.06,38.05,72.99,64.4,89.89,83.76,72.28,22.09,0.0,51.11,84.1,75.29,35.61,76.16,60.0,61.61,52.5,28.64,25.06,53.67,6.32,47.71,28.64,26.31,2.0,46.17,89.38,36.5,58.31,31.3,36.72,18.44,70.0,78.1,71.22,32.56,50.6,78.41,44.72,81.71,39.4,61.35,65.97,18.44,80.4,54.08,74.95,77.49,14.0,29.55,80.13,23.35,86.7,21.1,65.79,23.26
12,63.81,41.76,69.86,32.98,28.64,47.2,55.79,70.46,76.55,51.11,66.48,51.11,0.0,50.0,75.31,22.09,67.68,10.77,43.08,60.13,50.04,26.08,50.16,44.94,4.0,35.78,48.0,50.12,40.0,87.36,50.99,77.28,58.03,63.56,48.66,69.05,77.67,82.0,23.32,10.77,48.08,87.2,64.5,68.03,87.36,22.36,65.12,49.52,92.78,30.36,59.54,45.61,41.63,70.01,36.62,55.97,45.22,51.26,42.72
13,94.09,90.35,36.06,81.41,46.04,14.42,35.38,28.0,44.27,19.8,87.86,84.1,50.0,0.0,51.11,69.77,38.47,53.81,26.0,53.25,95.52,64.03,41.18,78.23,53.25,56.04,92.97,84.21,41.23,56.32,98.49,70.94,103.09,71.69,90.71,47.2,51.88,65.6,52.95,41.18,7.21,100.32,27.2,75.15,83.74,28.28,89.11,5.66,100.34,23.71,24.6,85.91,57.56,37.7,61.0,7.28,66.37,28.43,63.29
14,78.89,101.55,17.2,94.02,50.16,38.63,20.0,30.53,12.17,32.31,65.39,75.29,75.31,51.11,0.0,84.1,12.81,84.59,34.06,22.8,99.36,69.97,26.0,72.14,76.16,51.61,96.54,76.58,36.77,14.14,105.6,28.07,104.69,43.08,90.55,6.32,2.83,16.12,59.93,64.78,44.72,66.12,25.46,43.68,39.29,64.28,68.88,45.65,61.29,66.71,26.63,84.9,47.51,15.0,56.22,46.4,54.49,26.31,53.04
15,48.17,20.59,82.8,11.66,34.0,64.03,66.57,86.28,88.2,66.48,55.46,35.61,22.09,69.77,84.1,0.0,79.32,27.2,56.64,64.56,28.0,16.0,58.14,30.53,18.11,34.53,26.08,34.06,47.41,97.53,29.12,78.41,36.0,60.13,27.86,77.82,86.76,86.83,24.17,28.64,66.57,78.0,79.25,64.28,86.02,43.68,52.84,68.26,85.73,52.17,74.28,26.08,40.31,82.42,32.02,74.95,39.2,64.03,38.01
16,81.71,98.08,6.0,90.0,45.61,26.68,12.81,18.97,8.94,20.4,69.86,76.16,67.68,38.47,12.81,79.32,0.0,76.16,24.74,26.31,97.67,66.6,22.8,72.11,69.08,49.68,94.85,77.18,32.56,20.1,103.25,37.95,103.71,48.37,89.64,10.77,13.42,28.43,55.61,56.92,32.31,74.24,12.81,50.04,50.16,54.04,72.8,33.11,70.83,55.44,13.89,84.02,46.87,4.12,54.82,33.6,55.07,16.49,53.0
17,72.8,44.05,77.79,36.06,39.29,53.67,64.78,76.94,84.9,58.31,76.58,60.0,10.77,53.81,84.59,27.2,76.16,0.0,51.42,70.46,54.59,35.38,60.0,54.04,12.81,46.52,52.95,58.82,50.16,96.1,54.0,87.86,62.51,74.32,55.03,78.41,86.83,92.09,34.0,20.0,53.25,97.65,71.69,78.79,98.08,25.61,74.97,54.41,103.45,31.4,66.85,52.8,52.39,78.16,47.17,60.44,55.76,59.67,53.34
18,70.26,76.42,26.83,67.88,25.06,12.17,14.14,30.0,33.53,10.77,62.51,61.61,43.08,26.0,34.06,56.64,24.74,51.42,0.0,28.28,78.23,46.04,15.62,56.32,44.72,32.98,75.47,62.1,16.0,44.72,82.8,46.86,85.09,45.69,71.55,28.28,36.0,44.94,34.41,32.31,18.97,74.32,22.63,49.19,59.46,30.27,64.12,20.88,74.63,33.62,17.69,66.21,33.06,26.93,38.33,26.17,42.11,8.25,39.2
19,56.36,80.5,32.25,73.54,32.06,38.83,18.97,44.05,32.31,34.0,43.68,52.5,60.13,53.25,22.8,64.56,26.31,70.46,28.28,0.0,77.2,49.4,12.81,49.52,60.0,30.46,74.4,53.81,20.4,36.88,83.76,18.87,82.22,22.09,68.12,17.89,25.61,22.36,40.79,50.64,46.04,49.03,36.22,24.08,31.24,55.46,46.82,47.71,47.42,60.75,33.96,62.48,25.55,30.41,34.48,51.43,31.83,25.06,30.61
20,36.22,14.14,102.18,18.97,53.25,87.66,85.04,108.17,106.08,88.84,50.16,28.64,50.04,95.52,99.36,28.0,97.67,54.59,78.23,77.2,0.0,32.25,74.97,28.64,46.04,48.08,2.83,26.68,65.3,113.45,8.0,85.91,8.0,64.62,10.2,93.51,102.18,97.75,43.91,55.32,91.39,72.03,100.44,67.68,89.84,71.02,46.04,93.23,82.05,79.76,95.69,15.23,51.86,101.32,43.19,99.92,45.79,84.4,46.62
21,37.74,31.62,70.71,24.17,21.26,55.46,53.81,76.03,75.29,56.6,41.62,25.06,26.08,64.03,69.97,16.0,66.6,35.38,46.04,49.4,32.25,0.0,44.41,18.87,22.8,18.97,29.53,24.17,34.06,83.76,36.88,62.51,39.4,44.18,26.68,63.81,72.72,71.47,11.66,26.31,59.46,63.53,68.41,48.37,70.03,42.19,39.7,61.35,70.58,51.24,63.6,22.09,24.52,70.04,16.03,68.01,23.35,52.5,22.02
22,60.17,76.03,27.78,68.26,24.17,26.83,10.77,36.88,31.11,22.8,50.04,53.67,50.16,41.18,26.0,58.14,22.8,60.0,15.62,12.81,74.97,44.41,0.0,49.4,50.64,26.91,72.14,54.59,10.77,39.45,80.72,31.62,80.92,31.05,66.84,19.7,28.64,32.25,34.0,40.0,34.0,59.46,28.64,34.18,44.05,43.08,52.35,35.78,59.17,48.02,25.08,61.22,24.19,26.63,32.02,40.16,32.7,14.14,30.41
23,18.87,36.06,77.18,32.56,32.25,67.47,60.03,85.09,80.0,67.05,25.3,6.32,44.94,78.23,72.14,30.53,72.11,54.04,56.32,49.52,28.64,18.87,49.4,0.0,41.62,23.41,26.0,6.0,41.23,86.28,36.06,57.27,32.8,36.06,18.87,66.6,74.97,69.34,26.31,44.27,72.69,48.08,76.97,39.29,61.61,59.67,22.36,74.67,56.72,68.66,72.62,13.42,25.24,76.01,18.03,81.05,17.69,60.93,19.21
24,60.46,37.95,71.55,29.12,28.07,49.68,56.92,72.8,78.0,53.25,63.78,47.71,4.0,53.25,76.16,18.11,69.08,12.81,44.72,60.0,46.04,22.8,50.64,41.62,0.0,34.18,44.0,46.65,40.2,88.54,47.07,76.66,54.04,62.03,44.72,69.86,78.59,82.1,21.54,12.81,50.99,84.88,66.57,66.48,86.35,26.0,62.23,52.5,90.82,34.21,61.59,41.76,40.16,71.59,34.48,59.03,43.05,52.8,40.71
25,38.05,50.12,54.41,43.08,10.77,44.41,37.2,61.74,58.0,43.68,34.0,28.64,35.78,56.04,51.61,34.53,49.68,46.52,32.98,30.46,48.08,18.97,26.91,23.41,34.18,0.0,45.25,29.12,17.89,65.6,54.04,44.05,54.04,27.86,40.0,45.61,54.41,52.5,12.65,29.73,50.04,52.35,53.67,32.31,52.61,42.19,34.18,52.04,57.14,50.54,49.24,34.41,6.08,53.41,5.39,58.22,11.18,37.58,8.06
26,34.53,14.42,99.36,17.89,50.48,84.97,82.22,105.39,103.25,86.09,48.04,26.31,48.0,92.97,96.54,26.08,94.85,52.95,75.47,74.4,2.83,29.53,72.14,26.0,44.0,45.25,0.0,24.33,62.48,110.63,10.2,83.26,10.2,62.03,8.0,90.69,99.36,95.02,41.18,52.95,88.77,70.11,97.65,65.15,87.36,68.73,44.0,90.62,80.01,77.52,92.91,12.65,49.04,98.49,40.36,97.31,43.05,81.61,43.83
27,14.14,36.22,82.37,34.18,38.21,73.35,65.3,90.62,84.88,72.8,24.08,2.0,50.12,84.21,76.58,34.06,77.18,58.82,62.1,53.81,26.68,24.17,54.59,6.0,46.65,29.12,24.33,0.0,46.82,90.69,34.53,60.03,29.53,38.47,16.49,71.22,79.4,72.8,32.25,50.0,78.64,46.69,82.46,41.23,63.25,65.51,20.4,80.62,56.08,74.53,78.19,12.0,30.41,81.12,23.77,86.98,22.2,66.48,24.19
28,54.33,65.6,36.88,57.69,13.42,28.07,19.8,43.86,41.23,26.31,46.69,46.17,40.0,41.23,36.77,47.41,32.56,50.16,16.0,20.4,65.3,34.06,10.77,41.23,40.2,17.89,62.48,46.82,0.0,50.12,70.71,38.63,71.61,31.62,57.69,30.46,39.4,42.0,23.32,30.27,34.53,60.03,35.78,35.61,50.12,36.06,48.17,36.5,61.72,42.45,31.38,52.15,17.12,36.07,23.26,42.11,26.17,19.7,23.35
29,92.65,115.38,20.4,107.7,63.53,46.17,31.62,30.53,12.17,40.05,78.71,89.38,87.36,56.32,14.14,97.53,20.1,96.1,44.72,36.88,113.45,83.76,39.45,86.28,88.54,65.6,110.63,90.69,50.12,0.0,119.63,38.83,118.83,56.36,104.69,20.0,11.31,24.08,73.43,76.66,50.99,77.28,29.12,56.46,48.0,74.11,82.37,51.42,71.11,75.17,32.39,99.04,61.62,19.1,70.29,50.33,68.62,36.5,67.18
30,44.18,10.2,107.52,18.11,58.14,91.59,90.51,112.8,111.8,93.23,58.14,36.5,50.99,98.49,105.6,29.12,103.25,54.0,82.8,83.76,8.0,36.88,80.72,36.06,47.07,54.04,10.2,34.53,70.71,119.63,0.0,93.23,11.31,72.11,18.11,99.64,108.41,104.71,48.41,57.58,94.83,80.02,105.26,75.29,97.53,72.8,54.04,96.6,90.05,81.25,100.42,22.8,58.25,106.78,49.41,103.31,52.77,89.38,53.34
31,58.0,91.76,43.68,85.91,48.66,56.64,35.61,56.92,40.2,51.22,42.52,58.31,77.28,70.94,28.07,78.41,37.95,87.86,46.86,18.87,85.91,62.51,31.62,57.27,76.66,44.05,83.26,60.03,38.63,38.83,93.23,0.0,89.55,21.63,76.03,27.2,30.0,15.23,56.04,68.41,63.78,38.47,50.16,19.8,12.81,74.24,46.69,65.3,33.24,79.61,49.24,70.68,38.12,41.48,46.53,68.24,40.8,42.52,41.0
32,36.22,20.59,108.41,26.68,60.03,94.85,91.21,114.91,111.95,95.77,51.42,31.3,58.03,103.09,104.69,36.0,103.71,62.51,85.09,82.22,8.0,39.4,80.92,32.8,54.04,54.04,10.2,29.53,71.61,118.83,11.31,89.55,0.0,68.0,14.14,98.99,107.52,102.08,50.99,63.15,98.79,72.25,107.07,70.68,92.48,78.92,47.07,100.66,82.73,87.69,102.4,19.8,57.28,107.45,48.92,107.34,50.45,90.97,51.66
33,36.88,71.39,54.33,66.27,36.06,57.58,40.2,66.0,53.85,53.85,22.36,36.72,63.56,71.69,43.08,60.13,48.37,74.32,45.69,22.09,64.62,44.18,31.05,36.06,62.03,27.86,62.03,38.47,31.62,56.36,72.11,21.63,68.0,0.0,54.63,39.29,45.69,35.38,40.5,56.6,64.62,28.64,58.03,4.47,26.08,66.48,26.08,66.48,30.41,73.66,55.33,49.4,21.93,52.47,28.44,71.17,21.0,45.12,22.2
34,26.68,21.54,94.4,22.63,46.52,81.71,77.2,101.21,97.84,82.29,40.05,18.44,48.66,90.71,90.55,27.86,89.64,55.03,71.55,68.12,10.2,26.68,66.84,18.87,44.72,40.0,8.0,16.49,57.69,104.69,18.11,76.03,14.14,54.63,0.0,84.85,93.38,88.2,37.95,52.04,86.02,62.13,93.3,57.58,79.7,68.03,36.0,87.93,72.01,77.01,88.68,5.66,43.14,93.41,34.83,94.56,36.4,77.18,37.54
35,74.24,95.41,16.49,87.82,43.86,34.0,14.14,29.73,14.56,27.78,61.35,70.0,69.05,47.2,6.32,77.82,10.77,78.41,28.28,17.89,93.51,63.81,19.7,66.6,69.86,45.61,90.69,71.22,30.46,20.0,99.64,27.2,98.99,39.29,84.85,0.0,8.94,18.44,53.67,58.55,40.5,64.03,23.32,40.45,39.4,58.55,64.62,41.62,60.21,61.4,23.35,79.2,41.73,14.32,50.33,43.14,49.04,20.88,47.42
36,81.63,104.31,16.97,96.75,52.8,39.85,22.09,30.0,10.77,33.53,68.03,78.1,77.67,51.88,2.83,86.76,13.42,86.83,36.0,25.61,102.18,72.72,28.64,74.97,78.59,54.41,99.36,79.4,39.4,11.31,108.41,30.0,107.52,45.69,93.38,8.94,0.0,17.09,62.61,67.08,45.69,68.26,25.61,46.17,40.79,66.12,71.55,46.52,63.13,68.25,27.29,87.73,50.33,14.87,59.03,46.87,57.31,28.07,55.87
37,72.25,102.16,33.29,95.52,54.33,52.15,31.3,46.65,27.86,46.04,57.2,71.22,82.0,65.6,16.12,86.83,28.43,92.09,44.94,22.36,97.75,71.47,32.25,69.34,82.1,52.5,95.02,72.8,42.0,24.08,104.71,15.23,102.08,35.38,88.2,18.44,17.09,0.0,63.15,72.11,58.82,53.37,41.23,34.41,24.08,74.73,61.22,60.0,47.04,78.55,41.73,82.68,47.17,31.06,56.08,61.55,51.97,38.47,51.43
38,44.27,42.52,59.46,34.41,10.0,43.86,42.8,64.4,64.4,44.94,44.05,32.56,23.32,52.95,59.93,24.17,55.61,34.0,34.41,40.79,43.91,11.66,34.0,26.31,21.54,12.65,41.18,32.25,23.32,73.43,48.41,56.04,50.99,40.5,37.95,53.67,62.61,63.15,0.0,18.87,48.08,64.03,56.85,44.94,65.12,33.53,43.27,50.0,69.46,42.45,52.01,32.98,18.68,58.9,13.45,56.61,22.02,41.04,19.42
39,62.77,49.19,59.09,40.25,20.59,36.88,45.12,60.0,65.79,40.5,62.8,50.6,10.77,41.18,64.78,28.64,56.92,20.0,32.31,50.64,55.32,26.31,40.0,44.27,12.81,29.73,52.95,50.0,30.27,76.66,57.58,68.41,63.15,56.6,52.04,58.55,67.08,72.11,18.87,0.0,38.42,82.07,53.85,61.06,79.12,16.0,62.13,40.0,86.61,25.02,48.88,48.04,35.0,59.24,32.02,46.62,40.36,40.5,37.48
40,88.0,87.13,30.59,78.23,40.45,7.21,28.28,24.74,38.83,12.81,81.22,78.41,48.08,7.21,44.72,66.57,32.31,53.25,18.97,46.04,91.39,59.46,34.0,72.69,50.99,50.04,88.77,78.64,34.53,50.99,94.83,63.78,98.79,64.62,86.02,40.5,45.69,58.82,48.08,38.42,0.0,93.23,22.09,68.03,76.58,27.78,82.61,2.0,93.15,25.5,18.68,81.04,51.16,32.02,55.15,8.54,60.07,21.26,57.04
41,36.06,82.87,80.22,80.52,62.29,86.16,67.91,92.78,78.03,82.22,22.8,44.72,87.2,100.32,66.12,78.0,74.24,97.65,74.32,49.03,72.03,63.53,59.46,48.08,84.88,52.35,70.11,46.69,60.03,77.28,80.02,38.47,72.25,28.64,62.13,64.03,68.26,53.37,64.03,82.07,93.23,0.0,85.16,25.3,31.3,93.72,26.31,95.08,11.18,101.4,82.98,58.55,47.42,78.16,50.61,99.62,42.01,73.38,44.69
42,88.77,99.04,8.94,90.51,47.2,18.44,18.11,8.25,17.09,13.42,78.41,81.71,64.5,27.2,25.46,79.25,12.81,71.69,22.63,36.22,100.44,68.41,28.64,76.97,66.57,53.67,97.65,82.46,35.78,29.12,105.26,50.16,107.07,58.03,93.3,23.32,25.61,41.23,56.85,53.85,22.09,85.16,0.0,60.3,62.61,47.54,80.89,22.36,82.57,47.1,5.0,87.82,52.2,10.82,59.03,21.47,61.03,16.12,58.52
43,38.21,74.97,56.04,70.11,40.5,60.93,42.76,68.12,54.92,56.92,22.8,39.4,68.03,75.15,43.68,64.28,50.04,78.79,49.19,24.08,67.68,48.37,34.18,39.29,66.48,32.31,65.15,41.23,35.61,56.46,75.29,19.8,70.68,4.47,57.58,40.45,46.17,34.41,44.94,61.06,68.03,25.3,60.3,0.0,22.36,70.77,26.91,69.86,26.17,77.83,57.87,52.5,26.4,54.08,32.76,74.33,25.08,48.08,26.48
44,58.31,97.32,55.71,92.35,58.82,69.43,48.41,69.08,51.42,64.03,42.19,61.35,87.36,83.74,39.29,86.02,50.16,98.08,59.46,31.24,89.84,70.03,44.05,61.61,86.35,52.61,87.36,63.25,50.12,48.0,97.53,12.81,92.48,26.08,79.7,39.4,40.79,24.08,65.12,79.12,76.58,31.3,62.61,22.36,0.0,86.09,46.65,78.1,23.35,91.84,61.91,74.73,46.53,53.49,54.08,81.02,47.04,55.32,48.01
45,77.79,63.91,54.59,55.03,31.62,29.12,44.41,52.0,62.29,34.53,76.16,65.97,22.36,28.28,64.28,43.68,54.04,25.61,30.27,55.46,71.02,42.19,43.08,59.67,26.0,42.19,68.73,65.51,36.06,74.11,72.8,74.24,78.92,66.48,68.03,58.55,66.12,74.73,33.53,16.0,27.78,93.72,47.54,70.77,86.09,0.0,76.03,28.84,96.9,9.06,42.95,64.03,46.4,55.33,45.62,34.83,53.34,38.05,50.25
46,11.66,56.57,78.59,54.41,44.94,76.24,62.8,89.11,79.12,74.0,4.47,18.44,65.12,89.11,68.88,52.84,72.8,74.97,64.12,46.82,46.04,39.7,52.35,22.36,62.23,34.18,44.0,20.4,48.17,82.37,54.04,46.69,47.07,26.08,36.0,64.62,71.55,61.22,43.27,62.13,82.61,26.31,80.89,26.91,46.65,76.03,0.0,84.59,36.01,84.58,77.41,32.25,31.58,76.92,30.41,90.27,23.09,66.12,26.25
47,90.0,88.84,31.05,79.92,42.43,8.94,29.73,24.33,39.29,14.14,83.19,80.4,49.52,5.66,45.65,68.26,33.11,54.41,20.88,47.71,93.23,61.35,35.78,74.67,52.5,52.04,90.62,80.62,36.5,51.42,96.6,65.3,100.66,66.48,87.93,41.62,46.52,60.0,50.0,40.0,2.0,95.08,22.36,69.86,78.1,28.84,84.59,0.0,94.89,25.96,19.31,82.97,53.15,32.57,57.14,6.71,62.07,22.8,59.03
48,46.53,92.27,76.69,89.27,66.22,85.96,66.31,89.74,73.44,81.39,32.02,54.08,92.78,100.34,61.29,85.73,70.83,103.45,74.63,47.42,82.05,70.58,59.17,56.72,90.82,57.14,80.01,56.08,61.72,71.11,90.05,33.24,82.73,30.41,72.01,60.21,63.13,47.04,69.46,86.61,93.15,11.18,82.57,26.17,23.35,96.9,36.01,94.89,0.0,104.0,80.99,68.07,51.61,74.53,56.36,98.84,47.85,72.45,50.12
49,86.68,72.12,55.01,63.32,39.82,29.02,47.43,50.22,63.07,35.13,84.53,74.95,30.36,23.71,66.71,52.17,55.44,31.4,33.62,60.75,79.76,51.24,48.02,68.66,34.21,50.54,77.52,74.53,42.45,75.17,81.25,79.61,87.69,73.66,77.01,61.4,68.25,78.55,42.45,25.02,25.5,101.4,47.1,77.83,91.84,9.06,84.58,25.96,104.0,0.0,43.0,73.06,54.38,56.08,54.23,30.87,61.72,40.52,58.59
50,84.93,94.11,12.04,85.56,42.44,14.04,15.13,12.53,20.22,8.54,75.11,77.49,59.54,24.6,26.63,74.28,13.89,66.85,17.69,33.96,95.69,63.6,25.08,72.62,61.59,49.24,92.91,78.19,31.38,32.39,100.42,49.24,102.4,55.33,88.68,23.35,27.29,41.73,52.01,48.88,18.68,82.98,5.0,57.87,61.91,42.95,77.41,19.31,80.99,43.0,0.0,83.24,48.08,13.34,54.63,19.85,57.01,11.7,54.41
51,24.17,24.33,88.81,23.32,41.23,76.55,71.61,95.77,92.2,76.97,36.06,14.0,45.61,85.91,84.9,26.08,84.02,52.8,66.21,62.48,15.23,22.09,61.22,13.42,41.76,34.41,12.65,12.0,52.15,99.04,22.8,70.68,19.8,49.4,5.66,79.2,87.73,82.68,32.98,48.04,81.04,58.55,87.82,52.5,74.73,64.03,32.25,82.97,68.07,73.06,83.24,0.0,37.48,87.8,29.21,89.56,30.81,71.69,31.89
52,37.22,55.04,51.97,48.38,14.87,45.0,34.89,60.41,54.82,43.42,30.68,29.55,41.63,57.56,47.51,40.31,46.87,52.39,33.06,25.55,51.86,24.52,24.19,25.24,40.16,6.08,49.04,30.41,17.12,61.62,58.25,38.12,57.28,21.93,43.14,41.73,50.33,47.17,18.68,35.0,51.16,47.42,52.2,26.4,46.53,46.4,31.58,53.15,51.61,54.38,48.08,37.48,0.0,50.77,8.94,59.01,9.06,36.4,6.32
53,85.8,101.41,2.24,93.24,48.92,27.07,16.28,15.65,7.0,21.0,73.98,80.13,70.01,37.7,15.0,82.42,4.12,78.16,26.93,30.41,101.32,70.04,26.63,76.01,71.59,53.41,98.49,81.12,36.07,19.1,106.78,41.48,107.45,52.47,93.41,14.32,14.87,31.06,58.9,59.24,32.02,78.16,10.82,54.08,53.49,55.33,76.92,32.57,74.53,56.08,13.34,87.8,50.77,0.0,58.6,32.25,59.06,18.79,56.94
54,33.24,46.1,59.64,39.56,15.13,49.65,42.44,67.12,63.03,49.04,30.81,23.35,36.62,61.0,56.22,32.02,54.82,47.17,38.33,34.48,43.19,16.03,32.02,18.03,34.48,5.39,40.36,23.77,23.26,70.29,49.41,46.53,48.92,28.44,34.83,50.33,59.03,56.08,13.45,32.02,55.15,50.61,59.03,32.76,54.08,45.62,30.41,57.14,56.36,54.23,54.63,29.21,8.94,58.6,0.0,63.39,8.6,42.95,6.32
55,96.05,95.52,30.41,86.61,48.84,14.04,32.76,21.1,38.48,17.46,88.68,86.7,55.97,7.28,46.4,74.95,33.6,60.44,26.17,51.43,99.92,68.01,40.16,81.05,59.03,58.22,97.31,86.98,42.11,50.33,103.31,68.24,107.34,71.17,94.56,43.14,46.87,61.55,56.61,46.62,8.54,99.62,21.47,74.33,81.02,34.83,90.27,6.71,98.84,30.87,19.85,89.56,59.01,32.25,63.39,0.0,68.0,26.4,65.01
56,28.16,50.96,60.37,45.4,21.93,54.01,43.46,69.26,62.68,52.47,22.83,21.1,45.22,66.37,54.49,39.2,55.07,55.76,42.11,31.83,45.79,23.35,32.7,17.69,43.05,11.18,43.05,22.2,26.17,68.62,52.77,40.8,50.45,21.0,36.4,49.04,57.31,51.97,22.02,40.36,60.07,42.01,61.03,25.08,47.04,53.34,23.09,62.07,47.85,61.72,57.01,30.81,9.06,59.06,8.6,68.0,0.0,45.35,3.16
57,73.35,83.45,18.87,75.07,31.24,14.14,7.21,24.17,25.3,8.94,64.0,65.79,51.26,28.43,26.31,64.03,16.49,59.67,8.25,25.06,84.4,52.5,14.14,60.93,52.8,37.58,81.61,66.48,19.7,36.5,89.38,42.52,90.97,45.12,77.18,20.88,28.07,38.47,41.04,40.5,21.26,73.38,16.12,48.08,55.32,38.05,66.12,22.8,72.45,40.52,11.7,71.69,36.4,18.79,42.95,26.4,45.35,0.0,42.72
58,31.06,50.92,58.18,44.91,18.79,51.04,41.15,66.73,60.8,49.65,25.94,23.26,42.72,63.29,53.04,38.01,53.0,53.34,39.2,30.61,46.62,22.02,30.41,19.21,40.71,8.06,43.83,24.19,23.35,67.18,53.34,41.0,51.66,22.2,37.54,47.42,55.87,51.43,19.42,37.48,57.04,44.69,58.52,26.48,48.01,50.25,26.25,59.03,50.12,58.59,54.41,31.89,6.32,56.94,6.32,65.01,3.16,42.72,0.0
