vehicles
vehicle_idx, capacity, cost_per_unit_distance
1,100,1
2,100,1
3,100,1
4,100,1
5,100,1
6,100,1
depot
node_idx,x,y
0,14,68
home delivery customers
node_idx,x,y,service_time,demand
1,73,2,15,8
2,33,42,15,18
3,24,79,15,14
4,72,67,15,14
5,78,63,15,8
6,1,2,15,13
7,2,28,15,18
8,32,82,15,4
9,39,53,15,14
10,87,1,15,8
11,83,27,15,13
12,79,92,15,2
13,58,32,15,18
14,38,37,15,24
15,63,59,15,8
16,38,23,15,13
17,63,32,15,24
18,22,73,15,23
19,88,94,15,9
20,58,78,15,13
21,43,62,15,14
22,73,1,15,14
23,17,32,15,18
24,87,79,15,24
25,48,53,15,8
26,48,23,15,13
27,7,37,15,4
self pickup customers
node_idx,x,y,service_time,demand,locker_idxs
28,13,47,15,24,53-54-50-47-52
29,37,44,15,9,51-47-55-52-50-53-54
30,34,63,15,19,55-46-50-54-53-51-45
31,18,98,15,9,45-51
32,17,28,15,3,47-52-53-54-50
33,42,48,15,8,51-55-50-54-53-52-47
34,97,38,15,24,44-49
35,42,77,15,18,48-55-50-54-46-53-45-51
36,32,88,15,14,46-45-51-54-53
37,12,24,15,4,53-47-52
38,98,77,15,14,46-48
39,34,12,15,18,47-52-49-54
flexible customers
node_idx,x,y,service_time,demand,locker_idxs
40,58,98,15,9,45-48-46-51
41,22,39,15,9,47-53-55-52-50-54
42,53,84,15,3,45-48-51-46-53-54-50-55
43,42,88,15,24,48-46-45-51-53-55-50-54
lockers
node_idx,x,y,service_time,capacity,cost_per_unit_good
44,93,12,10,73,100
45,22,88,10,85,100
46,65,88,10,88,100
47,25,15,10,95,100
48,77,88,10,72,100
49,72,14,10,81,100
50,51,51,10,85,100
51,40,81,10,81,100
52,29,20,10,78,100
53,35,58,10,76,100
54,46,50,10,86,100
55,55,49,10,89,100
mrt lines
start_node_idx,end_node_idx,freight_capacity,cost_per_unit_good
44,45,85,1
45,44,85,1
46,47,95,1
47,46,95,1
48,49,81,1
49,48,81,1
distance matrix
,0,1,2,3,4,5,6,7,8,9,10,11,12,13,14,15,16,17,18,19,20,21,22,23,24,25,26,27,28,29,30,31,32,33,34,35,36,37,38,39,40,41,42,43,44,45,46,47,48,49,50,51,52,53,54,55,
0,0.0,88.53,32.2,14.87,58.01,64.2,67.27,41.76,22.8,29.15,99.09,80.26,69.29,56.85,39.2,49.82,51.0,60.8,9.43,78.43,45.12,29.61,89.27,36.12,73.82,37.16,56.4,31.78,21.02,33.24,20.62,30.27,40.11,34.41,88.26,29.41,26.91,44.05,84.48,59.46,53.25,30.08,42.15,34.41,96.83,21.54,54.78,54.13,66.1,79.25,40.72,29.07,50.29,23.26,36.72,45.19
1,88.53,0.0,56.57,91.27,65.01,61.2,72.0,75.61,89.89,61.29,14.04,26.93,90.2,33.54,49.5,57.87,40.82,31.62,87.42,93.21,77.47,67.08,1.0,63.53,78.26,56.8,32.65,74.71,75.0,55.32,72.4,110.64,61.74,55.47,43.27,81.15,95.27,64.85,79.06,40.26,97.16,63.01,84.4,91.42,22.36,99.98,86.37,49.73,86.09,12.04,53.71,85.62,47.54,67.68,55.07,50.33
2,32.2,56.57,0.0,38.08,46.32,49.66,51.22,34.01,40.01,12.53,67.8,52.2,67.94,26.93,7.07,34.48,19.65,31.62,32.89,75.69,43.83,22.36,57.28,18.87,65.46,18.6,24.21,26.48,20.62,4.47,21.02,57.97,21.26,10.82,64.12,36.14,46.01,27.66,73.82,30.02,61.33,11.4,46.52,46.87,67.08,47.3,56.04,28.16,63.66,48.01,20.12,39.62,22.36,16.12,15.26,23.09
3,14.87,91.27,38.08,0.0,49.48,56.32,80.36,55.54,8.54,30.02,100.26,78.64,56.52,58.01,44.27,43.83,57.72,61.07,6.32,65.73,34.01,25.5,92.11,47.52,63.0,35.38,60.93,45.31,33.84,37.34,18.87,19.92,51.48,35.85,83.73,18.11,12.04,56.29,74.03,67.74,38.95,40.05,29.43,20.12,96.18,9.22,41.98,64.01,53.76,80.8,38.9,16.12,59.21,23.71,36.4,43.14
4,58.01,65.01,46.32,49.48,0.0,7.21,96.26,80.13,42.72,35.85,67.68,41.48,25.96,37.7,45.34,12.04,55.61,36.14,50.36,31.38,17.8,29.43,66.01,65.19,19.21,27.78,50.12,71.59,62.3,41.88,38.21,62.27,67.42,35.51,38.29,31.62,45.18,73.82,27.86,66.85,34.01,57.31,25.5,36.62,58.87,54.23,22.14,70.09,21.59,53.0,26.4,34.93,63.7,38.08,31.06,24.76
5,64.2,61.2,49.66,56.32,7.21,0.0,98.23,83.67,49.77,40.26,62.65,36.35,29.02,36.89,47.71,15.52,56.57,34.44,56.89,32.57,25.0,35.01,62.2,68.43,18.36,31.62,50.0,75.61,66.94,45.19,44.0,69.46,70.33,39.0,31.4,38.63,52.35,76.66,24.41,67.36,40.31,60.93,32.65,43.83,53.16,61.33,28.18,71.51,25.02,49.37,29.55,42.05,65.19,43.29,34.54,26.93
6,67.27,72.0,51.22,80.36,96.26,98.23,0.0,26.02,85.8,63.6,86.01,85.73,119.1,64.41,50.93,84.22,42.54,68.88,74.04,126.62,95.0,73.24,72.01,34.0,115.43,69.35,51.48,35.51,46.57,55.32,69.35,97.49,30.53,61.62,102.53,85.48,91.42,24.6,122.61,34.48,111.65,42.54,97.1,95.27,92.54,88.53,107.2,27.29,114.77,72.01,70.01,88.1,33.29,65.51,65.8,71.59
7,41.76,75.61,34.01,55.54,80.13,83.67,26.02,0.0,61.77,44.65,89.19,81.01,100.12,56.14,37.11,68.43,36.35,61.13,49.24,108.41,75.07,53.26,75.96,15.52,99.13,52.35,46.27,10.3,21.95,38.48,47.42,71.81,15.0,44.72,95.52,63.25,67.08,10.77,107.78,35.78,89.64,22.83,75.74,72.11,92.4,63.25,87.0,26.42,96.05,71.39,54.13,65.22,28.16,44.6,49.19,57.01
8,22.8,89.89,40.01,8.54,42.72,49.77,85.8,61.77,0.0,29.83,97.91,75.01,48.05,56.36,45.4,38.6,59.3,58.83,13.45,57.27,26.31,22.83,90.79,52.2,55.08,33.12,61.13,51.48,39.82,38.33,19.1,21.26,56.04,35.44,78.49,11.18,6.0,61.35,66.19,70.03,30.53,44.15,21.1,11.66,92.85,11.66,33.54,67.36,45.4,78.89,36.36,8.06,62.07,24.19,34.93,40.22
9,29.15,61.29,12.53,30.02,35.85,40.26,63.6,44.65,29.83,0.0,70.77,51.11,55.87,28.32,16.03,24.74,30.02,31.89,26.25,63.89,31.4,9.85,62.13,30.41,54.59,9.0,31.32,35.78,26.68,9.22,11.18,49.66,33.3,5.83,59.91,24.19,35.69,39.62,63.69,41.3,48.85,22.02,34.01,35.13,67.8,38.91,43.6,40.5,51.66,51.09,12.17,28.02,34.48,6.4,7.62,16.49
10,99.09,14.04,67.8,100.26,67.68,62.65,86.01,89.19,97.91,70.77,0.0,26.31,91.35,42.45,60.8,62.77,53.71,39.2,97.0,93.01,82.28,75.21,14.0,76.56,78.0,65.0,44.78,87.73,87.13,65.95,81.57,119.04,75.03,65.07,38.33,88.32,102.93,78.45,76.79,54.13,101.24,75.29,89.69,97.95,12.53,108.6,89.74,63.56,87.57,19.85,61.61,92.78,61.03,77.16,63.89,57.69
11,80.26,26.93,52.2,78.64,41.48,36.35,85.73,81.01,75.01,51.11,26.31,0.0,65.12,25.5,46.1,37.74,45.18,20.62,76.4,67.19,56.8,53.15,27.86,66.19,52.15,43.6,35.23,76.66,72.8,49.04,60.8,96.26,66.01,46.07,17.8,64.66,79.51,71.06,52.2,51.24,75.27,62.17,64.41,73.5,18.03,86.27,63.6,59.23,61.29,17.03,40.0,69.03,54.45,57.14,43.57,35.61
12,69.29,90.2,67.94,56.52,25.96,29.02,119.1,100.12,48.05,55.87,91.35,65.12,0.0,63.57,68.6,36.67,80.26,62.1,60.08,9.22,25.24,46.86,91.2,86.28,15.26,49.82,75.64,90.6,79.88,63.78,53.54,61.29,89.11,57.49,56.92,39.92,47.17,95.46,24.21,91.79,21.84,77.83,27.2,37.22,81.22,57.14,14.56,94.05,4.47,78.31,49.65,40.52,87.66,55.61,53.41,49.24
13,56.85,33.54,26.93,58.01,37.7,36.89,64.41,56.14,56.36,28.32,42.45,25.5,63.57,0.0,20.62,27.46,21.93,5.0,54.56,68.88,46.0,33.54,34.44,41.0,55.23,23.26,13.45,51.24,47.43,24.19,39.2,77.18,41.19,22.63,39.46,47.76,61.74,46.69,60.21,31.24,66.0,36.67,52.24,58.24,40.31,66.57,56.44,37.12,59.14,22.8,20.25,52.2,31.38,34.71,21.63,17.26
14,39.2,49.5,7.07,44.27,45.34,47.71,50.93,37.11,45.4,16.03,60.8,46.1,68.6,20.62,0.0,33.3,14.0,25.5,39.4,75.82,45.62,25.5,50.21,21.59,64.54,18.87,17.2,31.0,26.93,7.07,26.31,64.2,22.85,11.7,59.01,40.2,51.35,29.07,72.11,25.32,64.2,16.12,49.34,51.16,60.42,53.45,57.71,25.55,64.2,41.05,19.1,44.05,19.24,21.21,15.26,20.81
15,49.82,57.87,34.48,43.83,12.04,15.52,84.22,68.43,38.6,24.74,62.77,37.74,36.67,27.46,33.3,0.0,43.83,27.0,43.32,43.01,19.65,20.22,58.86,53.34,31.24,16.16,39.0,60.17,51.42,30.02,29.27,59.55,55.47,23.71,39.96,27.66,42.45,61.85,39.36,55.23,39.32,45.62,26.93,35.81,55.76,50.22,29.07,58.14,32.2,45.89,14.42,31.83,51.74,28.02,19.24,12.81
16,51.0,40.82,19.65,57.72,55.61,56.57,42.54,36.35,59.3,30.02,53.71,45.18,80.26,21.93,14.0,43.83,0.0,26.57,52.5,86.84,58.52,39.32,41.34,22.85,74.41,31.62,10.0,34.01,34.66,21.02,40.2,77.62,21.59,25.32,60.88,54.15,65.28,26.02,80.72,11.7,77.62,22.63,62.82,65.12,56.09,66.94,70.38,15.26,75.8,35.17,30.87,58.03,9.49,35.13,28.16,31.06
17,60.8,31.62,31.62,61.07,36.14,34.44,68.88,61.13,58.83,31.89,39.2,20.62,62.1,5.0,25.5,27.0,26.57,0.0,57.98,66.85,46.27,36.06,32.57,46.0,52.77,25.81,17.49,56.22,52.2,28.64,42.45,79.88,46.17,26.4,34.53,49.66,64.01,51.62,57.01,35.23,66.19,41.59,52.95,59.81,36.06,69.4,56.04,41.63,57.72,20.12,22.47,54.13,36.06,38.21,24.76,18.79
18,9.43,87.42,32.89,6.32,50.36,56.89,74.04,49.24,13.45,26.25,97.0,76.4,60.08,54.56,39.4,43.32,52.5,57.98,0.0,69.26,36.35,23.71,88.23,41.3,65.28,32.8,56.36,39.0,27.51,32.65,15.62,25.32,45.28,32.02,82.76,20.4,18.03,50.01,76.11,62.17,43.83,34.0,32.89,25.0,93.61,15.0,45.54,58.08,57.01,77.34,36.4,19.7,53.46,19.85,33.24,40.8
19,78.43,93.21,75.69,65.73,31.38,32.57,126.62,108.41,57.27,63.89,93.01,67.19,9.22,68.88,75.82,43.01,86.84,66.85,69.26,0.0,34.0,55.22,94.2,94.26,15.03,57.28,81.49,99.05,88.51,71.42,62.27,70.11,96.94,65.05,56.72,49.04,56.32,103.32,19.72,98.18,30.27,85.91,36.4,46.39,82.15,66.27,23.77,101.04,12.53,81.58,56.73,49.73,94.64,64.07,60.83,55.8
20,45.12,77.47,43.83,34.01,17.8,25.0,95.0,75.07,26.31,31.4,82.28,56.8,25.24,46.0,45.62,19.65,58.52,46.27,36.35,34.0,0.0,21.93,78.45,61.62,29.02,26.93,55.9,65.44,54.64,39.96,28.3,44.72,64.66,34.0,55.87,16.03,27.86,70.94,40.01,70.23,20.0,53.08,7.81,18.87,74.71,37.36,12.21,71.12,21.47,65.51,27.89,18.25,64.85,30.48,30.46,29.15
21,29.61,67.08,22.36,25.5,29.43,35.01,73.24,53.26,22.83,9.85,75.21,53.15,46.86,33.54,25.5,20.22,39.32,36.06,23.71,55.22,21.93,0.0,67.98,39.7,47.17,10.3,39.32,43.83,33.54,18.97,9.06,43.83,42.8,14.04,59.09,15.03,28.23,49.04,57.01,50.8,39.0,31.14,24.17,26.02,70.71,33.42,34.06,50.33,42.8,56.08,13.6,19.24,44.27,8.94,12.37,17.69
22,89.27,1.0,57.28,92.11,66.01,62.2,72.01,75.96,90.79,62.13,14.0,27.86,91.2,34.44,50.21,58.86,41.34,32.57,88.23,94.2,78.45,67.98,0.0,64.01,79.25,57.7,33.3,75.18,75.6,56.08,73.25,111.51,62.17,56.3,44.1,82.08,96.18,65.19,80.01,40.52,98.15,63.6,85.38,92.36,22.83,100.85,87.37,50.0,87.09,13.04,54.63,86.54,47.93,68.51,55.95,51.26
23,36.12,63.53,18.87,47.52,65.19,68.43,34.0,15.52,52.2,30.41,76.56,66.19,86.28,41.0,21.59,53.34,22.85,46.0,41.3,94.26,61.62,39.7,64.01,0.0,84.31,37.44,32.28,11.18,15.52,23.32,35.36,66.01,4.0,29.68,80.22,51.48,57.97,9.43,92.66,26.25,77.7,8.6,63.25,61.33,78.59,56.22,73.76,18.79,82.07,57.87,38.95,54.13,16.97,31.62,34.13,41.63
24,73.82,78.26,65.46,63.0,19.21,18.36,115.43,99.13,55.08,54.59,78.0,52.15,15.26,55.23,64.54,31.24,74.41,52.77,65.28,15.03,29.02,47.17,79.25,84.31,0.0,46.87,68.24,90.35,80.62,61.03,55.36,71.57,86.61,54.64,42.2,45.04,55.73,93.01,11.18,85.43,34.67,76.32,34.37,45.89,67.27,65.62,23.77,89.11,13.45,66.71,45.61,47.04,82.73,56.08,50.22,43.86
25,37.16,56.8,18.6,35.38,27.78,31.62,69.35,52.35,33.12,9.0,65.0,43.6,49.82,23.26,18.87,16.16,31.62,25.81,32.8,57.28,26.93,10.3,57.7,37.44,46.87,0.0,30.0,44.01,35.51,14.21,17.2,54.08,39.82,7.81,51.24,24.74,38.48,46.23,55.46,43.32,46.1,29.53,31.4,35.51,60.88,43.6,38.91,44.42,45.45,45.79,3.61,29.12,38.08,13.93,3.61,8.06
26,56.4,32.65,24.21,60.93,50.12,50.0,51.48,46.27,61.13,31.32,44.78,35.23,75.64,13.45,17.2,39.0,10.0,17.49,56.36,81.49,55.9,39.32,33.3,32.28,68.24,30.0,0.0,43.32,42.44,23.71,42.38,80.78,31.4,25.71,51.24,54.33,66.94,36.01,73.59,17.8,75.66,30.53,61.2,65.28,46.32,70.01,67.19,24.35,71.18,25.63,28.16,58.55,19.24,37.34,27.07,26.93
27,31.78,74.71,26.48,45.31,71.59,75.61,35.51,10.3,51.48,35.78,87.73,76.66,90.6,51.24,31.0,60.17,34.01,56.22,39.0,99.05,65.44,43.83,75.18,11.18,90.35,44.01,43.32,0.0,11.66,30.81,37.48,61.98,13.45,36.69,90.01,53.15,56.8,13.93,99.4,36.8,79.51,15.13,65.76,61.85,89.56,53.16,77.23,28.43,86.61,68.95,46.17,55.0,27.8,35.0,41.11,49.48
28,21.02,75.0,20.62,33.84,62.3,66.94,46.57,21.95,39.82,26.68,87.13,72.8,79.88,47.43,26.93,51.42,34.66,52.2,27.51,88.51,54.64,33.54,75.6,15.52,80.62,35.51,42.44,11.66,0.0,24.19,26.4,51.24,19.42,29.02,84.48,41.73,45.19,23.02,90.14,40.82,68.01,12.04,54.49,50.22,87.32,41.98,66.22,34.18,76.01,67.6,38.21,43.42,31.38,24.6,33.14,42.05
29,33.24,55.32,4.47,37.34,41.88,45.19,55.32,38.48,38.33,9.22,65.95,49.04,63.78,24.19,7.07,30.02,21.02,28.64,32.65,71.42,39.96,18.97,56.08,23.32,61.03,14.21,23.71,30.81,24.19,0.0,19.24,57.25,25.61,6.4,60.3,33.38,44.28,32.02,69.35,32.14,57.94,15.81,43.08,44.28,64.5,46.49,52.15,31.38,59.46,46.1,15.65,37.12,25.3,14.14,10.82,18.68
30,20.62,72.4,21.02,18.87,38.21,44.0,69.35,47.42,19.1,11.18,81.57,60.8,53.54,39.2,26.31,29.27,40.2,42.45,15.62,62.27,28.3,9.06,73.25,35.36,55.36,17.2,42.38,37.48,26.4,19.24,0.0,38.48,38.91,17.0,67.78,16.12,25.08,44.78,65.51,51.0,42.44,26.83,28.32,26.25,77.99,27.73,39.82,48.84,49.74,62.01,20.81,18.97,43.29,5.1,17.69,25.24
31,30.27,110.64,57.97,19.92,62.27,69.46,97.49,71.81,21.26,49.66,119.04,96.26,61.29,77.18,64.2,59.55,77.62,79.88,25.32,70.11,44.72,43.83,111.51,66.01,71.57,54.08,80.78,61.98,51.24,57.25,38.48,0.0,70.01,55.46,99.2,31.89,17.2,74.24,82.71,87.48,40.0,59.14,37.7,26.0,114.11,10.77,48.05,83.29,59.84,99.86,57.43,27.8,78.77,43.46,55.57,61.4
32,40.11,61.74,21.26,51.48,67.42,70.33,30.53,15.0,56.04,33.3,75.03,66.01,89.11,41.19,22.85,55.47,21.59,46.17,45.28,96.94,64.66,42.8,62.17,4.0,86.61,39.82,31.4,13.45,19.42,25.61,38.91,70.01,0.0,32.02,80.62,55.01,61.85,6.4,94.67,23.35,81.12,12.08,66.57,65.0,77.67,60.21,76.84,15.26,84.85,56.75,41.05,57.78,14.42,34.99,36.4,43.42
33,34.41,55.47,10.82,35.85,35.51,39.0,61.62,44.72,35.44,5.83,65.07,46.07,57.49,22.63,11.7,23.71,25.32,26.4,32.02,65.05,34.0,14.04,56.3,29.68,54.64,7.81,25.71,36.69,29.02,6.4,17.0,55.46,32.02,0.0,55.9,29.0,41.23,38.42,63.06,36.88,52.5,21.93,37.64,40.0,62.43,44.72,46.14,37.12,53.15,45.34,9.49,33.06,30.87,12.21,4.47,13.04
34,88.26,43.27,64.12,83.73,38.29,31.4,102.53,95.52,78.49,59.91,38.33,17.8,56.92,39.46,59.01,39.96,60.88,34.53,82.76,56.72,55.87,59.09,44.1,80.22,42.2,51.24,51.24,90.01,84.48,60.3,67.78,99.2,80.62,55.9,0.0,67.42,82.01,86.15,39.01,68.15,71.56,75.01,63.66,74.33,26.31,90.14,59.36,75.58,53.85,34.66,47.8,71.4,70.34,65.15,52.39,43.42
35,29.41,81.15,36.14,18.11,31.62,38.63,85.48,63.25,11.18,24.19,88.32,64.66,39.92,47.76,40.2,27.66,54.15,49.66,20.4,49.04,16.03,15.03,82.08,51.48,45.04,24.74,54.33,53.15,41.73,33.38,16.12,31.89,55.01,29.0,67.42,0.0,14.87,60.9,56.0,65.49,26.4,42.94,13.04,11.0,82.62,22.83,25.5,64.29,36.69,69.78,27.51,4.47,58.46,20.25,27.29,30.87
36,26.91,95.27,46.01,12.04,45.18,52.35,91.42,67.08,6.0,35.69,102.93,79.51,47.17,61.74,51.35,42.45,65.28,64.01,18.03,56.32,27.86,28.23,96.18,57.97,55.73,38.48,66.94,56.8,45.19,44.28,25.08,17.2,61.85,41.23,82.01,14.87,0.0,67.05,66.91,76.03,27.86,50.01,21.38,10.0,97.45,10.0,33.0,73.33,45.0,84.12,41.59,10.63,68.07,30.15,40.5,45.28
37,44.05,64.85,27.66,56.29,73.82,76.66,24.6,10.77,61.35,39.62,78.45,71.06,95.46,46.69,29.07,61.85,26.02,51.62,50.01,103.32,70.94,49.04,65.19,9.43,93.01,46.23,36.01,13.93,23.02,32.02,44.78,74.24,6.4,38.42,86.15,60.9,67.05,0.0,101.02,25.06,87.13,18.03,72.67,70.68,81.88,64.78,83.1,15.81,91.22,60.83,47.43,63.51,17.46,41.05,42.8,49.74
38,84.48,79.06,73.82,74.03,27.86,24.41,122.61,107.78,66.19,63.69,76.79,52.2,24.21,60.21,72.11,39.36,80.72,57.01,76.11,19.72,40.01,57.01,80.01,92.66,11.18,55.46,73.59,99.4,90.14,69.35,65.51,82.71,94.67,63.06,39.01,56.0,66.91,101.02,0.0,91.22,45.18,84.97,45.54,57.07,65.19,76.79,34.79,95.78,23.71,68.15,53.71,58.14,89.5,65.8,58.59,51.31
39,59.46,40.26,30.02,67.74,66.85,67.36,34.48,35.78,70.03,41.3,54.13,51.24,91.79,31.24,25.32,55.23,11.7,35.23,62.17,98.18,70.23,50.8,40.52,26.25,85.43,43.32,17.8,36.8,40.82,32.14,51.0,87.48,23.35,36.88,68.15,65.49,76.03,25.06,91.22,0.0,89.29,29.55,74.46,76.42,59.0,76.94,82.08,9.49,87.32,38.05,42.54,69.26,9.43,46.01,39.85,42.54
40,53.25,97.16,61.33,38.95,34.01,40.31,111.65,89.64,30.53,48.85,101.24,75.27,21.84,66.0,64.2,39.32,77.62,66.19,43.83,30.27,20.0,39.0,98.15,77.7,34.67,46.1,75.66,79.51,68.01,57.94,42.44,40.0,81.12,52.5,71.56,26.4,27.86,87.13,45.18,89.29,0.0,69.12,14.87,18.87,92.85,37.36,12.21,89.32,21.47,85.16,47.52,24.76,83.22,46.14,49.48,49.09
41,30.08,63.01,11.4,40.05,57.31,60.93,42.54,22.83,44.15,22.02,75.29,62.17,77.83,36.67,16.12,45.62,22.63,41.59,34.0,85.91,53.08,31.14,63.6,8.6,76.32,29.53,30.53,15.13,12.04,15.81,26.83,59.14,12.08,21.93,75.01,42.94,50.01,18.03,84.97,29.55,69.12,0.0,54.64,52.92,75.96,49.0,65.19,24.19,73.66,55.9,31.38,45.69,20.25,23.02,26.4,34.48
42,42.15,84.4,46.52,29.43,25.5,32.65,97.1,75.74,21.1,34.01,89.69,64.41,27.2,52.24,49.34,26.93,62.82,52.95,32.89,36.4,7.81,24.17,85.38,63.25,34.37,31.4,61.2,65.76,54.49,43.08,28.32,37.7,66.57,37.64,63.66,13.04,21.38,72.67,45.54,74.46,14.87,54.64,0.0,11.7,82.37,31.26,12.65,74.46,24.33,72.53,33.06,13.34,68.35,31.62,34.71,35.06
43,34.41,91.42,46.87,20.12,36.62,43.83,95.27,72.11,11.66,35.13,97.95,73.5,37.22,58.24,51.16,35.81,65.12,59.81,25.0,46.39,18.87,26.02,92.36,61.33,45.89,35.51,65.28,61.85,50.22,44.28,26.25,26.0,65.0,40.0,74.33,11.0,10.0,70.68,57.07,76.42,18.87,52.92,11.7,0.0,91.53,20.0,23.0,74.95,35.0,79.85,38.08,7.28,69.23,30.81,38.21,41.11
44,96.83,22.36,67.08,96.18,58.87,53.16,92.54,92.4,92.85,67.8,12.53,18.03,81.22,40.31,60.42,55.76,56.09,36.06,93.61,82.15,74.71,70.71,22.83,78.59,67.27,60.88,46.32,89.56,87.32,64.5,77.99,114.11,77.67,62.43,26.31,82.62,97.45,81.88,65.19,59.0,92.85,75.96,82.37,91.53,0.0,104.0,80.99,68.07,77.67,21.1,57.31,87.01,64.5,74.03,60.44,53.04
45,21.54,99.98,47.3,9.22,54.23,61.33,88.53,63.25,11.66,38.91,108.6,86.27,57.14,66.57,53.45,50.22,66.94,69.4,15.0,66.27,37.36,33.42,100.85,56.22,65.62,43.6,70.01,53.16,41.98,46.49,27.73,10.77,60.21,44.72,90.14,22.83,10.0,64.78,76.79,76.94,37.36,49.0,31.26,20.0,104.0,0.0,43.0,73.06,55.0,89.31,47.01,19.31,68.36,32.7,44.94,51.09
46,54.78,86.37,56.04,41.98,22.14,28.18,107.2,87.0,33.54,43.6,89.74,63.6,14.56,56.44,57.71,29.07,70.38,56.04,45.54,23.77,12.21,34.06,87.37,73.76,23.77,38.91,67.19,77.23,66.22,52.15,39.82,48.05,76.84,46.14,59.36,25.5,33.0,83.1,34.79,82.08,12.21,65.19,12.65,23.0,80.99,43.0,0.0,83.24,12.0,74.33,39.56,25.96,76.94,42.43,42.49,40.26
47,54.13,49.73,28.16,64.01,70.09,71.51,27.29,26.42,67.36,40.5,63.56,59.23,94.05,37.12,25.55,58.14,15.26,41.63,58.08,101.04,71.12,50.33,50.0,18.79,89.11,44.42,24.35,28.43,34.18,31.38,48.84,83.29,15.26,37.12,75.58,64.29,73.33,15.81,95.78,9.49,89.32,24.19,74.46,74.95,68.07,73.06,83.24,0.0,89.63,47.01,44.41,67.68,6.4,44.15,40.82,45.34
48,66.1,86.09,63.66,53.76,21.59,25.02,114.77,96.05,45.4,51.66,87.57,61.29,4.47,59.14,64.2,32.2,75.8,57.72,57.01,12.53,21.47,42.8,87.09,82.07,13.45,45.45,71.18,86.61,76.01,59.46,49.74,59.84,84.85,53.15,53.85,36.69,45.0,91.22,23.71,87.32,21.47,73.66,24.33,35.0,77.67,55.0,12.0,89.63,0.0,74.17,45.22,37.66,83.23,51.61,49.04,44.78
49,79.25,12.04,48.01,80.8,53.0,49.37,72.01,71.39,78.89,51.09,19.85,17.03,78.31,22.8,41.05,45.89,35.17,20.12,77.34,81.58,65.51,56.08,13.04,57.87,66.71,45.79,25.63,68.95,67.6,46.1,62.01,99.86,56.75,45.34,34.66,69.78,84.12,60.83,68.15,38.05,85.16,55.9,72.53,79.85,21.1,89.31,74.33,47.01,74.17,0.0,42.54,74.25,43.42,57.49,44.41,38.91
50,40.72,53.71,20.12,38.9,26.4,29.55,70.01,54.13,36.36,12.17,61.61,40.0,49.65,20.25,19.1,14.42,30.87,22.47,36.4,56.73,27.89,13.6,54.63,38.95,45.61,3.61,28.16,46.17,38.21,15.65,20.81,57.43,41.05,9.49,47.8,27.51,41.59,47.43,53.71,42.54,47.52,31.38,33.06,38.08,57.31,47.01,39.56,44.41,45.22,42.54,0.0,31.95,38.01,17.46,5.1,4.47
51,29.07,85.62,39.62,16.12,34.93,42.05,88.1,65.22,8.06,28.02,92.78,69.03,40.52,52.2,44.05,31.83,58.03,54.13,19.7,49.73,18.25,19.24,86.54,54.13,47.04,29.12,58.55,55.0,43.42,37.12,18.97,27.8,57.78,33.06,71.4,4.47,10.63,63.51,58.14,69.26,24.76,45.69,13.34,7.28,87.01,19.31,25.96,67.68,37.66,74.25,31.95,0.0,61.98,23.54,31.58,35.34
52,50.29,47.54,22.36,59.21,63.7,65.19,33.29,28.16,62.07,34.48,61.03,54.45,87.66,31.38,19.24,51.74,9.49,36.06,53.46,94.64,64.85,44.27,47.93,16.97,82.73,38.08,19.24,27.8,31.38,25.3,43.29,78.77,14.42,30.87,70.34,58.46,68.07,17.46,89.5,9.43,83.22,20.25,68.35,69.23,64.5,68.36,76.94,6.4,83.23,43.42,38.01,61.98,0.0,38.47,34.48,38.95
53,23.26,67.68,16.12,23.71,38.08,43.29,65.51,44.6,24.19,6.4,77.16,57.14,55.61,34.71,21.21,28.02,35.13,38.21,19.85,64.07,30.48,8.94,68.51,31.62,56.08,13.93,37.34,35.0,24.6,14.14,5.1,43.46,34.99,12.21,65.15,20.25,30.15,41.05,65.8,46.01,46.14,23.02,31.62,30.81,74.03,32.7,42.43,44.15,51.61,57.49,17.46,23.54,38.47,0.0,13.6,21.93
54,36.72,55.07,15.26,36.4,31.06,34.54,65.8,49.19,34.93,7.62,63.89,43.57,53.41,21.63,15.26,19.24,28.16,24.76,33.24,60.83,30.46,12.37,55.95,34.13,50.22,3.61,27.07,41.11,33.14,10.82,17.69,55.57,36.4,4.47,52.39,27.29,40.5,42.8,58.59,39.85,49.48,26.4,34.71,38.21,60.44,44.94,42.49,40.82,49.04,44.41,5.1,31.58,34.48,13.6,0.0,9.06
55,45.19,50.33,23.09,43.14,24.76,26.93,71.59,57.01,40.22,16.49,57.69,35.61,49.24,17.26,20.81,12.81,31.06,18.79,40.8,55.8,29.15,17.69,51.26,41.63,43.86,8.06,26.93,49.48,42.05,18.68,25.24,61.4,43.42,13.04,43.42,30.87,45.28,49.74,51.31,42.54,49.09,34.48,35.06,41.11,53.04,51.09,40.26,45.34,44.78,38.91,4.47,35.34,38.95,21.93,9.06,0.0
