set K:= 1	2	3	4	5	6	7;
set C_H:= 1	2	3	4	5	6	7	8	9	10	11	12	13	14	15	16	17	18	19	20	21	22	23	24	25	26	27;
set C_S:= 28	29	30	31	32	33	34	35	36	37	38	39	40;
set C_F:= 41	42	43	44;
set M:= 45	46	47	48	49	50;
set L_B:= 51	52	53	54	55	56	57;
set A1:=
(0,*) 1 2 3 4 5 6 7 8 9 10 11 12 13 14 15 16 17 18 19 20 21 22 23 24 25 26 27 41 42 43 44 45 46 47 48 49 50 51 52 53 54 55 56 57
(1,*) 0 2 3 4 5 6 7 8 9 10 11 12 13 14 15 16 17 18 19 20 21 22 23 24 25 26 27 41 42 43 44 45 46 47 48 49 50 51 52 53 54 55 56 57
(2,*) 0 1 3 4 5 6 7 8 9 10 11 12 13 14 15 16 17 18 19 20 21 22 23 24 25 26 27 41 42 43 44 45 46 47 48 49 50 51 52 53 54 55 56 57
(3,*) 0 1 2 4 5 6 7 8 9 10 11 12 13 14 15 16 17 18 19 20 21 22 23 24 25 26 27 41 42 43 44 45 46 47 48 49 50 51 52 53 54 55 56 57
(4,*) 0 1 2 3 5 6 7 8 9 10 11 12 13 14 15 16 17 18 19 20 21 22 23 24 25 26 27 41 42 43 44 45 46 47 48 49 50 51 52 53 54 55 56 57
(5,*) 0 1 2 3 4 6 7 8 9 10 11 12 13 14 15 16 17 18 19 20 21 22 23 24 25 26 27 41 42 43 44 45 46 47 48 49 50 51 52 53 54 55 56 57
(6,*) 0 1 2 3 4 5 7 8 9 10 11 12 13 14 15 16 17 18 19 20 21 22 23 24 25 26 27 41 42 43 44 45 46 47 48 49 50 51 52 53 54 55 56 57
(7,*) 0 1 2 3 4 5 6 8 9 10 11 12 13 14 15 16 17 18 19 20 21 22 23 24 25 26 27 41 42 43 44 45 46 47 48 49 50 51 52 53 54 55 56 57
(8,*) 0 1 2 3 4 5 6 7 9 10 11 12 13 14 15 16 17 18 19 20 21 22 23 24 25 26 27 41 42 43 44 45 46 47 48 49 50 51 52 53 54 55 56 57
(9,*) 0 1 2 3 4 5 6 7 8 10 11 12 13 14 15 16 17 18 19 20 21 22 23 24 25 26 27 41 42 43 44 45 46 47 48 49 50 51 52 53 54 55 56 57
(10,*) 0 1 2 3 4 5 6 7 8 9 11 12 13 14 15 16 17 18 19 20 21 22 23 24 25 26 27 41 42 43 44 45 46 47 48 49 50 51 52 53 54 55 56 57
(11,*) 0 1 2 3 4 5 6 7 8 9 10 12 13 14 15 16 17 18 19 20 21 22 23 24 25 26 27 41 42 43 44 45 46 47 48 49 50 51 52 53 54 55 56 57
(12,*) 0 1 2 3 4 5 6 7 8 9 10 11 13 14 15 16 17 18 19 20 21 22 23 24 25 26 27 41 42 43 44 45 46 47 48 49 50 51 52 53 54 55 56 57
(13,*) 0 1 2 3 4 5 6 7 8 9 10 11 12 14 15 16 17 18 19 20 21 22 23 24 25 26 27 41 42 43 44 45 46 47 48 49 50 51 52 53 54 55 56 57
(14,*) 0 1 2 3 4 5 6 7 8 9 10 11 12 13 15 16 17 18 19 20 21 22 23 24 25 26 27 41 42 43 44 45 46 47 48 49 50 51 52 53 54 55 56 57
(15,*) 0 1 2 3 4 5 6 7 8 9 10 11 12 13 14 16 17 18 19 20 21 22 23 24 25 26 27 41 42 43 44 45 46 47 48 49 50 51 52 53 54 55 56 57
(16,*) 0 1 2 3 4 5 6 7 8 9 10 11 12 13 14 15 17 18 19 20 21 22 23 24 25 26 27 41 42 43 44 45 46 47 48 49 50 51 52 53 54 55 56 57
(17,*) 0 1 2 3 4 5 6 7 8 9 10 11 12 13 14 15 16 18 19 20 21 22 23 24 25 26 27 41 42 43 44 45 46 47 48 49 50 51 52 53 54 55 56 57
(18,*) 0 1 2 3 4 5 6 7 8 9 10 11 12 13 14 15 16 17 19 20 21 22 23 24 25 26 27 41 42 43 44 45 46 47 48 49 50 51 52 53 54 55 56 57
(19,*) 0 1 2 3 4 5 6 7 8 9 10 11 12 13 14 15 16 17 18 20 21 22 23 24 25 26 27 41 42 43 44 45 46 47 48 49 50 51 52 53 54 55 56 57
(20,*) 0 1 2 3 4 5 6 7 8 9 10 11 12 13 14 15 16 17 18 19 21 22 23 24 25 26 27 41 42 43 44 45 46 47 48 49 50 51 52 53 54 55 56 57
(21,*) 0 1 2 3 4 5 6 7 8 9 10 11 12 13 14 15 16 17 18 19 20 22 23 24 25 26 27 41 42 43 44 45 46 47 48 49 50 51 52 53 54 55 56 57
(22,*) 0 1 2 3 4 5 6 7 8 9 10 11 12 13 14 15 16 17 18 19 20 21 23 24 25 26 27 41 42 43 44 45 46 47 48 49 50 51 52 53 54 55 56 57
(23,*) 0 1 2 3 4 5 6 7 8 9 10 11 12 13 14 15 16 17 18 19 20 21 22 24 25 26 27 41 42 43 44 45 46 47 48 49 50 51 52 53 54 55 56 57
(24,*) 0 1 2 3 4 5 6 7 8 9 10 11 12 13 14 15 16 17 18 19 20 21 22 23 25 26 27 41 42 43 44 45 46 47 48 49 50 51 52 53 54 55 56 57
(25,*) 0 1 2 3 4 5 6 7 8 9 10 11 12 13 14 15 16 17 18 19 20 21 22 23 24 26 27 41 42 43 44 45 46 47 48 49 50 51 52 53 54 55 56 57
(26,*) 0 1 2 3 4 5 6 7 8 9 10 11 12 13 14 15 16 17 18 19 20 21 22 23 24 25 27 41 42 43 44 45 46 47 48 49 50 51 52 53 54 55 56 57
(27,*) 0 1 2 3 4 5 6 7 8 9 10 11 12 13 14 15 16 17 18 19 20 21 22 23 24 25 26 41 42 43 44 45 46 47 48 49 50 51 52 53 54 55 56 57
(41,*) 0 1 2 3 4 5 6 7 8 9 10 11 12 13 14 15 16 17 18 19 20 21 22 23 24 25 26 27 42 43 44 45 46 47 48 49 50 51 52 53 54 55 56 57
(42,*) 0 1 2 3 4 5 6 7 8 9 10 11 12 13 14 15 16 17 18 19 20 21 22 23 24 25 26 27 41 43 44 45 46 47 48 49 50 51 52 53 54 55 56 57
(43,*) 0 1 2 3 4 5 6 7 8 9 10 11 12 13 14 15 16 17 18 19 20 21 22 23 24 25 26 27 41 42 44 45 46 47 48 49 50 51 52 53 54 55 56 57
(44,*) 0 1 2 3 4 5 6 7 8 9 10 11 12 13 14 15 16 17 18 19 20 21 22 23 24 25 26 27 41 42 43 45 46 47 48 49 50 51 52 53 54 55 56 57
(45,*) 0 1 2 3 4 5 6 7 8 9 10 11 12 13 14 15 16 17 18 19 20 21 22 23 24 25 26 27 41 42 43 44 46 47 48 49 50 51 52 53 54 55 56 57
(46,*) 0 1 2 3 4 5 6 7 8 9 10 11 12 13 14 15 16 17 18 19 20 21 22 23 24 25 26 27 41 42 43 44 45 47 48 49 50 51 52 53 54 55 56 57
(47,*) 0 1 2 3 4 5 6 7 8 9 10 11 12 13 14 15 16 17 18 19 20 21 22 23 24 25 26 27 41 42 43 44 45 46 48 49 50 51 52 53 54 55 56 57
(48,*) 0 1 2 3 4 5 6 7 8 9 10 11 12 13 14 15 16 17 18 19 20 21 22 23 24 25 26 27 41 42 43 44 45 46 47 49 50 51 52 53 54 55 56 57
(49,*) 0 1 2 3 4 5 6 7 8 9 10 11 12 13 14 15 16 17 18 19 20 21 22 23 24 25 26 27 41 42 43 44 45 46 47 48 50 51 52 53 54 55 56 57
(50,*) 0 1 2 3 4 5 6 7 8 9 10 11 12 13 14 15 16 17 18 19 20 21 22 23 24 25 26 27 41 42 43 44 45 46 47 48 49 51 52 53 54 55 56 57
(51,*) 0 1 2 3 4 5 6 7 8 9 10 11 12 13 14 15 16 17 18 19 20 21 22 23 24 25 26 27 41 42 43 44 45 46 47 48 49 50 52 53 54 55 56 57
(52,*) 0 1 2 3 4 5 6 7 8 9 10 11 12 13 14 15 16 17 18 19 20 21 22 23 24 25 26 27 41 42 43 44 45 46 47 48 49 50 51 53 54 55 56 57
(53,*) 0 1 2 3 4 5 6 7 8 9 10 11 12 13 14 15 16 17 18 19 20 21 22 23 24 25 26 27 41 42 43 44 45 46 47 48 49 50 51 52 54 55 56 57
(54,*) 0 1 2 3 4 5 6 7 8 9 10 11 12 13 14 15 16 17 18 19 20 21 22 23 24 25 26 27 41 42 43 44 45 46 47 48 49 50 51 52 53 55 56 57
(55,*) 0 1 2 3 4 5 6 7 8 9 10 11 12 13 14 15 16 17 18 19 20 21 22 23 24 25 26 27 41 42 43 44 45 46 47 48 49 50 51 52 53 54 56 57
(56,*) 0 1 2 3 4 5 6 7 8 9 10 11 12 13 14 15 16 17 18 19 20 21 22 23 24 25 26 27 41 42 43 44 45 46 47 48 49 50 51 52 53 54 55 57
(57,*) 0 1 2 3 4 5 6 7 8 9 10 11 12 13 14 15 16 17 18 19 20 21 22 23 24 25 26 27 41 42 43 44 45 46 47 48 49 50 51 52 53 54 55 56
;
set A2:=
(45,*) 46
(46,*) 45
(47,*) 48
(48,*) 47
(49,*) 50
(50,*) 49
;
param BigM:=99999;
param n:= 7;
param d:=
1	14
2	1
3	12
4	6
5	1
6	13
7	7
8	8
9	21
10	24
11	20
12	13
13	3
14	26
15	8
16	20
17	12
18	22
19	20
20	12
21	17
22	15
23	2
24	10
25	11
26	21
27	24
28	5
29	20
30	18
31	8
32	19
33	22
34	16
35	14
36	25
37	19
38	20
39	9
40	6
41	16
42	23
43	14
44	17
;
param Q:=100;
param w:=
[45,*] 46 1
[46,*] 45 1
[47,*] 48 1
[48,*] 47 1
[49,*] 50 1
[50,*] 49 1
;
param V:=
[45,*] 46 89
[46,*] 45 89
[47,*] 48 99
[48,*] 47 99
[49,*] 50 97
[50,*] 49 97
;
param f:=
45	100
46	100
47	100
48	100
49	100
50	100
51	100
52	100
53	100
54	100
55	100
56	100
57	100
;
param e:
	45	46	47	48	49	50	51	52	53	54	55	56	57:=
28	0	0	1	0	1	0	0	1	0	1	0	1	0	
29	1	0	0	0	0	1	1	0	0	1	1	0	1	
30	0	1	1	0	1	0	0	1	0	1	0	0	0	
31	0	0	1	0	1	0	0	0	0	1	0	1	0	
32	0	0	0	1	0	1	1	0	1	0	1	0	1	
33	0	0	0	1	0	0	1	0	0	1	1	0	1	
34	0	1	1	0	1	0	0	1	0	1	1	1	0	
35	0	0	1	0	1	0	0	1	0	1	1	1	0	
36	0	0	0	1	0	1	1	0	1	0	1	0	1	
37	0	1	1	0	1	0	0	1	0	1	0	1	0	
38	0	0	0	1	0	1	1	0	1	0	1	0	1	
39	0	1	1	0	1	0	0	1	0	1	0	1	0	
40	0	0	0	1	0	0	0	0	1	0	0	0	0	
41	0	0	0	1	0	0	1	0	0	0	0	0	0	
42	0	1	1	0	0	0	0	1	0	1	0	0	0	
43	0	0	0	1	0	0	1	0	1	0	0	0	0	
44	1	0	0	0	0	1	0	0	0	0	1	0	1	
;
param p:=
1	1
2	1
3	1
4	1
5	1
6	1
7	1
;
param G:=
45	89
46	73
47	79
48	99
49	89
50	97
51	94
52	97
53	85
54	76
55	100
56	76
57	85
;
param s:=
0	0
1	15
2	15
3	15
4	15
5	15
6	15
7	15
8	15
9	15
10	15
11	15
12	15
13	15
14	15
15	15
16	15
17	15
18	15
19	15
20	15
21	15
22	15
23	15
24	15
25	15
26	15
27	15
41	15
42	15
43	15
44	15
45	10
46	10
47	10
48	10
49	10
50	10
51	10
52	10
53	10
54	10
55	10
56	10
57	10
;
param t:
	0	1	2	3	4	5	6	7	8	9	10	11	12	13	14	15	16	17	18	19	20	21	22	23	24	25	26	27	28	29	30	31	32	33	34	35	36	37	38	39	40	41	42	43	44	45	46	47	48	49	50	51	52	53	54	55	56	57:=
0	0.0	98.08	20.0	76.24	42.52	38.63	38.21	26.08	63.15	72.11	62.61	25.46	43.86	32.31	74.03	71.69	86.16	58.82	94.25	90.02	88.29	25.06	94.59	42.94	33.53	77.25	91.61	69.08	32.8	65.12	22.0	39.6	95.35	58.31	26.08	24.74	74.73	18.44	95.35	18.44	96.6	69.43	32.56	77.67	73.35	92.7	40.52	11.7	91.39	19.42	85.71	66.61	5.0	100.28	30.27	60.13	18.44	72.0
1	98.08	0.0	94.34	43.08	91.93	59.46	61.77	72.8	54.92	26.0	36.5	75.71	62.03	77.2	36.72	26.68	67.08	100.44	62.03	32.06	54.33	83.76	12.0	55.79	82.02	20.88	89.82	66.21	72.44	35.61	107.7	64.28	50.04	67.68	84.88	73.54	57.58	83.19	50.04	83.19	78.23	89.44	88.09	82.87	26.08	5.39	109.04	86.38	70.46	82.98	24.04	50.25	102.32	63.13	72.72	49.68	89.44	39.45
2	20.0	94.34	0.0	64.78	22.63	38.42	32.8	31.62	50.16	68.82	62.23	34.53	51.26	18.44	64.56	69.66	69.86	38.83	78.92	80.05	74.11	10.77	88.57	44.41	48.04	74.4	72.72	52.95	42.76	59.06	13.42	46.82	82.0	42.43	10.2	25.06	60.13	13.42	82.0	13.42	79.12	50.0	13.42	59.06	72.25	89.04	23.02	20.02	74.73	32.02	77.83	54.45	19.21	85.0	21.63	49.48	34.93	62.1
3	76.24	43.08	64.78	0.0	54.59	44.72	39.29	57.58	15.23	31.05	39.45	62.77	59.67	46.39	8.25	35.44	26.31	59.4	26.08	16.12	17.2	54.33	32.25	46.04	76.16	34.23	48.04	23.32	64.5	21.63	77.67	58.82	20.59	27.2	54.59	53.37	14.56	58.03	20.59	58.03	39.29	46.65	54.41	39.85	39.29	39.56	72.9	65.76	31.05	68.62	19.24	10.44	79.03	30.48	46.04	16.12	75.89	7.21
4	42.52	91.93	22.63	54.59	0.0	46.69	37.36	46.39	39.45	68.82	66.21	50.99	64.03	20.1	57.2	71.02	52.0	17.09	62.13	70.71	59.23	20.88	83.74	52.95	66.48	74.4	50.99	36.5	58.55	56.85	29.73	60.0	67.91	27.86	18.97	38.21	45.61	29.73	67.91	29.73	59.23	27.78	10.77	37.95	74.43	87.05	18.38	39.81	56.14	50.92	71.4	44.42	41.77	68.07	28.07	42.52	55.46	54.41
5	38.63	59.46	38.42	44.72	46.69	0.0	10.2	14.0	36.77	33.53	24.41	18.44	18.97	26.68	39.85	33.11	63.66	62.03	68.41	55.32	60.46	29.53	56.57	6.32	31.62	38.63	77.9	48.83	20.0	28.07	50.91	16.12	65.3	40.25	31.3	14.42	49.52	25.46	65.3	25.46	76.58	62.1	37.95	64.4	34.99	54.08	58.6	26.93	69.31	25.08	49.09	37.8	42.95	73.82	18.97	30.0	32.25	38.63
6	38.21	61.77	32.8	39.29	37.36	10.2	0.0	18.87	28.84	36.06	30.0	24.41	29.12	17.89	36.06	36.88	55.32	52.15	61.06	52.04	53.67	22.63	56.92	16.0	39.6	41.62	68.26	39.7	28.43	27.2	46.04	26.0	59.46	30.53	24.08	14.14	41.62	21.54	59.46	21.54	67.88	51.92	29.53	54.59	39.6	56.44	50.77	27.0	60.96	29.55	47.52	30.87	41.77	66.73	11.31	23.41	36.77	34.23
7	26.08	72.8	31.62	57.58	46.39	14.0	18.87	0.0	47.71	47.07	36.77	5.66	19.7	27.2	53.37	46.17	74.03	63.15	79.92	69.05	72.47	26.0	70.46	17.09	21.63	51.92	85.6	58.0	12.17	42.05	42.19	15.23	78.0	48.17	28.0	8.25	60.46	18.44	78.0	18.44	86.37	67.08	36.06	71.61	47.54	67.45	54.13	14.87	79.65	11.18	63.07	49.65	30.81	85.59	19.7	42.05	18.44	51.92
8	63.15	54.92	50.16	15.23	39.45	36.77	28.84	47.71	0.0	36.5	40.45	53.25	54.41	32.0	18.44	40.2	26.91	45.61	32.25	31.3	25.3	40.0	45.34	40.0	68.12	41.23	43.68	14.14	56.64	24.08	62.8	52.5	32.25	12.81	40.05	42.05	12.81	44.72	32.25	44.72	40.0	35.44	39.29	32.06	44.18	50.61	57.71	53.45	32.56	58.18	32.53	5.0	65.49	38.01	32.98	8.25	65.3	15.62
9	72.11	26.0	68.82	31.05	68.82	33.53	36.06	47.07	36.5	0.0	12.65	50.36	38.83	52.35	22.8	4.47	57.27	79.62	56.46	31.11	47.54	58.41	24.08	30.27	58.55	5.66	78.23	50.16	48.04	12.65	82.1	40.2	47.71	48.08	59.67	47.54	44.18	57.31	47.71	57.31	70.34	71.81	63.66	68.12	8.25	20.62	84.96	60.41	62.1	57.56	21.4	33.06	76.32	59.94	47.2	29.12	64.28	24.33
10	62.61	36.5	62.23	39.45	66.21	24.41	30.0	36.77	40.45	12.65	0.0	39.29	26.31	47.71	31.62	10.0	64.62	79.12	65.51	42.8	56.6	52.5	36.5	19.7	46.17	16.0	83.95	54.59	36.06	17.89	75.07	28.0	58.14	50.04	54.04	38.83	50.6	49.68	58.14	49.68	78.0	74.11	59.36	72.44	10.77	31.26	80.71	51.0	69.86	46.57	33.62	38.33	67.12	69.63	41.23	32.25	52.95	32.25
11	25.46	75.71	34.53	62.77	50.99	18.44	24.41	5.66	53.25	50.36	39.29	0.0	18.44	32.31	58.24	49.03	79.65	67.91	85.44	73.76	77.9	30.27	74.11	20.1	16.12	54.92	91.21	63.66	8.25	46.39	43.86	14.14	83.26	53.81	32.25	13.42	66.03	22.0	83.26	22.0	92.02	72.47	40.45	77.2	50.0	70.41	57.43	15.65	85.28	7.28	67.36	55.07	30.41	91.07	25.06	47.41	14.0	56.92
12	43.86	62.03	51.26	59.67	64.03	18.97	29.12	19.7	54.41	38.83	26.31	18.44	0.0	44.0	53.25	36.22	81.22	80.1	84.85	67.08	76.42	44.72	62.8	14.42	20.0	42.19	96.6	67.23	11.66	39.45	61.77	4.47	80.0	59.09	46.69	26.68	66.84	37.95	80.0	37.95	94.4	81.04	54.33	83.26	36.0	57.0	73.5	33.84	86.83	24.84	58.87	54.56	48.84	89.87	36.0	46.86	29.53	52.8
13	32.31	77.2	18.44	46.39	20.1	26.68	17.89	27.2	32.0	52.35	47.71	32.31	44.0	0.0	46.17	53.81	53.85	36.22	62.1	61.61	56.57	8.0	70.71	32.98	48.33	58.0	60.83	36.77	39.29	41.62	31.62	40.05	64.12	26.0	8.25	18.97	42.76	14.42	64.12	14.42	64.5	40.5	11.66	46.69	56.85	72.01	33.02	24.84	59.09	33.84	59.62	36.12	33.96	68.15	8.0	31.05	39.7	43.68
14	74.03	36.72	64.56	8.25	57.2	39.85	36.06	53.37	18.44	22.8	31.62	58.24	53.25	46.17	0.0	27.2	34.53	64.03	34.0	16.0	25.06	53.85	26.91	40.25	70.68	26.08	56.0	29.73	59.09	14.14	77.79	52.84	26.91	31.24	54.41	50.16	22.09	56.32	26.91	56.32	47.54	52.8	55.46	47.07	31.05	32.7	75.17	63.03	39.29	64.54	14.21	13.6	77.23	38.01	44.41	15.23	71.81	2.83
15	71.69	26.68	69.66	35.44	71.02	33.11	36.88	46.17	40.2	4.47	10.0	49.03	36.22	53.81	27.2	0.0	61.61	82.46	60.93	35.38	52.0	59.46	26.68	29.12	56.14	6.0	82.39	54.04	46.04	16.12	82.8	38.0	52.15	51.42	60.83	47.41	48.37	57.69	52.15	57.69	74.73	75.31	65.3	72.03	4.0	21.38	86.68	60.01	66.48	56.29	25.5	37.0	76.06	64.41	48.17	32.56	62.8	28.64
16	86.16	67.08	69.86	26.31	52.0	63.66	55.32	74.03	26.91	57.27	64.62	79.65	81.22	53.85	34.53	61.61	0.0	48.7	10.77	35.44	13.42	61.35	55.32	66.84	94.85	60.53	22.8	17.09	83.45	46.82	80.62	79.4	21.26	27.86	60.73	67.68	14.42	68.03	21.26	68.03	13.42	31.3	56.89	20.0	65.51	64.38	69.35	77.83	5.66	84.05	43.29	26.93	87.6	16.28	57.31	34.41	90.97	32.98
17	58.82	100.44	38.83	59.4	17.09	62.03	52.15	63.15	45.61	79.62	79.12	67.91	80.1	36.22	64.03	82.46	48.7	0.0	59.46	75.07	59.06	37.95	90.91	68.12	83.52	84.97	40.45	37.2	75.31	67.08	42.8	76.24	68.0	32.8	36.06	54.92	47.2	46.82	68.0	46.82	52.15	18.11	27.86	30.27	86.16	95.96	24.7	56.86	51.42	68.01	77.99	50.45	57.49	64.85	44.18	51.11	72.5	61.22
18	94.25	62.03	78.92	26.08	62.13	68.41	61.06	79.92	32.25	56.46	65.51	85.44	84.85	62.1	34.0	60.93	10.77	59.46	0.0	30.0	8.94	69.86	50.04	70.77	100.0	58.82	30.53	26.08	88.41	47.71	90.2	83.55	12.65	36.5	69.43	74.24	19.7	75.89	12.65	75.89	16.49	42.05	66.27	30.53	64.62	60.07	79.76	85.23	10.0	90.43	39.32	30.61	96.05	6.08	64.62	38.42	97.53	33.29
19	90.02	32.06	80.05	16.12	70.71	55.32	52.04	69.05	31.3	31.11	42.8	73.76	67.08	61.61	16.0	35.38	35.44	75.07	30.0	0.0	22.36	69.43	20.1	55.03	85.44	31.62	58.24	38.21	74.0	27.86	93.15	67.23	18.44	43.27	69.86	66.12	28.43	72.25	18.44	72.25	46.17	61.22	70.23	52.84	38.42	30.15	89.01	79.03	38.47	80.23	10.3	26.4	93.19	31.58	60.3	30.59	87.48	18.11
20	88.29	54.33	74.11	17.2	59.23	60.46	53.67	72.47	25.3	47.54	56.6	77.9	76.42	56.57	25.06	52.0	13.42	59.06	8.94	22.36	0.0	64.5	42.43	62.48	92.09	50.0	36.06	22.8	80.45	38.83	86.02	75.29	8.94	32.06	64.28	67.23	14.0	69.86	8.94	69.86	24.0	42.8	62.03	32.56	55.71	52.01	77.37	78.75	16.12	83.19	31.02	22.83	90.43	13.45	58.24	30.53	90.38	24.41
21	25.06	83.76	10.77	54.33	20.88	29.53	22.63	26.0	40.0	58.41	52.5	30.27	44.72	8.0	53.85	59.46	61.35	37.95	69.86	69.43	64.5	0.0	77.82	35.78	45.61	64.03	66.84	44.27	38.05	48.37	24.17	40.45	72.11	33.53	2.0	18.11	50.64	8.94	72.11	8.94	71.55	45.34	10.2	52.8	62.23	78.49	29.15	19.42	66.48	30.08	67.07	44.1	26.25	75.93	11.31	38.83	34.99	51.42
22	94.59	12.0	88.57	32.25	83.74	56.57	56.92	70.46	45.34	24.08	36.5	74.11	62.8	70.71	26.91	26.68	55.32	90.91	50.04	20.1	42.43	77.82	0.0	54.04	82.61	20.88	78.1	55.57	72.11	29.73	101.98	64.28	38.05	58.14	78.71	69.86	46.52	78.43	38.05	78.43	66.27	78.89	80.99	71.69	27.86	11.18	101.4	82.98	58.55	81.22	13.04	40.46	98.49	51.16	67.23	41.23	88.09	29.73
23	42.94	55.79	44.41	46.04	52.95	6.32	16.0	17.09	40.0	30.27	19.7	20.1	14.42	32.98	40.25	29.12	66.84	68.12	70.77	55.03	62.48	35.78	54.04	0.0	30.46	34.93	82.29	52.84	18.97	27.2	56.64	12.81	66.57	44.94	37.58	19.8	52.5	31.24	66.57	31.24	80.0	67.47	44.27	69.08	30.46	50.45	64.88	31.38	72.47	27.29	47.85	40.31	47.51	75.93	25.3	32.56	34.06	39.45
24	33.53	82.02	48.04	76.16	66.48	31.62	39.6	21.63	68.12	58.55	46.17	16.12	20.0	48.33	70.68	56.14	94.85	83.52	100.0	85.44	92.09	45.61	82.61	30.46	0.0	62.13	107.2	79.25	11.66	57.58	54.92	18.44	96.75	69.66	47.54	29.53	80.92	36.88	96.75	36.88	107.48	88.59	55.79	93.23	56.0	77.0	71.01	28.02	100.5	16.03	77.88	69.4	38.28	105.44	41.18	61.61	15.23	69.77
25	77.25	20.88	74.4	34.23	74.4	38.63	41.62	51.92	41.23	5.66	16.0	54.92	42.19	58.0	26.08	6.0	60.53	84.97	58.82	31.62	50.0	64.03	20.88	34.93	62.13	0.0	82.02	54.59	52.04	17.89	87.66	44.0	49.19	53.14	65.3	52.8	48.0	62.77	49.19	62.77	73.35	76.66	69.31	72.44	7.21	15.52	90.61	65.55	65.12	62.17	21.4	37.48	81.54	61.85	52.8	34.18	68.73	28.0
26	91.61	89.82	72.72	48.04	50.99	77.9	68.26	85.6	43.68	78.23	83.95	91.21	96.6	60.83	56.0	82.39	22.8	40.45	30.53	58.24	36.06	66.84	78.1	82.29	107.2	82.02	0.0	29.73	96.52	66.75	80.62	94.02	42.94	37.74	65.6	78.1	34.06	75.07	42.94	75.07	15.62	23.41	59.36	14.14	86.37	86.98	64.76	85.63	20.59	94.18	65.92	45.71	91.81	33.3	66.6	51.92	100.42	54.04
27	69.08	66.21	52.95	23.32	36.5	48.83	39.7	58.0	14.14	50.16	54.59	63.66	67.23	36.77	29.73	54.04	17.09	37.2	26.08	38.21	22.8	44.27	55.57	52.84	79.25	54.59	29.73	0.0	68.12	38.0	64.12	64.9	31.62	10.77	43.68	51.22	10.0	50.99	31.62	50.99	28.43	23.32	40.2	18.0	58.03	62.39	54.57	60.9	22.36	67.62	42.54	17.12	70.52	32.14	40.5	22.36	74.4	27.2
28	32.8	72.44	42.76	64.5	58.55	20.0	28.43	12.17	56.64	48.04	36.06	8.25	11.66	39.29	59.09	46.04	83.45	75.31	88.41	74.0	80.45	38.05	72.11	18.97	11.66	52.04	96.52	68.12	0.0	46.17	52.0	8.25	85.09	58.82	40.05	20.4	69.43	30.07	85.09	30.07	96.21	78.79	48.17	82.68	46.39	67.27	65.62	23.77	89.11	13.45	66.71	57.8	37.8	93.81	31.62	50.0	17.89	58.14
29	65.12	35.61	59.06	21.63	56.85	28.07	27.2	42.05	24.08	12.65	17.89	46.39	39.45	41.62	14.14	16.12	46.82	67.08	47.71	27.86	38.83	48.37	29.73	27.2	57.58	17.89	66.75	38.0	46.17	0.0	72.47	39.4	41.04	35.44	49.4	40.45	32.98	48.7	41.04	48.7	60.17	59.23	52.5	56.0	20.1	30.48	73.55	53.6	52.0	53.15	21.02	21.1	68.88	52.01	37.58	16.49	60.3	14.42
30	22.0	107.7	13.42	77.67	29.73	50.91	46.04	42.19	62.8	82.1	75.07	43.86	61.77	31.62	77.79	82.8	80.62	42.8	90.2	93.15	86.02	24.17	101.98	56.64	54.92	87.66	80.62	64.12	52.0	72.47	0.0	57.31	94.19	54.0	23.41	36.88	72.03	25.46	94.19	25.46	88.77	57.27	24.0	67.68	85.28	102.4	20.25	28.23	85.16	39.56	91.18	67.27	18.25	96.25	34.99	62.64	40.2	75.29
31	39.6	64.28	46.82	58.82	60.0	16.12	26.0	15.23	52.5	40.2	28.0	14.14	4.47	40.05	52.84	38.0	79.4	76.24	83.55	67.23	75.29	40.45	64.28	12.81	18.44	44.0	94.02	64.9	8.25	39.4	57.31	0.0	79.32	56.36	42.43	22.36	65.12	33.53	79.32	33.53	92.46	77.79	50.16	80.5	38.21	59.14	69.12	29.41	85.04	20.81	59.48	53.04	44.55	88.73	32.06	45.25	26.0	52.15
32	95.35	50.04	82.0	20.59	67.91	65.3	59.46	78.0	32.25	47.71	58.14	83.26	80.0	64.12	26.91	52.15	21.26	68.0	12.65	18.44	8.94	72.11	38.05	66.57	96.75	49.19	42.94	31.62	85.09	41.04	94.19	79.32	0.0	40.45	72.03	73.38	22.36	76.94	0.0	76.94	29.12	51.61	70.26	41.04	55.57	48.51	86.13	85.38	22.36	88.96	28.46	28.86	97.74	13.15	65.12	36.06	96.21	27.2
33	58.31	67.68	42.43	27.2	27.86	40.25	30.53	48.17	12.81	48.08	50.04	53.81	59.09	26.0	31.24	51.42	27.86	32.8	36.5	43.27	32.06	33.53	58.14	44.94	69.66	53.14	37.74	10.77	58.82	35.44	54.0	56.36	40.45	0.0	32.98	41.04	18.11	40.25	40.45	40.25	38.83	24.08	30.0	24.17	55.32	63.29	46.24	50.25	33.11	57.38	45.28	17.69	59.77	42.58	30.0	18.97	64.03	28.43
34	26.08	84.88	10.2	54.59	18.97	31.3	24.08	28.0	40.05	59.67	54.04	32.25	46.69	8.25	54.41	60.83	60.73	36.06	69.43	69.86	64.28	2.0	78.71	37.58	47.54	65.3	65.6	43.68	40.05	49.4	23.41	42.43	72.03	32.98	0.0	20.1	50.36	10.77	72.03	10.77	70.68	43.86	8.25	51.61	63.66	79.63	27.31	21.1	65.79	31.95	67.78	44.28	26.93	75.5	12.81	39.29	36.72	51.92
35	24.74	73.54	25.06	53.37	38.21	14.42	14.14	8.25	42.05	47.54	38.83	13.42	26.68	18.97	50.16	47.41	67.68	54.92	74.24	66.12	67.23	18.11	69.86	19.8	29.53	52.8	78.1	51.22	20.4	40.45	36.88	22.36	73.38	41.04	20.1	0.0	54.59	11.66	73.38	11.66	79.65	59.06	28.0	64.03	49.4	68.15	46.84	13.15	73.24	16.4	61.2	44.6	28.79	80.06	11.66	37.36	23.32	48.37
36	74.73	57.58	60.13	14.56	45.61	49.52	41.62	60.46	12.81	44.18	50.6	66.03	66.84	42.76	22.09	48.37	14.42	47.2	19.7	28.43	14.0	50.64	46.52	52.5	80.92	48.0	34.06	10.0	69.43	32.98	72.03	65.12	22.36	18.11	50.36	54.59	0.0	56.32	22.36	56.32	27.78	32.8	48.04	25.3	52.35	54.12	63.89	65.55	20.0	70.83	33.62	12.53	76.69	25.63	44.94	20.0	77.9	20.0
37	18.44	83.19	13.42	58.03	29.73	25.46	21.54	18.44	44.72	57.31	49.68	22.0	37.95	14.42	56.32	57.69	68.03	46.82	75.89	72.25	69.86	8.94	78.43	31.24	36.88	62.77	75.07	50.99	30.07	48.7	25.46	33.53	76.94	40.25	10.77	11.66	56.32	0.0	76.94	0.0	78.89	54.04	18.97	60.96	60.0	77.83	35.69	10.63	73.35	21.19	68.66	48.26	21.0	81.91	12.0	42.0	26.08	54.15
38	95.35	50.04	82.0	20.59	67.91	65.3	59.46	78.0	32.25	47.71	58.14	83.26	80.0	64.12	26.91	52.15	21.26	68.0	12.65	18.44	8.94	72.11	38.05	66.57	96.75	49.19	42.94	31.62	85.09	41.04	94.19	79.32	0.0	40.45	72.03	73.38	22.36	76.94	0.0	76.94	29.12	51.61	70.26	41.04	55.57	48.51	86.13	85.38	22.36	88.96	28.46	28.86	97.74	13.15	65.12	36.06	96.21	27.2
39	18.44	83.19	13.42	58.03	29.73	25.46	21.54	18.44	44.72	57.31	49.68	22.0	37.95	14.42	56.32	57.69	68.03	46.82	75.89	72.25	69.86	8.94	78.43	31.24	36.88	62.77	75.07	50.99	30.07	48.7	25.46	33.53	76.94	40.25	10.77	11.66	56.32	0.0	76.94	0.0	78.89	54.04	18.97	60.96	60.0	77.83	35.69	10.63	73.35	21.19	68.66	48.26	21.0	81.91	12.0	42.0	26.08	54.15
40	96.6	78.23	79.12	39.29	59.23	76.58	67.88	86.37	40.0	70.34	78.0	92.02	94.4	64.5	47.54	74.73	13.42	52.15	16.49	46.17	24.0	71.55	66.27	80.0	107.48	73.35	15.62	28.43	96.21	60.17	88.77	92.46	29.12	38.83	70.68	79.65	27.78	78.89	29.12	78.89	0.0	34.06	65.79	22.0	78.59	76.01	75.17	89.04	8.25	96.05	55.01	40.31	97.58	18.03	68.82	47.71	102.8	46.17
41	69.43	89.44	50.0	46.65	27.78	62.1	51.92	67.08	35.44	71.81	74.11	72.47	81.04	40.5	52.8	75.31	31.3	18.11	42.05	61.22	42.8	45.34	78.89	67.47	88.59	76.66	23.41	23.32	78.79	59.23	57.27	77.79	51.61	24.08	43.86	59.06	32.8	54.04	51.61	54.04	34.06	0.0	36.88	12.17	79.25	85.49	41.59	64.66	33.53	74.33	65.86	39.56	69.2	47.17	47.41	42.76	80.0	50.16
42	32.56	88.09	13.42	54.41	10.77	37.95	29.53	36.06	39.29	63.66	59.36	40.45	54.33	11.66	55.46	65.3	56.89	27.86	66.27	70.23	62.03	10.2	80.99	44.27	55.79	69.31	59.36	40.2	48.17	52.5	24.0	50.16	70.26	30.0	8.25	28.0	48.04	18.97	70.26	18.97	65.79	36.88	0.0	45.65	68.41	82.98	21.4	29.07	61.61	40.16	69.35	43.97	32.45	72.34	18.97	40.25	44.72	52.8
43	77.67	82.87	59.06	39.85	37.95	64.4	54.59	71.61	32.06	68.12	72.44	77.2	83.26	46.69	47.07	72.03	20.0	30.27	30.53	52.84	32.56	52.8	71.69	69.08	93.23	72.44	14.14	18.0	82.68	56.0	67.68	80.5	41.04	24.17	51.61	64.03	25.3	60.96	41.04	60.96	22.0	12.17	45.65	0.0	76.03	79.4	53.24	71.51	21.54	80.06	58.87	35.06	78.03	35.34	52.5	40.2	86.28	44.72
44	73.35	26.08	72.25	39.29	74.43	34.99	39.6	47.54	44.18	8.25	10.77	50.0	36.0	56.85	31.05	4.0	65.51	86.16	64.62	38.42	55.71	62.23	27.86	30.46	56.0	7.21	86.37	58.03	46.39	20.1	85.28	38.21	55.57	55.32	63.66	49.4	52.35	60.0	55.57	60.0	78.59	79.25	68.41	76.03	0.0	21.0	89.81	61.72	70.34	57.28	28.32	41.0	77.83	67.98	50.91	36.5	63.56	32.56
45	92.7	5.39	89.04	39.56	87.05	54.08	56.44	67.45	50.61	20.62	31.26	70.41	57.0	72.01	32.7	21.38	64.38	95.96	60.07	30.15	52.01	78.49	11.18	50.45	77.0	15.52	86.98	62.39	67.27	30.48	102.4	59.14	48.51	63.29	79.63	68.15	54.12	77.83	48.51	77.83	76.01	85.49	82.98	79.4	21.0	0.0	104.0	80.99	68.07	77.67	21.1	46.07	96.93	61.66	67.42	45.0	84.17	35.34
46	40.52	109.04	23.02	72.9	18.38	58.6	50.77	54.13	57.71	84.96	80.71	57.43	73.5	33.02	75.17	86.68	69.35	24.7	79.76	89.01	77.37	29.15	101.4	64.88	71.01	90.61	64.76	54.57	65.62	73.55	20.25	69.12	86.13	46.24	27.31	46.84	63.89	35.69	86.13	35.69	75.17	41.59	21.4	53.24	89.81	104.0	0.0	43.0	73.06	55.0	89.31	62.65	37.7	85.59	39.82	60.22	57.43	72.4
47	11.7	86.38	20.02	65.76	39.81	26.93	27.0	14.87	53.45	60.41	51.0	15.65	33.84	24.84	63.03	60.01	77.83	56.86	85.23	79.03	78.75	19.42	82.98	31.38	28.02	65.55	85.63	60.9	23.77	53.6	28.23	29.41	85.38	50.25	21.1	13.15	65.55	10.63	85.38	10.63	89.04	64.66	29.07	71.51	61.72	80.99	43.0	0.0	83.24	12.0	74.33	56.52	16.12	91.18	20.62	49.65	15.65	61.13
48	91.39	70.46	74.73	31.05	56.14	69.31	60.96	79.65	32.56	62.1	69.86	85.28	86.83	59.09	39.29	66.48	5.66	51.42	10.0	38.47	16.12	66.48	58.55	72.47	100.5	65.12	20.59	22.36	89.11	52.0	85.16	85.04	22.36	33.11	65.79	73.24	20.0	73.35	22.36	73.35	8.25	33.53	61.61	21.54	70.34	68.07	73.06	83.24	0.0	89.63	47.01	32.45	92.7	13.89	62.77	40.0	96.52	37.95
49	19.42	82.98	32.02	68.62	50.92	25.08	29.55	11.18	58.18	57.56	46.57	7.28	24.84	33.84	64.54	56.29	84.05	68.01	90.43	80.23	83.19	30.08	81.22	27.29	16.03	62.17	94.18	67.62	13.45	53.15	39.56	20.81	88.96	57.38	31.95	16.4	70.83	21.19	88.96	21.19	96.05	74.33	40.16	80.06	57.28	77.67	55.0	12.0	89.63	0.0	74.17	60.42	24.41	96.18	27.59	52.92	7.28	63.06
50	85.71	24.04	77.83	19.24	71.4	49.09	47.52	63.07	32.53	21.4	33.62	67.36	58.87	59.62	14.21	25.5	43.29	77.99	39.32	10.3	31.02	67.07	13.04	47.85	77.88	21.4	65.92	42.54	66.71	21.02	91.18	59.48	28.46	45.28	67.78	61.2	33.62	68.66	28.46	68.66	55.01	65.86	69.35	58.87	28.32	21.1	89.31	74.33	47.01	74.17	0.0	27.59	89.27	41.48	57.01	29.15	81.3	17.03
51	66.61	50.25	54.45	10.44	44.42	37.8	30.87	49.65	5.0	33.06	38.33	55.07	54.56	36.12	13.6	37.0	26.93	50.45	30.61	26.4	22.83	44.1	40.46	40.31	69.4	37.48	45.71	17.12	57.8	21.1	67.27	53.04	28.86	17.69	44.28	44.6	12.53	48.26	28.86	48.26	40.31	39.56	43.97	35.06	41.0	46.07	62.65	56.52	32.45	60.42	27.59	0.0	69.18	36.06	36.35	7.81	67.62	10.82
52	5.0	102.32	19.21	79.03	41.77	42.95	41.77	30.81	65.49	76.32	67.12	30.41	48.84	33.96	77.23	76.06	87.6	57.49	96.05	93.19	90.43	26.25	98.49	47.51	38.28	81.54	91.81	70.52	37.8	68.88	18.25	44.55	97.74	59.77	26.93	28.79	76.69	21.0	97.74	21.0	97.58	69.2	32.45	78.03	77.83	96.93	37.7	16.12	92.7	24.41	89.27	69.18	0.0	102.11	33.0	63.0	23.09	75.11
53	100.28	63.13	85.0	30.48	68.07	73.82	66.73	85.59	38.01	59.94	69.63	91.07	89.87	68.15	38.01	64.41	16.28	64.85	6.08	31.58	13.45	75.93	51.16	75.93	105.44	61.85	33.3	32.14	93.81	52.01	96.25	88.73	13.15	42.58	75.5	80.06	25.63	81.91	13.15	81.91	18.03	47.17	72.34	35.34	67.98	61.66	85.59	91.18	13.89	96.18	41.48	36.06	102.11	0.0	70.58	43.83	103.31	37.64
54	30.27	72.72	21.63	46.04	28.07	18.97	11.31	19.7	32.98	47.2	41.23	25.06	36.0	8.0	44.41	48.17	57.31	44.18	64.62	60.3	58.24	11.31	67.23	25.3	41.18	52.8	66.6	40.5	31.62	37.58	34.99	32.06	65.12	30.0	12.81	11.66	44.94	12.0	65.12	12.0	68.82	47.41	18.97	52.5	50.91	67.42	39.82	20.62	62.77	27.59	57.01	36.35	33.0	70.58	0.0	30.0	34.06	42.19
55	60.13	49.68	49.48	16.12	42.52	30.0	23.41	42.05	8.25	29.12	32.25	47.41	46.86	31.05	15.23	32.56	34.41	51.11	38.42	30.59	30.53	38.83	41.23	32.56	61.61	34.18	51.92	22.36	50.0	16.49	62.64	45.25	36.06	18.97	39.29	37.36	20.0	42.0	36.06	42.0	47.71	42.76	40.25	40.2	36.5	45.0	60.22	49.65	40.0	52.92	29.15	7.81	63.0	43.83	30.0	0.0	60.17	12.65
56	18.44	89.44	34.93	75.89	55.46	32.25	36.77	18.44	65.3	64.28	52.95	14.0	29.53	39.7	71.81	62.8	90.97	72.5	97.53	87.48	90.38	34.99	88.09	34.06	15.23	68.73	100.42	74.4	17.89	60.3	40.2	26.0	96.21	64.03	36.72	23.32	77.9	26.08	96.21	26.08	102.8	80.0	44.72	86.28	63.56	84.17	57.43	15.65	96.52	7.28	81.3	67.62	23.09	103.31	34.06	60.17	0.0	70.34
57	72.0	39.45	62.1	7.21	54.41	38.63	34.23	51.92	15.62	24.33	32.25	56.92	52.8	43.68	2.83	28.64	32.98	61.22	33.29	18.11	24.41	51.42	29.73	39.45	69.77	28.0	54.04	27.2	58.14	14.42	75.29	52.15	27.2	28.43	51.92	48.37	20.0	54.15	27.2	54.15	46.17	50.16	52.8	44.72	32.56	35.34	72.4	61.13	37.95	63.06	17.03	10.82	75.11	37.64	42.19	12.65	70.34	0.0
;
