vehicles
vehicle_idx, capacity, cost_per_unit_distance
1,100,1
2,100,1
3,100,1
4,100,1
5,100,1
6,100,1
depot
node_idx,x,y
0,31,73
home delivery customers
node_idx,x,y,service_time,demand
1,11,67,15,19
2,81,29,15,12
3,71,5,15,6
4,48,50,15,8
5,91,17,15,14
6,49,68,15,2
7,85,29,15,8
8,11,16,15,5
9,74,98,15,7
10,56,37,15,22
11,13,81,15,14
12,66,80,15,17
13,6,13,15,2
14,87,5,15,10
15,40,72,15,6
16,1,44,15,21
17,27,49,15,6
18,15,33,15,13
19,28,43,15,24
20,6,25,15,11
21,7,81,15,22
22,96,88,15,17
23,32,94,15,17
24,95,94,15,8
25,96,16,15,5
26,90,68,15,3
27,6,59,15,12
self pickup customers
node_idx,x,y,service_time,demand,locker_idxs
28,97,62,15,20,50-54-52
29,6,56,15,17,46-51-49
30,96,55,15,23,52-50-54
31,32,23,15,21,48-53-51-49
32,64,30,15,24,53-52-50-54-45
33,75,61,15,20,50-54-47-52
34,60,95,15,10,46-47-52
35,46,53,15,21,47-50-54-52-51-49-53
36,3,9,15,11,48-53
37,1,100,15,16,46
38,98,8,15,11,45
39,9,11,15,23,48-53
40,33,31,15,18,52-51-49-53-48
flexible customers
node_idx,x,y,service_time,demand,locker_idxs
41,52,96,15,2,46-47-52
42,36,17,15,15,48-53-49
43,53,46,15,8,50-54-52-53-49-51
44,2,35,15,22,48-53-51-49
lockers
node_idx,x,y,service_time,capacity,cost_per_unit_good
45,93,12,10,78,100
46,22,88,10,73,100
47,65,88,10,71,100
48,25,15,10,85,100
49,28,52,10,92,100
50,85,50,10,80,100
51,25,58,10,89,100
52,60,57,10,87,100
53,39,24,10,89,100
54,73,45,10,98,100
mrt lines
start_node_idx,end_node_idx,freight_capacity,cost_per_unit_good
45,46,78,1
46,45,78,1
47,48,85,1
48,47,85,1
distance matrix
,0,1,2,3,4,5,6,7,8,9,10,11,12,13,14,15,16,17,18,19,20,21,22,23,24,25,26,27,28,29,30,31,32,33,34,35,36,37,38,39,40,41,42,43,44,45,46,47,48,49,50,51,52,53,54,
0,0.0,20.88,66.6,78.89,28.6,82.07,18.68,69.66,60.41,49.74,43.83,19.7,35.69,65.0,88.09,9.06,41.73,24.33,43.08,30.15,54.12,25.3,66.71,21.02,67.36,86.45,59.21,28.65,66.91,30.23,67.45,50.01,54.2,45.61,36.4,25.0,69.86,40.36,93.35,65.79,42.05,31.14,56.22,34.83,47.8,86.98,17.49,37.16,58.31,21.21,58.69,16.16,33.12,49.65,50.48
1,20.88,0.0,79.65,86.28,40.72,94.34,38.01,83.19,51.0,70.21,54.08,14.14,56.52,54.23,98.08,29.43,25.08,24.08,34.23,29.41,42.3,14.56,87.56,34.21,88.23,99.13,79.01,9.43,86.15,12.08,85.84,48.75,64.64,64.28,56.44,37.7,58.55,34.48,105.12,56.04,42.19,50.22,55.9,46.96,33.24,98.74,23.71,57.94,53.85,22.67,75.93,16.64,50.01,51.31,65.79
2,66.6,79.65,0.0,26.0,39.12,15.62,50.45,4.0,71.2,69.35,26.25,85.6,53.16,76.69,24.74,59.41,81.39,57.58,66.12,54.82,75.11,90.44,60.88,81.4,66.49,19.85,40.02,80.78,36.67,79.71,30.02,49.37,17.03,32.56,69.26,42.44,80.52,106.96,27.02,74.22,48.04,73.01,46.57,32.76,79.23,20.81,83.44,61.13,57.72,57.78,21.38,63.06,35.0,42.3,17.89
3,78.89,86.28,26.0,0.0,50.54,23.32,66.73,27.78,61.0,93.05,35.34,95.6,75.17,65.49,16.0,73.82,80.13,62.23,62.61,57.38,68.01,99.36,86.68,97.17,92.18,27.31,65.8,84.5,62.65,82.62,55.9,42.95,25.96,56.14,90.67,54.12,68.12,118.0,27.17,62.29,46.04,92.96,37.0,44.78,75.24,23.09,96.38,83.22,47.07,63.7,47.13,70.18,53.15,37.22,40.05
4,28.6,40.72,39.12,50.54,0.0,54.2,18.03,42.54,50.25,54.59,15.26,46.75,34.99,55.97,59.55,23.41,47.38,21.02,37.12,21.19,48.88,51.4,61.22,46.82,64.38,58.82,45.69,42.95,50.45,42.43,48.26,31.38,25.61,29.15,46.57,3.61,60.88,68.62,65.3,55.15,24.21,46.17,35.11,6.4,48.38,58.9,46.04,41.63,41.88,20.1,37.0,24.35,13.89,27.51,25.5
5,82.07,94.34,15.62,23.32,54.2,0.0,66.07,13.42,80.01,82.76,40.31,100.9,67.78,85.09,12.65,75.01,93.96,71.55,77.67,68.15,85.38,105.6,71.18,97.01,77.1,5.1,51.01,94.81,45.4,93.52,38.33,59.3,29.97,46.82,83.93,57.63,88.36,122.43,11.4,82.22,59.67,88.1,55.0,47.8,90.8,5.39,99.01,75.61,66.03,72.07,33.54,77.7,50.61,52.47,33.29
6,18.68,38.01,50.45,66.73,18.03,66.07,0.0,53.08,64.4,39.05,31.78,38.28,20.81,69.81,73.57,9.85,53.67,29.07,48.8,32.65,60.81,43.97,51.08,31.06,52.84,70.09,41.0,43.93,48.37,44.64,48.76,48.1,40.85,26.93,29.15,15.3,74.81,57.69,77.47,69.63,40.31,28.16,52.63,22.36,57.43,71.22,33.6,25.61,58.18,26.4,40.25,26.0,15.56,45.12,33.24
7,69.66,83.19,4.0,27.78,42.54,13.42,53.08,0.0,75.13,69.87,30.08,88.81,54.42,80.6,24.08,62.24,85.33,61.35,70.11,58.69,79.1,93.74,60.02,83.87,65.76,17.03,39.32,84.5,35.11,83.49,28.23,53.34,21.02,33.53,70.58,45.79,84.4,109.99,24.7,78.1,52.04,74.69,50.45,36.24,83.22,18.79,86.31,62.3,61.61,61.47,21.0,66.64,37.54,46.27,20.0
8,60.41,51.0,71.2,61.0,50.25,80.01,64.4,75.13,0.0,103.41,49.66,65.03,84.39,5.83,76.79,63.06,29.73,36.67,17.46,31.91,10.3,65.12,111.4,80.78,114.63,85.0,94.58,43.29,97.53,40.31,93.52,22.14,54.82,78.24,92.96,50.93,10.63,84.59,87.37,5.39,26.63,89.89,25.02,51.61,21.02,82.1,72.84,90.0,14.04,39.81,81.44,44.27,63.89,29.12,68.45
9,49.74,70.21,69.35,93.05,54.59,82.76,39.05,69.87,103.41,0.0,63.6,63.32,19.7,108.85,93.9,42.8,90.8,67.9,87.78,71.7,99.76,69.12,24.17,42.19,21.38,84.9,34.0,78.39,42.72,79.92,48.3,85.96,68.73,37.01,14.32,53.0,113.85,73.03,93.15,108.6,78.55,22.09,89.47,56.08,95.67,88.07,52.95,13.45,96.38,65.05,49.24,63.25,43.32,81.86,53.01
10,43.83,54.08,26.25,35.34,15.26,40.31,31.78,30.08,49.66,63.6,0.0,61.52,44.15,55.46,44.55,38.48,55.44,31.38,41.19,28.64,51.42,65.86,64.82,61.85,69.07,45.18,46.01,54.63,48.02,53.49,43.86,27.78,10.63,30.61,58.14,18.87,59.94,83.63,51.04,53.71,23.77,59.14,28.28,9.49,54.04,44.65,61.29,51.79,38.01,31.76,31.78,37.44,20.4,21.4,18.79
11,19.7,14.14,85.6,95.6,46.75,100.9,38.28,88.81,65.03,63.32,61.52,0.0,53.01,68.36,106.08,28.46,38.9,34.93,48.04,40.85,56.44,6.0,83.29,23.02,83.02,105.42,78.09,23.09,86.12,25.96,86.98,61.03,72.12,65.15,49.04,43.28,72.69,22.47,112.04,70.11,53.85,41.79,68.01,53.15,47.3,105.65,11.4,52.47,67.08,32.65,78.39,25.94,52.77,62.65,69.97
12,35.69,56.52,53.16,75.17,34.99,67.78,20.81,54.42,84.39,19.7,44.15,53.01,0.0,89.94,77.88,27.2,74.3,49.82,69.35,53.04,81.39,59.01,31.05,36.77,32.2,70.68,26.83,63.57,35.85,64.62,39.05,66.37,50.04,21.02,16.16,33.6,94.92,68.01,78.79,89.5,59.08,21.26,69.78,36.4,78.24,73.16,44.72,8.06,76.85,47.2,35.51,46.53,23.77,62.17,35.69
13,65.0,54.23,76.69,65.49,55.97,85.09,69.81,80.6,5.83,108.85,55.46,68.36,89.94,0.0,81.39,68.1,31.4,41.68,21.93,37.2,12.0,68.01,117.15,85.07,120.34,90.05,100.4,46.0,103.35,43.0,99.32,27.86,60.44,84.05,98.18,56.57,5.0,87.14,92.14,3.61,32.45,94.89,30.27,57.43,22.36,87.01,76.69,95.43,19.1,44.78,87.24,48.85,69.66,34.79,74.25
14,88.09,98.08,24.74,16.0,59.55,12.65,73.57,24.08,76.79,93.9,44.55,106.08,77.88,81.39,0.0,81.84,94.43,74.4,77.25,70.18,83.43,110.34,83.49,104.62,89.36,14.21,63.07,97.35,57.87,95.72,50.8,57.87,33.97,57.27,93.96,63.13,84.1,128.14,11.4,78.23,59.93,97.5,52.39,53.26,90.14,9.22,105.42,85.87,62.8,75.43,45.04,81.57,58.59,51.62,42.38
15,9.06,29.43,59.41,73.82,23.41,75.01,9.85,62.24,63.06,42.8,38.48,28.46,27.2,68.1,81.84,0.0,48.01,26.42,46.32,31.38,58.01,34.21,58.24,23.41,59.24,79.2,50.16,36.4,57.87,37.58,58.52,49.65,48.37,36.69,30.48,19.92,73.06,48.01,86.37,68.43,41.59,26.83,55.15,29.07,53.04,80.06,24.08,29.68,58.94,23.32,50.09,20.52,25.0,48.01,42.64
16,41.73,25.08,81.39,80.13,47.38,93.96,53.67,85.33,29.73,90.8,55.44,38.9,74.3,31.4,94.43,48.01,0.0,26.48,17.8,27.02,19.65,37.48,104.69,58.83,106.47,99.04,92.18,15.81,97.67,13.0,95.63,37.44,64.54,75.93,77.99,45.89,35.06,56.0,103.46,33.96,34.54,72.84,44.2,52.04,9.06,97.41,48.75,77.67,37.64,28.16,84.21,27.78,60.42,42.94,72.01
17,24.33,24.08,57.58,62.23,21.02,71.55,29.07,61.35,36.67,67.9,31.38,34.93,49.82,41.68,74.4,26.42,26.48,0.0,20.0,6.08,31.89,37.74,79.26,45.28,81.54,76.49,65.8,23.26,71.2,22.14,69.26,26.48,41.59,49.48,56.61,19.42,46.65,57.25,81.99,42.05,18.97,53.24,33.24,26.17,28.65,75.66,39.32,54.45,34.06,3.16,58.01,9.22,33.96,27.73,46.17
18,43.08,34.23,66.12,62.61,37.12,77.67,48.8,70.11,17.46,87.78,41.19,48.04,69.35,21.93,77.25,46.32,17.8,20.0,0.0,16.4,12.04,48.66,97.91,63.32,100.6,82.76,82.76,27.51,86.98,24.7,83.93,19.72,49.09,66.21,76.61,36.89,26.83,68.45,86.68,22.8,18.11,73.06,26.4,40.16,13.15,80.78,55.44,74.33,20.59,23.02,72.03,26.93,51.0,25.63,59.23
19,30.15,29.41,54.82,57.38,21.19,68.15,32.65,58.69,31.91,71.7,28.64,40.85,53.04,37.2,70.18,31.38,27.02,6.08,16.4,0.0,28.43,43.42,81.54,51.16,84.2,73.16,66.85,27.2,71.57,25.55,69.05,20.4,38.28,50.33,61.06,20.59,42.2,63.07,78.26,37.22,13.0,58.18,27.2,25.18,27.2,72.01,45.4,58.26,28.16,9.0,57.43,15.3,34.93,21.95,45.04
20,54.12,42.3,75.11,68.01,48.88,85.38,60.81,79.1,10.3,99.76,51.42,56.44,81.39,12.0,83.43,58.01,19.65,31.89,12.04,28.43,0.0,56.01,109.86,73.74,112.61,90.45,94.37,34.0,98.23,31.0,94.87,26.08,58.22,77.83,88.41,48.83,16.28,75.17,93.56,14.32,27.66,84.6,31.05,51.48,10.77,87.97,65.0,86.31,21.47,34.83,82.86,38.08,62.77,33.02,69.92
21,25.3,14.56,90.44,99.36,51.4,105.6,43.97,93.74,65.12,69.12,65.86,6.0,59.01,68.01,110.34,34.21,37.48,37.74,48.66,43.42,56.01,0.0,89.27,28.18,88.96,110.21,84.01,22.02,91.98,25.02,92.72,63.16,76.49,70.88,54.82,48.01,72.11,19.92,116.66,70.03,56.36,47.43,70.26,57.8,46.27,110.26,16.55,58.42,68.41,35.81,83.93,29.21,58.18,65.37,75.18
22,66.71,87.56,60.88,86.68,61.22,71.18,51.08,60.02,111.4,24.17,64.82,83.29,31.05,117.15,83.49,58.24,104.69,79.26,97.91,81.54,109.86,89.27,0.0,64.28,6.08,72.0,20.88,94.56,26.02,95.52,33.0,91.22,66.24,34.21,36.67,61.03,122.02,95.75,80.02,116.18,84.96,44.72,92.96,60.11,107.91,76.06,74.0,31.0,101.83,76.94,39.56,77.08,47.51,85.7,48.76
23,21.02,34.21,81.4,97.17,46.82,97.01,31.06,83.87,80.78,42.19,61.85,23.02,36.77,85.07,104.62,23.41,58.83,45.28,63.32,51.16,73.74,28.18,64.28,0.0,63.0,100.9,63.56,43.6,72.45,46.04,74.95,71.0,71.55,54.2,28.02,43.32,89.81,31.58,108.41,86.13,63.01,20.1,77.1,52.39,66.19,102.2,11.66,33.54,79.31,42.19,68.88,36.67,46.4,70.35,63.89
24,67.36,88.23,66.49,92.18,64.38,77.1,52.84,65.76,114.63,21.38,69.07,83.02,32.2,120.34,89.36,59.24,106.47,81.54,100.6,84.2,112.61,88.96,6.08,63.0,0.0,78.01,26.48,95.63,32.06,96.77,39.01,94.92,71.11,38.59,35.01,63.89,125.26,94.19,86.05,119.52,88.39,43.05,97.01,63.78,110.14,82.02,73.25,30.59,105.55,79.08,45.12,78.71,50.93,89.64,53.71
25,86.45,99.13,19.85,27.31,58.82,5.1,70.09,17.03,85.0,84.9,45.18,105.42,70.68,90.05,14.21,79.2,99.04,76.49,82.76,73.16,90.45,110.21,72.0,100.9,78.01,0.0,52.35,99.74,46.01,98.49,39.0,64.38,34.93,49.66,86.82,62.2,93.26,126.81,8.25,87.14,64.76,91.3,60.01,52.43,95.9,5.0,103.25,78.39,71.01,76.94,35.74,82.49,54.56,57.56,37.01
26,59.21,79.01,40.02,65.8,45.69,51.01,41.0,39.32,94.58,34.0,46.01,78.09,26.83,100.4,63.07,50.16,92.18,65.8,82.76,66.85,94.37,84.01,20.88,63.56,26.48,52.35,0.0,84.48,9.22,84.85,14.32,73.41,46.04,16.55,40.36,46.49,105.12,94.58,60.53,99.05,67.96,47.2,74.28,43.05,93.98,56.08,70.88,32.02,83.87,64.03,18.68,65.76,31.95,67.36,28.6
27,28.65,9.43,80.78,84.5,42.95,94.81,43.93,84.5,43.29,78.39,54.63,23.09,63.57,46.0,97.35,36.4,15.81,23.26,27.51,27.2,34.0,22.02,94.56,43.6,95.63,99.74,84.48,0.0,91.05,3.0,90.09,44.41,64.85,69.03,64.9,40.45,50.09,41.3,105.19,48.09,38.9,59.03,51.61,48.76,24.33,98.88,33.12,65.74,47.93,23.09,79.51,19.03,54.04,48.1,68.45
28,66.91,86.15,36.67,62.65,50.45,45.4,48.37,35.11,97.53,42.72,48.02,86.12,35.85,103.35,57.87,57.87,97.67,71.2,86.98,71.57,98.23,91.98,26.02,72.45,32.06,46.01,9.22,91.05,0.0,91.2,7.07,75.8,45.97,22.02,49.58,51.79,107.91,103.25,54.01,101.71,71.11,56.4,75.8,46.82,98.76,50.16,79.38,41.23,85.98,69.72,16.97,72.11,37.34,69.34,29.41
29,30.23,12.08,79.71,82.62,42.43,93.52,44.64,83.49,40.31,79.92,53.49,25.96,64.62,43.0,95.72,37.58,13.0,22.14,24.7,25.55,31.0,25.02,95.52,46.04,96.77,98.49,84.85,3.0,91.2,0.0,90.01,42.01,63.56,69.18,66.61,40.11,47.1,44.28,103.77,45.1,36.8,60.96,49.2,48.05,21.38,97.49,35.78,67.12,45.19,22.36,79.23,19.1,54.01,45.97,67.9
30,67.45,85.84,30.02,55.9,48.26,38.33,48.76,28.23,93.52,48.3,43.86,86.98,39.05,99.32,50.8,58.52,95.63,69.26,83.93,69.05,94.87,92.72,33.0,74.95,39.01,39.0,14.32,90.09,7.07,90.01,0.0,71.55,40.61,21.84,53.81,50.04,103.75,105.12,47.04,97.49,67.42,60.14,71.02,43.93,96.1,43.1,81.02,45.28,81.49,68.07,12.08,71.06,36.06,64.88,25.08
31,50.01,48.75,49.37,42.95,31.38,59.3,48.1,53.34,22.14,85.96,27.78,61.03,66.37,27.86,57.87,49.65,37.44,26.48,19.72,20.4,26.08,63.16,91.22,71.0,94.92,64.38,73.41,44.41,75.8,42.01,71.55,0.0,32.76,57.38,77.25,33.11,32.2,83.01,67.68,25.94,8.06,75.69,7.21,31.14,32.31,61.98,65.76,72.9,10.63,29.27,59.48,35.69,44.05,7.07,46.53
32,54.2,64.64,17.03,25.96,25.61,29.97,40.85,21.02,54.82,68.73,10.63,72.12,50.04,60.44,33.97,48.37,64.54,41.59,49.09,38.28,58.22,76.49,66.24,71.55,71.11,34.93,46.04,64.85,45.97,63.56,40.61,32.76,0.0,32.89,65.12,29.21,64.51,94.18,40.5,58.19,31.02,67.08,30.87,19.42,62.2,34.13,71.61,58.01,41.79,42.19,29.0,48.01,27.29,25.71,17.49
33,45.61,64.28,32.56,56.14,29.15,46.82,26.93,33.53,78.24,37.01,30.61,65.15,21.02,84.05,57.27,36.69,75.93,49.48,66.21,50.33,77.83,70.88,34.21,54.2,38.59,49.66,16.55,69.03,22.02,69.18,21.84,57.38,32.89,0.0,37.16,30.08,88.81,83.65,57.78,82.8,51.61,41.88,58.8,26.63,77.49,52.2,59.48,28.79,67.94,47.85,14.87,50.09,15.52,51.62,16.12
34,36.4,56.44,69.26,90.67,46.57,83.93,29.15,70.58,92.96,14.32,58.14,49.04,16.16,98.18,93.96,30.48,77.99,56.61,76.61,61.06,88.41,54.82,36.67,28.02,35.01,86.82,40.36,64.9,49.58,66.61,53.81,77.25,65.12,37.16,0.0,44.27,103.17,59.21,94.94,98.27,69.46,8.06,81.61,49.5,83.45,89.32,38.64,8.6,87.32,53.6,51.48,50.93,38.0,74.04,51.66
35,25.0,37.7,42.44,54.12,3.61,57.63,15.3,45.79,50.93,53.0,18.87,43.28,33.6,56.57,63.13,19.92,45.89,19.42,36.89,20.59,48.83,48.01,61.03,43.32,63.89,62.2,46.49,40.45,51.79,40.11,50.04,33.11,29.21,30.08,44.27,0.0,61.52,65.07,68.77,55.97,25.55,43.42,37.36,9.9,47.54,62.37,42.44,39.82,43.42,18.03,39.12,21.59,14.56,29.83,28.16
36,69.86,58.55,80.52,68.12,60.88,88.36,74.81,84.4,10.63,113.85,59.94,72.69,94.92,5.0,84.1,73.06,35.06,46.65,26.83,42.2,16.28,72.11,122.02,89.81,125.26,93.26,105.12,50.09,107.91,47.1,103.75,32.2,64.51,88.81,103.17,61.52,0.0,91.02,95.01,6.32,37.2,99.85,33.96,62.2,26.02,90.05,81.25,100.42,22.8,49.74,91.68,53.71,74.52,39.0,78.71
37,40.36,34.48,106.96,118.0,68.62,122.43,57.69,109.99,84.59,73.03,83.63,22.47,68.01,87.14,128.14,48.01,56.0,57.25,68.45,63.07,75.17,19.92,95.75,31.58,94.19,126.81,94.58,41.3,103.25,44.28,105.12,83.01,94.18,83.65,59.21,65.07,91.02,0.0,133.69,89.36,76.06,51.16,90.08,74.97,65.01,127.31,24.19,65.12,88.32,55.07,97.75,48.37,73.01,84.97,90.6
38,93.35,105.12,27.02,27.17,65.3,11.4,77.47,24.7,87.37,93.15,51.04,112.04,78.79,92.14,11.4,86.37,103.46,81.99,86.68,78.26,93.56,116.66,80.02,108.41,86.05,8.25,60.53,105.19,54.01,103.77,47.04,67.68,40.5,57.78,94.94,68.77,95.01,133.69,0.0,89.05,68.95,99.3,62.65,58.9,99.72,6.4,110.34,86.54,73.33,82.68,43.97,88.48,62.01,61.13,44.65
39,65.79,56.04,74.22,62.29,55.15,82.22,69.63,78.1,5.39,108.6,53.71,70.11,89.5,3.61,78.23,68.43,33.96,42.05,22.8,37.22,14.32,70.03,116.18,86.13,119.52,87.14,99.05,48.09,101.71,45.1,97.49,25.94,58.19,82.8,98.27,55.97,6.32,89.36,89.05,0.0,31.24,95.26,27.66,56.22,25.0,84.01,78.09,95.21,16.49,45.19,85.42,49.65,68.68,32.7,72.47
40,42.05,42.19,48.04,46.04,24.21,59.67,40.31,52.04,26.63,78.55,23.77,53.85,59.08,32.45,59.93,41.59,34.54,18.97,18.11,13.0,27.66,56.36,84.96,63.01,88.39,64.76,67.96,38.9,71.11,36.8,67.42,8.06,31.02,51.61,69.46,25.55,37.2,76.06,68.95,31.24,0.0,67.72,14.32,25.0,31.26,62.94,58.05,65.37,17.89,21.59,55.36,28.16,37.48,9.22,42.38
41,31.14,50.22,73.01,92.96,46.17,88.1,28.16,74.69,89.89,22.09,59.14,41.79,21.26,94.89,97.5,26.83,72.84,53.24,73.06,58.18,84.6,47.43,44.72,20.1,43.05,91.3,47.2,59.03,56.4,60.96,60.14,75.69,67.08,41.88,8.06,43.42,99.85,51.16,99.3,95.26,67.72,0.0,80.6,50.01,78.87,93.47,31.05,15.26,85.38,50.12,56.61,46.62,39.81,73.16,55.15
42,56.22,55.9,46.57,37.0,35.11,55.0,52.63,50.45,25.02,89.47,28.28,68.01,69.78,30.27,52.39,55.15,44.2,33.24,26.4,27.2,31.05,70.26,92.96,77.1,97.01,60.01,74.28,51.61,75.8,49.2,71.02,7.21,30.87,58.8,81.61,37.36,33.96,90.08,62.65,27.66,14.32,80.6,0.0,33.62,38.47,57.22,72.37,76.69,11.18,35.9,59.08,42.45,46.65,7.62,46.4
43,34.83,46.96,32.76,44.78,6.4,47.8,22.36,36.24,51.61,56.08,9.49,53.15,36.4,57.43,53.26,29.07,52.04,26.17,40.16,25.18,51.48,57.8,60.11,52.39,63.78,52.43,43.05,48.76,46.82,48.05,43.93,31.14,19.42,26.63,49.5,9.9,62.2,74.97,58.9,56.22,25.0,50.01,33.62,0.0,52.17,52.5,52.2,43.68,41.77,25.71,32.25,30.46,13.04,26.08,20.02
44,47.8,33.24,79.23,75.24,48.38,90.8,57.43,83.22,21.02,95.67,54.04,47.3,78.24,22.36,90.14,53.04,9.06,28.65,13.15,27.2,10.77,46.27,107.91,66.19,110.14,95.9,93.98,24.33,98.76,21.38,96.1,32.31,62.2,77.49,83.45,47.54,26.02,65.01,99.72,25.0,31.26,78.87,38.47,52.17,0.0,93.86,56.65,82.33,30.48,31.06,84.34,32.53,62.03,38.6,71.7
45,86.98,98.74,20.81,23.09,58.9,5.39,71.22,18.79,82.1,88.07,44.65,105.65,73.16,87.01,9.22,80.06,97.41,75.66,80.78,72.01,87.97,110.26,76.06,102.2,82.02,5.0,56.08,98.88,50.16,97.49,43.1,61.98,34.13,52.2,89.32,62.37,90.05,127.31,6.4,84.01,62.94,93.47,57.22,52.5,93.86,0.0,104.0,80.99,68.07,76.32,38.83,82.1,55.8,55.32,38.59
46,17.49,23.71,83.44,96.38,46.04,99.01,33.6,86.31,72.84,52.95,61.29,11.4,44.72,76.69,105.42,24.08,48.75,39.32,55.44,45.4,65.0,16.55,74.0,11.66,73.25,103.25,70.88,33.12,79.38,35.78,81.02,65.76,71.61,59.48,38.64,42.44,81.25,24.19,110.34,78.09,58.05,31.05,72.37,52.2,56.65,104.0,0.0,43.0,73.06,36.5,73.57,30.15,49.04,66.22,66.71
47,37.16,57.94,61.13,83.22,41.63,75.61,25.61,62.3,90.0,13.45,51.79,52.47,8.06,95.43,85.87,29.68,77.67,54.45,74.33,58.26,86.31,58.42,31.0,33.54,30.59,78.39,32.02,65.74,41.23,67.12,45.28,72.9,58.01,28.79,8.6,39.82,100.42,65.12,86.54,95.21,65.37,15.26,76.69,43.68,82.33,80.99,43.0,0.0,83.24,51.62,42.94,50.0,31.4,69.08,43.74
48,58.31,53.85,57.72,47.07,41.88,66.03,58.18,61.61,14.04,96.38,38.01,67.08,76.85,19.1,62.8,58.94,37.64,34.06,20.59,28.16,21.47,68.41,101.83,79.31,105.55,71.01,83.87,47.93,85.98,45.19,81.49,10.63,41.79,67.94,87.32,43.42,22.8,88.32,73.33,16.49,17.89,85.38,11.18,41.77,30.48,68.07,73.06,83.24,0.0,37.12,69.46,43.0,54.67,16.64,56.6
49,21.21,22.67,57.78,63.7,20.1,72.07,26.4,61.47,39.81,65.05,31.76,32.65,47.2,44.78,75.43,23.32,28.16,3.16,23.02,9.0,34.83,35.81,76.94,42.19,79.08,76.94,64.03,23.09,69.72,22.36,68.07,29.27,42.19,47.85,53.6,18.03,49.74,55.07,82.68,45.19,21.59,50.12,35.9,25.71,31.06,76.32,36.5,51.62,37.12,0.0,57.04,6.71,32.39,30.08,45.54
50,58.69,75.93,21.38,47.13,37.0,33.54,40.25,21.0,81.44,49.24,31.78,78.39,35.51,87.24,45.04,50.09,84.21,58.01,72.03,57.43,82.86,83.93,39.56,68.88,45.12,35.74,18.68,79.51,16.97,79.23,12.08,59.48,29.0,14.87,51.48,39.12,91.68,97.75,43.97,85.42,55.36,56.61,59.08,32.25,84.34,38.83,73.57,42.94,69.46,57.04,0.0,60.53,25.96,52.84,13.0
51,16.16,16.64,63.06,70.18,24.35,77.7,26.0,66.64,44.27,63.25,37.44,25.94,46.53,48.85,81.57,20.52,27.78,9.22,26.93,15.3,38.08,29.21,77.08,36.67,78.71,82.49,65.76,19.03,72.11,19.1,71.06,35.69,48.01,50.09,50.93,21.59,53.71,48.37,88.48,49.65,28.16,46.62,42.45,30.46,32.53,82.1,30.15,50.0,43.0,6.71,60.53,0.0,35.01,36.77,49.73
52,33.12,50.01,35.0,53.15,13.89,50.61,15.56,37.54,63.89,43.32,20.4,52.77,23.77,69.66,58.59,25.0,60.42,33.96,51.0,34.93,62.77,58.18,47.51,46.4,50.93,54.56,31.95,54.04,37.34,54.01,36.06,44.05,27.29,15.52,38.0,14.56,74.52,73.01,62.01,68.68,37.48,39.81,46.65,13.04,62.03,55.8,49.04,31.4,54.67,32.39,25.96,35.01,0.0,39.12,17.69
53,49.65,51.31,42.3,37.22,27.51,52.47,45.12,46.27,29.12,81.86,21.4,62.65,62.17,34.79,51.62,48.01,42.94,27.73,25.63,21.95,33.02,65.37,85.7,70.35,89.64,57.56,67.36,48.1,69.34,45.97,64.88,7.07,25.71,51.62,74.04,29.83,39.0,84.97,61.13,32.7,9.22,73.16,7.62,26.08,38.6,55.32,66.22,69.08,16.64,30.08,52.84,36.77,39.12,0.0,39.96
54,50.48,65.79,17.89,40.05,25.5,33.29,33.24,20.0,68.45,53.01,18.79,69.97,35.69,74.25,42.38,42.64,72.01,46.17,59.23,45.04,69.92,75.18,48.76,63.89,53.71,37.01,28.6,68.45,29.41,67.9,25.08,46.53,17.49,16.12,51.66,28.16,78.71,90.6,44.65,72.47,42.38,55.15,46.4,20.02,71.7,38.59,66.71,43.74,56.6,45.54,13.0,49.73,17.69,39.96,0.0
