vehicles
vehicle_idx, capacity, cost_per_unit_distance
1,100,3
2,100,3
3,100,3
4,100,3
5,100,3
6,100,3
7,100,3
depot
node_idx,x,y
0,61,99
home delivery customers
node_idx,x,y,service_time,demand
1,55,23,10,12
2,29,71,10,6
3,65,61,10,13
4,17,35,10,14
5,89,71,10,8
6,79,81,10,20
7,45,5,10,19
8,89,33,10,8
9,33,9,10,22
10,41,13,10,12
11,67,75,10,14
12,57,81,10,19
13,45,5,10,20
14,57,81,10,9
15,93,89,10,10
16,35,35,10,24
self pickup customers
node_idx,x,y,service_time,demand,locker_idxs
17,95,7,10,14,47
18,45,87,10,1,48-50
19,75,77,10,7,50-52-45
20,49,37,10,8,49
21,85,31,10,21,52-45
22,89,43,10,24,52
23,63,25,10,26,49
24,29,19,10,20,46
25,13,65,10,12,46
26,41,27,10,25,49-46
27,49,77,10,17,48
28,83,7,10,15,46
29,81,61,10,2,52
30,7,25,10,21,46
flexible customers
node_idx,x,y,service_time,demand,locker_idxs
31,15,47,10,16,46
32,39,75,10,23,48-50
33,87,79,10,5,45
34,75,63,10,1,52-50
35,73,35,10,20,47-51-49-52
36,39,99,10,18,48
37,93,69,10,13,52
38,49,69,10,3,48-50-52
39,93,33,10,17,49
40,39,45,10,22,49-51-47
41,47,77,10,16,48-50
42,63,9,10,20,53-47
43,17,13,10,6,46
44,89,27,10,11,53
lockers
node_idx,x,y,service_time,capacity,cost_per_unit_good
45,65,88,10,80
46,25,15,10,76
47,51,31,10,71
48,59,89,10,70
49,58,37,10,79
50,56,77,10,71
51,50,39,10,97
52,71,59,10,96
53,49,10,10,100
mrt lines
start_node_idx,end_node_idx,freight_capacity,cost_per_unit_good
45,46,80,0.5
46,45,80,0.5
distance matrix
,0,1,2,3,4,5,6,7,8,9,10,11,12,13,14,15,16,17,18,19,20,21,22,23,24,25,26,27,28,29,30,31,32,33,34,35,36,37,38,39,40,41,42,43,44,45,46,47,48,49,50,51,52,53,
0,0.0,76.24,42.52,38.21,77.67,39.6,25.46,95.35,71.69,94.25,88.29,24.74,18.44,95.35,18.44,33.53,69.08,98.08,20.0,26.08,63.15,72.11,62.61,74.03,86.16,58.82,74.73,25.06,94.59,42.94,91.61,69.43,32.56,32.8,38.63,65.12,22.0,43.86,32.31,73.35,58.31,26.08,90.02,96.6,77.25,11.7,91.39,68.73,10.2,62.07,22.56,61.0,41.23,89.81
1,76.24,0.0,54.59,39.29,39.85,58.82,62.77,20.59,35.44,26.08,17.2,53.37,58.03,20.59,58.03,76.16,23.32,43.08,64.78,57.58,15.23,31.05,39.45,8.25,26.31,59.4,14.56,54.33,32.25,46.04,48.04,46.65,54.41,64.5,44.72,21.63,77.67,59.67,46.39,39.29,27.2,54.59,16.12,39.29,34.23,65.76,31.05,8.94,66.12,14.32,54.01,16.76,39.4,14.32
2,42.52,54.59,0.0,37.36,37.95,60.0,50.99,67.91,71.02,62.13,59.23,38.21,29.73,67.91,29.73,66.48,36.5,91.93,22.63,46.39,39.45,68.82,66.21,57.2,52.0,17.09,45.61,20.88,83.74,52.95,50.99,27.78,10.77,58.55,46.69,56.85,29.73,64.03,20.1,74.43,27.86,18.97,70.71,59.23,74.4,39.81,56.14,45.65,34.99,44.69,27.66,38.28,43.68,64.2
3,38.21,39.29,37.36,0.0,54.59,26.0,24.41,59.46,36.88,61.06,53.67,14.14,21.54,59.46,21.54,39.6,39.7,61.77,32.8,18.87,28.84,36.06,30.0,36.06,55.32,52.15,41.62,22.63,56.92,16.0,68.26,51.92,29.53,28.43,10.2,27.2,46.04,29.12,17.89,39.6,30.53,24.08,52.04,67.88,41.62,27.0,60.96,33.11,28.64,25.0,18.36,26.63,6.32,53.45
4,77.67,39.85,37.95,54.59,0.0,80.5,77.2,41.04,72.03,30.53,32.56,64.03,60.96,41.04,60.96,93.23,18.0,82.87,59.06,71.61,32.06,68.12,72.44,47.07,20.0,30.27,25.3,52.8,71.69,69.08,14.14,12.17,45.65,82.68,64.4,56.0,67.68,83.26,46.69,76.03,24.17,51.61,52.84,22.0,72.44,71.51,21.54,34.23,68.41,41.05,57.31,33.24,59.09,40.61
5,39.6,58.82,60.0,26.0,80.5,0.0,14.14,79.32,38.0,83.55,75.29,22.36,33.53,79.32,33.53,18.44,64.9,64.28,46.82,15.23,52.5,40.2,28.0,52.84,79.4,76.24,65.12,40.45,64.28,12.81,94.02,77.79,50.16,8.25,16.12,39.4,57.31,4.47,40.05,38.21,56.36,42.43,67.23,92.46,44.0,29.41,85.04,55.17,34.99,46.01,33.54,50.45,21.63,72.95
6,25.46,62.77,50.99,24.41,77.2,14.14,0.0,83.26,49.03,85.44,77.9,13.42,22.0,83.26,22.0,16.12,63.66,75.71,34.53,5.66,53.25,50.36,39.29,58.24,79.65,67.91,66.03,30.27,74.11,20.1,91.21,72.47,40.45,8.25,18.44,46.39,43.86,18.44,32.31,50.0,53.81,32.25,73.76,92.02,54.92,15.65,85.28,57.31,21.54,48.75,23.35,51.04,23.41,77.08
7,95.35,20.59,67.91,59.46,41.04,79.32,83.26,0.0,52.15,12.65,8.94,73.38,76.94,0.0,76.94,96.75,31.62,50.04,82.0,78.0,32.25,47.71,58.14,26.91,21.26,68.0,22.36,72.11,38.05,66.57,42.94,51.61,70.26,85.09,65.3,41.04,94.19,80.0,64.12,55.57,40.45,72.03,18.44,29.12,49.19,85.38,22.36,26.68,85.16,34.54,72.84,34.37,59.93,6.4
8,71.69,35.44,71.02,36.88,72.03,38.0,49.03,52.15,0.0,60.93,52.0,47.41,57.69,52.15,57.69,56.14,54.04,26.68,69.66,46.17,40.2,4.47,10.0,27.2,61.61,82.46,48.37,59.46,26.68,29.12,82.39,75.31,65.3,46.04,33.11,16.12,82.8,36.22,53.81,4.0,51.42,60.83,35.38,74.73,6.0,60.01,66.48,38.05,63.53,31.26,55.0,39.46,31.62,46.14
9,94.25,26.08,62.13,61.06,30.53,83.55,85.44,12.65,60.93,0.0,8.94,74.24,75.89,12.65,75.89,100.0,26.08,62.03,78.92,79.92,32.25,56.46,65.51,34.0,10.77,59.46,19.7,69.86,50.04,70.77,30.53,42.05,66.27,88.41,68.41,47.71,90.2,84.85,62.1,64.62,36.5,69.43,30.0,16.49,58.82,85.23,10.0,28.43,84.12,37.54,71.78,34.48,62.8,16.03
10,88.29,17.2,59.23,53.67,32.56,75.29,77.9,8.94,52.0,8.94,0.0,67.23,69.86,8.94,69.86,92.09,22.8,54.33,74.11,72.47,25.3,47.54,56.6,25.06,13.42,59.06,14.0,64.5,42.43,62.48,36.06,42.8,62.03,80.45,60.46,38.83,86.02,76.42,56.57,55.71,32.06,64.28,22.36,24.0,50.0,78.75,16.12,20.59,78.1,29.41,65.73,27.51,54.92,8.54
11,24.74,53.37,38.21,14.14,64.03,22.36,13.42,73.38,47.41,74.24,67.23,0.0,11.66,73.38,11.66,29.53,51.22,73.54,25.06,8.25,42.05,47.54,38.83,50.16,67.68,54.92,54.59,18.11,69.86,19.8,78.1,59.06,28.0,20.4,14.42,40.45,36.88,26.68,18.97,49.4,41.04,20.1,66.12,79.65,52.8,13.15,73.24,46.82,16.12,39.05,11.18,39.81,16.49,67.45
12,18.44,58.03,29.73,21.54,60.96,33.53,22.0,76.94,57.69,75.89,69.86,11.66,0.0,76.94,0.0,36.88,50.99,83.19,13.42,18.44,44.72,57.31,49.68,56.32,68.03,46.82,56.32,8.94,78.43,31.24,75.07,54.04,18.97,30.07,25.46,48.7,25.46,37.95,14.42,60.0,40.25,10.77,72.25,78.89,62.77,10.63,73.35,50.36,8.25,44.01,4.12,42.58,26.08,71.45
13,95.35,20.59,67.91,59.46,41.04,79.32,83.26,0.0,52.15,12.65,8.94,73.38,76.94,0.0,76.94,96.75,31.62,50.04,82.0,78.0,32.25,47.71,58.14,26.91,21.26,68.0,22.36,72.11,38.05,66.57,42.94,51.61,70.26,85.09,65.3,41.04,94.19,80.0,64.12,55.57,40.45,72.03,18.44,29.12,49.19,85.38,22.36,26.68,85.16,34.54,72.84,34.37,59.93,6.4
14,18.44,58.03,29.73,21.54,60.96,33.53,22.0,76.94,57.69,75.89,69.86,11.66,0.0,76.94,0.0,36.88,50.99,83.19,13.42,18.44,44.72,57.31,49.68,56.32,68.03,46.82,56.32,8.94,78.43,31.24,75.07,54.04,18.97,30.07,25.46,48.7,25.46,37.95,14.42,60.0,40.25,10.77,72.25,78.89,62.77,10.63,73.35,50.36,8.25,44.01,4.12,42.58,26.08,71.45
15,33.53,76.16,66.48,39.6,93.23,18.44,16.12,96.75,56.14,100.0,92.09,29.53,36.88,96.75,36.88,0.0,79.25,82.02,48.04,21.63,68.12,58.55,46.17,70.68,94.85,83.52,80.92,45.61,82.61,30.46,107.2,88.59,55.79,11.66,31.62,57.58,54.92,20.0,48.33,56.0,69.66,47.54,85.44,107.48,62.13,28.02,100.5,71.61,34.0,62.68,38.9,65.95,37.2,90.43
16,69.08,23.32,36.5,39.7,18.0,64.9,63.66,31.62,54.04,26.08,22.8,51.22,50.99,31.62,50.99,79.25,0.0,66.21,52.95,58.0,14.14,50.16,54.59,29.73,17.09,37.2,10.0,44.27,55.57,52.84,29.73,23.32,40.2,68.12,48.83,38.0,64.12,67.23,36.77,58.03,10.77,43.68,38.21,28.43,54.59,60.9,22.36,16.49,59.09,23.09,46.96,15.52,43.27,28.65
17,98.08,43.08,91.93,61.77,82.87,64.28,75.71,50.04,26.68,62.03,54.33,73.54,83.19,50.04,83.19,82.02,66.21,0.0,94.34,72.8,54.92,26.0,36.5,36.72,67.08,100.44,57.58,83.76,12.0,55.79,89.82,89.44,88.09,72.44,59.46,35.61,107.7,62.03,77.2,26.08,67.68,84.88,32.06,78.23,20.88,86.38,70.46,50.12,89.55,47.63,80.13,55.22,57.27,46.1
18,20.0,64.78,22.63,32.8,59.06,46.82,34.53,82.0,69.66,78.92,74.11,25.06,13.42,82.0,13.42,48.04,52.95,94.34,0.0,31.62,50.16,68.82,62.23,64.56,69.86,38.83,60.13,10.77,88.57,44.41,72.72,50.0,13.42,42.76,38.42,59.06,13.42,51.26,18.44,72.25,42.43,10.2,80.05,79.12,74.4,20.02,74.73,56.32,14.14,51.66,14.87,48.26,38.21,77.1
19,26.08,57.58,46.39,18.87,71.61,15.23,5.66,78.0,46.17,79.92,72.47,8.25,18.44,78.0,18.44,21.63,58.0,72.8,31.62,0.0,47.71,47.07,36.77,53.37,74.03,63.15,60.46,26.0,70.46,17.09,85.6,67.08,36.06,12.17,14.0,42.05,42.19,19.7,27.2,47.54,48.17,28.0,69.05,86.37,51.92,14.87,79.65,51.88,20.0,43.46,19.0,45.49,18.44,71.87
20,63.15,15.23,39.45,28.84,32.06,52.5,53.25,32.25,40.2,32.25,25.3,42.05,44.72,32.25,44.72,68.12,14.14,54.92,50.16,47.71,0.0,36.5,40.45,18.44,26.91,45.61,12.81,40.0,45.34,40.0,43.68,35.44,39.29,56.64,36.77,24.08,62.8,54.41,32.0,44.18,12.81,40.05,31.3,40.0,41.23,53.45,32.56,6.32,52.95,9.0,40.61,2.24,31.11,27.0
21,72.11,31.05,68.82,36.06,68.12,40.2,50.36,47.71,4.47,56.46,47.54,47.54,57.31,47.71,57.31,58.55,50.16,26.0,68.82,47.07,36.5,0.0,12.65,22.8,57.27,79.62,44.18,58.41,24.08,30.27,78.23,71.81,63.66,48.04,33.53,12.65,82.1,38.83,52.35,8.25,48.08,59.67,31.11,70.34,5.66,60.41,62.1,34.0,63.56,27.66,54.38,35.9,31.3,41.68
22,62.61,39.45,66.21,30.0,72.44,28.0,39.29,58.14,10.0,65.51,56.6,38.83,49.68,58.14,49.68,46.17,54.59,36.5,62.23,36.77,40.45,12.65,0.0,31.62,64.62,79.12,50.6,52.5,36.5,19.7,83.95,74.11,59.36,36.06,24.41,17.89,75.07,26.31,47.71,10.77,50.04,54.04,42.8,78.0,16.0,51.0,69.86,39.85,54.92,31.58,47.38,39.2,24.08,51.86
23,74.03,8.25,57.2,36.06,47.07,52.84,58.24,26.91,27.2,34.0,25.06,50.16,56.32,26.91,56.32,70.68,29.73,36.72,64.56,53.37,18.44,22.8,31.62,0.0,34.53,64.03,22.09,53.85,26.91,40.25,56.0,52.8,55.46,59.09,39.85,14.14,77.79,53.25,46.17,31.05,31.24,54.41,16.0,47.54,26.08,63.03,39.29,13.42,64.12,13.0,52.47,19.1,34.93,20.52
24,86.16,26.31,52.0,55.32,20.0,79.4,79.65,21.26,61.61,10.77,13.42,67.68,68.03,21.26,68.03,94.85,17.09,67.08,69.86,74.03,26.91,57.27,64.62,34.53,0.0,48.7,14.42,61.35,55.32,66.84,22.8,31.3,56.89,83.45,63.66,46.82,80.62,81.22,53.85,65.51,27.86,60.73,35.44,13.42,60.53,77.83,5.66,25.06,76.16,34.13,63.98,29.0,58.0,21.93
25,58.82,59.4,17.09,52.15,30.27,76.24,67.91,68.0,82.46,59.46,59.06,54.92,46.82,68.0,46.82,83.52,37.2,100.44,38.83,63.15,45.61,79.62,79.12,64.03,48.7,0.0,47.2,37.95,90.91,68.12,40.45,18.11,27.86,75.31,62.03,67.08,42.8,80.1,36.22,86.16,32.8,36.06,75.07,52.15,84.97,56.86,51.42,50.99,51.88,53.0,44.64,45.22,58.31,65.73
26,74.73,14.56,45.61,41.62,25.3,65.12,66.03,22.36,48.37,19.7,14.0,54.59,56.32,22.36,56.32,80.92,10.0,57.58,60.13,60.46,12.81,44.18,50.6,22.09,14.42,47.2,0.0,50.64,46.52,52.5,34.06,32.8,48.04,69.43,49.52,32.98,72.03,66.84,42.76,52.35,18.11,50.36,28.43,27.78,48.0,65.55,20.0,10.77,64.56,19.72,52.2,15.0,43.86,18.79
27,25.06,54.33,20.88,22.63,52.8,40.45,30.27,72.11,59.46,69.86,64.5,18.11,8.94,72.11,8.94,45.61,44.27,83.76,10.77,26.0,40.0,58.41,52.5,53.85,61.35,37.95,50.64,0.0,77.82,35.78,66.84,45.34,10.2,38.05,29.53,48.37,24.17,44.72,8.0,62.23,33.53,2.0,69.43,71.55,64.03,19.42,66.48,46.04,15.62,41.0,7.0,38.01,28.43,67.0
28,94.59,32.25,83.74,56.92,71.69,64.28,74.11,38.05,26.68,50.04,42.43,69.86,78.43,38.05,78.43,82.61,55.57,12.0,88.57,70.46,45.34,24.08,36.5,26.91,55.32,90.91,46.52,77.82,0.0,54.04,78.1,78.89,80.99,72.11,56.57,29.73,101.98,62.8,70.71,27.86,58.14,78.71,20.1,66.27,20.88,82.98,58.55,40.0,85.44,39.05,75.03,45.97,53.37,34.13
29,42.94,46.04,52.95,16.0,69.08,12.81,20.1,66.57,29.12,70.77,62.48,19.8,31.24,66.57,31.24,30.46,52.84,55.79,44.41,17.09,40.0,30.27,19.7,40.25,66.84,68.12,52.5,35.78,54.04,0.0,82.29,67.47,44.27,18.97,6.32,27.2,56.64,14.42,32.98,30.46,44.94,37.58,55.03,80.0,34.93,31.38,72.47,42.43,35.61,33.24,29.68,38.01,10.2,60.21
30,91.61,48.04,50.99,68.26,14.14,94.02,91.21,42.94,82.39,30.53,36.06,78.1,75.07,42.94,75.07,107.2,29.73,89.82,72.72,85.6,43.68,78.23,83.95,56.0,22.8,40.45,34.06,66.84,78.1,82.29,0.0,23.41,59.36,96.52,77.9,66.75,80.62,96.6,60.83,86.37,37.74,65.6,58.24,15.62,82.02,85.63,20.59,44.41,82.46,52.39,71.45,45.22,72.47,44.6
31,69.43,46.65,27.78,51.92,12.17,77.79,72.47,51.61,75.31,42.05,42.8,59.06,54.04,51.61,54.04,88.59,23.32,89.44,50.0,67.08,35.44,71.81,74.11,52.8,31.3,18.11,32.8,45.34,78.89,67.47,23.41,0.0,36.88,78.79,62.1,59.23,57.27,81.04,40.5,79.25,24.08,43.86,61.22,34.06,76.66,64.66,33.53,39.4,60.83,44.15,50.8,35.9,57.27,50.25
32,32.56,54.41,10.77,29.53,45.65,50.16,40.45,70.26,65.3,66.27,62.03,28.0,18.97,70.26,18.97,55.79,40.2,88.09,13.42,36.06,39.29,63.66,59.36,55.46,56.89,27.86,48.04,10.2,80.99,44.27,59.36,36.88,0.0,48.17,37.95,52.5,24.0,54.33,11.66,68.41,30.0,8.25,70.23,65.79,69.31,29.07,61.61,45.61,24.41,42.49,17.12,37.64,35.78,65.76
33,32.8,64.5,58.55,28.43,82.68,8.25,8.25,85.09,46.04,88.41,80.45,20.4,30.07,85.09,30.07,11.66,68.12,72.44,42.76,12.17,56.64,48.04,36.06,59.09,83.45,75.31,69.43,38.05,72.11,18.97,96.52,78.79,48.17,0.0,20.0,46.17,52.0,11.66,39.29,46.39,58.82,40.05,74.0,96.21,52.04,23.77,89.11,60.0,29.73,51.04,31.06,54.49,25.61,78.77
34,38.63,44.72,46.69,10.2,64.4,16.12,18.44,65.3,33.11,68.41,60.46,14.42,25.46,65.3,25.46,31.62,48.83,59.46,38.42,14.0,36.77,33.53,24.41,39.85,63.66,62.03,49.52,29.53,56.57,6.32,77.9,62.1,37.95,20.0,0.0,28.07,50.91,18.97,26.68,34.99,40.25,31.3,55.32,76.58,38.63,26.93,69.31,40.0,30.53,31.06,23.6,34.66,5.66,59.03
35,65.12,21.63,56.85,27.2,56.0,39.4,46.39,41.04,16.12,47.71,38.83,40.45,48.7,41.04,48.7,57.58,38.0,35.61,59.06,42.05,24.08,12.65,17.89,14.14,46.82,67.08,32.98,48.37,29.73,27.2,66.75,59.23,52.5,46.17,28.07,0.0,72.47,39.45,41.62,20.1,35.44,49.4,27.86,60.17,17.89,53.6,52.0,22.36,55.79,15.13,45.31,23.35,24.08,34.66
36,22.0,77.67,29.73,46.04,67.68,57.31,43.86,94.19,82.8,90.2,86.02,36.88,25.46,94.19,25.46,54.92,64.12,107.7,13.42,42.19,62.8,82.1,75.07,77.79,80.62,42.8,72.03,24.17,101.98,56.64,80.62,57.27,24.0,52.0,50.91,72.47,0.0,61.77,31.62,85.28,54.0,23.41,93.15,88.77,87.66,28.23,85.16,69.05,22.36,64.85,27.8,61.0,51.22,89.56
37,43.86,59.67,64.03,29.12,83.26,4.47,18.44,80.0,36.22,84.85,76.42,26.68,37.95,80.0,37.95,20.0,67.23,62.03,51.26,19.7,54.41,38.83,26.31,53.25,81.22,80.1,66.84,44.72,62.8,14.42,96.6,81.04,54.33,11.66,18.97,39.45,61.77,0.0,44.0,36.0,59.09,46.69,67.08,94.4,42.19,33.84,86.83,56.64,39.45,47.42,37.85,52.43,24.17,73.6
38,32.31,46.39,20.1,17.89,46.69,40.05,32.31,64.12,53.81,62.1,56.57,18.97,14.42,64.12,14.42,48.33,36.77,77.2,18.44,27.2,32.0,52.35,47.71,46.17,53.85,36.22,42.76,8.0,70.71,32.98,60.83,40.5,11.66,39.29,26.68,41.62,31.62,44.0,0.0,56.85,26.0,8.25,61.61,64.5,58.0,24.84,59.09,38.05,22.36,33.24,10.63,30.02,24.17,59.0
39,73.35,39.29,74.43,39.6,76.03,38.21,50.0,55.57,4.0,64.62,55.71,49.4,60.0,55.57,60.0,56.0,58.03,26.08,72.25,47.54,44.18,8.25,10.77,31.05,65.51,86.16,52.35,62.23,27.86,30.46,86.37,79.25,68.41,46.39,34.99,20.1,85.28,36.0,56.85,0.0,55.32,63.66,38.42,78.59,7.21,61.72,70.34,42.05,65.51,35.23,57.49,43.42,34.06,49.65
40,58.31,27.2,27.86,30.53,24.17,56.36,53.81,40.45,51.42,36.5,32.06,41.04,40.25,40.45,40.25,69.66,10.77,67.68,42.43,48.17,12.81,48.08,50.04,31.24,27.86,32.8,18.11,33.53,58.14,44.94,37.74,24.08,30.0,58.82,40.25,35.44,54.0,59.09,26.0,55.32,0.0,32.98,43.27,38.83,53.14,50.25,33.11,18.44,48.33,20.62,36.24,12.53,34.93,36.4
41,26.08,54.59,18.97,24.08,51.61,42.43,32.25,72.03,60.83,69.43,64.28,20.1,10.77,72.03,10.77,47.54,43.68,84.88,10.2,28.0,40.05,59.67,54.04,54.41,60.73,36.06,50.36,2.0,78.71,37.58,65.6,43.86,8.25,40.05,31.3,49.4,23.41,46.69,8.25,63.66,32.98,0.0,69.86,70.68,65.3,21.1,65.79,46.17,16.97,41.48,9.0,38.12,30.0,67.03
42,90.02,16.12,70.71,52.04,52.84,67.23,73.76,18.44,35.38,30.0,22.36,66.12,72.25,18.44,72.25,85.44,38.21,32.06,80.05,69.05,31.3,31.11,42.8,16.0,35.44,75.07,28.43,69.43,20.1,55.03,58.24,61.22,70.23,74.0,55.32,27.86,93.15,67.08,61.61,38.42,43.27,69.86,0.0,46.17,31.62,79.03,38.47,25.06,80.1,28.44,68.36,32.7,50.64,14.04
43,96.6,39.29,59.23,67.88,22.0,92.46,92.02,29.12,74.73,16.49,24.0,79.65,78.89,29.12,78.89,107.48,28.43,78.23,79.12,86.37,40.0,70.34,78.0,47.54,13.42,52.15,27.78,71.55,66.27,80.0,15.62,34.06,65.79,96.21,76.58,60.17,88.77,94.4,64.5,78.59,38.83,70.68,46.17,0.0,73.35,89.04,8.25,38.47,86.83,47.51,74.95,42.01,70.94,32.14
44,77.25,34.23,74.4,41.62,72.44,44.0,54.92,49.19,6.0,58.82,50.0,52.8,62.77,49.19,62.77,62.13,54.59,20.88,74.4,51.92,41.23,5.66,16.0,26.08,60.53,84.97,48.0,64.03,20.88,34.93,82.02,76.66,69.31,52.04,38.63,17.89,87.66,42.19,58.0,7.21,53.14,65.3,31.62,73.35,0.0,65.55,65.12,38.21,68.88,32.57,59.91,40.8,36.72,43.46
45,11.7,65.76,39.81,27.0,71.51,29.41,15.65,85.38,60.01,85.23,78.75,13.15,10.63,85.38,10.63,28.02,60.9,86.38,20.02,14.87,53.45,60.41,51.0,63.03,77.83,56.86,65.55,19.42,82.98,31.38,85.63,64.66,29.07,23.77,26.93,53.6,28.23,33.84,24.84,61.72,50.25,21.1,79.03,89.04,65.55,0.0,83.24,58.69,6.08,51.48,14.21,51.24,29.61,79.62
46,91.39,31.05,56.14,60.96,21.54,85.04,85.28,22.36,66.48,10.0,16.12,73.24,73.35,22.36,73.35,100.5,22.36,70.46,74.73,79.65,32.56,62.1,69.86,39.29,5.66,51.42,20.0,66.48,58.55,72.47,20.59,33.53,61.61,89.11,69.31,52.0,85.16,86.83,59.09,70.34,33.11,65.79,38.47,8.25,65.12,83.24,0.0,30.53,81.44,39.66,69.32,34.66,63.66,24.52
47,68.73,8.94,45.65,33.11,34.23,55.17,57.31,26.68,38.05,28.43,20.59,46.82,50.36,26.68,50.36,71.61,16.49,50.12,56.32,51.88,6.32,34.0,39.85,13.42,25.06,50.99,10.77,46.04,40.0,42.43,44.41,39.4,45.61,60.0,40.0,22.36,69.05,56.64,38.05,42.05,18.44,46.17,25.06,38.47,38.21,58.69,30.53,0.0,58.55,9.22,46.27,8.06,34.41,21.1
48,10.2,66.12,34.99,28.64,68.41,34.99,21.54,85.16,63.53,84.12,78.1,16.12,8.25,85.16,8.25,34.0,59.09,89.55,14.14,20.0,52.95,63.56,54.92,64.12,76.16,51.88,64.56,15.62,85.44,35.61,82.46,60.83,24.41,29.73,30.53,55.79,22.36,39.45,22.36,65.51,48.33,16.97,80.1,86.83,68.88,6.08,81.44,58.55,0.0,52.01,12.37,50.8,32.31,79.63
49,62.07,14.32,44.69,25.0,41.05,46.01,48.75,34.54,31.26,37.54,29.41,39.05,44.01,34.54,44.01,62.68,23.09,47.63,51.66,43.46,9.0,27.66,31.58,13.0,34.13,53.0,19.72,41.0,39.05,33.24,52.39,44.15,42.49,51.04,31.06,15.13,64.85,47.42,33.24,35.23,20.62,41.48,28.44,47.51,32.57,51.48,39.66,9.22,52.01,0.0,40.05,8.25,25.55,28.46
50,22.56,54.01,27.66,18.36,57.31,33.54,23.35,72.84,55.0,71.78,65.73,11.18,4.12,72.84,4.12,38.9,46.96,80.13,14.87,19.0,40.61,54.38,47.38,52.47,63.98,44.64,52.2,7.0,75.03,29.68,71.45,50.8,17.12,31.06,23.6,45.31,27.8,37.85,10.63,57.49,36.24,9.0,68.36,74.95,59.91,14.21,69.32,46.27,12.37,40.05,0.0,38.47,23.43,67.36
51,61.0,16.76,38.28,26.63,33.24,50.45,51.04,34.37,39.46,34.48,27.51,39.81,42.58,34.37,42.58,65.95,15.52,55.22,48.26,45.49,2.24,35.9,39.2,19.1,29.0,45.22,15.0,38.01,45.97,38.01,45.22,35.9,37.64,54.49,34.66,23.35,61.0,52.43,30.02,43.42,12.53,38.12,32.7,42.01,40.8,51.24,34.66,8.06,50.8,8.25,38.47,0.0,29.0,29.02
52,41.23,39.4,43.68,6.32,59.09,21.63,23.41,59.93,31.62,62.8,54.92,16.49,26.08,59.93,26.08,37.2,43.27,57.27,38.21,18.44,31.11,31.3,24.08,34.93,58.0,58.31,43.86,28.43,53.37,10.2,72.47,57.27,35.78,25.61,5.66,24.08,51.22,24.17,24.17,34.06,34.93,30.0,50.64,70.94,36.72,29.61,63.66,34.41,32.31,25.55,23.43,29.0,0.0,53.71
53,89.81,14.32,64.2,53.45,40.61,72.95,77.08,6.4,46.14,16.03,8.54,67.45,71.45,6.4,71.45,90.43,28.65,46.1,77.1,71.87,27.0,41.68,51.86,20.52,21.93,65.73,18.79,67.0,34.13,60.21,44.6,50.25,65.76,78.77,59.03,34.66,89.56,73.6,59.0,49.65,36.4,67.03,14.04,32.14,43.46,79.62,24.52,21.1,79.63,28.46,67.36,29.02,53.71,0.0
