vehicles
vehicle_idx, capacity, cost_per_unit_distance
1,100,1
2,100,1
3,100,1
4,100,1
5,100,1
6,100,1
7,100,1
depot
node_idx,x,y
0,47,5
home delivery customers
node_idx,x,y,service_time,demand
1,1,19,15,20
2,97,35,15,14
3,3,9,15,22
4,41,53,15,2
5,67,73,15,10
6,71,99,15,14
7,11,1,15,22
8,85,85,15,9
9,57,11,15,11
10,57,85,15,18
11,61,13,15,15
12,39,15,15,23
13,13,59,15,16
14,43,99,15,14
15,21,11,15,12
16,77,81,15,8
17,53,75,15,15
18,73,55,15,9
19,11,9,15,2
20,27,37,15,3
21,95,59,15,20
22,37,21,15,13
23,13,55,15,8
24,45,43,15,9
25,69,91,15,4
26,37,15,15,7
27,53,59,15,16
28,97,83,15,18
29,75,31,15,16
self pickup customers
node_idx,x,y,service_time,demand,locker_idxs
30,23,79,15,5,49-57
31,77,87,15,11,57-50-52-59-55
32,5,27,15,25,60-56-51
33,51,87,15,18,52-50-49-55-59-57
34,89,45,15,26,48-53-58-54-55-59
35,71,33,15,24,48-53-58-60-54-59
36,87,73,15,8,52-50-55-59
37,11,37,15,5,51-56-60
38,3,63,15,16,49-56
39,47,95,15,12,49-52-55-59-57-50
40,81,71,15,2,52-50-57-55-59
41,89,75,15,10,52-50-55-59
42,23,63,15,23,54-57-60-49-56
43,13,11,15,13,51-56-60
flexible customers
node_idx,x,y,service_time,demand,locker_idxs
44,63,63,15,3,52-50-55-59-57-54-60
45,33,47,15,25,51-56-58-60-54-57-59
46,47,93,15,16,49-52-55-50-59-57
47,83,7,15,14,48-53-58
lockers
node_idx,x,y,service_time,capacity,cost_per_unit_good
48,93,12,10,76,100
49,22,88,10,84,100
50,65,88,10,71,100
51,25,15,10,98,100
52,77,88,10,88,100
53,72,14,10,93,100
54,53,39,10,85,100
55,73,75,10,77,100
56,22,37,10,79,100
57,45,76,10,84,100
58,58,21,10,77,100
59,64,71,10,71,100
60,40,36,10,79,100
mrt lines
start_node_idx,end_node_idx,freight_capacity,cost_per_unit_good
48,49,84,1
49,48,84,1
50,51,98,1
51,50,98,1
52,53,93,1
53,52,93,1
distance matrix
,0,1,2,3,4,5,6,7,8,9,10,11,12,13,14,15,16,17,18,19,20,21,22,23,24,25,26,27,28,29,30,31,32,33,34,35,36,37,38,39,40,41,42,43,44,45,46,47,48,49,50,51,52,53,54,55,56,57,58,59,60,
0,0.0,48.08,58.31,44.18,48.37,70.88,97.02,36.22,88.57,11.66,80.62,16.12,12.81,63.81,94.09,26.68,81.71,70.26,56.36,36.22,37.74,72.25,18.87,60.46,38.05,88.77,14.14,54.33,92.65,38.21,77.79,87.32,47.41,82.1,58.0,36.88,78.89,48.17,72.8,90.0,74.24,81.63,62.77,34.53,60.17,44.27,88.0,36.06,46.53,86.68,84.93,24.17,88.26,26.57,34.53,74.67,40.61,71.03,19.42,68.15,31.78
1,48.08,0.0,97.32,10.2,52.5,85.28,106.3,20.59,106.83,56.57,86.56,60.3,38.21,41.76,90.35,21.54,98.08,76.42,80.5,14.14,31.62,102.16,36.06,37.95,50.12,99.04,36.22,65.6,115.38,74.97,63.91,101.98,8.94,84.4,91.76,71.39,101.55,20.59,44.05,88.84,95.41,104.31,49.19,14.42,76.03,42.52,87.13,82.87,92.27,72.12,94.11,24.33,102.65,71.18,55.71,91.21,27.66,72.01,57.04,81.69,42.54
2,58.31,97.32,0.0,97.53,58.82,48.41,69.08,92.48,51.42,46.65,64.03,42.19,61.35,87.36,83.74,79.7,50.16,59.46,31.24,89.84,70.03,24.08,61.61,86.35,52.61,62.61,63.25,50.12,48.0,22.36,86.09,55.71,92.35,69.43,12.81,26.08,39.29,86.02,98.08,78.1,39.4,40.79,79.12,87.36,44.05,65.12,76.58,31.3,23.35,91.84,61.91,74.73,56.65,32.65,44.18,46.65,75.03,66.22,41.44,48.84,57.01
3,44.18,10.2,97.53,0.0,58.14,90.51,112.8,11.31,111.8,54.04,93.23,58.14,36.5,50.99,98.49,18.11,103.25,82.8,83.76,8.0,36.88,104.71,36.06,47.07,54.04,105.26,34.53,70.71,119.63,75.29,72.8,107.52,18.11,91.59,93.23,72.11,105.6,29.12,54.0,96.6,99.64,108.41,57.58,10.2,80.72,48.41,94.83,80.02,90.05,81.25,100.42,22.8,108.25,69.18,58.31,96.21,33.84,79.08,56.29,86.98,45.8
4,48.37,52.5,58.82,58.14,0.0,32.8,54.92,60.03,54.41,44.94,35.78,44.72,38.05,28.64,46.04,46.52,45.61,25.06,32.06,53.25,21.26,54.33,32.25,28.07,10.77,47.2,38.21,13.42,63.53,40.5,31.62,49.52,44.41,35.44,48.66,36.06,50.16,34.0,39.29,42.43,43.86,52.8,20.59,50.48,24.17,10.0,40.45,62.29,66.22,39.82,42.44,41.23,50.21,49.82,18.44,38.83,24.84,23.35,36.24,29.21,17.03
5,70.88,85.28,48.41,90.51,32.8,0.0,26.31,91.21,21.63,62.8,15.62,60.3,64.4,55.79,35.38,77.2,12.81,14.14,18.97,85.04,53.81,31.3,60.03,56.92,37.2,18.11,65.3,19.8,31.62,42.76,44.41,17.2,77.2,21.26,35.61,40.2,20.0,66.57,64.78,29.73,14.14,22.09,45.12,82.22,10.77,42.8,28.28,67.91,66.31,47.43,15.13,71.61,18.03,59.21,36.77,6.32,57.63,22.2,52.77,3.61,45.8
6,97.02,106.3,69.08,112.8,54.92,26.31,0.0,114.91,19.8,89.11,19.8,86.58,89.89,70.46,28.0,101.21,18.97,30.0,44.05,108.17,76.03,46.65,85.09,72.8,61.74,8.25,90.62,43.86,30.53,68.12,52.0,13.42,97.67,23.32,56.92,66.0,30.53,86.28,76.94,24.33,29.73,30.0,60.0,105.39,36.88,64.4,24.74,92.78,89.74,50.22,12.53,95.77,12.53,85.01,62.64,24.08,79.03,34.71,79.08,28.86,70.21
7,36.22,20.59,92.48,11.31,60.03,91.21,114.91,0.0,111.95,47.07,95.77,51.42,31.3,58.03,103.09,14.14,103.71,85.09,82.22,8.0,39.4,102.08,32.8,54.04,54.04,107.07,29.53,71.61,118.83,70.68,78.92,108.41,26.68,94.85,89.55,68.0,104.69,36.0,62.51,100.66,98.99,107.52,63.15,10.2,80.92,50.99,98.79,72.25,82.73,87.69,102.4,19.8,109.2,62.37,56.64,96.54,37.64,82.35,51.08,87.8,45.45
8,88.57,106.83,51.42,111.8,54.41,21.63,19.8,111.95,0.0,79.12,28.0,75.89,83.76,76.55,44.27,97.84,8.94,33.53,32.31,106.08,75.29,27.86,80.0,78.0,58.0,17.09,84.88,41.23,12.17,54.92,62.29,8.25,98.81,34.06,40.2,53.85,12.17,88.2,84.9,39.29,14.56,10.77,65.79,103.25,31.11,64.4,38.83,78.03,73.44,63.07,20.22,92.2,8.54,72.18,56.04,15.62,79.2,41.0,69.46,25.24,66.53
9,11.66,56.57,46.65,54.04,44.94,62.8,89.11,47.07,79.12,0.0,74.0,4.47,18.44,65.12,89.11,36.0,72.8,64.12,46.82,46.04,39.7,61.22,22.36,62.23,34.18,80.89,20.4,48.17,82.37,26.91,76.03,78.59,54.41,76.24,46.69,26.08,68.88,52.84,74.97,84.59,64.62,71.55,62.13,44.0,52.35,43.27,82.61,26.31,36.01,84.58,77.41,32.25,79.56,15.3,28.28,65.97,43.6,66.1,10.05,60.41,30.23
10,80.62,86.56,64.03,93.23,35.78,15.62,19.8,95.77,28.0,74.0,0.0,72.11,72.28,51.11,19.8,82.29,20.4,10.77,34.0,88.84,56.6,46.04,67.05,53.25,43.68,13.42,72.8,26.31,40.05,56.92,34.53,20.1,77.9,6.32,51.22,53.85,32.31,66.48,58.31,14.14,27.78,33.53,40.5,86.09,22.8,44.94,12.81,82.22,81.39,35.13,8.54,76.97,20.22,72.57,46.17,18.87,59.41,15.0,64.01,15.65,51.87
11,16.12,60.3,42.19,58.14,44.72,60.3,86.58,51.42,75.89,4.47,72.11,0.0,22.09,66.48,87.86,40.05,69.86,62.51,43.68,50.16,41.62,57.2,25.3,63.78,34.0,78.41,24.08,46.69,78.71,22.8,76.16,75.71,57.72,74.67,42.52,22.36,65.39,55.46,76.58,83.19,61.35,68.03,62.8,48.04,50.04,44.05,81.22,22.8,32.02,84.53,75.11,36.06,76.69,11.05,27.2,63.15,45.79,65.0,8.54,58.08,31.14
12,12.81,38.21,61.35,36.5,38.05,64.4,89.89,31.3,83.76,18.44,72.28,22.09,0.0,51.11,84.1,18.44,76.16,61.61,52.5,28.64,25.06,71.22,6.32,47.71,28.64,81.71,2.0,46.17,89.38,39.4,65.97,81.41,36.06,72.99,58.31,36.72,75.29,35.61,60.0,80.4,70.0,78.1,50.6,26.31,53.67,32.56,78.41,44.72,54.08,74.95,77.49,14.0,82.3,33.02,27.78,68.96,27.8,61.29,19.92,61.33,21.02
13,63.81,41.76,87.36,50.99,28.64,55.79,70.46,58.03,76.55,65.12,51.11,66.48,51.11,0.0,50.0,48.66,67.68,43.08,60.13,50.04,26.08,82.0,44.94,4.0,35.78,64.5,50.12,40.0,87.36,68.03,22.36,69.86,32.98,47.2,77.28,63.56,75.31,22.09,10.77,49.52,69.05,77.67,10.77,48.0,50.16,23.32,48.08,87.2,92.78,30.36,59.54,45.61,70.26,74.2,44.72,62.1,23.77,36.24,58.9,52.39,35.47
14,94.09,90.35,83.74,98.49,46.04,35.38,28.0,103.09,44.27,89.11,19.8,87.86,84.1,50.0,0.0,90.71,38.47,26.0,53.25,95.52,64.03,65.6,78.23,53.25,56.04,27.2,84.21,41.23,56.32,75.15,28.28,36.06,81.41,14.42,70.94,71.69,51.11,69.77,53.81,5.66,47.2,51.88,41.18,92.97,41.18,52.95,7.21,100.32,100.34,23.71,24.6,85.91,35.74,89.81,60.83,38.42,65.46,23.09,79.43,35.0,63.07
15,26.68,21.54,79.7,18.11,46.52,77.2,101.21,14.14,97.84,36.0,82.29,40.05,18.44,48.66,90.71,0.0,89.64,71.55,68.12,10.2,26.68,88.2,18.87,44.72,40.0,93.3,16.49,57.69,104.69,57.58,68.03,94.4,22.63,81.71,76.03,54.63,90.55,27.86,55.03,87.93,84.85,93.38,52.04,8.0,66.84,37.95,86.02,62.13,72.01,77.01,88.68,5.66,95.21,51.09,42.52,82.46,26.02,69.29,38.33,73.82,31.4
16,81.71,98.08,50.16,103.25,45.61,12.81,18.97,103.71,8.94,72.8,20.4,69.86,76.16,67.68,38.47,89.64,0.0,24.74,26.31,97.67,66.6,28.43,72.11,69.08,49.68,12.81,77.18,32.56,20.1,50.04,54.04,6.0,90.0,26.68,37.95,48.37,12.81,79.32,76.16,33.11,10.77,13.42,56.92,94.85,22.8,55.61,32.31,74.24,70.83,55.44,13.89,84.02,7.0,67.19,48.37,7.21,70.43,32.39,62.94,16.4,58.26
17,70.26,76.42,59.46,82.8,25.06,14.14,30.0,85.09,33.53,64.12,10.77,62.51,61.61,43.08,26.0,71.55,24.74,0.0,28.28,78.23,46.04,44.94,56.32,44.72,32.98,22.63,62.1,16.0,44.72,49.19,30.27,26.83,67.88,12.17,46.86,45.69,34.06,56.64,51.42,20.88,28.28,36.0,32.31,75.47,15.62,34.41,18.97,74.32,74.63,33.62,17.69,66.21,27.29,63.89,36.0,20.0,49.04,8.06,54.23,11.7,41.11
18,56.36,80.5,31.24,83.76,32.06,18.97,44.05,82.22,32.31,46.82,34.0,43.68,52.5,60.13,53.25,68.12,26.31,28.28,0.0,77.2,49.4,22.36,49.52,60.0,30.46,36.22,53.81,20.4,36.88,24.08,55.46,32.25,73.54,38.83,18.87,22.09,22.8,64.56,70.46,47.71,17.89,25.61,50.64,74.4,12.81,40.79,46.04,49.03,47.42,60.75,33.96,62.48,33.24,41.01,25.61,20.0,54.08,35.0,37.16,18.36,38.08
19,36.22,14.14,89.84,8.0,53.25,85.04,108.17,8.0,106.08,46.04,88.84,50.16,28.64,50.04,95.52,10.2,97.67,78.23,77.2,0.0,32.25,97.75,28.64,46.04,48.08,100.44,26.68,65.3,113.45,67.68,71.02,102.18,18.97,87.66,85.91,64.62,99.36,28.0,54.59,93.23,93.51,102.18,55.32,2.83,74.97,43.91,91.39,72.03,82.05,79.76,95.69,15.23,102.94,61.2,51.61,90.55,30.08,75.13,48.51,81.57,39.62
20,37.74,31.62,70.03,36.88,21.26,53.81,76.03,39.4,75.29,39.7,56.6,41.62,25.06,26.08,64.03,26.68,66.6,46.04,49.4,32.25,0.0,71.47,18.87,22.8,18.97,68.41,24.17,34.06,83.76,48.37,42.19,70.71,24.17,55.46,62.51,44.18,69.97,16.0,35.38,61.35,63.81,72.72,26.31,29.53,44.41,11.66,59.46,63.53,70.58,51.24,63.6,22.09,71.42,50.54,26.08,59.67,5.0,42.95,34.89,50.25,13.04
21,72.25,102.16,24.08,104.71,54.33,31.3,46.65,102.08,27.86,61.22,46.04,57.2,71.22,82.0,65.6,88.2,28.43,44.94,22.36,97.75,71.47,0.0,69.34,82.1,52.5,41.23,72.8,42.0,24.08,34.41,74.73,33.29,95.52,52.15,15.23,35.38,16.12,86.83,92.09,60.0,18.44,17.09,72.11,95.02,32.25,63.15,58.82,53.37,47.04,78.55,41.73,82.68,34.13,50.54,46.52,27.2,76.24,52.81,53.04,33.24,59.62
22,18.87,36.06,61.61,36.06,32.25,60.03,85.09,32.8,80.0,22.36,67.05,25.3,6.32,44.94,78.23,18.87,72.11,56.32,49.52,28.64,18.87,69.34,0.0,41.62,23.41,76.97,6.0,41.23,86.28,39.29,59.67,77.18,32.56,67.47,57.27,36.06,72.14,30.53,54.04,74.67,66.6,74.97,44.27,26.0,49.4,26.31,72.69,48.08,56.72,68.66,72.62,13.42,78.03,35.69,24.08,64.9,21.93,55.58,21.0,56.82,15.3
23,60.46,37.95,86.35,47.07,28.07,56.92,72.8,54.04,78.0,62.23,53.25,63.78,47.71,4.0,53.25,44.72,69.08,44.72,60.0,46.04,22.8,82.1,41.62,0.0,34.18,66.57,46.65,40.2,88.54,66.48,26.0,71.55,29.12,49.68,76.66,62.03,76.16,18.11,12.81,52.5,69.86,78.59,12.81,44.0,50.64,21.54,50.99,84.88,90.82,34.21,61.59,41.76,72.01,71.85,43.08,63.25,20.12,38.28,56.4,53.45,33.02
24,38.05,50.12,52.61,54.04,10.77,37.2,61.74,54.04,58.0,34.18,43.68,34.0,28.64,35.78,56.04,40.0,49.68,32.98,30.46,48.08,18.97,52.5,23.41,34.18,0.0,53.67,29.12,17.89,65.6,32.31,42.19,54.41,43.08,44.41,44.05,27.86,51.61,34.53,46.52,52.04,45.61,54.41,29.73,45.25,26.91,12.65,50.04,52.35,57.14,50.54,49.24,34.41,55.22,39.62,8.94,42.52,23.77,33.0,25.55,33.84,8.6
25,88.77,99.04,62.61,105.26,47.2,18.11,8.25,107.07,17.09,80.89,13.42,78.41,81.71,64.5,27.2,93.3,12.81,22.63,36.22,100.44,68.41,41.23,76.97,66.57,53.67,0.0,82.46,35.78,29.12,60.3,47.54,8.94,90.51,18.44,50.16,58.03,25.46,79.25,71.69,22.36,23.32,25.61,53.85,97.65,28.64,56.85,22.09,85.16,82.57,47.1,5.0,87.82,8.54,77.06,54.41,16.49,71.59,28.3,70.86,20.62,62.18
26,14.14,36.22,63.25,34.53,38.21,65.3,90.62,29.53,84.88,20.4,72.8,24.08,2.0,50.12,84.21,16.49,77.18,62.1,53.81,26.68,24.17,72.8,6.0,46.65,29.12,82.46,0.0,46.82,90.69,41.23,65.51,82.37,34.18,73.35,60.03,38.47,76.58,34.06,58.82,80.62,71.22,79.4,50.0,24.33,54.59,32.25,78.64,46.69,56.08,74.53,78.19,12.0,83.24,35.01,28.84,69.97,26.63,61.52,21.84,62.17,21.21
27,54.33,65.6,50.12,70.71,13.42,19.8,43.86,71.61,41.23,48.17,26.31,46.69,46.17,40.0,41.23,57.69,32.56,16.0,20.4,65.3,34.06,42.0,41.23,40.2,17.89,35.78,46.82,0.0,50.12,35.61,36.06,36.88,57.69,28.07,38.63,31.62,36.77,47.41,50.16,36.5,30.46,39.4,30.27,62.48,10.77,23.32,34.53,60.03,61.72,42.45,31.38,52.15,37.64,48.85,20.0,25.61,38.01,18.79,38.33,16.28,26.42
28,92.65,115.38,48.0,119.63,63.53,31.62,30.53,118.83,12.17,82.37,40.05,78.71,89.38,87.36,56.32,104.69,20.1,44.72,36.88,113.45,83.76,24.08,86.28,88.54,65.6,29.12,90.69,50.12,0.0,56.46,74.11,20.4,107.7,46.17,38.83,56.36,14.14,97.53,96.1,51.42,20.0,11.31,76.66,110.63,39.45,73.43,50.99,77.28,71.11,75.17,32.39,99.04,20.62,73.39,62.23,25.3,87.98,52.47,73.25,35.11,73.88
29,38.21,74.97,22.36,75.29,40.5,42.76,68.12,70.68,54.92,26.91,56.92,22.8,39.4,68.03,75.15,57.58,50.04,49.19,24.08,67.68,48.37,34.41,39.29,66.48,32.31,60.3,41.23,35.61,56.46,0.0,70.77,56.04,70.11,60.93,19.8,4.47,43.68,64.28,78.79,69.86,40.45,46.17,61.06,65.15,34.18,44.94,68.03,25.3,26.17,77.83,57.87,52.5,57.04,17.26,23.41,44.05,53.34,54.08,19.72,41.48,35.36
30,77.79,63.91,86.09,72.8,31.62,44.41,52.0,78.92,62.29,76.03,34.53,76.16,65.97,22.36,28.28,68.03,54.04,30.27,55.46,71.02,42.19,74.73,59.67,26.0,42.19,47.54,65.51,36.06,74.11,70.77,0.0,54.59,55.03,29.12,74.24,66.48,64.28,43.68,25.61,28.84,58.55,66.12,16.0,68.73,43.08,33.53,27.78,93.72,96.9,9.06,42.95,64.03,54.74,81.4,50.0,50.16,42.01,22.2,67.74,41.77,46.24
31,87.32,101.98,55.71,107.52,49.52,17.2,13.42,108.41,8.25,78.59,20.1,75.71,81.41,69.86,36.06,94.4,6.0,26.83,32.25,102.18,70.71,33.29,77.18,71.55,54.41,8.94,82.37,36.88,20.4,56.04,54.59,0.0,93.72,26.0,43.68,54.33,17.2,82.8,77.79,31.05,16.49,16.97,59.09,99.36,27.78,59.46,30.59,80.22,76.69,55.01,12.04,88.81,1.0,73.17,53.67,12.65,74.33,33.84,68.68,20.62,63.01
32,47.41,8.94,92.35,18.11,44.41,77.2,97.67,26.68,98.81,54.41,77.9,57.72,36.06,32.98,81.41,22.63,90.0,67.88,73.54,18.97,24.17,95.52,32.56,29.12,43.08,90.51,34.18,57.69,107.7,70.11,55.03,93.72,0.0,75.6,85.91,66.27,94.02,11.66,36.06,79.92,87.82,96.75,40.25,17.89,68.26,34.41,78.23,80.52,89.27,63.32,85.56,23.32,94.37,68.25,49.48,83.23,19.72,63.25,53.34,73.6,36.14
33,82.1,84.4,69.43,91.59,35.44,21.26,23.32,94.85,34.06,76.24,6.32,74.67,72.99,47.2,14.42,81.71,26.68,12.17,38.83,87.66,55.46,52.15,67.47,49.68,44.41,18.44,73.35,28.07,46.17,60.93,29.12,26.0,75.6,0.0,56.64,57.58,38.63,64.03,53.67,8.94,34.0,39.85,36.88,84.97,26.83,43.86,7.21,86.16,85.96,29.02,14.04,76.55,26.02,75.96,48.04,25.06,57.8,12.53,66.37,20.62,52.17
34,58.0,91.76,12.81,93.23,48.66,35.61,56.92,89.55,40.2,46.69,51.22,42.52,58.31,77.28,70.94,76.03,37.95,46.86,18.87,85.91,62.51,15.23,57.27,76.66,44.05,50.16,60.03,38.63,38.83,19.8,74.24,43.68,85.91,56.64,0.0,21.63,28.07,78.41,87.86,65.3,27.2,30.0,68.41,83.26,31.62,56.04,63.78,38.47,33.24,79.61,49.24,70.68,44.64,35.36,36.5,34.0,67.48,53.82,39.2,36.07,49.82
35,36.88,71.39,26.08,72.11,36.06,40.2,66.0,68.0,53.85,26.08,53.85,22.36,36.72,63.56,71.69,54.63,48.37,45.69,22.09,64.62,44.18,35.38,36.06,62.03,27.86,58.03,38.47,31.62,56.36,4.47,66.48,54.33,66.27,57.58,21.63,0.0,43.08,60.13,74.32,66.48,39.29,45.69,56.6,62.03,31.05,40.5,64.62,28.64,30.41,73.66,55.33,49.4,55.33,19.03,18.97,42.05,49.16,50.25,17.69,38.64,31.14
36,78.89,101.55,39.29,105.6,50.16,20.0,30.53,104.69,12.17,68.88,32.31,65.39,75.29,75.31,51.11,90.55,12.81,34.06,22.8,99.36,69.97,16.12,72.14,76.16,51.61,25.46,76.58,36.77,14.14,43.68,64.28,17.2,94.02,38.63,28.07,43.08,0.0,84.1,84.59,45.65,6.32,2.83,64.78,96.54,26.0,59.93,44.72,66.12,61.29,66.71,26.63,84.9,18.03,60.88,48.08,14.14,74.3,42.11,59.54,23.09,59.82
37,48.17,20.59,86.02,29.12,34.0,66.57,86.28,36.0,88.2,52.84,66.48,55.46,35.61,22.09,69.77,27.86,79.32,56.64,64.56,28.0,16.0,86.83,30.53,18.11,34.53,79.25,34.06,47.41,97.53,64.28,43.68,82.8,11.66,64.03,78.41,60.13,84.1,0.0,27.2,68.26,77.82,86.76,28.64,26.08,58.14,24.17,66.57,78.0,85.73,52.17,74.28,26.08,83.41,65.19,42.05,72.72,11.0,51.74,49.65,62.97,29.02
38,72.8,44.05,98.08,54.0,39.29,64.78,76.94,62.51,84.9,74.97,58.31,76.58,60.0,10.77,53.81,55.03,76.16,51.42,70.46,54.59,35.38,92.09,54.04,12.81,46.52,71.69,58.82,50.16,96.1,78.79,25.61,77.79,36.06,53.67,87.86,74.32,84.59,27.2,0.0,54.41,78.41,86.83,20.0,52.95,60.0,34.0,53.25,97.65,103.45,31.4,66.85,52.8,78.11,84.63,55.46,71.02,32.2,43.97,69.2,61.52,45.8
39,90.0,88.84,78.1,96.6,42.43,29.73,24.33,100.66,39.29,84.59,14.14,83.19,80.4,49.52,5.66,87.93,33.11,20.88,47.71,93.23,61.35,60.0,74.67,52.5,52.04,22.36,80.62,36.5,51.42,69.86,28.84,31.05,79.92,8.94,65.3,66.48,45.65,68.26,54.41,0.0,41.62,46.52,40.0,90.62,35.78,50.0,2.0,95.08,94.89,25.96,19.31,82.97,30.81,84.77,56.32,32.8,63.16,19.1,74.81,29.41,59.41
40,74.24,95.41,39.4,99.64,43.86,14.14,29.73,98.99,14.56,64.62,27.78,61.35,70.0,69.05,47.2,84.85,10.77,28.28,17.89,93.51,63.81,18.44,66.6,69.86,45.61,23.32,71.22,30.46,20.0,40.45,58.55,16.49,87.82,34.0,27.2,39.29,6.32,77.82,78.41,41.62,0.0,8.94,58.55,90.69,19.7,53.67,40.5,64.03,60.21,61.4,23.35,79.2,17.46,57.71,42.52,8.94,68.1,36.35,55.04,17.0,53.91
41,81.63,104.31,40.79,108.41,52.8,22.09,30.0,107.52,10.77,71.55,33.53,68.03,78.1,77.67,51.88,93.38,13.42,36.0,25.61,102.18,72.72,17.09,74.97,78.59,54.41,25.61,79.4,39.4,11.31,46.17,66.12,16.97,96.75,39.85,30.0,45.69,2.83,86.76,86.83,46.52,8.94,0.0,67.08,99.36,28.64,62.61,45.69,68.26,63.13,68.25,27.29,87.73,17.69,63.32,50.91,16.0,77.03,44.01,62.27,25.32,62.63
42,62.77,49.19,79.12,57.58,20.59,45.12,60.0,63.15,65.79,62.13,40.5,62.8,50.6,10.77,41.18,52.04,56.92,32.31,50.64,55.32,26.31,72.11,44.27,12.81,29.73,53.85,50.0,30.27,76.66,61.06,16.0,59.09,40.25,36.88,68.41,56.6,64.78,28.64,20.0,40.0,58.55,67.08,0.0,52.95,40.0,18.87,38.42,82.07,86.61,25.02,48.88,48.04,59.51,69.3,38.42,51.42,26.02,25.55,54.67,41.77,31.91
43,34.53,14.42,87.36,10.2,50.48,82.22,105.39,10.2,103.25,44.0,86.09,48.04,26.31,48.0,92.97,8.0,94.85,75.47,74.4,2.83,29.53,95.02,26.0,44.0,45.25,97.65,24.33,62.48,110.63,65.15,68.73,99.36,17.89,84.97,83.26,62.03,96.54,26.08,52.95,90.62,90.69,99.36,52.95,0.0,72.14,41.18,88.77,70.11,80.01,77.52,92.91,12.65,100.12,59.08,48.83,87.73,27.51,72.45,46.1,78.75,36.8
44,60.17,76.03,44.05,80.72,24.17,10.77,36.88,80.92,31.11,52.35,22.8,50.04,53.67,50.16,41.18,66.84,22.8,15.62,12.81,74.97,44.41,32.25,49.4,50.64,26.91,28.64,54.59,10.77,39.45,34.18,43.08,27.78,68.26,26.83,31.62,31.05,26.0,58.14,60.0,35.78,19.7,28.64,40.0,72.14,0.0,34.0,34.0,59.46,59.17,48.02,25.08,61.22,28.65,49.82,26.0,15.62,48.55,22.2,42.3,8.06,35.47
45,44.27,42.52,65.12,48.41,10.0,42.8,64.4,50.99,64.4,43.27,44.94,44.05,32.56,23.32,52.95,37.95,55.61,34.41,40.79,43.91,11.66,63.15,26.31,21.54,12.65,56.85,32.25,23.32,73.43,44.94,33.53,59.46,34.41,43.86,56.04,40.5,59.93,24.17,34.0,50.0,53.67,62.61,18.87,41.18,34.0,0.0,48.08,64.03,69.46,42.45,52.01,32.98,60.14,51.09,21.54,48.83,14.87,31.38,36.07,39.2,13.04
46,88.0,87.13,76.58,94.83,40.45,28.28,24.74,98.79,38.83,82.61,12.81,81.22,78.41,48.08,7.21,86.02,32.31,18.97,46.04,91.39,59.46,58.82,72.69,50.99,50.04,22.09,78.64,34.53,50.99,68.03,27.78,30.59,78.23,7.21,63.78,64.62,44.72,66.57,53.25,2.0,40.5,45.69,38.42,88.77,34.0,48.08,0.0,93.23,93.15,25.5,18.68,81.04,30.41,82.86,54.33,31.62,61.33,17.12,72.84,27.8,57.43
47,36.06,82.87,31.3,80.02,62.29,67.91,92.78,72.25,78.03,26.31,82.22,22.8,44.72,87.2,100.32,62.13,74.24,74.32,49.03,72.03,63.53,53.37,48.08,84.88,52.35,85.16,46.69,60.03,77.28,25.3,93.72,80.22,80.52,86.16,38.47,28.64,66.12,78.0,97.65,95.08,64.03,68.26,82.07,70.11,59.46,64.03,93.23,0.0,11.18,101.4,82.98,58.55,81.22,13.04,43.86,68.73,67.98,78.77,28.65,66.76,51.87
48,46.53,92.27,23.35,90.05,66.22,66.31,89.74,82.73,73.44,36.01,81.39,32.02,54.08,92.78,100.34,72.01,70.83,74.63,47.42,82.05,70.58,47.04,56.72,90.82,57.14,82.57,56.08,61.72,71.11,26.17,96.9,76.69,89.27,85.96,33.24,30.41,61.29,85.73,103.45,94.89,60.21,63.13,86.61,80.01,59.17,69.46,93.15,11.18,0.0,104.0,80.99,68.07,77.67,21.1,48.26,66.1,75.27,80.0,36.14,65.74,58.18
49,86.68,72.12,91.84,81.25,39.82,47.43,50.22,87.69,63.07,84.58,35.13,84.53,74.95,30.36,23.71,77.01,55.44,33.62,60.75,79.76,51.24,78.55,68.66,34.21,50.54,47.1,74.53,42.45,75.17,77.83,9.06,55.01,63.32,29.02,79.61,73.66,66.71,52.17,31.4,25.96,61.4,68.25,25.02,77.52,48.02,42.45,25.5,101.4,104.0,0.0,43.0,73.06,55.0,89.31,57.98,52.63,51.0,25.94,76.06,45.31,55.03
50,84.93,94.11,61.91,100.42,42.44,15.13,12.53,102.4,20.22,77.41,8.54,75.11,77.49,59.54,24.6,88.68,13.89,17.69,33.96,95.69,63.6,41.73,72.62,61.59,49.24,5.0,78.19,31.38,32.39,57.87,42.95,12.04,85.56,14.04,49.24,55.33,26.63,74.28,66.85,19.31,23.35,27.29,48.88,92.91,25.08,52.01,18.68,82.98,80.99,43.0,0.0,83.24,12.0,74.33,50.45,15.26,66.71,23.32,67.36,17.03,57.7
51,24.17,24.33,74.73,22.8,41.23,71.61,95.77,19.8,92.2,32.25,76.97,36.06,14.0,45.61,85.91,5.66,84.02,66.21,62.48,15.23,22.09,82.68,13.42,41.76,34.41,87.82,12.0,52.15,99.04,52.5,64.03,88.81,23.32,76.55,70.68,49.4,84.9,26.08,52.8,82.97,79.2,87.73,48.04,12.65,61.22,32.98,81.04,58.55,68.07,73.06,83.24,0.0,89.63,47.01,36.88,76.84,22.2,64.2,33.54,68.24,25.81
52,88.26,102.65,56.65,108.25,50.21,18.03,12.53,109.2,8.54,79.56,20.22,76.69,82.3,70.26,35.74,95.21,7.0,27.29,33.24,102.94,71.42,34.13,78.03,72.01,55.22,8.54,83.24,37.64,20.62,57.04,54.74,1.0,94.37,26.02,44.64,55.33,18.03,83.41,78.11,30.81,17.46,17.69,59.51,100.12,28.65,60.14,30.41,81.22,77.67,55.0,12.0,89.63,0.0,74.17,54.56,13.6,75.01,34.18,69.64,21.4,63.82
53,26.57,71.18,32.65,69.18,49.82,59.21,85.01,62.37,72.18,15.3,72.57,11.05,33.02,74.2,89.81,51.09,67.19,63.89,41.01,61.2,50.54,50.54,35.69,71.85,39.62,77.06,35.01,48.85,73.39,17.26,81.4,73.17,68.25,75.96,35.36,19.03,60.88,65.19,84.63,84.77,57.71,63.32,69.3,59.08,49.82,51.09,82.86,13.04,21.1,89.31,74.33,47.01,74.17,0.0,31.4,61.01,55.04,67.62,15.65,57.56,38.83
54,34.53,55.71,44.18,58.31,18.44,36.77,62.64,56.64,56.04,28.28,46.17,27.2,27.78,44.72,60.83,42.52,48.37,36.0,25.61,51.61,26.08,46.52,24.08,43.08,8.94,54.41,28.84,20.0,62.23,23.41,50.0,53.67,49.48,48.04,36.5,18.97,48.08,42.05,55.46,56.32,42.52,50.91,38.42,48.83,26.0,21.54,54.33,43.86,48.26,57.98,50.45,36.88,54.56,31.4,0.0,41.18,31.06,37.85,18.68,33.84,13.34
55,74.67,91.21,46.65,96.21,38.83,6.32,24.08,96.54,15.62,65.97,18.87,63.15,68.96,62.1,38.42,82.46,7.21,20.0,20.0,90.55,59.67,27.2,64.9,63.25,42.52,16.49,69.97,25.61,25.3,44.05,50.16,12.65,83.23,25.06,34.0,42.05,14.14,72.72,71.02,32.8,8.94,16.0,51.42,87.73,15.62,48.83,31.62,68.73,66.1,52.63,15.26,76.84,13.6,61.01,41.18,0.0,63.6,28.02,56.04,9.85,51.09
56,40.61,27.66,75.03,33.84,24.84,57.63,79.03,37.64,79.2,43.6,59.41,45.79,27.8,23.77,65.46,26.02,70.43,49.04,54.08,30.08,5.0,76.24,21.93,20.12,23.77,71.59,26.63,38.01,87.98,53.34,42.01,74.33,19.72,57.8,67.48,49.16,74.3,11.0,32.2,63.16,68.1,77.03,26.02,27.51,48.55,14.87,61.33,67.98,75.27,51.0,66.71,22.2,75.01,55.04,31.06,63.6,0.0,45.28,39.4,54.04,18.03
57,71.03,72.01,66.22,79.08,23.35,22.2,34.71,82.35,41.0,66.1,15.0,65.0,61.29,36.24,23.09,69.29,32.39,8.06,35.0,75.13,42.95,52.81,55.58,38.28,33.0,28.3,61.52,18.79,52.47,54.08,22.2,33.84,63.25,12.53,53.82,50.25,42.11,51.74,43.97,19.1,36.35,44.01,25.55,72.45,22.2,31.38,17.12,78.77,80.0,25.94,23.32,64.2,34.18,67.62,37.85,28.02,45.28,0.0,56.52,19.65,40.31
58,19.42,57.04,41.44,56.29,36.24,52.77,79.08,51.08,69.46,10.05,64.01,8.54,19.92,58.9,79.43,38.33,62.94,54.23,37.16,48.51,34.89,53.04,21.0,56.4,25.55,70.86,21.84,38.33,73.25,19.72,67.74,68.68,53.34,66.37,39.2,17.69,59.54,49.65,69.2,74.81,55.04,62.27,54.67,46.1,42.3,36.07,72.84,28.65,36.14,76.06,67.36,33.54,69.64,15.65,18.68,56.04,39.4,56.52,0.0,50.36,23.43
59,68.15,81.69,48.84,86.98,29.21,3.61,28.86,87.8,25.24,60.41,15.65,58.08,61.33,52.39,35.0,73.82,16.4,11.7,18.36,81.57,50.25,33.24,56.82,53.45,33.84,20.62,62.17,16.28,35.11,41.48,41.77,20.62,73.6,20.62,36.07,38.64,23.09,62.97,61.52,29.41,17.0,25.32,41.77,78.75,8.06,39.2,27.8,66.76,65.74,45.31,17.03,68.24,21.4,57.56,33.84,9.85,54.04,19.65,50.36,0.0,42.44
60,31.78,42.54,57.01,45.8,17.03,45.8,70.21,45.45,66.53,30.23,51.87,31.14,21.02,35.47,63.07,31.4,58.26,41.11,38.08,39.62,13.04,59.62,15.3,33.02,8.6,62.18,21.21,26.42,73.88,35.36,46.24,63.01,36.14,52.17,49.82,31.14,59.82,29.02,45.8,59.41,53.91,62.63,31.91,36.8,35.47,13.04,57.43,51.87,58.18,55.03,57.7,25.81,63.82,38.83,13.34,51.09,18.03,40.31,23.43,42.44,0.0
