set K:= 1	2	3	4	5	6;
set C_H:= 1	2	3	4	5	6	7	8	9	10	11	12	13	14	15	16	17	18	19	20	21	22	23	24	25	26	27;
set C_S:= 28	29	30	31	32	33	34	35	36	37	38	39;
set C_F:= 40	41	42	43;
set M:= 44	45	46	47;
set L_B:= 48	49	50	51	52	53;
set A1:=
(0,*) 1 2 3 4 5 6 7 8 9 10 11 12 13 14 15 16 17 18 19 20 21 22 23 24 25 26 27 40 41 42 43 44 45 46 47 48 49 50 51 52 53
(1,*) 0 2 3 4 5 6 7 8 9 10 11 12 13 14 15 16 17 18 19 20 21 22 23 24 25 26 27 40 41 42 43 44 45 46 47 48 49 50 51 52 53
(2,*) 0 1 3 4 5 6 7 8 9 10 11 12 13 14 15 16 17 18 19 20 21 22 23 24 25 26 27 40 41 42 43 44 45 46 47 48 49 50 51 52 53
(3,*) 0 1 2 4 5 6 7 8 9 10 11 12 13 14 15 16 17 18 19 20 21 22 23 24 25 26 27 40 41 42 43 44 45 46 47 48 49 50 51 52 53
(4,*) 0 1 2 3 5 6 7 8 9 10 11 12 13 14 15 16 17 18 19 20 21 22 23 24 25 26 27 40 41 42 43 44 45 46 47 48 49 50 51 52 53
(5,*) 0 1 2 3 4 6 7 8 9 10 11 12 13 14 15 16 17 18 19 20 21 22 23 24 25 26 27 40 41 42 43 44 45 46 47 48 49 50 51 52 53
(6,*) 0 1 2 3 4 5 7 8 9 10 11 12 13 14 15 16 17 18 19 20 21 22 23 24 25 26 27 40 41 42 43 44 45 46 47 48 49 50 51 52 53
(7,*) 0 1 2 3 4 5 6 8 9 10 11 12 13 14 15 16 17 18 19 20 21 22 23 24 25 26 27 40 41 42 43 44 45 46 47 48 49 50 51 52 53
(8,*) 0 1 2 3 4 5 6 7 9 10 11 12 13 14 15 16 17 18 19 20 21 22 23 24 25 26 27 40 41 42 43 44 45 46 47 48 49 50 51 52 53
(9,*) 0 1 2 3 4 5 6 7 8 10 11 12 13 14 15 16 17 18 19 20 21 22 23 24 25 26 27 40 41 42 43 44 45 46 47 48 49 50 51 52 53
(10,*) 0 1 2 3 4 5 6 7 8 9 11 12 13 14 15 16 17 18 19 20 21 22 23 24 25 26 27 40 41 42 43 44 45 46 47 48 49 50 51 52 53
(11,*) 0 1 2 3 4 5 6 7 8 9 10 12 13 14 15 16 17 18 19 20 21 22 23 24 25 26 27 40 41 42 43 44 45 46 47 48 49 50 51 52 53
(12,*) 0 1 2 3 4 5 6 7 8 9 10 11 13 14 15 16 17 18 19 20 21 22 23 24 25 26 27 40 41 42 43 44 45 46 47 48 49 50 51 52 53
(13,*) 0 1 2 3 4 5 6 7 8 9 10 11 12 14 15 16 17 18 19 20 21 22 23 24 25 26 27 40 41 42 43 44 45 46 47 48 49 50 51 52 53
(14,*) 0 1 2 3 4 5 6 7 8 9 10 11 12 13 15 16 17 18 19 20 21 22 23 24 25 26 27 40 41 42 43 44 45 46 47 48 49 50 51 52 53
(15,*) 0 1 2 3 4 5 6 7 8 9 10 11 12 13 14 16 17 18 19 20 21 22 23 24 25 26 27 40 41 42 43 44 45 46 47 48 49 50 51 52 53
(16,*) 0 1 2 3 4 5 6 7 8 9 10 11 12 13 14 15 17 18 19 20 21 22 23 24 25 26 27 40 41 42 43 44 45 46 47 48 49 50 51 52 53
(17,*) 0 1 2 3 4 5 6 7 8 9 10 11 12 13 14 15 16 18 19 20 21 22 23 24 25 26 27 40 41 42 43 44 45 46 47 48 49 50 51 52 53
(18,*) 0 1 2 3 4 5 6 7 8 9 10 11 12 13 14 15 16 17 19 20 21 22 23 24 25 26 27 40 41 42 43 44 45 46 47 48 49 50 51 52 53
(19,*) 0 1 2 3 4 5 6 7 8 9 10 11 12 13 14 15 16 17 18 20 21 22 23 24 25 26 27 40 41 42 43 44 45 46 47 48 49 50 51 52 53
(20,*) 0 1 2 3 4 5 6 7 8 9 10 11 12 13 14 15 16 17 18 19 21 22 23 24 25 26 27 40 41 42 43 44 45 46 47 48 49 50 51 52 53
(21,*) 0 1 2 3 4 5 6 7 8 9 10 11 12 13 14 15 16 17 18 19 20 22 23 24 25 26 27 40 41 42 43 44 45 46 47 48 49 50 51 52 53
(22,*) 0 1 2 3 4 5 6 7 8 9 10 11 12 13 14 15 16 17 18 19 20 21 23 24 25 26 27 40 41 42 43 44 45 46 47 48 49 50 51 52 53
(23,*) 0 1 2 3 4 5 6 7 8 9 10 11 12 13 14 15 16 17 18 19 20 21 22 24 25 26 27 40 41 42 43 44 45 46 47 48 49 50 51 52 53
(24,*) 0 1 2 3 4 5 6 7 8 9 10 11 12 13 14 15 16 17 18 19 20 21 22 23 25 26 27 40 41 42 43 44 45 46 47 48 49 50 51 52 53
(25,*) 0 1 2 3 4 5 6 7 8 9 10 11 12 13 14 15 16 17 18 19 20 21 22 23 24 26 27 40 41 42 43 44 45 46 47 48 49 50 51 52 53
(26,*) 0 1 2 3 4 5 6 7 8 9 10 11 12 13 14 15 16 17 18 19 20 21 22 23 24 25 27 40 41 42 43 44 45 46 47 48 49 50 51 52 53
(27,*) 0 1 2 3 4 5 6 7 8 9 10 11 12 13 14 15 16 17 18 19 20 21 22 23 24 25 26 40 41 42 43 44 45 46 47 48 49 50 51 52 53
(40,*) 0 1 2 3 4 5 6 7 8 9 10 11 12 13 14 15 16 17 18 19 20 21 22 23 24 25 26 27 41 42 43 44 45 46 47 48 49 50 51 52 53
(41,*) 0 1 2 3 4 5 6 7 8 9 10 11 12 13 14 15 16 17 18 19 20 21 22 23 24 25 26 27 40 42 43 44 45 46 47 48 49 50 51 52 53
(42,*) 0 1 2 3 4 5 6 7 8 9 10 11 12 13 14 15 16 17 18 19 20 21 22 23 24 25 26 27 40 41 43 44 45 46 47 48 49 50 51 52 53
(43,*) 0 1 2 3 4 5 6 7 8 9 10 11 12 13 14 15 16 17 18 19 20 21 22 23 24 25 26 27 40 41 42 44 45 46 47 48 49 50 51 52 53
(44,*) 0 1 2 3 4 5 6 7 8 9 10 11 12 13 14 15 16 17 18 19 20 21 22 23 24 25 26 27 40 41 42 43 45 46 47 48 49 50 51 52 53
(45,*) 0 1 2 3 4 5 6 7 8 9 10 11 12 13 14 15 16 17 18 19 20 21 22 23 24 25 26 27 40 41 42 43 44 46 47 48 49 50 51 52 53
(46,*) 0 1 2 3 4 5 6 7 8 9 10 11 12 13 14 15 16 17 18 19 20 21 22 23 24 25 26 27 40 41 42 43 44 45 47 48 49 50 51 52 53
(47,*) 0 1 2 3 4 5 6 7 8 9 10 11 12 13 14 15 16 17 18 19 20 21 22 23 24 25 26 27 40 41 42 43 44 45 46 48 49 50 51 52 53
(48,*) 0 1 2 3 4 5 6 7 8 9 10 11 12 13 14 15 16 17 18 19 20 21 22 23 24 25 26 27 40 41 42 43 44 45 46 47 49 50 51 52 53
(49,*) 0 1 2 3 4 5 6 7 8 9 10 11 12 13 14 15 16 17 18 19 20 21 22 23 24 25 26 27 40 41 42 43 44 45 46 47 48 50 51 52 53
(50,*) 0 1 2 3 4 5 6 7 8 9 10 11 12 13 14 15 16 17 18 19 20 21 22 23 24 25 26 27 40 41 42 43 44 45 46 47 48 49 51 52 53
(51,*) 0 1 2 3 4 5 6 7 8 9 10 11 12 13 14 15 16 17 18 19 20 21 22 23 24 25 26 27 40 41 42 43 44 45 46 47 48 49 50 52 53
(52,*) 0 1 2 3 4 5 6 7 8 9 10 11 12 13 14 15 16 17 18 19 20 21 22 23 24 25 26 27 40 41 42 43 44 45 46 47 48 49 50 51 53
(53,*) 0 1 2 3 4 5 6 7 8 9 10 11 12 13 14 15 16 17 18 19 20 21 22 23 24 25 26 27 40 41 42 43 44 45 46 47 48 49 50 51 52
;
set A2:=
(44,*) 45
(45,*) 44
(46,*) 47
(47,*) 46
;
param BigM:=99999;
param n:= 6;
param d:=
1	9
2	9
3	9
4	14
5	14
6	8
7	8
8	18
9	4
10	24
11	14
12	18
13	13
14	18
15	3
16	24
17	14
18	24
19	23
20	9
21	14
22	24
23	4
24	8
25	13
26	4
27	18
28	8
29	24
30	19
31	18
32	13
33	8
34	2
35	9
36	24
37	14
38	18
39	14
40	3
41	8
42	13
43	13
;
param Q:=100;
param w:=
[44,*] 45 1
[45,*] 44 1
[46,*] 47 1
[47,*] 46 1
;
param V:=
[44,*] 45 89
[45,*] 44 89
[46,*] 47 76
[47,*] 46 76
;
param f:=
44	100
45	100
46	100
47	100
48	100
49	100
50	100
51	100
52	100
53	100
;
param e:
	44	45	46	47	48	49	50	51	52	53:=
28	1	0	0	0	0	0	1	0	0	0	
29	0	0	0	1	1	1	0	1	1	1	
30	0	1	1	0	1	1	1	1	1	1	
31	0	0	0	1	1	1	1	1	1	1	
32	0	0	0	1	0	0	0	0	0	0	
33	1	0	0	0	0	0	0	0	0	0	
34	0	0	1	0	0	0	0	0	0	0	
35	0	0	0	1	1	1	1	1	1	1	
36	0	0	0	1	1	1	1	1	1	1	
37	0	1	1	0	1	1	1	1	1	1	
38	0	0	0	1	1	1	1	1	1	1	
39	0	0	1	0	0	0	0	0	0	0	
40	0	0	0	1	0	1	1	1	0	1	
41	0	0	1	0	1	0	1	1	1	1	
42	0	0	0	1	1	0	1	1	1	1	
43	0	1	1	0	1	0	0	0	1	1	
;
param p:=
1	1
2	1
3	1
4	1
5	1
6	1
;
param G:=
44	80
45	89
46	74
47	76
48	82
49	76
50	80
51	77
52	74
53	99
;
param s:=
0	0
1	15
2	15
3	15
4	15
5	15
6	15
7	15
8	15
9	15
10	15
11	15
12	15
13	15
14	15
15	15
16	15
17	15
18	15
19	15
20	15
21	15
22	15
23	15
24	15
25	15
26	15
27	15
40	15
41	15
42	15
43	15
44	10
45	10
46	10
47	10
48	10
49	10
50	10
51	10
52	10
53	10
;
param t:
	0	1	2	3	4	5	6	7	8	9	10	11	12	13	14	15	16	17	18	19	20	21	22	23	24	25	26	27	28	29	30	31	32	33	34	35	36	37	38	39	40	41	42	43	44	45	46	47	48	49	50	51	52	53:=
0	0.0	33.24	53.25	30.27	14.87	58.01	64.2	34.41	41.76	22.8	88.26	29.15	29.41	80.26	56.85	42.15	34.41	26.91	60.8	9.43	78.43	89.27	73.82	44.05	37.16	56.4	31.78	59.46	88.53	21.02	20.62	32.2	67.27	99.09	69.29	30.08	39.2	29.61	36.12	84.48	40.11	49.82	51.0	45.12	96.83	21.54	54.78	54.13	42.05	1.41	55.17	30.23	39.92	34.83
1	33.24	0.0	57.94	57.25	37.34	41.88	45.19	6.4	38.48	38.33	60.3	9.22	33.38	49.04	24.19	43.08	44.28	44.28	28.64	32.65	71.42	56.08	61.03	32.02	14.21	23.71	30.81	32.14	55.32	24.19	19.24	4.47	55.32	65.95	63.78	15.81	7.07	18.97	23.32	69.35	25.61	30.02	21.02	39.96	64.5	46.49	52.15	31.38	16.16	33.3	22.02	6.08	16.64	4.47
2	53.25	57.94	0.0	40.0	38.95	34.01	40.31	52.5	89.64	30.53	71.56	48.85	26.4	75.27	66.0	14.87	18.87	27.86	66.19	43.83	30.27	98.15	34.67	87.13	46.1	75.66	79.51	89.29	97.16	68.01	42.44	61.33	111.65	101.24	21.84	69.12	64.2	39.0	77.7	45.18	81.12	39.32	77.62	20.0	92.85	37.36	12.21	89.32	48.37	51.87	68.12	61.27	45.54	54.71
3	30.27	57.25	40.0	0.0	19.92	62.27	69.46	55.46	71.81	21.26	99.2	49.66	31.89	96.26	77.18	37.7	26.0	17.2	79.88	25.32	70.11	111.51	71.57	74.24	54.08	80.78	61.98	87.48	110.64	51.24	38.48	57.97	97.49	119.04	61.29	59.14	64.2	43.83	66.01	82.71	70.01	59.55	77.62	44.72	114.11	10.77	48.05	83.29	58.82	29.15	76.94	56.52	55.8	56.86
4	14.87	37.34	38.95	19.92	0.0	49.48	56.32	35.85	55.54	8.54	83.73	30.02	18.11	78.64	58.01	29.43	20.12	12.04	61.07	6.32	65.73	92.11	63.0	56.29	35.38	60.93	45.31	67.74	91.27	33.84	18.87	38.08	80.36	100.26	56.52	40.05	44.27	25.5	47.52	74.03	51.48	43.83	57.72	34.01	96.18	9.22	41.98	64.01	40.31	13.45	57.45	36.67	37.48	37.12
5	58.01	41.88	34.01	62.27	49.48	0.0	7.21	35.51	80.13	42.72	38.29	35.85	31.62	41.48	37.7	25.5	36.62	45.18	36.14	50.36	31.38	66.01	19.21	73.82	27.78	50.12	71.59	66.85	65.01	62.3	38.21	46.32	96.26	67.68	25.96	57.31	45.34	29.43	65.19	27.86	67.42	12.04	55.61	17.8	58.87	54.23	22.14	70.09	26.25	57.04	41.15	47.51	25.24	37.44
6	64.2	45.19	40.31	69.46	56.32	7.21	0.0	39.0	83.67	49.77	31.4	40.26	38.63	36.35	36.89	32.65	43.83	52.35	34.44	56.89	32.57	62.2	18.36	76.66	31.62	50.0	75.61	67.36	61.2	66.94	44.0	49.66	98.23	62.65	29.02	60.93	47.71	35.01	68.43	24.41	70.33	15.52	56.57	25.0	53.16	61.33	28.18	71.51	29.07	63.29	40.8	51.08	28.79	40.72
7	34.41	6.4	52.5	55.46	35.85	35.51	39.0	0.0	44.72	35.44	55.9	5.83	29.0	46.07	22.63	37.64	40.0	41.23	26.4	32.02	65.05	56.3	54.64	38.42	7.81	25.71	36.69	36.88	55.47	29.02	17.0	10.82	61.62	65.07	57.49	21.93	11.7	14.04	29.68	63.06	32.02	23.71	25.32	34.0	62.43	44.72	46.14	37.12	10.2	34.21	21.63	12.08	10.3	2.24
8	41.76	38.48	89.64	71.81	55.54	80.13	83.67	44.72	0.0	61.77	95.52	44.65	63.25	81.01	56.14	75.74	72.11	67.08	61.13	49.24	108.41	75.96	99.13	10.77	52.35	46.27	10.3	35.78	75.61	21.95	47.42	34.01	26.02	89.19	100.12	22.83	37.11	53.26	15.52	107.78	15.0	68.43	36.35	75.07	92.4	63.25	87.0	26.42	54.63	43.01	52.04	32.65	55.01	42.95
9	22.8	38.33	30.53	21.26	8.54	42.72	49.77	35.44	61.77	0.0	78.49	29.83	11.18	75.01	56.36	21.1	11.66	6.0	58.83	13.45	57.27	90.79	55.08	61.35	33.12	61.13	51.48	70.03	89.89	39.82	19.1	40.01	85.8	97.91	48.05	44.15	45.4	22.83	52.2	66.19	56.04	38.6	59.3	26.31	92.85	11.66	33.54	67.36	37.74	21.4	56.46	39.01	34.67	37.11
10	88.26	60.3	71.56	99.2	83.73	38.29	31.4	55.9	95.52	78.49	0.0	59.91	67.42	17.8	39.46	63.66	74.33	82.01	34.53	82.76	56.72	44.1	42.2	86.15	51.24	51.24	90.01	68.15	43.27	84.48	67.78	64.12	102.53	38.33	56.92	75.01	59.01	59.09	80.22	39.01	80.62	39.96	60.88	55.87	26.31	90.14	59.36	75.58	46.57	87.66	43.74	66.19	48.38	56.57
11	29.15	9.22	48.85	49.66	30.02	35.85	40.26	5.83	44.65	29.83	59.91	0.0	24.19	51.11	28.32	34.01	35.13	35.69	31.89	26.25	63.89	62.13	54.59	39.62	9.0	31.32	35.78	41.3	61.29	26.68	11.18	12.53	63.6	70.77	55.87	22.02	16.03	9.85	30.41	63.69	33.3	24.74	30.02	31.4	67.8	38.91	43.6	40.5	13.34	28.84	27.46	12.81	12.0	7.28
12	29.41	33.38	26.4	31.89	18.11	31.62	38.63	29.0	63.25	11.18	67.42	24.19	0.0	64.66	47.76	13.04	11.0	14.87	49.66	20.4	49.04	82.08	45.04	60.9	24.74	54.33	53.15	65.49	81.15	41.73	16.12	36.14	85.48	88.32	39.92	42.94	40.2	15.03	51.48	56.0	55.01	27.66	54.15	16.03	82.62	22.83	25.5	64.29	28.79	28.16	48.51	35.74	25.63	31.02
13	80.26	49.04	75.27	96.26	78.64	41.48	36.35	46.07	81.01	75.01	17.8	51.11	64.66	0.0	25.5	64.41	73.5	79.51	20.62	76.4	67.19	27.86	52.15	71.06	43.6	35.23	76.66	51.24	26.93	72.8	60.8	52.2	85.73	26.31	65.12	62.17	46.1	53.15	66.19	52.2	66.01	37.74	45.18	56.8	18.03	86.27	63.6	59.23	38.6	79.92	29.15	54.41	41.23	46.1
14	56.85	24.19	66.0	77.18	58.01	37.7	36.89	22.63	56.14	56.36	39.46	28.32	47.76	25.5	0.0	52.24	58.24	61.74	5.0	54.56	68.88	34.44	55.23	46.69	23.26	13.45	51.24	31.24	33.54	47.43	39.2	26.93	64.41	42.45	63.57	36.67	20.62	33.54	41.0	60.21	41.19	27.46	21.93	46.0	40.31	66.57	56.44	37.12	18.97	56.73	4.47	29.15	22.14	22.02
15	42.15	43.08	14.87	37.7	29.43	25.5	32.65	37.64	75.74	21.1	63.66	34.01	13.04	64.41	52.24	0.0	11.7	21.38	52.95	32.89	36.4	85.38	34.37	72.67	31.4	61.2	65.76	74.46	84.4	54.49	28.32	46.52	97.1	89.69	27.2	54.64	49.34	24.17	63.25	45.54	66.57	26.93	62.82	7.81	82.37	31.26	12.65	74.46	34.01	40.85	54.01	46.53	31.06	39.85
16	34.41	44.28	18.87	26.0	20.12	36.62	43.83	40.0	72.11	11.66	74.33	35.13	11.0	73.5	58.24	11.7	0.0	10.0	59.81	25.0	46.39	92.36	45.89	70.68	35.51	65.28	61.85	76.42	91.42	50.22	26.25	46.87	95.27	97.95	37.22	52.92	51.16	26.02	61.33	57.07	65.0	35.81	65.12	18.87	91.53	20.0	23.0	74.95	39.29	33.02	59.23	46.32	36.14	42.01
17	26.91	44.28	27.86	17.2	12.04	45.18	52.35	41.23	67.08	6.0	82.01	35.69	14.87	79.51	61.74	21.38	10.0	0.0	64.01	18.03	56.32	96.18	55.73	67.05	38.48	66.94	56.8	76.03	95.27	45.19	25.08	46.01	91.42	102.93	47.17	50.01	51.35	28.23	57.97	66.91	61.85	42.45	65.28	27.86	97.45	10.0	33.0	73.33	42.94	25.5	62.03	45.01	39.82	42.95
18	60.8	28.64	66.19	79.88	61.07	36.14	34.44	26.4	61.13	58.83	34.53	31.89	49.66	20.62	5.0	52.95	59.81	64.01	0.0	57.98	66.85	32.57	52.77	51.62	25.81	17.49	56.22	35.23	31.62	52.2	42.45	31.62	68.88	39.2	62.1	41.59	25.5	36.06	46.0	57.01	46.17	27.0	26.57	46.27	36.06	69.4	56.04	41.63	21.1	60.61	9.22	33.84	24.19	26.08
19	9.43	32.65	43.83	25.32	6.32	50.36	56.89	32.02	49.24	13.45	82.76	26.25	20.4	76.4	54.56	32.89	25.0	18.03	57.98	0.0	69.26	88.23	65.28	50.01	32.8	56.36	39.0	62.17	87.42	27.51	15.62	32.89	74.04	97.0	60.08	34.0	39.4	23.71	41.3	76.11	45.28	43.32	52.5	36.35	93.61	15.0	45.54	58.08	37.8	8.06	53.6	31.32	35.23	33.02
20	78.43	71.42	30.27	70.11	65.73	31.38	32.57	65.05	108.41	57.27	56.72	63.89	49.04	67.19	68.88	36.4	46.39	56.32	66.85	69.26	0.0	94.2	15.03	103.32	57.28	81.49	99.05	98.18	93.21	88.51	62.27	75.69	126.62	93.01	9.22	85.91	75.82	55.22	94.26	19.72	96.94	43.01	86.84	34.0	82.15	66.27	23.77	101.04	56.85	77.16	72.47	76.49	55.23	67.18
21	89.27	56.08	98.15	111.51	92.11	66.01	62.2	56.3	75.96	90.79	44.1	62.13	82.08	27.86	34.44	85.38	92.36	96.18	32.57	88.23	94.2	0.0	79.25	65.19	57.7	33.3	75.18	40.52	1.0	75.6	73.25	57.28	72.01	14.0	91.2	63.6	50.21	67.98	64.01	80.01	62.17	58.86	41.34	78.45	22.83	100.85	87.37	50.0	53.31	89.38	34.67	59.4	56.46	55.22
22	73.82	61.03	34.67	71.57	63.0	19.21	18.36	54.64	99.13	55.08	42.2	54.59	45.04	52.15	55.23	34.37	45.89	55.73	52.77	65.28	15.03	79.25	0.0	93.01	46.87	68.24	90.35	85.43	78.26	80.62	55.36	65.46	115.43	78.0	15.26	76.32	64.54	47.17	84.31	11.18	86.61	31.24	74.41	29.02	67.27	65.62	23.77	89.11	45.45	72.69	59.08	66.57	44.41	56.61
23	44.05	32.02	87.13	74.24	56.29	73.82	76.66	38.42	10.77	61.35	86.15	39.62	60.9	71.06	46.69	72.67	70.68	67.05	51.62	50.01	103.32	65.19	93.01	0.0	46.23	36.01	13.93	25.06	64.85	23.02	44.78	27.66	24.6	78.45	95.46	18.03	29.07	49.04	9.43	101.02	6.4	61.85	26.02	70.94	81.88	64.78	83.1	15.81	47.71	45.1	42.43	26.87	48.6	36.4
24	37.16	14.21	46.1	54.08	35.38	27.78	31.62	7.81	52.35	33.12	51.24	9.0	24.74	43.6	23.26	31.4	35.51	38.48	25.81	32.8	57.28	57.7	46.87	46.23	0.0	30.0	44.01	43.32	56.8	35.51	17.2	18.6	69.35	65.0	49.82	29.53	18.87	10.3	37.44	55.46	39.82	16.16	31.62	26.93	60.88	43.6	38.91	44.42	5.0	36.67	23.77	19.72	3.0	9.9
25	56.4	23.71	75.66	80.78	60.93	50.12	50.0	25.71	46.27	61.13	51.24	31.32	54.33	35.23	13.45	61.2	65.28	66.94	17.49	56.36	81.49	33.3	68.24	36.01	30.0	0.0	43.32	17.8	32.65	42.44	42.38	24.21	51.48	44.78	75.64	30.53	17.2	39.32	32.28	73.59	31.4	39.0	10.0	55.9	46.32	70.01	67.19	24.35	27.29	56.61	9.22	26.25	30.15	24.04
26	31.78	30.81	79.51	61.98	45.31	71.59	75.61	36.69	10.3	51.48	90.01	35.78	53.15	76.66	51.24	65.76	61.85	56.8	56.22	39.0	99.05	75.18	90.35	13.93	44.01	43.32	0.0	36.8	74.71	11.66	37.48	26.48	35.51	87.73	90.6	15.13	31.0	43.83	11.18	99.4	13.45	60.17	34.01	65.44	89.56	53.16	77.23	28.43	46.84	32.98	47.52	24.74	46.82	35.17
27	59.46	32.14	89.29	87.48	67.74	66.85	67.36	36.88	35.78	70.03	68.15	41.3	65.49	51.24	31.24	74.46	76.42	76.03	35.23	62.17	98.18	40.52	85.43	25.06	43.32	17.8	36.8	0.0	40.26	40.82	51.0	30.02	34.48	54.13	91.79	29.55	25.32	50.8	26.25	91.22	23.35	55.23	11.7	70.23	59.0	76.94	82.08	9.49	42.05	60.08	26.91	31.14	44.38	34.71
28	88.53	55.32	97.16	110.64	91.27	65.01	61.2	55.47	75.61	89.89	43.27	61.29	81.15	26.93	33.54	84.4	91.42	95.27	31.62	87.42	93.21	1.0	78.26	64.85	56.8	32.65	74.71	40.26	0.0	75.0	72.4	56.57	72.0	14.04	90.2	63.01	49.5	67.08	63.53	79.06	61.74	57.87	40.82	77.47	22.36	99.98	86.37	49.73	52.39	88.62	33.84	58.69	55.54	54.41
29	21.02	24.19	68.01	51.24	33.84	62.3	66.94	29.02	21.95	39.82	84.48	26.68	41.73	72.8	47.43	54.49	50.22	45.19	52.2	27.51	88.51	75.6	80.62	23.02	35.51	42.44	11.66	40.82	75.0	0.0	26.4	20.62	46.57	87.13	79.88	12.04	26.93	33.54	15.52	90.14	19.42	51.42	34.66	54.64	87.32	41.98	66.22	34.18	39.12	22.09	44.38	18.44	38.47	28.02
30	20.62	19.24	42.44	38.48	18.87	38.21	44.0	17.0	47.42	19.1	67.78	11.18	16.12	60.8	39.2	28.32	26.25	25.08	42.45	15.62	62.27	73.25	55.36	44.78	17.2	42.38	37.48	51.0	72.4	26.4	0.0	21.02	69.35	81.57	53.54	26.83	26.31	9.06	35.36	65.51	38.91	29.27	40.2	28.3	77.99	27.73	39.82	48.84	22.2	19.92	38.59	20.22	19.72	18.38
31	32.2	4.47	61.33	57.97	38.08	46.32	49.66	10.82	34.01	40.01	64.12	12.53	36.14	52.2	26.93	46.52	46.87	46.01	31.62	32.89	75.69	57.28	65.46	27.66	18.6	24.21	26.48	30.02	56.57	20.62	21.02	0.0	51.22	67.8	67.94	11.4	7.07	22.36	18.87	73.82	21.26	34.48	19.65	43.83	67.08	47.3	56.04	28.16	20.62	32.45	24.19	2.24	21.1	8.94
32	67.27	55.32	111.65	97.49	80.36	96.26	98.23	61.62	26.02	85.8	102.53	63.6	85.48	85.73	64.41	97.1	95.27	91.42	68.88	74.04	126.62	72.01	115.43	24.6	69.35	51.48	35.51	34.48	72.0	46.57	69.35	51.22	0.0	86.01	119.1	42.54	50.93	73.24	34.0	122.61	30.53	84.22	42.54	95.0	92.54	88.53	107.2	27.29	70.04	68.45	59.94	50.8	71.42	59.46
33	99.09	65.95	101.24	119.04	100.26	67.68	62.65	65.07	89.19	97.91	38.33	70.77	88.32	26.31	42.45	89.69	97.95	102.93	39.2	97.0	93.01	14.0	78.0	78.45	65.0	44.78	87.73	54.13	14.04	87.13	81.57	67.8	86.01	0.0	91.35	75.29	60.8	75.21	76.56	76.79	75.03	62.77	53.71	82.28	12.53	108.6	89.74	63.56	60.22	99.04	43.93	70.0	63.25	64.35
34	69.29	63.78	21.84	61.29	56.52	25.96	29.02	57.49	100.12	48.05	56.92	55.87	39.92	65.12	63.57	27.2	37.22	47.17	62.1	60.08	9.22	91.2	15.26	95.46	49.82	75.64	90.6	91.79	90.2	79.88	53.54	67.94	119.1	91.35	0.0	77.83	68.6	46.86	86.28	24.21	89.11	36.67	80.26	25.24	81.22	57.14	14.56	94.05	49.93	68.01	66.85	68.59	48.01	59.67
35	30.08	15.81	69.12	59.14	40.05	57.31	60.93	21.93	22.83	44.15	75.01	22.02	42.94	62.17	36.67	54.64	52.92	50.01	41.59	34.0	85.91	63.6	76.32	18.03	29.53	30.53	15.13	29.55	63.01	12.04	26.83	11.4	42.54	75.29	77.83	0.0	16.12	31.14	8.6	84.97	12.08	45.62	22.63	53.08	75.96	49.0	65.19	24.19	31.95	30.81	33.24	9.85	32.2	20.25
36	39.2	7.07	64.2	64.2	44.27	45.34	47.71	11.7	37.11	45.4	59.01	16.03	40.2	46.1	20.62	49.34	51.16	51.35	25.5	39.4	75.82	50.21	64.54	29.07	18.87	17.2	31.0	25.32	49.5	26.93	26.31	7.07	50.93	60.8	68.6	16.12	0.0	25.5	21.59	72.11	22.85	33.3	14.0	45.62	60.42	53.45	57.71	25.55	19.1	39.41	17.46	9.22	20.62	9.49
37	29.61	18.97	39.0	43.83	25.5	29.43	35.01	14.04	53.26	22.83	59.09	9.85	15.03	53.15	33.54	24.17	26.02	28.23	36.06	23.71	55.22	67.98	47.17	49.04	10.3	39.32	43.83	50.8	67.08	33.54	9.06	22.36	73.24	75.21	46.86	31.14	25.5	0.0	39.7	57.01	42.8	20.22	39.32	21.93	70.71	33.42	34.06	50.33	15.0	28.86	33.84	22.47	12.04	16.12
38	36.12	23.32	77.7	66.01	47.52	65.19	68.43	29.68	15.52	52.2	80.22	30.41	51.48	66.19	41.0	63.25	61.33	57.97	46.0	41.3	94.26	64.01	84.31	9.43	37.44	32.28	11.18	26.25	63.53	15.52	35.36	18.87	34.0	76.56	86.28	8.6	21.59	39.7	0.0	92.66	4.0	53.34	22.85	61.62	78.59	56.22	73.76	18.79	39.36	37.05	37.05	17.8	39.96	27.78
39	84.48	69.35	45.18	82.71	74.03	27.86	24.41	63.06	107.78	66.19	39.01	63.69	56.0	52.2	60.21	45.54	57.07	66.91	57.01	76.11	19.72	80.01	11.18	101.02	55.46	73.59	99.4	91.22	79.06	90.14	65.51	73.82	122.61	76.79	24.21	84.97	72.11	57.01	92.66	0.0	94.67	39.36	80.72	40.01	65.19	76.79	34.79	95.78	53.34	83.38	64.38	75.13	52.77	64.88
40	40.11	25.61	81.12	70.01	51.48	67.42	70.33	32.02	15.0	56.04	80.62	33.3	55.01	66.01	41.19	66.57	65.0	61.85	46.17	45.28	96.94	62.17	86.61	6.4	39.82	31.4	13.45	23.35	61.74	19.42	38.91	21.26	30.53	75.03	89.11	12.08	22.85	42.8	4.0	94.67	0.0	55.47	21.59	64.66	77.67	60.21	76.84	15.26	41.34	41.05	37.05	20.52	42.2	30.0
41	49.82	30.02	39.32	59.55	43.83	12.04	15.52	23.71	68.43	38.6	39.96	24.74	27.66	37.74	27.46	26.93	35.81	42.45	27.0	43.32	43.01	58.86	31.24	61.85	16.16	39.0	60.17	55.23	57.87	51.42	29.27	34.48	84.22	62.77	36.67	45.62	33.3	20.22	53.34	39.36	55.47	0.0	43.83	19.65	55.76	50.22	29.07	58.14	14.21	49.03	30.36	35.78	13.42	25.55
42	51.0	21.02	77.62	77.62	57.72	55.61	56.57	25.32	36.35	59.3	60.88	30.02	54.15	45.18	21.93	62.82	65.12	65.28	26.57	52.5	86.84	41.34	74.41	26.02	31.62	10.0	34.01	11.7	40.82	34.66	40.2	19.65	42.54	53.71	80.26	22.63	14.0	39.32	22.85	80.72	21.59	43.83	0.0	58.52	56.09	66.94	70.38	15.26	30.41	51.43	17.46	21.19	32.7	23.19
43	45.12	39.96	20.0	44.72	34.01	17.8	25.0	34.0	75.07	26.31	55.87	31.4	16.03	56.8	46.0	7.81	18.87	27.86	46.27	36.35	34.0	78.45	29.02	70.94	26.93	55.9	65.44	70.23	77.47	54.64	28.3	43.83	95.0	82.28	25.24	53.08	45.62	21.93	61.62	40.01	64.66	19.65	58.52	0.0	74.71	37.36	12.21	71.12	28.64	43.93	48.17	44.2	25.96	36.24
44	96.83	64.5	92.85	114.11	96.18	58.87	53.16	62.43	92.4	92.85	26.31	67.8	82.62	18.03	40.31	82.37	91.53	97.45	36.06	93.61	82.15	22.83	67.27	81.88	60.88	46.32	89.56	59.0	22.36	87.32	77.99	67.08	92.54	12.53	81.22	75.96	60.42	70.71	78.59	65.19	77.67	55.76	56.09	74.71	0.0	104.0	80.99	68.07	55.9	96.61	42.95	69.32	58.69	62.13
45	21.54	46.49	37.36	10.77	9.22	54.23	61.33	44.72	63.25	11.66	90.14	38.91	22.83	86.27	66.57	31.26	20.0	10.0	69.4	15.0	66.27	100.85	65.62	64.78	43.6	70.01	53.16	76.94	99.98	41.98	27.73	47.3	88.53	108.6	57.14	49.0	53.45	33.42	56.22	76.79	60.21	50.22	66.94	37.36	104.0	0.0	43.0	73.06	48.41	20.25	66.24	45.89	45.45	46.1
46	54.78	52.15	12.21	48.05	41.98	22.14	28.18	46.14	87.0	33.54	59.36	43.6	25.5	63.6	56.44	12.65	23.0	33.0	56.04	45.54	23.77	87.37	23.77	83.1	38.91	67.19	77.23	82.08	86.37	66.22	39.82	56.04	107.2	89.74	14.56	65.19	57.71	34.06	73.76	34.79	76.84	29.07	70.38	12.21	80.99	43.0	0.0	83.24	40.16	53.49	59.03	56.4	37.7	48.37
47	54.13	31.38	89.32	83.29	64.01	70.09	71.51	37.12	26.42	67.36	75.58	40.5	64.29	59.23	37.12	74.46	74.95	73.33	41.63	58.08	101.04	50.0	89.11	15.81	44.42	24.35	28.43	9.49	49.73	34.18	48.84	28.16	27.29	63.56	94.05	24.19	25.55	50.33	18.79	95.78	15.26	58.14	15.26	71.12	68.07	73.06	83.24	0.0	44.2	54.92	32.65	28.64	46.04	34.89
48	42.05	16.16	48.37	58.82	40.31	26.25	29.07	10.2	54.63	37.74	46.57	13.34	28.79	38.6	18.97	34.01	39.29	42.94	21.1	37.8	56.85	53.31	45.45	47.71	5.0	27.29	46.84	42.05	52.39	39.12	22.2	20.62	70.04	60.22	49.93	31.95	19.1	15.0	39.36	53.34	41.34	14.21	30.41	28.64	55.9	48.41	40.16	44.2	0.0	41.59	20.1	22.14	3.16	11.7
49	1.41	33.3	51.87	29.15	13.45	57.04	63.29	34.21	43.01	21.4	87.66	28.84	28.16	79.92	56.73	40.85	33.02	25.5	60.61	8.06	77.16	89.38	72.69	45.1	36.67	56.61	32.98	60.08	88.62	22.09	19.92	32.45	68.45	99.04	68.01	30.81	39.41	28.86	37.05	83.38	41.05	49.03	51.43	43.93	96.61	20.25	53.49	54.92	41.59	0.0	55.15	30.53	39.4	34.71
50	55.17	22.02	68.12	76.94	57.45	41.15	40.8	21.63	52.04	56.46	43.74	27.46	48.51	29.15	4.47	54.01	59.23	62.03	9.22	53.6	72.47	34.67	59.08	42.43	23.77	9.22	47.52	26.91	33.84	44.38	38.59	24.19	59.94	43.93	66.85	33.24	17.46	33.84	37.05	64.38	37.05	30.36	17.46	48.17	42.95	66.24	59.03	32.65	20.1	55.15	0.0	26.42	23.19	20.62
51	30.23	6.08	61.27	56.52	36.67	47.51	51.08	12.08	32.65	39.01	66.19	12.81	35.74	54.41	29.15	46.53	46.32	45.01	33.84	31.32	76.49	59.4	66.57	26.87	19.72	26.25	24.74	31.14	58.69	18.44	20.22	2.24	50.8	70.0	68.59	9.85	9.22	22.47	17.8	75.13	20.52	35.78	21.19	44.2	69.32	45.89	56.4	28.64	22.14	30.53	26.42	0.0	22.36	10.44
52	39.92	16.64	45.54	55.8	37.48	25.24	28.79	10.3	55.01	34.67	48.38	12.0	25.63	41.23	22.14	31.06	36.14	39.82	24.19	35.23	55.23	56.46	44.41	48.6	3.0	30.15	46.82	44.38	55.54	38.47	19.72	21.1	71.42	63.25	48.01	32.2	20.62	12.04	39.96	52.77	42.2	13.42	32.7	25.96	58.69	45.45	37.7	46.04	3.16	39.4	23.19	22.36	0.0	12.21
53	34.83	4.47	54.71	56.86	37.12	37.44	40.72	2.24	42.95	37.11	56.57	7.28	31.02	46.1	22.02	39.85	42.01	42.95	26.08	33.02	67.18	55.22	56.61	36.4	9.9	24.04	35.17	34.71	54.41	28.02	18.38	8.94	59.46	64.35	59.67	20.25	9.49	16.12	27.78	64.88	30.0	25.55	23.19	36.24	62.13	46.1	48.37	34.89	11.7	34.71	20.62	10.44	12.21	0.0
;
