set K:= 1	2	3	4	5	6	7;
set C_H:= 1	2	3	4	5	6	7	8	9	10	11	12	13	14	15	16	17	18	19	20	21	22	23	24	25	26	27	28	29	30	31	32	33;
set C_S:= 34	35	36	37	38	39	40	41	42	43	44	45	46	47	48;
set C_F:= 49	50	51	52	53;
set M:= 54	55;
set L_B:= 56	57	58	59	60	61	62;
set A1:=
(0,*) 1 2 3 4 5 6 7 8 9 10 11 12 13 14 15 16 17 18 19 20 21 22 23 24 25 26 27 28 29 30 31 32 33 49 50 51 52 53 54 55 56 57 58 59 60 61 62
(1,*) 0 2 3 4 5 6 7 8 9 10 11 12 13 14 15 16 17 18 19 20 21 22 23 24 25 26 27 28 29 30 31 32 33 49 50 51 52 53 54 55 56 57 58 59 60 61 62
(2,*) 0 1 3 4 5 6 7 8 9 10 11 12 13 14 15 16 17 18 19 20 21 22 23 24 25 26 27 28 29 30 31 32 33 49 50 51 52 53 54 55 56 57 58 59 60 61 62
(3,*) 0 1 2 4 5 6 7 8 9 10 11 12 13 14 15 16 17 18 19 20 21 22 23 24 25 26 27 28 29 30 31 32 33 49 50 51 52 53 54 55 56 57 58 59 60 61 62
(4,*) 0 1 2 3 5 6 7 8 9 10 11 12 13 14 15 16 17 18 19 20 21 22 23 24 25 26 27 28 29 30 31 32 33 49 50 51 52 53 54 55 56 57 58 59 60 61 62
(5,*) 0 1 2 3 4 6 7 8 9 10 11 12 13 14 15 16 17 18 19 20 21 22 23 24 25 26 27 28 29 30 31 32 33 49 50 51 52 53 54 55 56 57 58 59 60 61 62
(6,*) 0 1 2 3 4 5 7 8 9 10 11 12 13 14 15 16 17 18 19 20 21 22 23 24 25 26 27 28 29 30 31 32 33 49 50 51 52 53 54 55 56 57 58 59 60 61 62
(7,*) 0 1 2 3 4 5 6 8 9 10 11 12 13 14 15 16 17 18 19 20 21 22 23 24 25 26 27 28 29 30 31 32 33 49 50 51 52 53 54 55 56 57 58 59 60 61 62
(8,*) 0 1 2 3 4 5 6 7 9 10 11 12 13 14 15 16 17 18 19 20 21 22 23 24 25 26 27 28 29 30 31 32 33 49 50 51 52 53 54 55 56 57 58 59 60 61 62
(9,*) 0 1 2 3 4 5 6 7 8 10 11 12 13 14 15 16 17 18 19 20 21 22 23 24 25 26 27 28 29 30 31 32 33 49 50 51 52 53 54 55 56 57 58 59 60 61 62
(10,*) 0 1 2 3 4 5 6 7 8 9 11 12 13 14 15 16 17 18 19 20 21 22 23 24 25 26 27 28 29 30 31 32 33 49 50 51 52 53 54 55 56 57 58 59 60 61 62
(11,*) 0 1 2 3 4 5 6 7 8 9 10 12 13 14 15 16 17 18 19 20 21 22 23 24 25 26 27 28 29 30 31 32 33 49 50 51 52 53 54 55 56 57 58 59 60 61 62
(12,*) 0 1 2 3 4 5 6 7 8 9 10 11 13 14 15 16 17 18 19 20 21 22 23 24 25 26 27 28 29 30 31 32 33 49 50 51 52 53 54 55 56 57 58 59 60 61 62
(13,*) 0 1 2 3 4 5 6 7 8 9 10 11 12 14 15 16 17 18 19 20 21 22 23 24 25 26 27 28 29 30 31 32 33 49 50 51 52 53 54 55 56 57 58 59 60 61 62
(14,*) 0 1 2 3 4 5 6 7 8 9 10 11 12 13 15 16 17 18 19 20 21 22 23 24 25 26 27 28 29 30 31 32 33 49 50 51 52 53 54 55 56 57 58 59 60 61 62
(15,*) 0 1 2 3 4 5 6 7 8 9 10 11 12 13 14 16 17 18 19 20 21 22 23 24 25 26 27 28 29 30 31 32 33 49 50 51 52 53 54 55 56 57 58 59 60 61 62
(16,*) 0 1 2 3 4 5 6 7 8 9 10 11 12 13 14 15 17 18 19 20 21 22 23 24 25 26 27 28 29 30 31 32 33 49 50 51 52 53 54 55 56 57 58 59 60 61 62
(17,*) 0 1 2 3 4 5 6 7 8 9 10 11 12 13 14 15 16 18 19 20 21 22 23 24 25 26 27 28 29 30 31 32 33 49 50 51 52 53 54 55 56 57 58 59 60 61 62
(18,*) 0 1 2 3 4 5 6 7 8 9 10 11 12 13 14 15 16 17 19 20 21 22 23 24 25 26 27 28 29 30 31 32 33 49 50 51 52 53 54 55 56 57 58 59 60 61 62
(19,*) 0 1 2 3 4 5 6 7 8 9 10 11 12 13 14 15 16 17 18 20 21 22 23 24 25 26 27 28 29 30 31 32 33 49 50 51 52 53 54 55 56 57 58 59 60 61 62
(20,*) 0 1 2 3 4 5 6 7 8 9 10 11 12 13 14 15 16 17 18 19 21 22 23 24 25 26 27 28 29 30 31 32 33 49 50 51 52 53 54 55 56 57 58 59 60 61 62
(21,*) 0 1 2 3 4 5 6 7 8 9 10 11 12 13 14 15 16 17 18 19 20 22 23 24 25 26 27 28 29 30 31 32 33 49 50 51 52 53 54 55 56 57 58 59 60 61 62
(22,*) 0 1 2 3 4 5 6 7 8 9 10 11 12 13 14 15 16 17 18 19 20 21 23 24 25 26 27 28 29 30 31 32 33 49 50 51 52 53 54 55 56 57 58 59 60 61 62
(23,*) 0 1 2 3 4 5 6 7 8 9 10 11 12 13 14 15 16 17 18 19 20 21 22 24 25 26 27 28 29 30 31 32 33 49 50 51 52 53 54 55 56 57 58 59 60 61 62
(24,*) 0 1 2 3 4 5 6 7 8 9 10 11 12 13 14 15 16 17 18 19 20 21 22 23 25 26 27 28 29 30 31 32 33 49 50 51 52 53 54 55 56 57 58 59 60 61 62
(25,*) 0 1 2 3 4 5 6 7 8 9 10 11 12 13 14 15 16 17 18 19 20 21 22 23 24 26 27 28 29 30 31 32 33 49 50 51 52 53 54 55 56 57 58 59 60 61 62
(26,*) 0 1 2 3 4 5 6 7 8 9 10 11 12 13 14 15 16 17 18 19 20 21 22 23 24 25 27 28 29 30 31 32 33 49 50 51 52 53 54 55 56 57 58 59 60 61 62
(27,*) 0 1 2 3 4 5 6 7 8 9 10 11 12 13 14 15 16 17 18 19 20 21 22 23 24 25 26 28 29 30 31 32 33 49 50 51 52 53 54 55 56 57 58 59 60 61 62
(28,*) 0 1 2 3 4 5 6 7 8 9 10 11 12 13 14 15 16 17 18 19 20 21 22 23 24 25 26 27 29 30 31 32 33 49 50 51 52 53 54 55 56 57 58 59 60 61 62
(29,*) 0 1 2 3 4 5 6 7 8 9 10 11 12 13 14 15 16 17 18 19 20 21 22 23 24 25 26 27 28 30 31 32 33 49 50 51 52 53 54 55 56 57 58 59 60 61 62
(30,*) 0 1 2 3 4 5 6 7 8 9 10 11 12 13 14 15 16 17 18 19 20 21 22 23 24 25 26 27 28 29 31 32 33 49 50 51 52 53 54 55 56 57 58 59 60 61 62
(31,*) 0 1 2 3 4 5 6 7 8 9 10 11 12 13 14 15 16 17 18 19 20 21 22 23 24 25 26 27 28 29 30 32 33 49 50 51 52 53 54 55 56 57 58 59 60 61 62
(32,*) 0 1 2 3 4 5 6 7 8 9 10 11 12 13 14 15 16 17 18 19 20 21 22 23 24 25 26 27 28 29 30 31 33 49 50 51 52 53 54 55 56 57 58 59 60 61 62
(33,*) 0 1 2 3 4 5 6 7 8 9 10 11 12 13 14 15 16 17 18 19 20 21 22 23 24 25 26 27 28 29 30 31 32 49 50 51 52 53 54 55 56 57 58 59 60 61 62
(49,*) 0 1 2 3 4 5 6 7 8 9 10 11 12 13 14 15 16 17 18 19 20 21 22 23 24 25 26 27 28 29 30 31 32 33 50 51 52 53 54 55 56 57 58 59 60 61 62
(50,*) 0 1 2 3 4 5 6 7 8 9 10 11 12 13 14 15 16 17 18 19 20 21 22 23 24 25 26 27 28 29 30 31 32 33 49 51 52 53 54 55 56 57 58 59 60 61 62
(51,*) 0 1 2 3 4 5 6 7 8 9 10 11 12 13 14 15 16 17 18 19 20 21 22 23 24 25 26 27 28 29 30 31 32 33 49 50 52 53 54 55 56 57 58 59 60 61 62
(52,*) 0 1 2 3 4 5 6 7 8 9 10 11 12 13 14 15 16 17 18 19 20 21 22 23 24 25 26 27 28 29 30 31 32 33 49 50 51 53 54 55 56 57 58 59 60 61 62
(53,*) 0 1 2 3 4 5 6 7 8 9 10 11 12 13 14 15 16 17 18 19 20 21 22 23 24 25 26 27 28 29 30 31 32 33 49 50 51 52 54 55 56 57 58 59 60 61 62
(54,*) 0 1 2 3 4 5 6 7 8 9 10 11 12 13 14 15 16 17 18 19 20 21 22 23 24 25 26 27 28 29 30 31 32 33 49 50 51 52 53 55 56 57 58 59 60 61 62
(55,*) 0 1 2 3 4 5 6 7 8 9 10 11 12 13 14 15 16 17 18 19 20 21 22 23 24 25 26 27 28 29 30 31 32 33 49 50 51 52 53 54 56 57 58 59 60 61 62
(56,*) 0 1 2 3 4 5 6 7 8 9 10 11 12 13 14 15 16 17 18 19 20 21 22 23 24 25 26 27 28 29 30 31 32 33 49 50 51 52 53 54 55 57 58 59 60 61 62
(57,*) 0 1 2 3 4 5 6 7 8 9 10 11 12 13 14 15 16 17 18 19 20 21 22 23 24 25 26 27 28 29 30 31 32 33 49 50 51 52 53 54 55 56 58 59 60 61 62
(58,*) 0 1 2 3 4 5 6 7 8 9 10 11 12 13 14 15 16 17 18 19 20 21 22 23 24 25 26 27 28 29 30 31 32 33 49 50 51 52 53 54 55 56 57 59 60 61 62
(59,*) 0 1 2 3 4 5 6 7 8 9 10 11 12 13 14 15 16 17 18 19 20 21 22 23 24 25 26 27 28 29 30 31 32 33 49 50 51 52 53 54 55 56 57 58 60 61 62
(60,*) 0 1 2 3 4 5 6 7 8 9 10 11 12 13 14 15 16 17 18 19 20 21 22 23 24 25 26 27 28 29 30 31 32 33 49 50 51 52 53 54 55 56 57 58 59 61 62
(61,*) 0 1 2 3 4 5 6 7 8 9 10 11 12 13 14 15 16 17 18 19 20 21 22 23 24 25 26 27 28 29 30 31 32 33 49 50 51 52 53 54 55 56 57 58 59 60 62
(62,*) 0 1 2 3 4 5 6 7 8 9 10 11 12 13 14 15 16 17 18 19 20 21 22 23 24 25 26 27 28 29 30 31 32 33 49 50 51 52 53 54 55 56 57 58 59 60 61
;
set A2:=
(54,*) 55
(55,*) 54
;
param BigM:=99999;
param n:= 7;
param d:=
1	24
2	9
3	15
4	2
5	19
6	10
7	20
8	3
9	23
10	19
11	2
12	5
13	12
14	15
15	13
16	18
17	16
18	7
19	6
20	2
21	2
22	18
23	9
24	19
25	3
26	14
27	19
28	22
29	13
30	10
31	18
32	5
33	9
34	17
35	17
36	16
37	8
38	12
39	23
40	4
41	20
42	2
43	23
44	9
45	8
46	2
47	4
48	36
49	23
50	4
51	13
52	21
53	6
;
param Q:=100;
param w:=
[54,*] 55 1
[55,*] 54 1
;
param V:=
[54,*] 55 100
[55,*] 54 100
;
param f:=
54	100
55	100
56	100
57	100
58	100
59	100
60	100
61	100
62	100
;
param e:
	54	55	56	57	58	59	60	61	62:=
34	1	0	0	0	0	0	1	0	1	
35	0	1	0	1	0	1	0	1	0	
36	1	0	1	0	1	0	1	0	1	
37	0	1	1	0	1	1	0	1	1	
38	0	1	0	1	0	1	0	1	0	
39	0	1	0	1	0	1	0	1	0	
40	1	0	1	0	1	0	1	0	1	
41	0	0	1	0	1	0	0	0	1	
42	1	0	0	0	0	0	1	0	0	
43	0	1	0	0	1	1	0	0	0	
44	0	0	1	0	1	0	0	0	1	
45	0	0	0	0	1	0	0	0	0	
46	1	0	1	0	1	0	1	0	1	
47	0	0	1	0	1	0	0	0	1	
48	0	1	1	0	1	1	0	0	0	
49	0	0	0	0	0	0	1	0	0	
50	1	0	1	0	1	0	1	0	1	
51	0	1	0	1	0	1	0	1	0	
52	0	1	1	0	1	1	0	0	1	
53	0	0	0	1	0	1	0	1	0	
;
param p:=
1	1
2	1
3	1
4	1
5	1
6	1
7	1
;
param G:=
54	100
55	90
56	99
57	90
58	77
59	95
60	91
61	91
62	89
;
param s:=
0	0
1	15
2	15
3	15
4	15
5	15
6	15
7	15
8	15
9	15
10	15
11	15
12	15
13	15
14	15
15	15
16	15
17	15
18	15
19	15
20	15
21	15
22	15
23	15
24	15
25	15
26	15
27	15
28	15
29	15
30	15
31	15
32	15
33	15
49	15
50	15
51	15
52	15
53	15
54	10
55	10
56	10
57	10
58	10
59	10
60	10
61	10
62	10
;
param t:
	0	1	2	3	4	5	6	7	8	9	10	11	12	13	14	15	16	17	18	19	20	21	22	23	24	25	26	27	28	29	30	31	32	33	34	35	36	37	38	39	40	41	42	43	44	45	46	47	48	49	50	51	52	53	54	55	56	57	58	59	60	61	62:=
0	0.0	53.67	68.12	88.81	27.86	36.06	31.62	82.39	58.24	19.7	87.66	25.61	24.41	71.02	54.04	64.4	22.36	34.0	12.17	96.66	37.74	31.05	70.11	37.2	95.41	48.08	62.77	6.0	60.53	98.41	35.38	39.45	62.61	11.66	10.0	88.59	38.83	63.15	71.22	62.48	33.53	60.17	28.07	89.82	67.05	86.58	29.12	68.35	80.62	93.15	51.61	80.0	78.03	51.88	32.76	91.71	46.87	74.4	55.08	61.77	26.91	57.31	41.0
1	53.67	0.0	68.12	53.81	38.05	38.63	30.07	37.58	40.79	43.86	70.68	29.12	29.73	84.59	90.55	62.13	38.21	19.7	61.61	75.47	46.82	67.2	29.73	26.68	82.46	77.82	79.62	48.37	93.04	89.2	22.0	29.73	82.46	54.04	44.94	72.5	18.87	38.63	68.47	64.0	21.26	12.81	46.17	58.0	16.49	40.5	25.61	16.0	46.69	42.0	8.49	73.76	39.7	74.0	41.77	72.07	15.13	84.1	22.14	54.33	30.27	66.61	25.0
2	68.12	68.12	0.0	48.17	81.63	36.72	77.82	60.03	28.28	49.52	26.31	68.0	66.24	21.26	50.99	6.0	76.55	63.91	62.77	36.22	31.24	46.17	51.26	79.85	29.12	38.05	22.36	63.66	46.82	30.53	72.8	84.31	26.83	57.2	69.43	26.08	53.85	33.53	4.0	5.66	57.58	60.3	87.66	44.41	65.12	63.81	57.27	69.05	44.05	77.9	74.67	12.65	49.4	28.07	88.32	31.4	53.34	17.89	47.1	14.14	72.47	13.15	45.35
3	88.81	53.81	48.17	0.0	86.76	54.0	79.65	20.88	32.25	70.11	29.73	73.54	72.8	69.31	95.71	44.41	84.31	64.4	90.0	28.0	56.57	82.0	24.08	78.23	40.79	81.44	70.0	82.87	93.3	49.03	71.69	82.1	74.4	82.02	84.4	31.62	53.85	26.0	45.25	48.83	60.17	41.04	94.85	6.0	40.0	22.09	63.25	43.27	8.25	36.06	62.29	43.27	14.14	72.47	92.18	27.46	46.96	65.12	36.25	38.47	76.97	57.45	48.51
4	27.86	38.05	81.63	86.76	0.0	44.94	8.0	74.22	62.29	34.93	94.76	14.14	15.62	90.44	80.4	76.55	6.0	22.36	39.85	102.18	50.99	56.04	63.91	12.65	104.8	72.11	82.97	26.31	86.02	109.64	16.12	12.81	83.95	36.22	18.44	96.17	33.29	64.4	83.76	76.16	27.2	49.03	8.25	89.55	54.33	77.67	25.46	54.04	78.71	80.02	32.25	91.61	73.54	73.35	6.71	97.74	39.81	92.48	50.54	71.22	10.0	73.93	40.46
5	36.06	38.63	36.72	54.0	44.94	0.0	41.23	52.0	22.36	16.49	52.15	31.3	29.53	48.17	52.8	31.62	40.0	28.28	36.0	60.83	8.25	31.62	39.4	43.68	60.96	39.45	42.05	30.46	54.59	65.12	36.88	48.08	44.41	28.07	34.41	53.25	20.4	28.0	38.83	31.3	22.09	36.88	51.22	54.33	43.86	56.46	20.88	46.86	46.04	66.57	42.76	46.86	45.12	35.44	51.62	55.95	24.19	49.03	25.81	26.91	35.78	30.41	13.89
6	31.62	30.07	77.82	79.65	8.0	41.23	0.0	66.48	56.64	34.0	89.2	10.2	12.17	88.29	81.58	72.47	10.0	15.62	42.94	96.21	48.08	56.89	56.46	5.66	99.64	72.11	81.22	28.64	86.58	104.86	8.25	8.25	82.61	37.95	21.63	90.69	26.91	58.14	79.65	72.5	21.26	41.23	16.12	82.68	46.39	69.86	20.59	46.04	71.69	72.03	24.33	87.13	66.21	72.25	12.53	91.92	32.76	89.84	43.57	66.57	6.0	71.17	34.71
7	82.39	37.58	60.03	20.88	74.22	52.0	66.48	0.0	35.38	65.97	48.17	62.51	62.29	80.99	101.21	54.92	72.99	52.61	86.35	48.37	57.31	83.19	12.65	63.91	60.03	86.83	79.65	76.42	100.5	68.12	58.24	67.23	83.74	78.1	76.0	50.16	44.0	28.28	58.14	58.82	50.04	25.3	82.46	26.68	21.63	4.47	54.0	24.08	18.11	17.89	45.65	58.82	10.77	79.25	78.75	47.01	36.01	77.9	27.46	47.2	65.12	65.95	41.77
8	58.24	40.79	28.28	32.25	62.29	22.36	56.64	35.38	0.0	38.83	32.56	48.17	46.86	47.54	66.03	22.36	58.41	41.23	58.14	40.0	24.33	50.0	24.41	57.2	43.27	51.61	44.94	52.5	65.12	49.19	50.0	61.61	48.83	50.36	55.46	34.06	30.0	7.21	28.0	25.3	35.38	32.06	69.66	32.06	36.88	39.7	36.88	40.79	24.74	52.5	48.08	32.98	26.08	43.86	68.59	35.47	26.93	45.61	19.03	14.14	52.35	31.06	21.93
9	19.7	43.86	49.52	70.11	34.93	16.49	34.0	65.97	38.83	0.0	68.0	24.08	22.09	55.71	48.7	45.34	29.12	26.83	20.4	76.97	18.44	24.17	53.37	38.21	76.03	38.21	48.08	14.42	52.95	79.4	32.98	42.05	49.03	12.17	20.0	68.96	25.61	44.18	52.35	43.86	22.8	46.65	39.4	70.71	53.85	70.34	18.87	56.04	62.03	78.79	44.94	60.96	60.3	38.47	41.48	72.01	32.76	58.14	38.6	42.19	28.0	39.96	24.35
10	87.66	70.68	26.31	29.73	94.76	52.15	89.2	48.17	32.56	68.0	0.0	80.62	79.25	44.72	77.28	26.08	90.69	73.76	84.76	10.0	50.16	70.71	44.72	89.64	12.17	64.28	48.08	82.37	72.8	20.0	82.46	94.02	52.5	78.0	86.53	2.0	62.48	32.25	22.36	30.0	67.94	59.46	101.98	24.17	61.61	50.64	69.31	65.51	30.07	65.12	78.71	16.12	38.0	54.33	101.12	5.1	58.52	39.45	48.76	26.0	84.85	39.05	54.49
11	25.61	29.12	68.0	73.54	14.14	31.3	10.2	62.51	48.17	24.08	80.62	0.0	2.0	78.1	72.28	62.77	10.77	10.0	35.61	88.09	37.95	47.54	51.42	14.14	90.69	62.29	71.02	21.26	76.94	95.6	10.0	18.0	72.44	29.53	16.12	82.02	19.7	50.48	69.97	62.61	13.42	38.0	21.63	76.03	44.18	66.27	11.31	44.72	65.39	70.46	26.08	77.67	60.73	62.13	20.62	83.63	26.93	79.7	37.34	57.2	4.47	61.03	26.4
12	24.41	29.73	66.24	72.8	15.62	29.53	12.17	62.29	46.86	22.09	79.25	2.0	0.0	76.16	70.34	61.06	11.66	10.2	34.06	86.83	36.06	45.61	50.99	16.12	89.2	60.3	69.05	19.8	74.97	94.02	11.66	20.0	70.46	27.78	15.23	80.62	18.97	49.4	68.26	60.83	12.65	38.05	22.8	75.15	44.41	66.12	10.0	45.12	64.62	70.71	27.2	76.03	60.17	60.13	22.2	82.33	26.48	77.79	36.69	55.61	6.32	59.14	25.24
13	71.02	84.59	21.26	69.31	90.44	48.17	88.29	80.99	47.54	55.71	44.72	78.1	76.16	0.0	36.5	26.08	84.76	76.42	62.48	53.85	40.45	42.43	71.55	91.41	42.76	27.78	8.49	68.0	30.0	40.0	84.85	95.71	10.77	59.36	75.15	43.86	68.0	53.67	24.08	22.36	70.26	78.59	95.08	65.3	84.12	84.88	68.73	87.93	65.3	98.79	90.09	28.64	70.46	19.8	97.08	49.66	69.46	6.0	65.25	34.0	82.46	18.03	60.07
14	54.04	90.55	50.99	95.71	80.4	52.8	81.58	101.21	66.03	48.7	77.28	72.28	70.34	36.5	0.0	52.5	74.43	75.39	42.19	87.13	45.34	24.74	89.38	86.35	78.03	14.42	30.0	54.15	8.49	76.24	81.61	89.82	26.08	44.18	62.13	76.94	71.69	73.24	54.92	48.08	70.68	89.64	82.0	93.23	96.54	105.6	67.23	99.64	89.55	117.59	93.04	62.29	92.09	23.41	86.15	82.38	76.84	42.43	77.83	57.27	75.71	38.9	66.61
15	64.4	62.13	6.0	44.41	76.55	31.62	72.47	54.92	22.36	45.34	26.08	62.77	61.06	26.08	52.5	0.0	71.61	58.31	59.93	36.06	26.91	44.72	45.69	74.32	31.3	38.83	25.61	59.67	49.19	34.06	67.23	78.79	30.0	53.85	65.05	26.31	48.08	27.86	7.21	4.47	52.0	54.33	82.8	41.18	59.23	58.82	51.88	63.15	39.6	72.72	68.73	15.62	44.41	29.12	83.22	31.02	47.38	23.41	41.11	8.25	67.23	13.6	39.56
16	22.36	38.21	76.55	84.31	6.0	40.0	10.0	72.99	58.41	29.12	90.69	10.77	11.66	84.76	74.43	71.61	0.0	20.4	34.18	98.41	45.65	50.04	62.1	15.62	100.42	66.12	77.2	20.4	80.02	105.0	16.49	17.2	78.1	30.27	12.65	92.02	30.46	61.06	78.82	71.02	24.17	48.17	11.31	86.76	54.0	76.66	21.63	54.15	76.16	80.1	33.53	86.83	71.47	67.47	12.37	93.86	37.64	86.93	48.1	66.6	8.0	68.45	36.89
17	34.0	19.7	63.91	64.4	22.36	28.28	15.62	52.61	41.23	26.83	73.76	10.0	10.2	76.42	75.39	58.31	20.4	0.0	42.52	80.62	36.06	50.99	41.76	16.12	84.4	64.03	70.03	28.84	79.12	89.89	8.94	20.59	72.03	35.38	25.3	75.29	11.31	42.52	65.39	58.82	6.32	28.0	30.46	67.23	34.23	56.32	8.25	34.93	56.36	60.53	18.44	72.47	51.26	62.29	28.02	76.38	17.46	77.28	28.18	51.88	12.65	58.69	19.42
18	12.17	61.61	62.77	90.0	39.85	36.0	42.94	86.35	58.14	20.4	84.76	35.61	34.06	62.48	42.19	59.93	34.18	42.52	0.0	94.25	34.93	20.59	73.76	48.37	91.24	37.58	54.04	14.42	49.03	93.3	45.61	50.99	53.25	8.25	21.54	85.44	44.72	64.0	66.24	57.31	40.5	66.21	40.2	90.2	73.35	90.71	36.06	75.18	82.02	98.79	60.83	75.18	80.62	42.8	44.91	89.19	52.39	66.48	58.94	58.82	37.74	50.8	44.64
19	96.66	75.47	36.22	28.0	102.18	60.83	96.21	48.37	40.0	76.97	10.0	88.09	86.83	53.85	87.13	36.06	98.41	80.62	94.25	0.0	59.46	80.62	47.54	96.21	14.42	74.24	57.72	91.24	82.46	22.36	89.11	100.5	62.1	87.32	95.02	10.2	69.31	38.21	32.25	40.0	75.07	63.53	109.64	22.0	64.62	50.04	76.84	68.35	31.05	64.03	83.76	25.3	39.29	64.28	108.37	5.1	64.54	48.33	54.2	35.44	92.2	49.04	61.72
20	37.74	46.82	31.24	56.57	50.99	8.25	48.08	57.31	24.33	18.44	50.16	37.95	36.06	40.45	45.34	26.91	45.65	36.06	34.93	59.46	0.0	26.0	44.94	50.99	57.69	31.62	34.0	32.8	46.65	60.96	44.41	55.32	36.22	27.86	38.21	50.99	28.64	31.05	33.94	25.61	30.0	44.41	56.6	56.04	51.22	61.77	28.28	54.41	49.03	72.8	50.99	42.52	49.4	27.2	57.7	54.42	32.2	41.76	32.53	24.17	42.38	23.09	21.93
21	31.05	67.2	46.17	82.0	56.04	31.62	56.89	83.19	50.0	24.17	70.71	47.54	45.61	42.43	24.74	44.72	50.04	50.99	20.59	80.62	26.0	0.0	70.71	61.61	75.29	17.09	33.94	30.07	30.0	76.16	56.92	65.12	32.8	20.1	38.05	71.02	48.41	56.92	50.0	41.23	46.65	67.94	58.31	80.89	75.07	87.66	42.94	77.79	74.73	98.18	68.96	58.82	75.39	22.63	62.01	75.54	54.45	46.86	57.43	46.0	50.99	33.24	44.6
22	70.11	29.73	51.26	24.08	63.91	39.4	56.46	12.65	24.41	53.37	44.72	51.42	50.99	71.55	89.38	45.69	62.1	41.76	73.76	47.54	44.94	70.71	0.0	54.59	56.89	75.07	69.34	64.12	89.11	64.5	48.33	58.31	73.24	65.51	64.12	46.69	32.25	17.89	50.0	49.19	38.47	16.97	72.11	28.43	17.09	17.09	42.19	20.88	17.2	28.28	38.21	52.35	10.0	67.94	68.94	44.92	24.52	69.08	15.03	37.58	54.41	55.47	29.27
23	37.2	26.68	79.85	78.23	12.65	43.68	5.66	63.91	57.2	38.21	89.64	14.14	16.12	91.41	86.35	74.32	15.62	16.12	48.37	96.21	50.99	61.61	54.59	0.0	100.44	76.42	84.59	34.0	91.08	106.0	7.21	4.47	86.21	43.08	27.2	91.21	27.2	58.0	81.44	74.67	22.36	38.63	20.1	81.61	43.17	67.05	22.8	42.43	70.46	68.26	20.0	88.59	64.5	76.03	15.13	92.1	31.89	92.65	42.64	68.0	10.77	73.98	35.51
24	95.41	82.46	29.12	40.79	104.8	60.96	99.64	60.03	43.27	76.03	12.17	90.69	89.2	42.76	78.03	31.3	100.42	84.4	91.24	14.42	57.69	75.29	56.89	100.44	0.0	66.27	48.04	90.44	72.44	8.25	93.23	104.86	52.15	85.09	95.27	10.2	73.24	43.86	25.3	34.18	78.41	71.47	111.73	34.93	73.76	62.29	79.4	77.67	42.0	76.66	90.38	16.49	50.04	56.32	111.29	13.34	69.84	36.88	60.42	34.06	95.02	42.2	65.0
25	48.08	77.82	38.05	81.44	72.11	39.45	72.11	86.83	51.61	38.21	64.28	62.29	60.3	27.78	14.42	38.83	66.12	64.03	37.58	74.24	31.62	17.09	75.07	76.42	66.27	0.0	19.7	46.69	15.23	65.51	71.02	80.22	17.2	36.88	54.59	64.12	59.09	58.82	42.05	34.53	58.82	76.03	74.97	79.12	82.8	91.21	55.79	86.02	75.18	103.32	80.99	50.04	77.67	10.0	78.31	69.35	63.63	33.11	63.89	43.08	66.12	25.32	53.34
26	62.77	79.62	22.36	70.0	82.97	42.05	81.22	79.65	44.94	48.08	48.08	71.02	69.05	8.49	30.0	25.61	77.2	70.03	54.04	57.72	34.0	33.94	69.34	84.59	48.04	19.7	0.0	59.93	24.74	46.39	78.23	88.81	4.47	51.11	67.23	47.54	62.29	51.61	26.0	21.26	64.0	74.67	87.32	66.57	80.62	83.74	62.13	84.31	65.12	97.2	84.59	32.56	69.43	11.31	89.56	53.16	64.54	13.42	61.47	32.56	75.31	13.89	54.74
27	6.0	48.37	63.66	82.87	26.31	30.46	28.64	76.42	52.5	14.42	82.37	21.26	19.8	68.0	54.15	59.67	20.4	28.84	14.42	91.24	32.8	30.07	64.12	34.0	90.44	46.69	59.93	0.0	60.03	93.72	31.24	36.77	60.17	10.0	8.0	83.35	32.98	57.27	66.6	58.0	27.86	54.41	28.28	83.95	61.35	80.62	23.41	62.77	74.67	87.36	46.86	75.29	72.03	49.4	32.02	86.31	41.0	71.02	49.09	56.6	23.32	53.41	35.0
28	60.53	93.04	46.82	93.3	86.02	54.59	86.58	100.5	65.12	52.95	72.8	76.94	74.97	30.0	8.49	49.19	80.02	79.12	49.03	82.46	46.65	30.0	89.11	91.08	72.44	15.23	24.74	60.03	0.0	70.0	85.91	94.76	20.4	50.04	68.03	72.28	74.32	72.25	50.6	44.72	74.0	90.97	88.2	90.35	97.65	104.8	70.88	100.96	87.66	117.39	96.21	57.27	90.91	21.26	92.01	77.88	78.77	36.0	78.6	54.92	80.62	35.85	68.48
29	98.41	89.2	30.53	49.03	109.64	65.12	104.86	68.12	49.19	79.4	20.0	95.6	94.02	40.0	76.24	34.06	105.0	89.89	93.3	22.36	60.96	76.16	64.5	106.0	8.25	65.51	46.39	93.72	70.0	0.0	98.79	110.45	50.16	87.66	99.04	18.0	78.89	50.6	27.2	36.06	83.76	78.59	116.28	43.17	81.22	70.46	84.4	85.16	50.04	84.85	96.93	18.44	58.0	55.79	116.21	21.59	76.06	34.0	67.07	38.42	100.0	42.95	70.49
30	35.38	22.0	72.8	71.69	16.12	36.88	8.25	58.24	50.0	32.98	82.46	10.0	11.66	84.85	81.61	67.23	16.49	8.94	45.61	89.11	44.41	56.92	48.33	7.21	93.23	71.02	78.23	31.24	85.91	98.79	0.0	11.66	80.02	39.45	25.61	84.02	20.0	50.91	74.32	67.68	15.23	32.98	24.33	74.89	38.21	61.61	16.12	38.0	63.81	64.0	17.09	81.41	58.14	70.03	20.62	84.96	25.0	85.91	35.81	60.83	8.94	67.27	28.3
31	39.45	29.73	84.31	82.1	12.81	48.08	8.25	67.23	61.61	42.05	94.02	18.0	20.0	95.71	89.82	78.79	17.2	20.59	50.99	100.5	55.32	65.12	58.31	4.47	104.86	80.22	88.81	36.77	94.76	110.45	11.66	0.0	90.35	46.17	29.53	95.6	31.62	62.29	85.91	79.12	26.83	42.05	18.97	85.6	46.17	70.23	27.2	45.12	74.4	70.71	22.36	93.06	68.26	80.1	13.15	96.43	36.07	97.02	46.75	72.47	14.14	78.34	39.96
32	62.61	82.46	26.83	74.4	83.95	44.41	82.61	83.74	48.83	49.03	52.5	72.44	70.46	10.77	26.08	30.0	78.1	72.03	53.25	62.1	36.22	32.8	73.24	86.21	52.15	17.2	4.47	60.17	20.4	50.16	80.02	90.35	0.0	50.99	67.68	51.92	64.78	55.61	30.46	25.61	66.12	78.0	87.93	71.02	84.1	87.86	64.0	87.73	69.43	101.21	87.13	36.88	73.59	10.77	90.47	57.57	67.45	16.49	64.88	36.77	76.66	17.8	57.49
33	11.66	54.04	57.2	82.02	36.22	28.07	37.95	78.1	50.36	12.17	78.0	29.53	27.78	59.36	44.18	53.85	30.27	35.38	8.25	87.32	27.86	20.1	65.51	43.08	85.09	36.88	51.11	10.0	50.04	87.66	39.45	46.17	50.99	0.0	18.0	78.79	36.72	56.04	60.46	51.61	32.8	58.14	38.21	82.39	65.3	82.46	28.43	67.23	74.0	90.62	53.81	69.34	72.44	40.25	42.01	82.28	44.28	62.8	50.7	52.0	32.31	45.97	36.4
34	10.0	44.94	69.43	84.4	18.44	34.41	21.63	76.0	55.46	20.0	86.53	16.12	15.23	75.15	62.13	65.05	12.65	25.3	21.54	95.02	38.21	38.05	64.12	27.2	95.27	54.59	67.23	8.0	68.03	99.04	25.61	29.53	67.68	18.0	0.0	87.66	32.0	59.46	72.14	63.78	26.08	52.61	20.4	86.02	59.23	80.02	22.0	60.17	76.16	85.51	42.19	80.62	72.69	56.92	24.02	90.21	40.01	77.9	49.25	61.22	16.97	59.91	35.9
35	88.59	72.5	26.08	31.62	96.17	53.25	90.69	50.16	34.06	68.96	2.0	82.02	80.62	43.86	76.94	26.31	92.02	75.29	85.44	10.2	50.99	71.02	46.69	91.21	10.2	64.12	47.54	83.35	72.28	18.0	84.02	95.6	51.92	78.79	87.66	0.0	64.03	34.0	22.09	30.07	69.43	61.35	103.32	26.0	63.56	52.61	70.71	67.47	32.06	67.08	80.5	15.23	40.0	54.15	102.55	5.83	60.21	38.47	50.54	26.83	86.28	39.0	55.97
36	38.83	18.87	53.85	53.85	33.29	20.4	26.91	44.0	30.0	25.61	62.48	19.7	18.97	68.0	71.69	48.08	30.46	11.31	44.72	69.31	28.64	48.41	32.25	27.2	73.24	59.09	62.29	32.98	74.32	78.89	20.0	31.62	64.78	36.72	32.0	64.03	0.0	31.24	55.03	49.03	6.32	21.54	41.18	56.36	28.64	48.04	10.0	30.53	45.69	54.41	22.36	61.74	41.23	55.79	39.2	65.07	8.06	68.26	17.72	41.23	23.32	50.01	8.54
37	63.15	38.63	33.53	26.0	64.4	28.0	58.14	28.28	7.21	44.18	32.25	50.48	49.4	53.67	73.24	27.86	61.06	42.52	64.0	38.21	31.05	56.92	17.89	58.0	43.86	58.82	51.61	57.27	72.25	50.6	50.91	62.29	55.61	56.04	59.46	34.0	31.24	0.0	32.56	31.3	37.2	28.28	72.11	26.68	32.06	32.56	39.45	36.06	18.11	45.61	46.52	36.06	18.87	50.99	70.43	34.21	26.4	51.26	16.55	19.7	54.41	37.8	24.19
38	71.22	68.47	4.0	45.25	83.76	38.83	79.65	58.14	28.0	52.35	22.36	69.97	68.26	24.08	54.92	7.21	78.82	65.39	66.24	32.25	33.94	50.0	50.0	81.44	25.3	42.05	26.0	66.6	50.6	27.2	74.32	85.91	30.46	60.46	72.14	22.09	55.03	32.56	0.0	8.94	59.09	60.03	90.0	41.23	64.5	61.77	59.06	68.47	41.62	76.03	75.31	8.94	47.41	32.06	90.43	27.46	53.94	20.0	47.01	14.14	74.43	17.12	46.49
39	62.48	64.0	5.66	48.83	76.16	31.3	72.5	58.82	25.3	43.86	30.0	62.61	60.83	22.36	48.08	4.47	71.02	58.82	57.31	40.0	25.61	41.23	49.19	74.67	34.18	34.53	21.26	58.0	44.72	36.06	67.68	79.12	25.61	51.61	63.78	30.07	49.03	31.3	8.94	0.0	52.5	56.89	82.1	45.65	62.1	62.8	52.0	65.97	43.86	76.55	70.26	17.89	48.41	24.74	82.86	35.01	49.04	20.4	43.57	11.66	67.08	9.22	40.61
40	33.53	21.26	57.58	60.17	27.2	22.09	21.26	50.04	35.38	22.8	67.94	13.42	12.65	70.26	70.68	52.0	24.17	6.32	40.5	75.07	30.0	46.65	38.47	22.36	78.41	58.82	64.0	27.86	74.0	83.76	15.23	26.83	66.12	32.8	26.08	69.43	6.32	37.2	59.09	52.5	0.0	26.68	34.99	62.61	33.53	54.0	4.47	34.93	52.0	59.67	22.36	66.24	47.54	56.57	33.3	70.72	14.04	71.02	24.04	45.65	17.2	52.47	13.45
41	60.17	12.81	60.3	41.04	49.03	36.88	41.23	25.3	32.06	46.65	59.46	38.0	38.05	78.59	89.64	54.33	48.17	28.0	66.21	63.53	44.41	67.94	16.97	38.63	71.47	76.03	74.67	54.41	90.97	78.59	32.98	42.05	78.0	58.14	52.61	61.35	21.54	28.28	60.03	56.89	26.68	0.0	57.27	45.34	7.21	28.64	31.05	10.0	34.06	32.98	21.26	64.28	26.91	70.71	53.45	60.42	13.89	77.28	13.34	46.17	40.2	61.03	23.35
42	28.07	46.17	87.66	94.85	8.25	51.22	16.12	82.46	69.66	39.4	101.98	21.63	22.8	95.08	82.0	82.8	11.31	30.46	40.2	109.64	56.6	58.31	72.11	20.1	111.73	74.97	87.32	28.28	88.2	116.28	24.33	18.97	87.93	38.21	20.4	103.32	41.18	72.11	90.0	82.1	34.99	57.27	0.0	97.53	62.51	85.91	32.8	62.13	86.76	88.09	40.05	98.08	81.71	77.2	6.4	105.12	47.93	97.51	58.6	77.9	17.89	79.18	48.01
43	89.82	58.0	44.41	6.0	89.55	54.33	82.68	26.68	32.06	70.71	24.17	76.03	75.15	65.3	93.23	41.18	86.76	67.23	90.2	22.0	56.04	80.89	28.43	81.61	34.93	79.12	66.57	83.95	90.35	43.17	74.89	85.6	71.02	82.39	86.02	26.0	56.36	26.68	41.23	45.65	62.61	45.34	97.53	0.0	44.94	28.07	65.39	48.37	11.31	42.05	66.48	38.42	18.87	69.86	95.19	21.59	49.93	60.83	39.12	36.06	79.65	54.56	50.33
44	67.05	16.49	65.12	40.0	54.33	43.86	46.39	21.63	36.88	53.85	61.61	44.18	44.41	84.12	96.54	59.23	54.0	34.23	73.35	64.62	51.22	75.07	17.09	43.17	73.76	82.8	80.62	61.35	97.65	81.22	38.21	46.17	84.1	65.3	59.23	63.56	28.64	32.06	64.5	62.1	33.53	7.21	62.51	44.94	0.0	24.17	37.95	4.0	34.0	26.31	24.17	68.0	26.08	77.18	58.25	61.98	21.1	82.46	19.24	50.99	46.0	66.85	30.48
45	86.58	40.5	63.81	22.09	77.67	56.46	69.86	4.47	39.7	70.34	50.64	66.27	66.12	84.88	105.6	58.82	76.66	56.32	90.71	50.04	61.77	87.66	17.09	67.05	62.29	91.21	83.74	80.62	104.8	70.46	61.61	70.23	87.86	82.46	80.02	52.61	48.04	32.56	61.77	62.8	54.0	28.64	85.91	28.07	24.17	0.0	58.03	26.08	20.88	14.56	48.33	62.03	14.42	83.55	82.01	49.09	40.01	81.63	31.78	51.22	68.73	70.09	46.1
46	29.12	25.61	57.27	63.25	25.46	20.88	20.59	54.0	36.88	18.87	69.31	11.31	10.0	68.73	67.23	51.88	21.63	8.25	36.06	76.84	28.28	42.94	42.19	22.8	79.4	55.79	62.13	23.41	70.88	84.4	16.12	27.2	64.0	28.43	22.0	70.71	10.0	39.45	59.06	52.0	4.47	31.05	32.8	65.39	37.95	58.03	0.0	39.4	55.03	64.03	26.08	66.57	50.99	54.15	31.89	72.35	18.03	69.86	27.46	46.04	15.62	51.2	15.26
47	68.35	16.0	69.05	43.27	54.04	46.86	46.04	24.08	40.79	56.04	65.51	44.72	45.12	87.93	99.64	63.15	54.15	34.93	75.18	68.35	54.41	77.79	20.88	42.43	77.67	86.02	84.31	62.77	100.96	85.16	38.0	45.12	87.73	67.23	60.17	67.47	30.53	36.06	68.47	65.97	34.93	10.0	62.13	48.37	4.0	26.08	39.4	0.0	37.58	26.0	22.8	72.0	29.53	80.62	57.56	65.8	23.43	86.35	22.85	54.92	46.17	70.58	33.24
48	80.62	46.69	44.05	8.25	78.71	46.04	71.69	18.11	24.74	62.03	30.07	65.39	64.62	65.3	89.55	39.6	76.16	56.36	82.02	31.05	49.03	74.73	17.2	70.46	42.0	75.18	65.12	74.67	87.66	50.04	63.81	74.4	69.43	74.0	76.16	32.06	45.69	18.11	41.62	43.86	52.0	34.06	86.76	11.31	34.0	20.88	55.03	37.58	0.0	35.44	55.17	41.23	8.25	66.57	84.22	29.15	38.95	61.61	28.18	32.8	68.88	52.01	40.26
49	93.15	42.0	77.9	36.06	80.02	66.57	72.03	17.89	52.5	78.79	65.12	70.46	70.71	98.79	117.59	72.72	80.1	60.53	98.79	64.03	72.8	98.18	28.28	68.26	76.66	103.32	97.2	87.36	117.39	84.85	64.0	70.71	101.21	90.62	85.51	67.08	54.41	45.61	76.03	76.55	59.67	32.98	88.09	42.05	26.31	14.56	64.03	26.0	35.44	0.0	48.37	76.55	28.64	96.21	83.38	63.39	46.49	95.77	40.82	64.9	72.11	83.41	54.56
50	51.61	8.49	74.67	62.29	32.25	42.76	24.33	45.65	48.08	44.94	78.71	26.08	27.2	90.09	93.04	68.73	33.53	18.44	60.83	83.76	50.99	68.96	38.21	20.0	90.38	80.99	84.59	46.86	96.21	96.93	17.09	22.36	87.13	53.81	42.19	80.5	22.36	46.52	75.31	70.26	22.36	21.26	40.05	66.48	24.17	48.33	26.08	22.8	55.17	48.37	0.0	81.04	48.17	78.1	35.06	80.26	21.38	90.02	29.97	61.19	26.0	72.06	30.02
51	80.0	73.76	12.65	43.27	91.61	46.86	87.13	58.82	32.98	60.96	16.12	77.67	76.03	28.64	62.29	15.62	86.83	72.47	75.18	25.3	42.52	58.82	52.35	88.59	16.49	50.04	32.56	75.29	57.27	18.44	81.41	93.06	36.88	69.34	80.62	15.23	61.74	36.06	8.94	17.89	66.24	64.28	98.08	38.42	68.0	62.03	66.57	72.0	41.23	76.55	81.04	0.0	48.08	40.05	98.23	21.02	59.77	23.32	51.79	20.59	82.1	25.71	53.23
52	78.03	39.7	49.4	14.14	73.54	45.12	66.21	10.77	26.08	60.3	38.0	60.73	60.17	70.46	92.09	44.41	71.47	51.26	80.62	39.29	49.4	75.39	10.0	64.5	50.04	77.67	69.43	72.03	90.91	58.0	58.14	68.26	73.59	72.44	72.69	40.0	41.23	18.87	47.41	48.41	47.54	26.91	81.71	18.87	26.08	14.42	50.99	29.53	8.25	28.64	48.17	48.08	0.0	69.66	78.72	37.34	33.84	67.23	23.54	36.88	63.91	55.87	37.05
53	51.88	74.0	28.07	72.47	73.35	35.44	72.25	79.25	43.86	38.47	54.33	62.13	60.13	19.8	23.41	29.12	67.47	62.29	42.8	64.28	27.2	22.63	67.94	76.03	56.32	10.0	11.31	49.4	21.26	55.79	70.03	80.1	10.77	40.25	56.92	54.15	55.79	50.99	32.06	24.74	56.57	70.71	77.2	69.86	77.18	83.55	54.15	80.62	66.57	96.21	78.1	40.05	69.66	0.0	79.83	59.41	59.24	24.41	57.98	34.0	66.27	15.52	49.04
54	32.76	41.77	88.32	92.18	6.71	51.62	12.53	78.75	68.59	41.48	101.12	20.62	22.2	97.08	86.15	83.22	12.37	28.02	44.91	108.37	57.7	62.01	68.94	15.13	111.29	78.31	89.56	32.02	92.01	116.21	20.62	13.15	90.47	42.01	24.02	102.55	39.2	70.43	90.43	82.86	33.3	53.45	6.4	95.19	58.25	82.01	31.89	57.56	84.22	83.38	35.06	98.23	78.72	79.83	0.0	104.0	45.28	99.16	56.08	77.8	16.28	80.62	46.69
55	91.71	72.07	31.4	27.46	97.74	55.95	91.92	47.01	35.47	72.01	5.1	83.63	82.33	49.66	82.38	31.02	93.86	76.38	89.19	5.1	54.42	75.54	44.92	92.1	13.34	69.35	53.16	86.31	77.88	21.59	84.96	96.43	57.57	82.28	90.21	5.83	65.07	34.21	27.46	35.01	70.72	60.42	105.12	21.59	61.98	49.09	72.35	65.8	29.15	63.39	80.26	21.02	37.34	59.41	104.0	0.0	60.61	44.29	50.48	30.36	87.78	44.1	57.31
56	46.87	15.13	53.34	46.96	39.81	24.19	32.76	36.01	26.93	32.76	58.52	26.93	26.48	69.46	76.84	47.38	37.64	17.46	52.39	64.54	32.2	54.45	24.52	31.89	69.84	63.63	64.54	41.0	78.77	76.06	25.0	36.07	67.45	44.28	40.01	60.21	8.06	26.4	53.94	49.04	14.04	13.89	47.93	49.93	21.1	40.01	18.03	23.43	38.95	46.49	21.38	59.77	33.84	59.24	45.28	60.61	0.0	69.03	10.82	39.81	30.08	51.48	10.3
57	74.4	84.1	17.89	65.12	92.48	49.03	89.84	77.9	45.61	58.14	39.45	79.7	77.79	6.0	42.43	23.41	86.93	77.28	66.48	48.33	41.76	46.86	69.08	92.65	36.88	33.11	13.42	71.02	36.0	34.0	85.91	97.02	16.49	62.8	77.9	38.47	68.26	51.26	20.0	20.4	71.02	77.28	97.51	60.83	82.46	81.63	69.86	86.35	61.61	95.77	90.02	23.32	67.23	24.41	99.16	44.29	69.03	0.0	63.95	31.62	84.12	18.68	60.07
58	55.08	22.14	47.1	36.25	50.54	25.81	43.57	27.46	19.03	38.6	48.76	37.34	36.69	65.25	77.83	41.11	48.1	28.18	58.94	54.2	32.53	57.43	15.03	42.64	60.42	63.89	61.47	49.09	78.6	67.07	35.81	46.75	64.88	50.7	49.25	50.54	17.72	16.55	47.01	43.57	24.04	13.34	58.6	39.12	19.24	31.78	27.46	22.85	28.18	40.82	29.97	51.79	23.54	57.98	56.08	50.48	10.82	63.95	0.0	33.02	40.72	47.76	14.32
59	61.77	54.33	14.14	38.47	71.22	26.91	66.57	47.2	14.14	42.19	26.0	57.2	55.61	34.0	57.27	8.25	66.6	51.88	58.82	35.44	24.17	46.0	37.58	68.0	34.06	43.08	32.56	56.6	54.92	38.42	60.83	72.47	36.77	52.0	61.22	26.83	41.23	19.7	14.14	11.66	45.65	46.17	77.9	36.06	50.99	51.22	46.04	54.92	32.8	64.9	61.19	20.59	36.88	34.0	77.8	30.36	39.81	31.62	33.02	0.0	61.61	19.21	32.7
60	26.91	30.27	72.47	76.97	10.0	35.78	6.0	65.12	52.35	28.0	84.85	4.47	6.32	82.46	75.71	67.23	8.0	12.65	37.74	92.2	42.38	50.99	54.41	10.77	95.02	66.12	75.31	23.32	80.62	100.0	8.94	14.14	76.66	32.31	16.97	86.28	23.32	54.41	74.43	67.08	17.2	40.2	17.89	79.65	46.0	68.73	15.62	46.17	68.88	72.11	26.0	82.1	63.91	66.27	16.28	87.78	30.08	84.12	40.72	61.61	0.0	65.46	30.48
61	57.31	66.61	13.15	57.45	73.93	30.41	71.17	65.95	31.06	39.96	39.05	61.03	59.14	18.03	38.9	13.6	68.45	58.69	50.8	49.04	23.09	33.24	55.47	73.98	42.2	25.32	13.89	53.41	35.85	42.95	67.27	78.34	17.8	45.97	59.91	39.0	50.01	37.8	17.12	9.22	52.47	61.03	79.18	54.56	66.85	70.09	51.2	70.58	52.01	83.41	72.06	25.71	55.87	15.52	80.62	44.1	51.48	18.68	47.76	19.21	65.46	0.0	42.05
62	41.0	25.0	45.35	48.51	40.46	13.89	34.71	41.77	21.93	24.35	54.49	26.4	25.24	60.07	66.61	39.56	36.89	19.42	44.64	61.72	21.93	44.6	29.27	35.51	65.0	53.34	54.74	35.0	68.48	70.49	28.3	39.96	57.49	36.4	35.9	55.97	8.54	24.19	46.49	40.61	13.45	23.35	48.01	50.33	30.48	46.1	15.26	33.24	40.26	54.56	30.02	53.23	37.05	49.04	46.69	57.31	10.3	60.07	14.32	32.7	30.48	42.05	0.0
;
