vehicles
vehicle_idx, capacity, cost_per_unit_distance
1,100,1
2,100,1
3,100,1
4,100,1
5,100,1
6,100,1
7,100,1
8,100,1
9,100,1
depot
node_idx,x,y
0,36,64
home delivery customers
node_idx,x,y,service_time,demand
1,94,47,15,3
2,10,23,15,12
3,16,46,15,25
4,25,79,15,4
5,41,30,15,11
6,14,79,15,21
7,21,14,15,14
8,41,46,15,16
9,65,96,15,17
10,13,49,15,11
11,57,2,15,6
12,58,96,15,11
13,41,50,15,22
14,50,99,15,10
15,11,54,15,19
16,60,97,15,15
17,58,68,15,7
18,30,93,15,11
19,9,60,15,15
20,47,44,15,22
21,15,40,15,24
22,88,21,15,25
23,33,58,15,2
24,21,51,15,15
25,81,6,15,13
26,51,78,15,20
27,95,76,15,10
28,89,44,15,66
29,69,16,15,7
30,75,66,15,12
31,74,69,15,5
32,1,14,15,18
33,96,91,15,7
self pickup customers
node_idx,x,y,service_time,demand,locker_idxs
34,81,45,15,20,60-55-64-66-67
35,42,56,15,10,63-57-56-65-62-59
36,90,17,15,20,55-67-61-64
37,14,42,15,7,58-62-59-65
38,5,51,15,17,56-65-59-58-62
39,84,85,15,19,66-60-63-57
40,97,90,15,21,60-66-63-57
41,47,76,15,23,66-60-63-57-56-59-65-62
42,60,89,15,22,56-66-60-63-57
43,19,40,15,12,58-62-65-59
44,57,7,15,18,55-58-64-61
45,49,6,15,3,61-58-64
46,9,62,15,14,56-59-65-62
47,10,49,15,10,58-62-59-65-56
48,97,11,15,24,55-67-61-64
49,74,92,15,12,66-60-63-57
flexible customers
node_idx,x,y,service_time,demand,locker_idxs
50,41,39,15,13,58-64-59-65-62
51,21,14,15,36,58-62
52,66,62,15,21,67-66-64-60-63-57-62-65
53,84,36,15,10,55-67-61-66-64
54,46,22,15,11,61-64-58-62
lockers
node_idx,x,y,service_time,capacity,cost_per_unit_good
55,93,12,10,80,100
56,22,88,10,71,100
57,65,88,10,74,100
58,25,15,10,83,100
59,19,56,10,77,100
60,74,84,10,86,100
61,79,3,10,78,100
62,36,46,10,77,100
63,67,87,10,80,100
64,71,26,10,83,100
65,26,62,10,96,100
66,86,71,10,93,100
67,100,41,10,96,100
mrt lines
start_node_idx,end_node_idx,freight_capacity,cost_per_unit_good
55,56,80,1
56,55,80,1
57,58,83,1
58,57,83,1
distance matrix
,0,1,2,3,4,5,6,7,8,9,10,11,12,13,14,15,16,17,18,19,20,21,22,23,24,25,26,27,28,29,30,31,32,33,34,35,36,37,38,39,40,41,42,43,44,45,46,47,48,49,50,51,52,53,54,55,56,57,58,59,60,61,62,63,64,65,66,67,
0,0.0,60.44,48.55,26.91,18.6,34.37,26.63,52.2,18.68,43.19,27.46,65.46,38.83,14.87,37.7,26.93,40.8,22.36,29.61,27.29,22.83,31.89,67.48,6.71,19.85,73.41,20.52,60.21,56.65,58.25,39.05,38.33,61.03,65.8,48.85,10.0,71.59,31.11,33.62,52.39,66.31,16.28,34.66,29.41,60.75,59.44,27.07,30.02,80.81,47.2,25.5,52.2,30.07,55.57,43.17,77.16,27.78,37.64,50.22,18.79,42.94,74.63,18.0,38.6,51.66,10.2,50.49,68.01
1,60.44,0.0,87.36,78.01,76.06,55.66,86.16,80.11,53.01,56.94,81.02,58.26,60.8,53.08,68.12,83.29,60.46,41.68,78.82,85.99,47.1,79.31,26.68,61.98,73.11,43.01,53.01,29.02,5.83,39.82,26.87,29.73,98.68,44.05,13.15,52.77,30.27,80.16,89.09,39.29,43.1,55.23,54.04,75.33,54.49,60.88,86.31,84.02,36.12,49.24,53.6,80.11,31.76,14.87,54.12,35.01,82.86,50.22,76.06,75.54,42.06,46.49,58.01,48.26,31.14,69.63,25.3,8.49
2,48.55,87.36,0.0,23.77,57.97,31.78,56.14,14.21,38.6,91.4,26.17,51.48,87.37,41.11,85.88,31.02,89.31,65.8,72.8,37.01,42.54,17.72,78.03,41.88,30.08,73.01,68.6,100.17,81.74,59.41,77.94,78.82,12.73,109.64,74.33,45.97,80.22,19.42,28.44,96.54,109.81,64.64,82.8,19.24,49.65,42.54,39.01,26.0,87.82,94.11,34.89,14.21,68.24,75.13,36.01,83.73,66.1,85.15,17.0,34.21,88.41,71.84,34.71,85.7,61.07,42.15,89.89,91.78
3,26.91,78.01,23.77,0.0,34.21,29.68,33.06,32.39,25.0,70.01,4.24,60.14,65.3,25.32,62.97,9.43,67.36,47.41,49.04,15.65,31.06,6.08,76.22,20.81,7.07,76.32,47.42,84.5,73.03,60.9,62.3,62.39,35.34,91.79,65.01,27.86,79.48,4.47,12.08,78.39,92.18,43.14,61.52,6.71,56.59,51.86,17.46,6.71,88.24,74.03,25.96,32.39,52.5,68.73,38.42,84.17,42.43,64.54,32.28,10.44,69.34,76.28,20.0,65.44,58.52,18.87,74.33,84.15
4,18.6,76.06,57.97,34.21,0.0,51.55,11.0,65.12,36.67,43.46,32.31,83.38,37.12,33.12,32.02,28.65,39.36,34.79,14.87,24.84,41.34,40.26,85.63,22.47,28.28,92.01,26.02,70.06,72.95,76.84,51.66,50.01,69.29,72.01,65.51,28.6,89.83,38.6,34.41,59.3,72.84,22.2,36.4,39.46,78.79,76.84,23.35,33.54,99.04,50.7,43.08,65.12,44.38,73.01,60.75,95.46,9.49,41.0,64.0,23.77,49.25,93.23,34.79,42.76,70.18,17.03,61.52,84.08
5,34.37,55.66,31.78,29.68,51.55,0.0,55.95,25.61,16.0,70.23,33.84,32.25,68.15,20.0,69.58,38.42,69.64,41.63,63.95,43.86,15.23,27.86,47.85,29.12,29.0,46.65,49.03,70.94,50.0,31.3,49.52,51.09,43.08,82.13,42.72,26.02,50.7,29.55,41.68,69.81,82.07,46.39,61.98,24.17,28.02,25.3,45.25,36.36,59.14,70.24,9.0,25.61,40.61,43.42,9.43,55.03,61.03,62.77,21.93,34.06,63.29,46.62,16.76,62.65,30.27,35.34,60.88,60.02
6,26.63,86.16,56.14,33.06,11.0,55.95,0.0,65.38,42.64,53.76,30.02,88.19,47.17,39.62,41.18,25.18,49.4,45.35,21.26,19.65,48.1,39.01,94.02,28.32,28.86,99.09,37.01,81.06,82.76,83.63,62.37,60.83,66.29,82.87,75.13,36.24,98.08,37.0,29.41,70.26,83.73,33.14,47.07,39.32,83.86,80.96,17.72,30.27,107.3,61.39,48.26,65.38,54.71,82.15,65.37,103.59,12.04,51.79,64.94,23.54,60.21,100.0,39.66,53.6,77.83,20.81,72.44,94.02
7,52.2,80.11,14.21,32.39,65.12,25.61,65.38,0.0,37.74,93.06,35.9,37.95,89.96,41.18,89.81,41.23,91.71,65.46,79.51,47.54,39.7,26.68,67.36,45.61,37.0,60.53,70.68,96.54,74.32,48.04,74.97,76.38,20.0,107.49,67.54,46.96,69.07,28.86,40.31,94.92,107.48,67.23,84.53,26.08,36.67,29.12,49.48,36.69,76.06,94.3,32.02,0.0,65.8,66.73,26.25,72.03,74.01,86.09,4.12,42.05,87.8,59.03,35.34,86.28,51.42,48.26,86.45,83.49
8,18.68,53.01,38.6,25.0,36.67,16.0,42.64,37.74,0.0,55.46,28.16,46.82,52.81,4.0,53.76,31.05,54.42,27.8,48.27,34.93,6.32,26.68,53.24,14.42,20.62,56.57,33.53,61.77,48.04,41.04,39.45,40.22,51.22,71.06,40.01,10.05,56.94,27.29,36.35,58.05,71.22,30.59,47.01,22.8,42.15,40.79,35.78,31.14,66.04,56.61,7.0,37.74,29.68,44.15,24.52,62.13,46.1,48.37,34.89,24.17,50.33,57.38,5.0,48.55,36.06,21.93,51.48,59.21
9,43.19,56.94,91.4,70.01,43.46,70.23,53.76,93.06,55.46,0.0,70.09,94.34,7.0,51.88,15.3,68.41,5.1,28.86,35.13,66.57,55.03,75.07,78.45,49.68,62.94,91.41,22.8,36.06,57.27,80.1,31.62,28.46,104.02,31.4,53.45,46.14,82.86,74.28,75.0,21.95,32.56,26.91,8.6,72.47,89.36,91.41,65.51,72.35,90.82,9.85,61.85,93.06,34.01,62.94,76.4,88.54,43.74,8.0,90.34,60.96,15.0,94.05,57.8,9.22,70.26,51.74,32.65,65.19
10,27.46,81.02,26.17,4.24,32.31,33.84,30.02,35.9,28.16,70.09,0.0,64.38,65.07,28.02,62.2,5.39,67.18,48.85,47.17,11.7,34.37,9.22,80.06,21.93,8.25,80.45,47.8,86.33,76.16,65.0,64.29,64.2,37.0,93.02,68.12,29.83,83.38,7.07,8.25,79.61,93.47,43.42,61.72,10.82,60.83,56.08,13.6,3.0,92.2,74.63,29.73,35.9,54.57,72.18,42.64,88.14,40.02,65.0,36.06,9.22,70.33,80.45,23.19,66.03,62.39,18.38,76.24,87.37
11,65.46,58.26,51.48,60.14,83.38,32.25,88.19,37.95,46.82,94.34,64.38,0.0,94.01,50.6,97.25,69.43,95.05,66.01,94.92,75.29,43.17,56.64,36.36,60.93,60.8,24.33,76.24,83.19,52.8,18.44,66.48,69.12,57.27,97.17,49.24,56.04,36.25,58.73,71.45,87.28,96.66,74.67,87.05,53.74,5.0,8.94,76.84,66.47,41.0,91.59,40.31,37.95,60.67,43.42,22.83,37.36,92.85,86.37,34.54,66.03,83.74,22.02,48.75,85.59,27.78,67.54,74.85,58.05
12,38.83,60.8,87.37,65.3,37.12,68.15,47.17,89.96,52.81,7.0,65.07,94.01,0.0,49.04,8.54,63.03,2.24,28.0,28.16,60.8,53.15,70.6,80.78,45.49,58.26,92.89,19.31,42.06,60.54,80.75,34.48,31.38,99.86,38.33,55.95,43.08,85.23,69.66,69.53,28.23,39.46,22.83,7.28,68.24,89.01,90.45,59.64,67.18,93.52,16.49,59.48,89.96,34.93,65.39,74.97,91.0,36.88,10.63,87.46,55.87,20.0,95.34,54.63,12.73,71.2,46.69,37.54,69.2
13,14.87,53.08,41.11,25.32,33.12,20.0,39.62,41.18,4.0,51.88,28.02,50.6,49.04,0.0,49.82,30.27,50.7,24.76,44.38,33.53,8.49,27.86,55.23,11.31,20.02,59.46,29.73,59.93,48.37,44.05,37.58,38.08,53.81,68.6,40.31,6.08,59.08,28.16,36.01,55.44,68.82,26.68,43.38,24.17,45.88,44.72,34.18,31.02,68.24,53.41,11.0,41.18,27.73,45.22,28.44,64.4,42.49,44.94,38.48,22.8,47.38,60.44,6.4,45.22,38.42,19.21,49.66,59.68
14,37.7,68.12,85.88,62.97,32.02,69.58,41.18,89.81,53.76,15.3,62.2,97.25,8.54,49.82,0.0,59.55,10.2,32.02,20.88,56.59,55.08,68.6,86.76,44.38,56.08,98.03,21.02,50.54,67.42,85.15,41.4,38.42,98.11,46.69,62.27,43.74,91.24,67.42,65.8,36.77,47.85,23.19,14.14,66.65,92.27,93.01,55.23,64.03,99.76,25.0,60.67,89.81,40.31,71.59,77.1,97.05,30.08,18.6,87.64,53.01,28.3,100.28,54.82,20.81,75.96,44.1,45.61,76.58
15,26.93,83.29,31.02,9.43,28.65,38.42,25.18,41.23,31.05,68.41,5.39,69.43,63.03,30.27,59.55,0.0,65.19,49.04,43.38,6.32,37.36,14.56,83.77,22.36,10.44,84.88,46.65,86.83,78.64,69.34,65.12,64.76,41.23,92.7,70.58,31.06,87.24,12.37,6.71,79.31,93.23,42.19,60.22,16.12,65.76,61.22,8.25,5.1,96.15,73.57,33.54,41.23,55.58,75.19,47.42,92.13,35.74,63.81,41.44,8.25,69.78,85.0,26.25,65.0,66.21,17.0,76.9,89.94
16,40.8,60.46,89.31,67.36,39.36,69.64,49.4,91.71,54.42,5.1,67.18,95.05,2.24,50.7,10.2,65.19,0.0,29.07,30.27,63.01,54.57,72.62,80.99,47.43,60.31,93.39,21.02,40.82,60.42,81.5,34.44,31.3,101.83,36.5,56.08,44.78,85.44,71.7,71.7,26.83,37.66,24.7,8.0,70.21,90.05,91.66,61.85,69.31,93.62,14.87,61.03,91.71,35.51,65.55,76.3,91.18,39.05,10.3,89.16,57.98,19.1,95.9,56.36,12.21,71.85,48.8,36.77,68.82
17,22.36,41.68,65.8,47.41,34.79,41.63,45.35,65.46,27.8,28.86,48.85,66.01,28.0,24.76,32.02,49.04,29.07,0.0,37.54,49.65,26.4,51.31,55.76,26.93,40.72,66.13,12.21,37.85,39.2,53.15,17.12,16.03,78.52,44.42,32.53,20.0,60.21,51.11,55.66,31.06,44.78,13.6,21.1,48.01,61.01,62.65,49.37,51.62,69.07,28.84,33.62,65.46,10.0,41.23,47.54,66.04,41.18,21.19,62.43,40.8,22.63,68.31,31.11,21.02,43.97,32.56,28.16,49.93
18,29.61,78.82,72.8,49.04,14.87,63.95,21.26,79.51,48.27,35.13,47.17,94.92,28.16,44.38,20.88,43.38,30.27,37.54,0.0,39.12,51.87,55.08,92.46,35.13,42.95,100.85,25.81,67.19,76.69,86.31,52.48,50.12,84.15,66.03,70.04,38.9,96.83,53.45,48.88,54.59,67.07,24.04,30.27,54.13,90.14,89.05,37.44,48.33,105.89,44.01,55.11,79.51,47.51,78.52,72.78,102.62,9.43,35.36,78.16,38.6,44.91,102.47,47.38,37.48,78.55,31.26,60.17,87.2
19,27.29,85.99,37.01,15.65,24.84,43.86,19.65,47.54,34.93,66.57,11.7,75.29,60.8,33.53,56.59,6.32,63.01,49.65,39.12,0.0,41.23,20.88,88.1,24.08,15.0,90.0,45.69,87.48,81.58,74.4,66.27,65.62,46.69,92.36,73.55,33.24,91.71,18.68,9.85,79.06,92.97,41.23,58.67,22.36,71.51,67.2,2.0,11.05,100.72,72.45,38.28,47.54,57.04,78.75,53.04,96.75,30.87,62.61,47.76,10.77,69.29,90.27,30.41,63.98,70.71,17.12,77.78,92.96
20,22.83,47.1,42.54,31.06,41.34,15.23,48.1,39.7,6.32,55.03,34.37,43.17,53.15,8.49,55.08,37.36,54.57,26.4,51.87,41.23,0.0,32.25,47.01,19.8,26.93,50.99,34.23,57.69,42.0,35.61,35.61,36.8,54.92,67.9,34.01,13.0,50.77,33.06,42.58,55.23,67.94,32.0,46.84,28.28,38.33,38.05,42.05,37.34,59.91,55.07,7.81,39.7,26.17,37.85,22.02,56.04,50.61,47.54,36.4,30.46,48.26,52.01,11.18,47.42,30.0,27.66,47.43,53.08
21,31.89,79.31,17.72,6.08,40.26,27.86,39.01,26.68,26.68,75.07,9.22,56.64,70.6,27.86,68.6,14.56,72.62,51.31,55.08,20.88,32.25,0.0,75.43,25.46,12.53,74.24,52.35,87.73,74.11,59.09,65.39,65.74,29.53,95.72,66.19,31.38,78.45,2.24,14.87,82.38,96.04,48.17,66.53,4.0,53.41,48.08,22.8,10.3,86.98,78.64,26.02,26.68,55.54,69.12,35.85,82.87,48.51,69.31,26.93,16.49,73.6,73.93,21.84,70.09,57.72,24.6,77.47,85.01
22,67.48,26.68,78.03,76.22,85.63,47.85,94.02,67.36,53.24,78.45,80.06,36.36,80.78,55.23,86.76,83.77,80.99,55.76,92.46,88.1,47.01,75.43,0.0,66.29,73.41,16.55,67.96,55.44,23.02,19.65,46.84,50.0,87.28,70.46,25.0,57.8,4.47,76.92,88.26,64.12,69.58,68.6,73.54,71.57,34.01,41.79,89.01,82.87,13.45,72.37,50.33,67.36,46.53,15.52,42.01,10.3,94.05,70.84,63.29,77.37,64.54,20.12,57.7,69.26,17.72,74.33,50.04,23.32
23,6.71,61.98,41.88,20.81,22.47,29.12,28.32,45.61,14.42,49.68,21.93,60.93,45.49,11.31,44.38,22.36,47.43,26.93,35.13,24.08,19.8,25.46,66.29,0.0,13.89,70.77,26.91,64.56,57.72,55.32,42.76,42.45,54.41,71.12,49.73,9.22,70.21,24.84,28.86,57.71,71.55,22.8,41.11,22.8,56.36,54.41,24.33,24.7,79.4,53.26,20.62,45.61,33.24,55.54,38.28,75.6,31.95,43.86,43.74,14.14,48.55,71.7,12.37,44.69,49.68,8.06,54.57,69.12
24,19.85,73.11,30.08,7.07,28.28,29.0,28.86,37.0,20.62,62.94,8.25,60.8,58.26,20.02,56.08,10.44,60.31,40.72,42.95,15.0,26.93,12.53,73.41,13.89,0.0,75.0,40.36,78.11,68.36,59.41,56.04,55.97,42.06,85.0,60.3,21.59,76.92,11.4,16.0,71.59,85.42,36.07,54.45,11.18,56.85,53.0,16.28,11.18,85.88,67.01,23.32,37.0,46.32,64.76,38.29,81.88,37.01,57.49,36.22,5.39,62.43,75.29,15.81,58.41,55.9,12.08,68.01,79.63
25,73.41,43.01,73.01,76.32,92.01,46.65,99.09,60.53,56.57,91.41,80.45,24.33,92.89,59.46,98.03,84.88,93.39,66.13,100.85,90.0,50.99,74.24,16.55,70.77,75.0,0.0,78.0,71.39,38.83,15.62,60.3,63.39,80.4,86.31,39.0,63.41,14.21,76.06,88.32,79.06,85.51,77.82,85.62,70.71,24.02,32.0,91.21,83.01,16.76,86.28,51.86,60.53,57.97,30.15,38.48,13.42,101.02,83.55,56.72,79.65,78.31,3.61,60.21,82.2,22.36,78.49,65.19,39.82
26,20.52,53.01,68.6,47.42,26.02,49.03,37.01,70.68,33.53,22.8,47.8,76.24,19.31,29.73,21.02,46.65,21.02,12.21,25.81,45.69,34.23,52.35,67.96,26.91,40.36,78.0,0.0,44.05,50.99,64.56,26.83,24.7,81.22,46.84,44.6,23.77,72.4,51.62,53.34,33.73,47.54,4.47,14.21,49.68,71.25,72.03,44.94,50.22,81.27,26.93,40.26,70.68,21.93,53.41,56.22,78.23,30.68,17.2,68.15,38.83,23.77,80.06,35.34,18.36,55.71,29.68,35.69,61.4
27,60.21,29.02,100.17,84.5,70.06,70.94,81.06,96.54,61.77,36.06,86.33,83.19,42.06,59.93,50.54,86.83,40.82,37.85,67.19,87.48,57.69,87.73,55.44,64.56,78.11,71.39,44.05,0.0,32.56,65.39,22.36,22.14,112.61,15.03,34.01,56.65,59.21,87.85,93.41,14.21,14.14,48.0,37.34,84.1,78.77,83.76,87.13,89.19,65.03,26.4,65.46,96.54,32.2,41.48,72.92,64.03,73.98,32.31,92.85,78.59,22.47,74.73,66.19,30.08,55.46,70.41,10.3,35.36
28,56.65,5.83,81.74,73.03,72.95,50.0,82.76,74.32,48.04,57.27,76.16,52.8,60.54,48.37,67.42,78.64,60.42,39.2,76.69,81.58,42.0,74.11,23.02,57.72,68.36,38.83,50.99,32.56,0.0,34.41,26.08,29.15,92.97,47.52,8.06,48.51,27.02,75.03,84.29,41.3,46.69,52.8,53.54,70.11,48.92,55.17,82.0,79.16,33.96,50.29,48.26,74.32,29.21,9.43,48.3,32.25,80.16,50.12,70.26,71.02,42.72,42.2,53.04,48.3,25.46,65.52,27.17,11.4
29,58.25,39.82,59.41,60.9,76.84,31.3,83.63,48.04,41.04,80.1,65.0,18.44,80.75,44.05,85.15,69.34,81.5,53.15,86.31,74.4,35.61,59.09,19.65,55.32,59.41,15.62,64.56,65.39,34.41,0.0,50.36,53.24,68.03,79.71,31.38,48.26,21.02,60.84,72.95,70.61,79.12,63.91,73.55,55.46,15.0,22.36,75.6,67.6,28.44,76.16,36.24,48.04,46.1,25.0,23.77,24.33,85.98,72.11,44.01,64.03,68.18,16.4,44.6,71.03,10.2,62.97,57.57,39.82
30,39.05,26.87,77.94,62.3,51.66,49.52,62.37,74.97,39.45,31.62,64.29,66.48,34.48,37.58,41.4,65.12,34.44,17.12,52.48,66.27,35.61,65.39,46.84,42.76,56.04,60.3,26.83,22.36,26.08,50.36,0.0,3.16,90.44,32.65,21.84,34.48,51.24,65.55,71.59,21.02,32.56,29.73,27.46,61.74,61.68,65.39,66.12,67.19,59.24,26.02,43.42,74.97,9.85,31.32,52.7,56.92,57.38,24.17,71.42,56.89,18.03,63.13,43.83,22.47,40.2,49.16,12.08,35.36
31,38.33,29.73,78.82,62.39,50.01,51.09,60.83,76.38,40.22,28.46,64.2,69.12,31.38,38.08,38.42,64.76,31.3,16.03,50.12,65.62,36.8,65.74,50.0,42.45,55.97,63.39,24.7,22.14,29.15,53.24,3.16,0.0,91.4,31.11,25.0,34.54,54.41,65.8,71.31,18.87,31.14,27.89,24.41,62.18,64.29,67.78,65.38,67.05,62.39,23.0,44.6,76.38,10.63,34.48,54.71,60.08,55.36,21.02,72.92,56.52,15.0,66.19,44.42,19.31,43.1,48.51,12.17,38.21
32,61.03,98.68,12.73,35.34,69.29,43.08,66.29,20.0,51.22,104.02,37.0,57.27,99.86,53.81,98.11,41.23,101.83,78.52,84.15,46.69,54.92,29.53,87.28,54.41,42.06,80.4,81.22,112.61,92.97,68.03,90.44,91.4,0.0,122.29,85.8,58.69,89.05,30.87,37.22,109.22,122.44,77.2,95.43,31.62,56.44,48.66,48.66,36.14,96.05,106.83,47.17,20.0,80.8,85.87,45.71,92.02,76.92,97.84,24.02,45.69,101.14,78.77,47.42,98.41,71.02,54.12,102.34,102.62
33,65.8,44.05,109.64,91.79,72.01,82.13,82.87,107.49,71.06,31.4,93.02,97.17,38.33,68.6,46.69,92.7,36.5,44.42,66.03,92.36,67.9,95.72,70.46,71.12,85.0,86.31,46.84,15.03,47.52,79.71,32.65,31.11,122.29,0.0,48.38,64.35,74.24,95.52,99.4,13.42,1.41,51.24,36.06,92.36,92.61,97.13,91.71,95.71,80.01,22.02,75.69,107.49,41.73,56.29,85.21,79.06,74.06,31.14,104.0,84.58,23.09,89.63,75.0,29.27,69.64,75.77,22.36,50.16
34,48.85,13.15,74.33,65.01,65.51,42.72,75.13,67.54,40.01,53.45,68.12,49.24,55.95,40.31,62.27,70.58,56.08,32.53,70.04,73.55,34.01,66.19,25.0,49.73,60.3,39.0,44.6,34.01,8.06,31.38,21.84,25.0,85.8,48.38,0.0,40.52,29.41,67.07,76.24,40.11,47.76,46.01,48.75,62.2,44.94,50.45,73.98,71.11,37.58,47.52,40.45,67.54,22.67,9.49,41.88,35.11,73.01,45.88,63.53,62.97,39.62,42.05,45.01,44.27,21.47,57.57,26.48,19.42
35,10.0,52.77,45.97,27.86,28.6,26.02,36.24,46.96,10.05,46.14,29.83,56.04,43.08,6.08,43.74,31.06,44.78,20.0,38.9,33.24,13.0,31.38,57.8,9.22,21.59,63.41,23.77,56.65,48.51,48.26,34.48,34.54,58.69,64.35,40.52,0.0,61.85,31.3,37.34,51.04,64.66,20.62,37.59,28.02,51.24,50.49,33.54,32.76,71.06,48.17,17.03,46.96,24.74,46.52,34.23,67.36,37.74,39.41,44.38,23.0,42.52,64.64,11.66,39.82,41.73,17.09,46.49,59.91
36,71.59,30.27,80.22,79.48,89.83,50.7,98.08,69.07,56.94,82.86,83.38,36.25,85.23,59.08,91.24,87.24,85.44,60.21,96.83,91.71,50.77,78.45,4.47,70.21,76.92,14.21,72.4,59.21,27.02,21.02,51.24,54.41,89.05,74.24,29.41,61.85,0.0,80.01,91.55,68.26,73.33,73.01,78.0,74.63,34.48,42.45,92.66,86.16,9.22,76.69,53.71,69.07,51.0,19.92,44.28,5.83,98.31,75.27,65.03,81.01,68.88,17.8,61.29,73.68,21.02,78.24,54.15,26.0
37,31.11,80.16,19.42,4.47,38.6,29.55,37.0,28.86,27.29,74.28,7.07,58.73,69.66,28.16,67.42,12.37,71.7,51.11,53.45,18.68,33.06,2.24,76.92,24.84,11.4,76.06,51.62,87.85,75.03,60.84,65.55,65.8,30.87,95.52,67.07,31.3,80.01,0.0,12.73,82.15,95.88,47.38,65.76,5.39,55.44,50.21,20.62,8.06,88.6,78.1,27.17,28.86,55.71,70.26,37.74,84.5,46.69,68.68,29.15,14.87,73.24,75.8,22.36,69.53,59.2,23.32,77.62,86.01
38,33.62,89.09,28.44,12.08,34.41,41.68,29.41,40.31,36.35,75.0,8.25,71.45,69.53,36.01,65.8,6.71,71.7,55.66,48.88,9.85,42.58,14.87,88.26,28.86,16.0,88.32,53.34,93.41,84.29,72.95,71.59,71.31,37.22,99.4,76.24,37.34,91.55,12.73,0.0,86.01,99.92,48.88,66.85,17.8,68.12,62.94,11.7,5.39,100.32,80.26,37.95,40.31,61.98,80.41,50.22,96.25,40.72,70.49,41.18,14.87,76.49,88.2,31.4,71.69,70.58,23.71,83.43,95.52
39,52.39,39.29,96.54,78.39,59.3,69.81,70.26,94.92,58.05,21.95,79.61,87.28,28.23,55.44,36.77,79.31,26.83,31.06,54.59,79.06,55.23,82.38,64.12,57.71,71.59,79.06,33.73,14.21,41.3,70.61,21.02,18.87,109.22,13.42,40.11,51.04,68.26,82.15,86.01,0.0,13.93,38.08,24.33,79.06,82.54,86.41,78.45,82.29,75.13,12.21,62.97,94.92,29.21,49.0,73.57,73.55,62.07,19.24,91.55,71.18,10.05,82.15,61.85,17.12,60.42,62.39,14.14,46.82
40,66.31,43.1,109.81,92.18,72.84,82.07,83.73,107.48,71.22,32.56,93.47,96.66,39.46,68.82,47.85,93.23,37.66,44.78,67.07,92.97,67.94,96.04,69.58,71.55,85.42,85.51,47.54,14.14,46.69,79.12,32.56,31.14,122.44,1.41,47.76,64.66,73.33,95.88,99.92,13.93,0.0,51.92,37.01,92.65,92.14,96.75,92.35,96.18,79.0,23.09,75.74,107.48,41.77,55.54,85.0,78.1,75.03,32.06,103.97,85.09,23.77,88.84,75.21,30.15,69.08,76.32,21.95,49.09
41,16.28,55.23,64.64,43.14,22.2,46.39,33.14,67.23,30.59,26.91,43.42,74.67,22.83,26.68,23.19,42.19,24.7,13.6,24.04,41.23,32.0,48.17,68.6,22.8,36.07,77.82,4.47,48.0,52.8,63.91,29.73,27.89,77.2,51.24,46.01,20.62,73.01,47.38,48.88,38.08,51.92,0.0,18.38,45.61,69.72,70.03,40.5,45.8,82.01,31.38,37.48,67.23,23.6,54.49,54.01,78.82,27.73,21.63,64.85,34.41,28.16,79.71,31.95,22.83,55.46,25.24,39.32,63.51
42,34.66,54.04,82.8,61.52,36.4,61.98,47.07,84.53,47.01,8.6,61.72,87.05,7.28,43.38,14.14,60.22,8.0,21.1,30.27,58.67,46.84,66.53,73.54,41.11,54.45,85.62,14.21,37.34,53.54,73.55,27.46,24.41,95.43,36.06,48.75,37.59,78.0,65.76,66.85,24.33,37.01,18.38,0.0,63.89,82.05,83.73,57.71,64.03,86.33,14.32,53.49,84.53,27.66,58.18,68.45,83.77,38.01,5.1,81.86,52.63,14.87,88.07,49.24,7.28,63.95,43.42,31.62,62.48
43,29.41,75.33,19.24,6.71,39.46,24.17,39.32,26.08,22.8,72.47,10.82,53.74,68.24,24.17,66.65,16.12,70.21,48.01,54.13,22.36,28.28,4.0,71.57,22.8,11.18,70.71,49.68,84.1,70.11,55.46,61.74,62.18,31.62,92.36,62.2,28.02,74.63,5.39,17.8,79.06,92.65,45.61,63.89,0.0,50.33,45.34,24.17,12.73,83.22,75.69,22.02,26.08,51.89,65.12,32.45,79.12,48.09,66.48,25.71,16.0,70.43,70.49,18.03,67.18,53.85,23.09,73.82,81.01
44,60.75,54.49,49.65,56.59,78.79,28.02,83.86,36.67,42.15,89.36,60.83,5.0,89.01,45.88,92.27,65.76,90.05,61.01,90.14,71.51,38.33,53.41,34.01,56.36,56.85,24.02,71.25,78.77,48.92,15.0,61.68,64.29,56.44,92.61,44.94,51.24,34.48,55.44,68.12,82.54,92.14,69.72,82.05,50.33,0.0,8.06,73.0,63.03,40.2,86.68,35.78,36.67,55.73,39.62,18.6,36.35,88.24,81.39,32.98,62.01,78.85,22.36,44.29,80.62,23.6,63.13,70.26,54.82
45,59.44,60.88,42.54,51.86,76.84,25.3,80.96,29.12,40.79,91.41,56.08,8.94,90.45,44.72,93.01,61.22,91.66,62.65,89.05,67.2,38.05,48.08,41.79,54.41,53.0,32.0,72.03,83.76,55.17,22.36,65.39,67.78,48.66,97.13,50.45,50.49,42.45,50.21,62.94,86.41,96.75,70.03,83.73,45.34,8.06,0.0,68.82,58.05,48.26,89.56,33.96,29.12,58.52,46.1,16.28,44.41,86.33,83.55,25.63,58.31,81.91,30.15,42.06,82.98,29.73,60.54,74.79,61.85
46,27.07,86.31,39.01,17.46,23.35,45.25,17.72,49.48,35.78,65.51,13.6,76.84,59.64,34.18,55.23,8.25,61.85,49.37,37.44,2.0,42.05,22.8,89.01,24.33,16.28,91.21,44.94,87.13,82.0,75.6,66.12,65.38,48.66,91.71,73.98,33.54,92.66,20.62,11.7,78.45,92.35,40.5,57.71,24.17,73.0,68.82,0.0,13.04,101.71,71.59,39.41,49.48,57.0,79.38,54.49,97.75,29.07,61.74,49.65,11.66,68.62,91.55,31.38,63.16,71.69,17.0,77.52,93.39
47,30.02,84.02,26.0,6.71,33.54,36.36,30.27,36.69,31.14,72.35,3.0,66.47,67.18,31.02,64.03,5.1,69.31,51.62,48.33,11.05,37.34,10.3,82.87,24.7,11.18,83.01,50.22,89.19,79.16,67.6,67.19,67.05,36.14,95.71,71.11,32.76,86.16,8.06,5.39,82.29,96.18,45.8,64.03,12.73,63.03,58.05,13.04,0.0,94.94,77.1,32.57,36.69,57.49,75.13,45.0,90.87,40.8,67.42,37.16,11.4,72.95,82.93,26.17,68.51,65.19,20.62,79.12,90.35
48,80.81,36.12,87.82,88.24,99.04,59.14,107.3,76.06,66.04,90.82,92.2,41.0,93.52,68.24,99.76,96.15,93.62,69.07,105.89,100.72,59.91,86.98,13.45,79.4,85.88,16.76,81.27,65.03,33.96,28.44,59.24,62.39,96.05,80.01,37.58,71.06,9.22,88.6,100.32,75.13,79.0,82.01,86.33,83.22,40.2,48.26,101.71,94.94,0.0,84.2,62.61,76.06,59.68,28.18,52.17,4.12,107.49,83.38,72.11,90.05,76.54,19.7,70.33,81.71,30.02,87.42,61.0,30.15
49,47.2,49.24,94.11,74.03,50.7,70.24,61.39,94.3,56.61,9.85,74.63,91.59,16.49,53.41,25.0,73.57,14.87,28.84,44.01,72.45,55.07,78.64,72.37,53.26,67.01,86.28,26.93,26.4,50.29,76.16,26.02,23.0,106.83,22.02,47.52,48.17,76.69,78.1,80.26,12.21,23.09,31.38,14.32,75.69,86.68,89.56,71.59,77.1,84.2,0.0,62.43,94.3,31.05,56.89,75.39,82.23,52.15,9.85,91.27,65.73,8.0,89.14,59.67,8.6,66.07,56.6,24.19,57.25
50,25.5,53.6,34.89,25.96,43.08,9.0,48.26,32.02,7.0,61.85,29.73,40.31,59.48,11.0,60.67,33.54,61.03,33.62,55.11,38.28,7.81,26.02,50.33,20.62,23.32,51.86,40.26,65.46,48.26,36.24,43.42,44.6,47.17,75.69,40.45,17.03,53.71,27.17,37.95,62.97,75.74,37.48,53.49,22.02,35.78,33.96,39.41,32.57,62.61,62.43,0.0,32.02,33.97,43.1,17.72,58.59,52.55,54.56,28.84,27.8,55.8,52.35,8.6,54.59,32.7,27.46,55.22,59.03
51,52.2,80.11,14.21,32.39,65.12,25.61,65.38,0.0,37.74,93.06,35.9,37.95,89.96,41.18,89.81,41.23,91.71,65.46,79.51,47.54,39.7,26.68,67.36,45.61,37.0,60.53,70.68,96.54,74.32,48.04,74.97,76.38,20.0,107.49,67.54,46.96,69.07,28.86,40.31,94.92,107.48,67.23,84.53,26.08,36.67,29.12,49.48,36.69,76.06,94.3,32.02,0.0,65.8,66.73,26.25,72.03,74.01,86.09,4.12,42.05,87.8,59.03,35.34,86.28,51.42,48.26,86.45,83.49
52,30.07,31.76,68.24,52.5,44.38,40.61,54.71,65.8,29.68,34.01,54.57,60.67,34.93,27.73,40.31,55.58,35.51,10.0,47.51,57.04,26.17,55.54,46.53,33.24,46.32,57.97,21.93,32.2,29.21,46.1,9.85,10.63,80.8,41.73,22.67,24.74,51.0,55.71,61.98,29.21,41.77,23.6,27.66,51.89,55.73,58.52,57.0,57.49,59.68,31.05,33.97,65.8,0.0,31.62,44.72,56.82,51.11,26.02,62.37,47.38,23.41,60.42,34.0,25.02,36.35,40.0,21.93,39.96
53,55.57,14.87,75.13,68.73,73.01,43.42,82.15,66.73,44.15,62.94,72.18,43.42,65.39,45.22,71.59,75.19,65.55,41.23,78.52,78.75,37.85,69.12,15.52,55.54,64.76,30.15,53.41,41.48,9.43,25.0,31.32,34.48,85.87,56.29,9.49,46.52,19.92,70.26,80.41,49.0,55.54,54.49,58.18,65.12,39.62,46.1,79.38,75.13,28.18,56.89,43.1,66.73,31.62,0.0,40.5,25.63,80.92,55.36,62.63,68.01,49.03,33.38,49.03,53.76,16.4,63.56,35.06,16.76
54,43.17,54.12,36.01,38.42,60.75,9.43,65.37,26.25,24.52,76.4,42.64,22.83,74.97,28.44,77.1,47.42,76.3,47.54,72.78,53.04,22.02,35.85,42.01,38.28,38.29,38.48,56.22,72.92,48.3,23.77,52.7,54.71,45.71,85.21,41.88,34.23,44.28,37.74,50.22,73.57,85.0,54.01,68.45,32.45,18.6,16.28,54.49,45.0,52.17,75.39,17.72,26.25,44.72,40.5,0.0,48.05,70.23,68.68,22.14,43.42,68.03,38.08,26.0,68.31,25.32,44.72,63.25,57.25
55,77.16,35.01,83.73,84.17,95.46,55.03,103.59,72.03,62.13,88.54,88.14,37.36,91.0,64.4,97.05,92.13,91.18,66.04,102.62,96.75,56.04,82.87,10.3,75.6,81.88,13.42,78.23,64.03,32.25,24.33,56.92,60.08,92.02,79.06,35.11,67.36,5.83,84.5,96.25,73.55,78.1,78.82,83.77,79.12,36.35,44.41,97.75,90.87,4.12,82.23,58.59,72.03,56.82,25.63,48.05,0.0,104.0,80.99,68.07,86.09,74.46,16.64,66.37,79.38,26.08,83.6,59.41,29.83
56,27.78,82.86,66.1,42.43,9.49,61.03,12.04,74.01,46.1,43.74,40.02,92.85,36.88,42.49,30.08,35.74,39.05,41.18,9.43,30.87,50.61,48.51,94.05,31.95,37.01,101.02,30.68,73.98,80.16,85.98,57.38,55.36,76.92,74.06,73.01,37.74,98.31,46.69,40.72,62.07,75.03,27.73,38.01,48.09,88.24,86.33,29.07,40.8,107.49,52.15,52.55,74.01,51.11,80.92,70.23,104.0,0.0,43.0,73.06,32.14,52.15,102.34,44.27,45.01,79.03,26.31,66.22,91.07
57,37.64,50.22,85.15,64.54,41.0,62.77,51.79,86.09,48.37,8.0,65.0,86.37,10.63,44.94,18.6,63.81,10.3,21.19,35.36,62.61,47.54,69.31,70.84,43.86,57.49,83.55,17.2,32.31,50.12,72.11,24.17,21.02,97.84,31.14,45.88,39.41,75.27,68.68,70.49,19.24,32.06,21.63,5.1,66.48,81.39,83.55,61.74,67.42,83.38,9.85,54.56,86.09,26.02,55.36,68.68,80.99,43.0,0.0,83.24,56.04,9.85,86.15,51.04,2.24,62.29,46.87,27.02,58.6
58,50.22,76.06,17.0,32.28,64.0,21.93,64.94,4.12,34.89,90.34,36.06,34.54,87.46,38.48,87.64,41.44,89.16,62.43,78.16,47.76,36.4,26.93,63.29,43.74,36.22,56.72,68.15,92.85,70.26,44.01,71.42,72.92,24.02,104.0,63.53,44.38,65.03,29.15,41.18,91.55,103.97,64.85,81.86,25.71,32.98,25.63,49.65,37.16,72.11,91.27,28.84,4.12,62.37,62.63,22.14,68.07,73.06,83.24,0.0,41.44,84.63,55.32,32.89,83.35,47.3,47.01,82.81,79.38
59,18.79,75.54,34.21,10.44,23.77,34.06,23.54,42.05,24.17,60.96,9.22,66.03,55.87,22.8,53.01,8.25,57.98,40.8,38.6,10.77,30.46,16.49,77.37,14.14,5.39,79.65,38.83,78.59,71.02,64.03,56.89,56.52,45.69,84.58,62.97,23.0,81.01,14.87,14.87,71.18,85.09,34.41,52.63,16.0,62.01,58.31,11.66,11.4,90.05,65.73,27.8,42.05,47.38,68.01,43.42,86.09,32.14,56.04,41.44,0.0,61.72,80.06,19.72,57.14,60.03,9.22,68.66,82.38
60,42.94,42.06,88.41,69.34,49.25,63.29,60.21,87.8,50.33,15.0,70.33,83.74,20.0,47.38,28.3,69.78,19.1,22.63,44.91,69.29,48.26,73.6,64.54,48.55,62.43,78.31,23.77,22.47,42.72,68.18,18.03,15.0,101.14,23.09,39.62,42.52,68.88,73.24,76.49,10.05,23.77,28.16,14.87,70.43,78.85,81.91,68.62,72.95,76.54,8.0,55.8,87.8,23.41,49.03,68.03,74.46,52.15,9.85,84.63,61.72,0.0,81.15,53.74,7.62,58.08,52.8,17.69,50.25
61,74.63,46.49,71.84,76.28,93.23,46.62,100.0,59.03,57.38,94.05,80.45,22.02,95.34,60.44,100.28,85.0,95.9,68.31,102.47,90.27,52.01,73.93,20.12,71.7,75.29,3.61,80.06,74.73,42.2,16.4,63.13,66.19,78.77,89.63,42.05,64.64,17.8,75.8,88.2,82.15,88.84,79.71,88.07,70.49,22.36,30.15,91.55,82.93,19.7,89.14,52.35,59.03,60.42,33.38,38.08,16.64,102.34,86.15,55.32,80.06,81.15,0.0,60.81,84.85,24.35,79.31,68.36,43.42
62,18.0,58.01,34.71,20.0,34.79,16.76,39.66,35.34,5.0,57.8,23.19,48.75,54.63,6.4,54.82,26.25,56.36,31.11,47.38,30.41,11.18,21.84,57.7,12.37,15.81,60.21,35.34,66.19,53.04,44.6,43.83,44.42,47.42,75.0,45.01,11.66,61.29,22.36,31.4,61.85,75.21,31.95,49.24,18.03,44.29,42.06,31.38,26.17,70.33,59.67,8.6,35.34,34.0,49.03,26.0,66.37,44.27,51.04,32.89,19.72,53.74,60.81,0.0,51.4,40.31,18.87,55.9,64.2
63,38.6,48.26,85.7,65.44,42.76,62.65,53.6,86.28,48.55,9.22,66.03,85.59,12.73,45.22,20.81,65.0,12.21,21.02,37.48,63.98,47.42,70.09,69.26,44.69,58.41,82.2,18.36,30.08,48.3,71.03,22.47,19.31,98.41,29.27,44.27,39.82,73.68,69.53,71.69,17.12,30.15,22.83,7.28,67.18,80.62,82.98,63.16,68.51,81.71,8.6,54.59,86.28,25.02,53.76,68.31,79.38,45.01,2.24,83.35,57.14,7.62,84.85,51.4,0.0,61.13,48.02,24.84,56.61
64,51.66,31.14,61.07,58.52,70.18,30.27,77.83,51.42,36.06,70.26,62.39,27.78,71.2,38.42,75.96,66.21,71.85,43.97,78.55,70.71,30.0,57.72,17.72,49.68,55.9,22.36,55.71,55.46,25.46,10.2,40.2,43.1,71.02,69.64,21.47,41.73,21.02,59.2,70.58,60.42,69.08,55.46,63.95,53.85,23.6,29.73,71.69,65.19,30.02,66.07,32.7,51.42,36.35,16.4,25.32,26.08,79.03,62.29,47.3,60.03,58.08,24.35,40.31,61.13,0.0,57.63,47.43,32.65
65,10.2,69.63,42.15,18.87,17.03,35.34,20.81,48.26,21.93,51.74,18.38,67.54,46.69,19.21,44.1,17.0,48.8,32.56,31.26,17.12,27.66,24.6,74.33,8.06,12.08,78.49,29.68,70.41,65.52,62.97,49.16,48.51,54.12,75.77,57.57,17.09,78.24,23.32,23.71,62.39,76.32,25.24,43.42,23.09,63.13,60.54,17.0,20.62,87.42,56.6,27.46,48.26,40.0,63.56,44.72,83.6,26.31,46.87,47.01,9.22,52.8,79.31,18.87,48.02,57.63,0.0,60.67,76.92
66,50.49,25.3,89.89,74.33,61.52,60.88,72.44,86.45,51.48,32.65,76.24,74.85,37.54,49.66,45.61,76.9,36.77,28.16,60.17,77.78,47.43,77.47,50.04,54.57,68.01,65.19,35.69,10.3,27.17,57.57,12.08,12.17,102.34,22.36,26.48,46.49,54.15,77.62,83.43,14.14,21.95,39.32,31.62,73.82,70.26,74.79,77.52,79.12,61.0,24.19,55.22,86.45,21.93,35.06,63.25,59.41,66.22,27.02,82.81,68.66,17.69,68.36,55.9,24.84,47.43,60.67,0.0,33.11
67,68.01,8.49,91.78,84.15,84.08,60.02,94.02,83.49,59.21,65.19,87.37,58.05,69.2,59.68,76.58,89.94,68.82,49.93,87.2,92.96,53.08,85.01,23.32,69.12,79.63,39.82,61.4,35.36,11.4,39.82,35.36,38.21,102.62,50.16,19.42,59.91,26.0,86.01,95.52,46.82,49.09,63.51,62.48,81.01,54.82,61.85,93.39,90.35,30.15,57.25,59.03,83.49,39.96,16.76,57.25,29.83,91.07,58.6,79.38,82.38,50.25,43.42,64.2,56.61,32.65,76.92,33.11,0.0
