vehicles
vehicle_idx, capacity, cost_per_unit_distance
1,100,1
2,100,1
3,100,1
4,100,1
5,100,1
6,100,1
7,100,1
depot
node_idx,x,y
0,24,63
home delivery customers
node_idx,x,y,service_time,demand
1,79,46,15,12
2,42,50,15,2
3,29,96,15,20
4,47,30,15,2
5,54,77,15,26
6,36,30,15,7
7,83,86,15,24
8,30,6,15,23
9,13,2,15,25
10,1,19,15,20
11,75,10,15,18
12,39,23,15,23
13,52,49,15,3
14,18,40,15,1
15,82,90,15,18
16,48,49,15,10
17,64,62,15,9
18,34,78,15,10
19,83,6,15,8
20,3,77,15,30
21,53,86,15,23
22,77,51,15,18
23,58,89,15,22
24,36,17,15,4
25,85,23,15,26
26,93,30,15,21
27,56,73,15,25
28,37,37,15,22
29,78,20,15,19
30,95,42,15,3
31,44,71,15,5
32,18,1,15,13
self pickup customers
node_idx,x,y,service_time,demand,locker_idxs
33,35,60,15,2,54-65-59-62-55-63
34,3,45,15,14,56-59-65-62
35,55,29,15,13,53-64-58-61-56-59-62-65
36,98,1,15,3,53-61-58-64
37,62,91,15,6,54-60-57-55-63
38,14,16,15,22,56-65-59-62
39,95,21,15,6,64-53-58-61
40,30,6,15,7,64-65-62-59-56
41,82,73,15,2,57-55-63
42,18,8,15,16,62-59-56-65
43,88,51,15,2,57-61-53-58
44,12,44,15,1,65-56-59-62
45,68,67,15,2,57-55-63
46,71,34,15,15,53-61-58-64-62
47,88,69,15,3,63-55-57
flexible customers
node_idx,x,y,service_time,demand,locker_idxs
48,3,40,15,17,56-59-65-62
49,96,9,15,2,53-64-58-61
50,27,87,15,13,55-60-54-63
51,50,79,15,18,60-54-55-57-63
52,70,88,15,8,57-55-60-63
lockers
node_idx,x,y,service_time,capacity,cost_per_unit_good
53,93,12,10,78,100
54,22,88,10,94,100
55,65,88,10,73,100
56,25,15,10,90,100
57,77,88,10,96,100
58,72,14,10,81,100
59,30,20,10,92,100
60,40,102,10,91,100
61,87,25,10,77,100
62,36,25,10,93,100
63,47,75,10,84,100
64,65,8,10,75,100
65,20,33,10,87,100
mrt lines
start_node_idx,end_node_idx,freight_capacity,cost_per_unit_good
53,54,94,1
54,53,94,1
55,56,90,1
56,55,90,1
57,58,96,1
58,57,96,1
distance matrix
,0,1,2,3,4,5,6,7,8,9,10,11,12,13,14,15,16,17,18,19,20,21,22,23,24,25,26,27,28,29,30,31,32,33,34,35,36,37,38,39,40,41,42,43,44,45,46,47,48,49,50,51,52,53,54,55,56,57,58,59,60,61,62,63,64,65,
0,0.0,57.57,22.2,33.38,40.22,33.11,35.11,63.32,57.31,61.98,49.65,73.55,42.72,31.3,23.77,63.98,27.78,40.01,18.03,82.04,25.24,37.01,54.34,42.8,47.54,72.95,76.49,33.53,29.07,69.03,74.04,21.54,62.29,11.4,27.66,46.01,96.54,47.2,48.05,82.49,57.31,58.86,55.33,65.12,22.47,44.18,55.23,64.28,31.14,90.0,24.19,30.53,52.35,85.8,25.08,48.02,48.01,58.6,68.59,43.42,42.15,73.57,39.85,25.94,68.6,30.27
1,57.57,0.0,37.22,70.71,35.78,39.82,45.88,40.2,63.25,79.32,82.54,36.22,46.14,27.17,61.29,44.1,31.14,21.93,55.22,40.2,82.08,47.71,5.39,47.85,51.87,23.77,21.26,35.47,42.95,26.02,16.49,43.01,75.8,46.17,76.01,29.41,48.85,48.1,71.59,29.68,63.25,27.17,71.87,10.3,67.03,23.71,14.42,24.7,76.24,40.72,66.22,43.93,42.95,36.77,70.8,44.27,62.27,42.05,32.76,55.47,68.24,22.47,47.85,43.19,40.5,60.42
2,22.2,37.22,0.0,47.8,20.62,29.55,20.88,54.56,45.61,56.08,51.4,51.86,27.17,10.05,26.0,56.57,6.08,25.06,29.12,60.14,47.43,37.64,35.01,42.15,33.54,50.77,54.78,26.93,13.93,46.86,53.6,21.1,54.56,12.21,39.32,24.7,74.41,45.62,44.05,60.42,45.61,46.14,48.37,46.01,30.59,31.06,33.12,49.77,40.26,67.8,39.92,30.08,47.2,63.6,42.94,44.42,38.91,51.66,46.86,32.31,52.04,51.48,25.71,25.5,47.89,27.8
3,33.38,70.71,47.8,0.0,68.41,31.4,66.37,54.92,90.01,95.35,81.93,97.53,73.68,52.33,57.07,53.34,50.7,48.8,18.68,104.96,32.2,26.0,65.8,29.83,79.31,92.01,91.93,35.47,59.54,90.43,85.28,29.15,95.63,36.5,57.25,71.87,117.41,33.38,81.39,99.9,90.01,57.78,88.68,74.2,54.71,48.6,74.89,64.88,61.74,109.81,9.22,27.02,41.77,105.6,10.63,36.88,81.1,48.66,92.59,76.01,12.53,91.68,71.34,27.66,95.08,63.64
4,40.22,35.78,20.62,68.41,0.0,47.52,11.0,66.57,29.41,44.05,47.3,34.41,10.63,19.65,30.68,69.46,19.03,36.24,49.73,43.27,64.38,56.32,36.62,60.02,17.03,38.64,46.0,43.93,12.21,32.57,49.48,41.11,41.01,32.31,46.49,8.06,58.67,62.82,35.85,48.84,29.41,55.44,36.4,46.07,37.7,42.54,24.33,56.59,45.12,53.31,60.41,49.09,62.39,49.4,63.16,60.73,26.63,65.3,29.68,19.72,72.34,40.31,12.08,45.0,28.43,27.17
5,33.11,39.82,29.55,31.4,47.52,0.0,50.33,30.36,74.95,85.48,78.57,70.21,56.04,28.07,51.62,30.87,28.64,18.03,20.02,76.69,51.0,9.06,34.71,12.65,62.64,62.27,61.07,4.47,43.46,61.85,53.91,11.66,84.1,25.5,60.21,48.01,87.82,16.12,72.95,69.4,74.95,28.28,77.83,42.8,53.41,17.2,46.24,34.93,63.01,79.92,28.79,4.47,19.42,75.8,33.84,15.56,68.45,25.5,65.52,61.85,28.65,61.59,55.03,7.28,69.87,55.61
6,35.11,45.88,20.88,66.37,11.0,50.33,0.0,73.11,24.74,36.24,36.69,43.83,7.62,24.84,20.59,75.6,22.47,42.52,48.04,52.77,57.43,58.52,46.07,62.97,13.0,49.5,57.0,47.42,7.07,43.17,60.21,41.77,34.13,30.02,36.25,19.03,68.45,66.31,26.08,59.68,24.74,62.97,28.43,56.08,27.78,48.92,35.23,65.0,34.48,63.57,57.71,50.96,67.23,59.77,59.67,64.85,18.6,71.03,39.4,11.66,72.11,51.24,5.0,46.32,36.4,16.28
7,63.32,40.2,54.56,54.92,66.57,30.36,73.11,0.0,95.96,109.34,105.89,76.42,76.84,48.27,79.63,4.12,50.93,30.61,49.65,80.0,80.5,30.0,35.51,25.18,83.49,63.03,56.89,29.97,67.21,66.19,45.61,41.79,107.0,54.59,89.89,63.51,86.31,21.59,98.29,66.1,95.96,13.04,101.53,35.36,82.49,24.21,53.37,17.72,92.28,78.09,56.01,33.73,13.15,74.67,61.03,18.11,91.68,6.32,72.84,84.65,45.88,61.13,77.01,37.64,80.05,82.33
8,57.31,63.25,45.61,90.01,29.41,74.95,24.74,95.96,0.0,17.46,31.78,45.18,19.24,48.3,36.06,98.79,46.62,65.51,72.11,53.0,75.96,83.24,65.07,87.6,12.53,57.57,67.42,71.87,31.78,50.0,74.3,66.49,13.0,54.23,47.43,33.97,68.18,90.82,18.87,66.71,0.0,84.81,12.17,73.41,42.05,71.87,49.65,85.63,43.42,66.07,81.06,75.69,91.24,63.29,82.39,89.16,10.3,94.51,42.76,14.0,96.52,60.08,19.92,71.06,35.06,28.79
9,61.98,79.32,56.08,95.35,44.05,85.48,36.24,109.34,17.46,0.0,20.81,62.51,33.42,61.07,38.33,111.83,58.6,78.75,78.85,70.11,75.66,93.04,80.6,97.95,27.46,75.0,84.76,83.01,42.44,67.45,91.24,75.64,5.1,62.03,44.15,49.93,85.01,101.6,14.04,84.17,17.46,99.01,7.81,89.59,42.01,85.15,66.24,100.57,39.29,83.29,86.15,85.43,103.17,80.62,86.47,100.5,17.69,107.2,60.21,24.76,103.58,77.49,32.53,80.53,52.35,31.78
10,49.65,82.54,51.4,81.93,47.3,78.57,36.69,105.89,31.78,20.81,0.0,74.55,38.21,59.17,27.02,107.71,55.76,76.28,67.6,83.02,58.03,84.81,82.46,90.27,35.06,84.1,92.66,77.08,40.25,77.01,96.77,67.48,24.76,53.26,26.08,54.92,98.66,94.37,13.34,94.02,31.78,97.35,20.25,92.7,27.31,82.42,71.59,100.34,21.1,95.52,72.8,77.47,97.58,92.27,72.12,94.11,24.33,102.65,71.18,29.02,91.71,86.21,35.51,72.47,64.94,23.6
11,73.55,36.22,51.86,97.53,34.41,70.21,43.83,76.42,45.18,62.51,74.55,0.0,38.28,45.28,64.41,80.31,47.43,53.15,79.4,8.94,98.35,79.12,41.05,80.81,39.62,16.4,26.91,65.8,46.62,10.44,37.74,68.43,57.71,64.03,80.06,27.59,24.7,82.04,61.29,22.83,45.18,63.39,57.04,43.01,71.59,57.43,24.33,60.42,78.0,21.02,90.74,73.39,78.16,18.11,94.3,78.64,50.25,78.03,5.0,46.1,98.43,19.21,41.79,70.77,10.2,59.62
12,42.72,46.14,27.17,73.68,10.63,56.04,7.62,76.84,19.24,33.42,38.21,38.28,0.0,29.07,27.02,79.61,27.51,46.32,55.23,47.17,64.9,64.54,47.2,68.68,6.71,46.0,54.45,52.81,14.14,39.12,59.14,48.26,30.41,37.22,42.19,17.09,62.97,71.78,25.96,56.04,19.24,65.95,25.81,56.44,34.21,52.7,33.84,67.21,39.81,58.69,65.12,57.07,72.01,55.11,67.19,70.01,16.12,75.29,34.21,9.49,79.01,48.04,3.61,52.61,30.02,21.47
13,31.3,27.17,10.05,52.33,19.65,28.07,24.84,48.27,48.3,61.07,59.17,45.28,29.07,0.0,35.17,50.8,4.0,17.69,34.13,53.01,56.44,37.01,25.08,40.45,35.78,42.01,45.19,24.33,19.21,38.95,43.57,23.41,58.82,20.25,49.16,20.22,66.48,43.17,50.33,51.31,48.3,38.42,53.26,36.06,40.31,24.08,24.21,41.18,49.82,59.46,45.49,30.07,42.95,55.23,49.2,41.11,43.42,46.32,40.31,36.4,54.34,42.44,28.84,26.48,43.01,35.78
14,23.77,61.29,26.0,57.07,30.68,51.62,20.59,79.63,36.06,38.33,27.02,64.41,27.02,35.17,0.0,81.22,31.32,50.99,41.23,73.36,39.92,57.8,60.02,63.25,29.21,69.12,75.66,50.33,19.24,63.25,77.03,40.46,39.0,26.25,15.81,38.6,89.0,67.36,24.33,79.31,36.06,72.01,32.0,70.86,7.21,56.82,53.34,75.77,15.0,83.93,47.85,50.45,70.77,80.06,48.17,67.18,25.96,76.06,59.93,23.32,65.79,70.61,23.43,45.45,56.86,7.28
15,63.98,44.1,56.57,53.34,69.46,30.87,75.6,4.12,98.79,111.83,107.71,80.31,79.61,50.8,81.22,0.0,53.26,33.29,49.48,84.01,80.06,29.27,39.32,24.02,86.28,67.07,61.0,31.06,69.53,70.11,49.73,42.49,109.62,55.76,90.92,66.71,90.43,20.02,100.5,70.21,98.79,17.0,104.02,39.46,83.76,26.93,57.07,21.84,93.49,82.2,55.08,33.84,12.17,78.77,60.03,17.12,94.2,5.39,76.66,87.2,43.68,65.19,79.63,38.08,83.74,84.22
16,27.78,31.14,6.08,50.7,19.03,28.64,22.47,50.93,46.62,58.6,55.76,47.43,27.51,4.0,31.32,53.26,0.0,20.62,32.2,55.44,53.0,37.34,29.07,41.23,34.18,45.22,48.85,25.3,16.28,41.73,47.52,22.36,56.6,17.03,45.18,21.19,69.31,44.27,47.38,54.71,46.62,41.62,50.8,40.05,36.35,26.91,27.46,44.72,45.89,62.48,43.42,30.07,44.78,58.26,46.87,42.54,41.05,48.6,42.44,34.13,53.6,45.79,26.83,26.02,44.38,32.25
17,40.01,21.93,25.06,48.8,36.24,18.03,42.52,30.61,65.51,78.75,76.28,53.15,46.32,17.69,50.99,33.29,20.62,0.0,34.0,59.14,62.82,26.4,17.03,27.66,53.0,44.29,43.19,13.6,36.8,44.27,36.89,21.93,76.4,29.07,63.32,34.21,69.84,29.07,67.94,51.4,65.51,21.1,70.94,26.4,55.03,6.4,28.86,25.0,64.85,61.91,44.65,22.02,26.68,57.8,49.4,26.02,61.07,29.07,48.66,54.04,46.65,43.57,46.4,21.4,54.01,52.7
18,18.03,55.22,29.12,18.68,49.73,20.02,48.04,49.65,72.11,78.85,67.6,79.4,55.23,34.13,41.23,49.48,32.2,34.0,0.0,87.09,31.02,20.62,50.77,26.4,61.03,75.01,76.06,22.56,41.11,72.8,70.83,12.21,78.64,18.03,45.28,53.31,100.12,30.87,65.15,83.49,72.11,48.26,71.81,60.37,40.5,35.74,57.49,54.74,49.04,92.76,11.4,16.03,37.36,88.53,15.62,32.57,63.64,44.15,74.43,58.14,24.74,74.95,53.04,13.34,76.56,47.13
19,82.04,40.2,60.14,104.96,43.27,76.69,52.77,80.0,53.0,70.11,83.02,8.94,47.17,53.01,73.36,84.01,55.44,59.14,87.09,0.0,106.96,85.44,45.4,86.68,48.27,17.12,26.0,72.24,55.47,14.87,37.95,75.8,65.19,72.25,89.0,36.24,15.81,87.56,69.72,19.21,53.0,67.01,65.03,45.28,80.53,62.82,30.46,63.2,86.93,13.34,98.47,80.11,83.02,11.66,102.2,83.95,58.69,82.22,13.6,54.82,105.19,19.42,50.7,77.83,18.11,68.54
20,25.24,82.08,47.43,32.2,64.38,51.0,57.43,80.5,75.96,75.66,58.03,98.35,64.9,56.44,39.92,80.06,53.0,62.82,31.02,106.96,0.0,50.8,78.43,56.29,68.48,98.18,101.53,53.15,52.5,94.2,98.43,41.44,77.47,36.24,32.0,70.77,121.66,60.64,61.98,107.7,75.96,79.1,70.61,88.89,34.21,65.76,80.45,85.38,37.0,115.21,26.0,47.04,67.9,111.02,21.95,62.97,65.79,74.81,93.43,63.07,44.65,98.79,61.59,44.05,92.76,47.17
21,37.01,47.71,37.64,26.0,56.32,9.06,58.52,30.0,83.24,93.04,84.81,79.12,64.54,37.01,57.8,29.27,37.34,26.4,20.62,85.44,50.8,0.0,42.44,5.83,71.06,70.66,68.82,13.34,51.55,70.58,60.83,17.49,91.92,31.62,64.66,57.04,96.18,10.3,80.13,77.39,83.24,31.78,85.49,49.5,58.69,24.21,55.03,38.91,67.94,88.19,26.02,7.62,17.12,84.12,31.06,12.17,76.32,24.08,74.46,69.89,20.62,69.84,63.32,12.53,78.92,62.43
22,54.34,5.39,35.01,65.8,36.62,34.71,46.07,35.51,65.07,80.6,82.46,41.05,47.2,25.08,60.02,39.32,29.07,17.03,50.77,45.4,78.43,42.44,0.0,42.49,53.26,29.12,26.4,30.41,42.38,31.02,20.12,38.59,77.34,42.95,74.24,31.11,54.23,42.72,72.07,34.99,65.07,22.56,73.01,11.0,65.38,18.36,18.03,21.1,74.81,46.1,61.61,38.9,37.66,42.15,66.29,38.9,63.25,37.0,37.34,56.3,63.01,27.86,48.55,38.42,44.64,59.77
23,42.8,47.85,42.15,29.83,60.02,12.65,62.97,25.18,87.6,97.95,90.27,80.81,68.68,40.45,63.25,24.02,41.23,27.66,26.4,86.68,56.29,5.83,42.49,0.0,75.29,71.31,68.6,16.12,56.08,71.84,59.82,22.8,96.66,37.01,70.43,60.07,96.66,4.47,85.23,77.41,87.6,28.84,90.34,48.41,64.35,24.17,56.52,36.06,73.66,88.57,31.06,12.81,12.04,84.58,36.01,7.07,81.02,19.03,76.3,74.46,22.2,70.26,67.68,17.8,81.3,67.68
24,47.54,51.87,33.54,79.31,17.03,62.64,13.0,83.49,12.53,27.46,35.06,39.62,6.71,35.78,29.21,86.28,34.18,53.0,61.03,48.27,68.48,71.06,53.26,75.29,0.0,49.37,58.46,59.46,20.02,42.11,64.08,54.59,24.08,43.01,43.28,22.47,64.03,78.43,22.02,59.14,12.53,72.47,20.12,62.13,36.12,59.36,38.91,73.54,40.22,60.53,70.58,63.56,78.72,57.22,72.37,76.69,11.18,81.99,36.12,6.71,85.09,51.62,8.0,59.03,30.36,22.63
25,72.95,23.77,50.77,92.01,38.64,62.27,49.5,63.03,57.57,75.0,84.1,16.4,46.0,42.01,69.12,67.07,45.22,44.29,75.01,17.12,98.18,70.66,29.12,71.31,49.37,0.0,10.63,57.8,50.0,7.62,21.47,63.13,70.52,62.2,84.9,30.59,25.55,71.78,71.34,10.2,57.57,50.09,68.66,28.16,75.96,47.17,17.8,46.1,83.74,17.8,86.37,66.04,66.71,13.6,90.52,68.01,60.53,65.49,15.81,55.08,90.92,2.83,49.04,64.4,25.0,65.76
26,76.49,21.26,54.78,91.93,46.0,61.07,57.0,56.89,67.42,84.76,92.66,26.91,54.45,45.19,75.66,61.0,48.85,43.19,76.06,26.0,101.53,68.82,26.4,68.6,58.46,10.63,0.0,56.73,56.44,18.03,12.17,63.89,80.41,65.3,91.24,38.01,29.43,68.43,80.23,9.22,67.42,44.38,78.16,21.59,82.2,44.65,22.36,39.32,90.55,21.21,87.21,65.19,62.39,18.0,91.68,64.4,69.63,60.17,26.4,63.79,89.4,7.81,57.22,64.35,35.61,73.06
27,33.53,35.47,26.93,35.47,43.93,4.47,47.42,29.97,71.87,83.01,77.08,65.8,52.81,24.33,50.33,31.06,25.3,13.6,22.56,72.24,53.15,13.34,30.41,16.12,59.46,57.8,56.73,0.0,40.71,57.38,49.82,12.17,81.41,24.7,59.94,44.01,83.35,18.97,70.8,65.0,71.87,26.0,75.29,38.83,52.7,13.42,41.79,32.25,62.43,75.47,32.2,8.49,20.52,71.34,37.16,17.49,65.76,25.81,61.13,59.03,33.12,57.14,52.0,9.22,65.62,53.81
28,29.07,42.95,13.93,59.54,12.21,43.46,7.07,67.21,31.78,42.44,40.25,46.62,14.14,19.21,19.24,69.53,16.28,36.8,41.11,55.47,52.5,51.55,42.38,56.08,20.02,50.0,56.44,40.71,0.0,44.38,58.22,34.71,40.71,23.09,34.93,19.7,70.83,59.51,31.14,60.17,31.78,57.63,34.67,52.89,25.96,43.14,34.13,60.21,34.13,65.31,50.99,43.97,60.75,61.33,53.16,58.18,25.06,64.82,41.88,18.38,65.07,51.42,12.04,39.29,40.31,17.46
29,69.03,26.02,46.86,90.43,32.57,61.85,43.17,66.19,50.0,67.45,77.01,10.44,39.12,38.95,63.25,70.11,41.73,44.27,72.8,14.87,94.2,70.58,31.02,71.84,42.11,7.62,18.03,57.38,44.38,0.0,27.8,61.29,62.94,58.73,79.06,24.7,27.59,72.78,64.12,17.03,50.0,53.15,61.19,32.57,70.23,48.05,15.65,50.01,77.62,21.1,84.2,65.31,68.47,17.0,88.09,69.23,53.24,68.01,8.49,48.0,90.38,10.3,42.3,63.13,17.69,59.44
30,74.04,16.49,53.6,85.28,49.48,53.91,60.21,45.61,74.3,91.24,96.77,37.74,59.14,43.57,77.03,49.73,47.52,36.89,70.83,37.95,98.43,60.83,20.12,59.82,64.08,21.47,12.17,49.82,58.22,27.8,0.0,58.67,87.24,62.64,92.05,42.06,41.11,59.08,85.07,21.0,74.3,33.62,84.17,11.4,83.02,36.8,25.3,27.89,92.02,33.02,81.54,58.26,52.35,30.07,86.28,54.92,75.03,49.4,36.24,68.62,81.39,18.79,61.4,58.25,45.34,75.54
31,21.54,43.01,21.1,29.15,41.11,11.66,41.77,41.79,66.49,75.64,67.48,68.43,48.26,23.41,40.46,42.49,22.36,21.93,12.21,75.8,41.44,17.49,38.59,22.8,54.59,63.13,63.89,12.17,34.71,61.29,58.67,0.0,74.67,14.21,48.55,43.42,88.41,26.91,62.65,71.42,66.49,38.05,68.15,48.33,41.87,24.33,45.8,44.05,51.4,80.92,23.35,10.0,31.06,76.69,27.8,27.02,59.14,37.12,63.51,52.89,31.26,62.97,46.69,5.0,66.41,44.94
32,62.29,75.8,54.56,95.63,41.01,84.1,34.13,107.0,13.0,5.1,24.76,57.71,30.41,58.82,39.0,109.62,56.6,76.4,78.64,65.19,77.47,91.92,77.34,96.66,24.08,70.52,80.41,81.41,40.71,62.94,87.24,74.67,0.0,61.4,46.49,46.4,80.0,100.18,15.52,79.56,13.0,96.33,7.0,86.02,43.42,82.8,62.43,97.59,41.79,78.41,86.47,84.31,101.36,75.8,87.09,98.88,15.65,105.12,55.54,22.47,103.37,73.05,30.0,79.48,47.52,32.06
33,11.4,46.17,12.21,36.5,32.31,25.5,30.02,54.59,54.23,62.03,53.26,64.03,37.22,20.25,26.25,55.76,17.03,29.07,18.03,72.25,36.24,31.62,42.95,37.01,43.01,62.2,65.3,24.7,23.09,58.73,62.64,14.21,61.4,0.0,35.34,36.89,86.31,41.11,48.75,71.56,54.23,48.76,54.71,53.76,28.02,33.73,44.41,53.76,37.74,79.51,28.16,24.21,44.82,75.29,30.87,41.04,46.1,50.48,59.03,40.31,42.3,62.68,35.01,19.21,60.03,30.89
34,27.66,76.01,39.32,57.25,46.49,60.21,36.25,89.89,47.43,44.15,26.08,80.06,42.19,49.16,15.81,90.92,45.18,63.32,45.28,89.0,32.0,64.66,74.24,70.43,43.28,84.9,91.24,59.94,34.93,79.06,92.05,48.55,46.49,35.34,0.0,54.41,104.69,74.81,31.02,95.08,47.43,83.82,39.92,85.21,9.06,68.62,68.88,88.32,5.0,99.72,48.37,58.01,79.61,95.86,47.01,75.45,37.2,85.59,75.64,36.8,67.96,86.35,38.59,53.25,72.2,20.81
35,46.01,29.41,24.7,71.87,8.06,48.01,19.03,63.51,33.97,49.93,54.92,27.59,17.09,20.22,38.6,66.71,21.19,34.21,53.31,36.24,70.77,57.04,31.11,60.07,22.47,30.59,38.01,44.01,19.7,24.7,42.06,43.42,46.4,36.89,54.41,0.0,51.31,62.39,43.01,40.79,33.97,51.62,42.54,39.66,45.54,40.16,16.76,51.86,53.15,45.62,64.4,50.25,60.88,41.63,67.6,59.84,33.11,62.97,22.67,26.57,74.53,32.25,19.42,46.69,23.26,35.23
36,96.54,48.85,74.41,117.41,58.67,87.82,68.45,86.31,68.18,85.01,98.66,24.7,62.97,66.48,89.0,90.43,69.31,69.84,100.12,15.81,121.66,96.18,54.23,96.66,64.03,25.55,29.43,83.35,70.83,27.59,41.11,88.41,80.0,86.31,104.69,51.31,0.0,96.93,85.33,20.22,68.18,73.76,80.31,50.99,96.15,72.5,42.64,68.73,102.69,8.25,111.52,91.59,91.39,12.08,115.52,93.05,74.33,89.5,29.07,70.6,116.47,26.4,66.48,89.87,33.73,84.31
37,47.2,48.1,45.62,33.38,62.82,16.12,66.31,21.59,90.82,101.6,94.37,82.04,71.78,43.17,67.36,20.02,44.27,29.07,30.87,87.56,60.64,10.3,42.72,4.47,78.43,71.78,68.43,18.97,59.51,72.78,59.08,26.91,100.18,41.11,74.81,62.39,96.93,0.0,89.04,77.39,90.82,26.91,93.94,47.71,68.62,24.74,57.71,34.06,77.99,88.77,35.23,16.97,8.54,84.86,40.11,4.24,84.53,15.3,77.65,77.88,24.6,70.58,70.94,21.93,83.05,71.61
38,48.05,71.59,44.05,81.39,35.85,72.95,26.08,98.29,18.87,14.04,13.34,61.29,25.96,50.33,24.33,100.5,47.38,67.94,65.15,69.72,61.98,80.13,72.07,85.23,22.02,71.34,80.23,70.8,31.14,64.12,85.07,62.65,15.52,48.75,31.02,43.01,85.33,89.04,0.0,81.15,18.87,88.73,8.94,81.86,28.07,74.28,59.77,91.02,26.4,82.3,72.18,72.56,91.21,79.1,72.44,88.23,11.05,95.67,58.03,16.49,89.84,73.55,23.77,67.6,51.62,18.03
39,82.49,29.68,60.42,99.9,48.84,69.4,59.68,66.1,66.71,84.17,94.02,22.83,56.04,51.31,79.31,70.21,54.71,51.4,83.49,19.21,107.7,77.39,34.99,77.41,59.14,10.2,9.22,65.0,60.17,17.03,21.0,71.42,79.56,71.56,95.08,40.79,20.22,77.39,81.15,0.0,66.71,53.6,78.09,30.81,86.13,53.34,27.29,48.51,93.94,12.04,94.76,73.41,71.51,9.22,99.09,73.41,70.26,69.38,24.04,65.01,97.91,8.94,59.14,72.25,32.7,75.95
40,57.31,63.25,45.61,90.01,29.41,74.95,24.74,95.96,0.0,17.46,31.78,45.18,19.24,48.3,36.06,98.79,46.62,65.51,72.11,53.0,75.96,83.24,65.07,87.6,12.53,57.57,67.42,71.87,31.78,50.0,74.3,66.49,13.0,54.23,47.43,33.97,68.18,90.82,18.87,66.71,0.0,84.81,12.17,73.41,42.05,71.87,49.65,85.63,43.42,66.07,81.06,75.69,91.24,63.29,82.39,89.16,10.3,94.51,42.76,14.0,96.52,60.08,19.92,71.06,35.06,28.79
41,58.86,27.17,46.14,57.78,55.44,28.28,62.97,13.04,84.81,99.01,97.35,63.39,65.95,38.42,72.01,17.0,41.62,21.1,48.26,67.01,79.1,31.78,22.56,28.84,72.47,50.09,44.38,26.0,57.63,53.15,33.62,38.05,96.33,48.76,83.82,51.62,73.76,26.91,88.73,53.6,84.81,0.0,91.22,22.8,75.77,15.23,40.52,7.21,85.62,65.51,56.75,32.56,19.21,61.98,61.85,22.67,81.32,15.81,59.84,74.25,51.04,48.26,66.48,35.06,67.19,73.78
42,55.33,71.87,48.37,88.68,36.4,77.83,28.43,101.53,12.17,7.81,20.25,57.04,25.81,53.26,32.0,104.02,50.8,70.94,71.81,65.03,70.61,85.49,73.01,90.34,20.12,68.66,78.16,75.29,34.67,61.19,84.17,68.15,7.0,54.71,39.92,42.54,80.31,93.94,8.94,78.09,12.17,91.22,0.0,82.15,36.5,77.34,59.03,92.85,35.34,78.01,79.51,77.88,95.41,75.11,80.1,92.78,9.9,99.4,54.33,16.97,96.54,71.06,24.76,73.01,47.0,25.08
43,65.12,10.3,46.01,74.2,46.07,42.8,56.08,35.36,73.41,89.59,92.7,43.01,56.44,36.06,70.86,39.46,40.05,26.4,60.37,45.28,88.89,49.5,11.0,48.41,62.13,28.16,21.59,38.83,52.89,32.57,11.4,48.33,86.02,53.76,85.21,39.66,50.99,47.71,81.86,30.81,73.41,22.8,82.15,0.0,76.32,25.61,24.04,18.0,85.71,42.76,70.83,47.2,41.15,39.32,75.66,43.57,72.56,38.6,40.31,65.76,70.04,26.02,58.14,47.51,48.76,70.34
44,22.47,67.03,30.59,54.71,37.7,53.41,27.78,82.49,42.05,42.01,27.31,71.59,34.21,40.31,7.21,83.76,36.35,55.03,40.5,80.53,34.21,58.69,65.38,64.35,36.12,75.96,82.2,52.7,25.96,70.23,83.02,41.87,43.42,28.02,9.06,45.54,96.15,68.62,28.07,86.13,42.05,75.77,36.5,76.32,0.0,60.54,59.84,80.01,9.85,91.0,45.54,51.66,72.8,87.09,45.12,68.88,31.78,78.49,67.08,30.0,64.4,77.37,30.61,46.75,64.07,13.6
45,44.18,23.71,31.06,48.6,42.54,17.2,48.92,24.21,71.87,85.15,82.42,57.43,52.7,24.08,56.82,26.93,26.91,6.4,35.74,62.82,65.76,24.21,18.36,24.17,59.36,47.17,44.65,13.42,43.14,48.05,36.8,24.33,82.8,33.73,68.62,40.16,72.5,24.74,74.28,53.34,71.87,15.23,77.34,25.61,60.54,0.0,33.14,20.1,70.38,64.4,45.62,21.63,21.1,60.42,50.57,21.21,67.48,22.85,53.15,60.44,44.82,46.1,52.8,22.47,59.08,58.82
46,55.23,14.42,33.12,74.89,24.33,46.24,35.23,53.37,49.65,66.24,71.59,24.33,33.84,24.21,53.34,57.07,27.46,28.86,57.49,30.46,80.45,55.03,18.03,56.52,38.91,17.8,22.36,41.79,34.13,15.65,25.3,45.8,62.43,44.41,68.88,16.76,42.64,57.71,59.77,27.29,49.65,40.52,59.03,24.04,59.84,33.14,0.0,38.91,68.26,35.36,68.88,49.66,54.01,31.11,72.92,54.33,49.77,54.33,20.02,43.32,74.73,18.36,36.14,47.51,26.68,51.01
47,64.28,24.7,49.77,64.88,56.59,34.93,65.0,17.72,85.63,100.57,100.34,60.42,67.21,41.18,75.77,21.84,44.72,25.0,54.74,63.2,85.38,38.91,21.1,36.06,73.54,46.1,39.32,32.25,60.21,50.01,27.89,44.05,97.59,53.76,88.32,51.86,68.73,34.06,91.02,48.51,85.63,7.21,92.85,18.0,80.01,20.1,38.91,0.0,89.81,60.53,63.6,39.29,26.17,57.22,68.68,29.83,82.98,21.95,57.28,75.93,58.25,44.01,68.12,41.44,65.19,76.94
48,31.14,76.24,40.26,61.74,45.12,63.01,34.48,92.28,43.42,39.29,21.1,78.0,39.81,49.82,15.0,93.49,45.89,64.85,49.04,86.93,37.0,67.94,74.81,73.66,40.22,83.74,90.55,62.43,34.13,77.62,92.02,51.4,41.79,37.74,5.0,53.15,102.69,77.99,26.4,93.94,43.42,85.62,35.34,85.71,9.85,70.38,68.26,89.81,0.0,98.03,52.77,61.07,82.42,94.25,51.62,78.41,33.3,88.2,73.74,33.6,72.2,85.33,36.25,56.22,69.77,18.38
49,90.0,40.72,67.8,109.81,53.31,79.92,63.57,78.09,66.07,83.29,95.52,21.02,58.69,59.46,83.93,82.2,62.48,61.91,92.76,13.34,115.21,88.19,46.1,88.57,60.53,17.8,21.21,75.47,65.31,21.1,33.02,80.92,78.41,79.51,99.72,45.62,8.25,88.77,82.3,12.04,66.07,65.51,78.01,42.76,91.0,64.4,35.36,60.53,98.03,0.0,104.14,83.76,83.17,4.24,108.25,84.86,71.25,81.25,24.52,66.91,108.56,18.36,62.1,82.2,31.02,79.7
50,24.19,66.22,39.92,9.22,60.41,28.79,57.71,56.01,81.06,86.15,72.8,90.74,65.12,45.49,47.85,55.08,43.42,44.65,11.4,98.47,26.0,26.02,61.61,31.06,70.58,86.37,87.21,32.2,50.99,84.2,81.54,23.35,86.47,28.16,48.37,64.4,111.52,35.23,72.18,94.76,81.06,56.75,79.51,70.83,45.54,45.62,68.88,63.6,52.77,104.14,0.0,24.35,43.01,99.9,5.1,38.01,72.03,50.01,85.76,67.07,19.85,86.28,62.65,23.32,87.66,54.45
51,30.53,43.93,30.08,27.02,49.09,4.47,50.96,33.73,75.69,85.43,77.47,73.39,57.07,30.07,50.45,33.84,30.07,22.02,16.03,80.11,47.04,7.62,38.9,12.81,63.56,66.04,65.19,8.49,43.97,65.31,58.26,10.0,84.31,24.21,58.01,50.25,91.59,16.97,72.56,73.41,75.69,32.56,77.88,47.2,51.66,21.63,49.66,39.29,61.07,83.76,24.35,0.0,21.93,79.61,29.41,17.49,68.71,28.46,68.62,62.3,25.08,65.46,55.79,5.0,72.57,54.92
52,52.35,42.95,47.2,41.77,62.39,19.42,67.23,13.15,91.24,103.17,97.58,78.16,72.01,42.95,70.77,12.17,44.78,26.68,37.36,83.02,67.9,17.12,37.66,12.04,78.72,66.71,62.39,20.52,60.75,68.47,52.35,31.06,101.36,44.82,79.61,60.88,91.39,8.54,91.21,71.51,91.24,19.21,95.41,41.15,72.8,21.1,54.01,26.17,82.42,83.17,43.01,21.93,0.0,79.4,48.0,5.0,85.76,7.0,74.03,78.89,33.11,65.25,71.59,26.42,80.16,74.33
53,85.8,36.77,63.6,105.6,49.4,75.8,59.77,74.67,63.29,80.62,92.27,18.11,55.11,55.23,80.06,78.77,58.26,57.8,88.53,11.66,111.02,84.12,42.15,84.58,57.22,13.6,18.0,71.34,61.33,17.0,30.07,76.69,75.8,75.29,95.86,41.63,12.08,84.86,79.1,9.22,63.29,61.98,75.11,39.32,87.09,60.42,31.11,57.22,94.25,4.24,99.9,79.61,79.4,0.0,104.0,80.99,68.07,77.67,21.1,63.51,104.45,14.32,58.46,78.01,28.28,75.96
54,25.08,70.8,42.94,10.63,63.16,33.84,59.67,61.03,82.39,86.47,72.12,94.3,67.19,49.2,48.17,60.03,46.87,49.4,15.62,102.2,21.95,31.06,66.29,36.01,72.37,90.52,91.68,37.16,53.16,88.09,86.28,27.8,87.09,30.87,47.01,67.6,115.52,40.11,72.44,99.09,82.39,61.85,80.1,75.66,45.12,50.57,72.92,68.68,51.62,108.25,5.1,29.41,48.0,104.0,0.0,43.0,73.06,55.0,89.31,68.47,22.8,90.52,64.54,28.18,90.82,55.04
55,48.02,44.27,44.42,36.88,60.73,15.56,64.85,18.11,89.16,100.5,94.11,78.64,70.01,41.11,67.18,17.12,42.54,26.02,32.57,83.95,62.97,12.17,38.9,7.07,76.69,68.01,64.4,17.49,58.18,69.23,54.92,27.02,98.88,41.04,75.45,59.84,93.05,4.24,88.23,73.41,89.16,22.67,92.78,43.57,68.88,21.21,54.33,29.83,78.41,84.86,38.01,17.49,5.0,80.99,43.0,0.0,83.24,12.0,74.33,76.48,28.65,66.73,69.35,22.2,80.0,71.06
56,48.01,62.27,38.91,81.1,26.63,68.45,18.6,91.68,10.3,17.69,24.33,50.25,16.12,43.42,25.96,94.2,41.05,61.07,63.64,58.69,65.79,76.32,63.25,81.02,11.18,60.53,69.63,65.76,25.06,53.24,75.03,59.14,15.65,46.1,37.2,33.11,74.33,84.53,11.05,70.26,10.3,81.32,9.9,72.56,31.78,67.48,49.77,82.98,33.3,71.25,72.03,68.71,85.76,68.07,73.06,83.24,0.0,89.63,47.01,7.07,88.28,62.8,14.87,63.91,40.61,18.68
57,58.6,42.05,51.66,48.66,65.3,25.5,71.03,6.32,94.51,107.2,102.65,78.03,75.29,46.32,76.06,5.39,48.6,29.07,44.15,82.22,74.81,24.08,37.0,19.03,81.99,65.49,60.17,25.81,64.82,68.01,49.4,37.12,105.12,50.48,85.59,62.97,89.5,15.3,95.67,69.38,94.51,15.81,99.4,38.6,78.49,22.85,54.33,21.95,88.2,81.25,50.01,28.46,7.0,77.67,55.0,12.0,89.63,0.0,74.17,82.66,39.56,63.79,75.17,32.7,80.89,79.21
58,68.59,32.76,46.86,92.59,29.68,65.52,39.4,72.84,42.76,60.21,71.18,5.0,34.21,40.31,59.93,76.66,42.44,48.66,74.43,13.6,93.43,74.46,37.34,76.3,36.12,15.81,26.4,61.13,41.88,8.49,36.24,63.51,55.54,59.03,75.64,22.67,29.07,77.65,58.03,24.04,42.76,59.84,54.33,40.31,67.08,53.15,20.02,57.28,73.74,24.52,85.76,68.62,74.03,21.1,89.31,74.33,47.01,74.17,0.0,42.43,93.64,18.6,37.64,65.92,9.22,55.36
59,43.42,55.47,32.31,76.01,19.72,61.85,11.66,84.65,14.0,24.76,29.02,46.1,9.49,36.4,23.32,87.2,34.13,54.04,58.14,54.82,63.07,69.89,56.3,74.46,6.71,55.08,63.79,59.03,18.38,48.0,68.62,52.89,22.47,40.31,36.8,26.57,70.6,77.88,16.49,65.01,14.0,74.25,16.97,65.76,30.0,60.44,43.32,75.93,33.6,66.91,67.07,62.3,78.89,63.51,68.47,76.48,7.07,82.66,42.43,0.0,82.61,57.22,7.81,57.57,37.0,16.4
60,42.15,68.24,52.04,12.53,72.34,28.65,72.11,45.88,96.52,103.58,91.71,98.43,79.01,54.34,65.79,43.68,53.6,46.65,24.74,105.19,44.65,20.62,63.01,22.2,85.09,90.92,89.4,33.12,65.07,90.38,81.39,31.26,103.37,42.3,67.96,74.53,116.47,24.6,89.84,97.91,96.52,51.04,96.54,70.04,64.4,44.82,74.73,58.25,72.2,108.56,19.85,25.08,33.11,104.45,22.8,28.65,88.28,39.56,93.64,82.61,0.0,90.21,77.1,27.89,97.27,71.84
61,73.57,22.47,51.48,91.68,40.31,61.59,51.24,61.13,60.08,77.49,86.21,19.21,48.04,42.44,70.61,65.19,45.79,43.57,74.95,19.42,98.79,69.84,27.86,70.26,51.62,2.83,7.81,57.14,51.42,10.3,18.79,62.97,73.05,62.68,86.35,32.25,26.4,70.58,73.55,8.94,60.08,48.26,71.06,26.02,77.37,46.1,18.36,44.01,85.33,18.36,86.28,65.46,65.25,14.32,90.52,66.73,62.8,63.79,18.6,57.22,90.21,0.0,51.0,64.03,27.8,67.48
62,39.85,47.85,25.71,71.34,12.08,55.03,5.0,77.01,19.92,32.53,35.51,41.79,3.61,28.84,23.43,79.63,26.83,46.4,53.04,50.7,61.59,63.32,48.55,67.68,8.0,49.04,57.22,52.0,12.04,42.3,61.4,46.69,30.0,35.01,38.59,19.42,66.48,70.94,23.77,59.14,19.92,66.48,24.76,58.14,30.61,52.8,36.14,68.12,36.25,62.1,62.65,55.79,71.59,58.46,64.54,69.35,14.87,75.17,37.64,7.81,77.1,51.0,0.0,51.2,33.62,17.89
63,25.94,43.19,25.5,27.66,45.0,7.28,46.32,37.64,71.06,80.53,72.47,70.77,52.61,26.48,45.45,38.08,26.02,21.4,13.34,77.83,44.05,12.53,38.42,17.8,59.03,64.4,64.35,9.22,39.29,63.13,58.25,5.0,79.48,19.21,53.25,46.69,89.87,21.93,67.6,72.25,71.06,35.06,73.01,47.51,46.75,22.47,47.51,41.44,56.22,82.2,23.32,5.0,26.42,78.01,28.18,22.2,63.91,32.7,65.92,57.57,27.89,64.03,51.2,0.0,69.38,49.93
64,68.6,40.5,47.89,95.08,28.43,69.87,36.4,80.05,35.06,52.35,64.94,10.2,30.02,43.01,56.86,83.74,44.38,54.01,76.56,18.11,92.76,78.92,44.64,81.3,30.36,25.0,35.61,65.62,40.31,17.69,45.34,66.41,47.52,60.03,72.2,23.26,33.73,83.05,51.62,32.7,35.06,67.19,47.0,48.76,64.07,59.08,26.68,65.19,69.77,31.02,87.66,72.57,80.16,28.28,90.82,80.0,40.61,80.89,9.22,37.0,97.27,27.8,33.62,69.38,0.0,51.48
65,30.27,60.42,27.8,63.64,27.17,55.61,16.28,82.33,28.79,31.78,23.6,59.62,21.47,35.78,7.28,84.22,32.25,52.7,47.13,68.54,47.17,62.43,59.77,67.68,22.63,65.76,73.06,53.81,17.46,59.44,75.54,44.94,32.06,30.89,20.81,35.23,84.31,71.61,18.03,75.95,28.79,73.78,25.08,70.34,13.6,58.82,51.01,76.94,18.38,79.7,54.45,54.92,74.33,75.96,55.04,71.06,18.68,79.21,55.36,16.4,71.84,67.48,17.89,49.93,51.48,0.0
