set K:= 1	2	3	4	5	6	7	8	9;
set C_H:= 1	2	3	4	5	6	7	8	9	10	11	12	13	14	15	16	17	18;
set C_S:= 19	20	21	22	23	24	25	26	27	28	29	30	31	32	33	34	35	36;
set C_F:= 37	38	39	40	41	42	43	44	45	46	47	48	49	50	51	52	53	54;
set M:= 55	56;
set L_B:= 57	58	59	60	61	62	63	64	65;
set A1:=
(0,*) 1 2 3 4 5 6 7 8 9 10 11 12 13 14 15 16 17 18 37 38 39 40 41 42 43 44 45 46 47 48 49 50 51 52 53 54 55 56 57 58 59 60 61 62 63 64 65
(1,*) 0 2 3 4 5 6 7 8 9 10 11 12 13 14 15 16 17 18 37 38 39 40 41 42 43 44 45 46 47 48 49 50 51 52 53 54 55 56 57 58 59 60 61 62 63 64 65
(2,*) 0 1 3 4 5 6 7 8 9 10 11 12 13 14 15 16 17 18 37 38 39 40 41 42 43 44 45 46 47 48 49 50 51 52 53 54 55 56 57 58 59 60 61 62 63 64 65
(3,*) 0 1 2 4 5 6 7 8 9 10 11 12 13 14 15 16 17 18 37 38 39 40 41 42 43 44 45 46 47 48 49 50 51 52 53 54 55 56 57 58 59 60 61 62 63 64 65
(4,*) 0 1 2 3 5 6 7 8 9 10 11 12 13 14 15 16 17 18 37 38 39 40 41 42 43 44 45 46 47 48 49 50 51 52 53 54 55 56 57 58 59 60 61 62 63 64 65
(5,*) 0 1 2 3 4 6 7 8 9 10 11 12 13 14 15 16 17 18 37 38 39 40 41 42 43 44 45 46 47 48 49 50 51 52 53 54 55 56 57 58 59 60 61 62 63 64 65
(6,*) 0 1 2 3 4 5 7 8 9 10 11 12 13 14 15 16 17 18 37 38 39 40 41 42 43 44 45 46 47 48 49 50 51 52 53 54 55 56 57 58 59 60 61 62 63 64 65
(7,*) 0 1 2 3 4 5 6 8 9 10 11 12 13 14 15 16 17 18 37 38 39 40 41 42 43 44 45 46 47 48 49 50 51 52 53 54 55 56 57 58 59 60 61 62 63 64 65
(8,*) 0 1 2 3 4 5 6 7 9 10 11 12 13 14 15 16 17 18 37 38 39 40 41 42 43 44 45 46 47 48 49 50 51 52 53 54 55 56 57 58 59 60 61 62 63 64 65
(9,*) 0 1 2 3 4 5 6 7 8 10 11 12 13 14 15 16 17 18 37 38 39 40 41 42 43 44 45 46 47 48 49 50 51 52 53 54 55 56 57 58 59 60 61 62 63 64 65
(10,*) 0 1 2 3 4 5 6 7 8 9 11 12 13 14 15 16 17 18 37 38 39 40 41 42 43 44 45 46 47 48 49 50 51 52 53 54 55 56 57 58 59 60 61 62 63 64 65
(11,*) 0 1 2 3 4 5 6 7 8 9 10 12 13 14 15 16 17 18 37 38 39 40 41 42 43 44 45 46 47 48 49 50 51 52 53 54 55 56 57 58 59 60 61 62 63 64 65
(12,*) 0 1 2 3 4 5 6 7 8 9 10 11 13 14 15 16 17 18 37 38 39 40 41 42 43 44 45 46 47 48 49 50 51 52 53 54 55 56 57 58 59 60 61 62 63 64 65
(13,*) 0 1 2 3 4 5 6 7 8 9 10 11 12 14 15 16 17 18 37 38 39 40 41 42 43 44 45 46 47 48 49 50 51 52 53 54 55 56 57 58 59 60 61 62 63 64 65
(14,*) 0 1 2 3 4 5 6 7 8 9 10 11 12 13 15 16 17 18 37 38 39 40 41 42 43 44 45 46 47 48 49 50 51 52 53 54 55 56 57 58 59 60 61 62 63 64 65
(15,*) 0 1 2 3 4 5 6 7 8 9 10 11 12 13 14 16 17 18 37 38 39 40 41 42 43 44 45 46 47 48 49 50 51 52 53 54 55 56 57 58 59 60 61 62 63 64 65
(16,*) 0 1 2 3 4 5 6 7 8 9 10 11 12 13 14 15 17 18 37 38 39 40 41 42 43 44 45 46 47 48 49 50 51 52 53 54 55 56 57 58 59 60 61 62 63 64 65
(17,*) 0 1 2 3 4 5 6 7 8 9 10 11 12 13 14 15 16 18 37 38 39 40 41 42 43 44 45 46 47 48 49 50 51 52 53 54 55 56 57 58 59 60 61 62 63 64 65
(18,*) 0 1 2 3 4 5 6 7 8 9 10 11 12 13 14 15 16 17 37 38 39 40 41 42 43 44 45 46 47 48 49 50 51 52 53 54 55 56 57 58 59 60 61 62 63 64 65
(37,*) 0 1 2 3 4 5 6 7 8 9 10 11 12 13 14 15 16 17 18 38 39 40 41 42 43 44 45 46 47 48 49 50 51 52 53 54 55 56 57 58 59 60 61 62 63 64 65
(38,*) 0 1 2 3 4 5 6 7 8 9 10 11 12 13 14 15 16 17 18 37 39 40 41 42 43 44 45 46 47 48 49 50 51 52 53 54 55 56 57 58 59 60 61 62 63 64 65
(39,*) 0 1 2 3 4 5 6 7 8 9 10 11 12 13 14 15 16 17 18 37 38 40 41 42 43 44 45 46 47 48 49 50 51 52 53 54 55 56 57 58 59 60 61 62 63 64 65
(40,*) 0 1 2 3 4 5 6 7 8 9 10 11 12 13 14 15 16 17 18 37 38 39 41 42 43 44 45 46 47 48 49 50 51 52 53 54 55 56 57 58 59 60 61 62 63 64 65
(41,*) 0 1 2 3 4 5 6 7 8 9 10 11 12 13 14 15 16 17 18 37 38 39 40 42 43 44 45 46 47 48 49 50 51 52 53 54 55 56 57 58 59 60 61 62 63 64 65
(42,*) 0 1 2 3 4 5 6 7 8 9 10 11 12 13 14 15 16 17 18 37 38 39 40 41 43 44 45 46 47 48 49 50 51 52 53 54 55 56 57 58 59 60 61 62 63 64 65
(43,*) 0 1 2 3 4 5 6 7 8 9 10 11 12 13 14 15 16 17 18 37 38 39 40 41 42 44 45 46 47 48 49 50 51 52 53 54 55 56 57 58 59 60 61 62 63 64 65
(44,*) 0 1 2 3 4 5 6 7 8 9 10 11 12 13 14 15 16 17 18 37 38 39 40 41 42 43 45 46 47 48 49 50 51 52 53 54 55 56 57 58 59 60 61 62 63 64 65
(45,*) 0 1 2 3 4 5 6 7 8 9 10 11 12 13 14 15 16 17 18 37 38 39 40 41 42 43 44 46 47 48 49 50 51 52 53 54 55 56 57 58 59 60 61 62 63 64 65
(46,*) 0 1 2 3 4 5 6 7 8 9 10 11 12 13 14 15 16 17 18 37 38 39 40 41 42 43 44 45 47 48 49 50 51 52 53 54 55 56 57 58 59 60 61 62 63 64 65
(47,*) 0 1 2 3 4 5 6 7 8 9 10 11 12 13 14 15 16 17 18 37 38 39 40 41 42 43 44 45 46 48 49 50 51 52 53 54 55 56 57 58 59 60 61 62 63 64 65
(48,*) 0 1 2 3 4 5 6 7 8 9 10 11 12 13 14 15 16 17 18 37 38 39 40 41 42 43 44 45 46 47 49 50 51 52 53 54 55 56 57 58 59 60 61 62 63 64 65
(49,*) 0 1 2 3 4 5 6 7 8 9 10 11 12 13 14 15 16 17 18 37 38 39 40 41 42 43 44 45 46 47 48 50 51 52 53 54 55 56 57 58 59 60 61 62 63 64 65
(50,*) 0 1 2 3 4 5 6 7 8 9 10 11 12 13 14 15 16 17 18 37 38 39 40 41 42 43 44 45 46 47 48 49 51 52 53 54 55 56 57 58 59 60 61 62 63 64 65
(51,*) 0 1 2 3 4 5 6 7 8 9 10 11 12 13 14 15 16 17 18 37 38 39 40 41 42 43 44 45 46 47 48 49 50 52 53 54 55 56 57 58 59 60 61 62 63 64 65
(52,*) 0 1 2 3 4 5 6 7 8 9 10 11 12 13 14 15 16 17 18 37 38 39 40 41 42 43 44 45 46 47 48 49 50 51 53 54 55 56 57 58 59 60 61 62 63 64 65
(53,*) 0 1 2 3 4 5 6 7 8 9 10 11 12 13 14 15 16 17 18 37 38 39 40 41 42 43 44 45 46 47 48 49 50 51 52 54 55 56 57 58 59 60 61 62 63 64 65
(54,*) 0 1 2 3 4 5 6 7 8 9 10 11 12 13 14 15 16 17 18 37 38 39 40 41 42 43 44 45 46 47 48 49 50 51 52 53 55 56 57 58 59 60 61 62 63 64 65
(55,*) 0 1 2 3 4 5 6 7 8 9 10 11 12 13 14 15 16 17 18 37 38 39 40 41 42 43 44 45 46 47 48 49 50 51 52 53 54 57 58 59 60 61 62 63 64 65
(56,*) 0 1 2 3 4 5 6 7 8 9 10 11 12 13 14 15 16 17 18 37 38 39 40 41 42 43 44 45 46 47 48 49 50 51 52 53 54 57 58 59 60 61 62 63 64 65
(57,*) 0 1 2 3 4 5 6 7 8 9 10 11 12 13 14 15 16 17 18 37 38 39 40 41 42 43 44 45 46 47 48 49 50 51 52 53 54 55 56 58 59 60 61 62 63 64 65
(58,*) 0 1 2 3 4 5 6 7 8 9 10 11 12 13 14 15 16 17 18 37 38 39 40 41 42 43 44 45 46 47 48 49 50 51 52 53 54 55 56 57 59 60 61 62 63 64 65
(59,*) 0 1 2 3 4 5 6 7 8 9 10 11 12 13 14 15 16 17 18 37 38 39 40 41 42 43 44 45 46 47 48 49 50 51 52 53 54 55 56 57 58 60 61 62 63 64 65
(60,*) 0 1 2 3 4 5 6 7 8 9 10 11 12 13 14 15 16 17 18 37 38 39 40 41 42 43 44 45 46 47 48 49 50 51 52 53 54 55 56 57 58 59 61 62 63 64 65
(61,*) 0 1 2 3 4 5 6 7 8 9 10 11 12 13 14 15 16 17 18 37 38 39 40 41 42 43 44 45 46 47 48 49 50 51 52 53 54 55 56 57 58 59 60 62 63 64 65
(62,*) 0 1 2 3 4 5 6 7 8 9 10 11 12 13 14 15 16 17 18 37 38 39 40 41 42 43 44 45 46 47 48 49 50 51 52 53 54 55 56 57 58 59 60 61 63 64 65
(63,*) 0 1 2 3 4 5 6 7 8 9 10 11 12 13 14 15 16 17 18 37 38 39 40 41 42 43 44 45 46 47 48 49 50 51 52 53 54 55 56 57 58 59 60 61 62 64 65
(64,*) 0 1 2 3 4 5 6 7 8 9 10 11 12 13 14 15 16 17 18 37 38 39 40 41 42 43 44 45 46 47 48 49 50 51 52 53 54 55 56 57 58 59 60 61 62 63 65
(65,*) 0 1 2 3 4 5 6 7 8 9 10 11 12 13 14 15 16 17 18 37 38 39 40 41 42 43 44 45 46 47 48 49 50 51 52 53 54 55 56 57 58 59 60 61 62 63 64
;
param BigM:=99999;
param n:= 9;
param d:=
1	25
2	14
3	16
4	36
5	7
6	17
7	19
8	23
9	19
10	15
11	7
12	11
13	15
14	18
15	13
16	10
17	12
18	18
19	12
20	11
21	20
22	21
23	10
24	17
25	11
26	22
27	10
28	21
29	2
30	20
31	14
32	10
33	66
34	7
35	11
36	12
37	3
38	4
39	20
40	13
41	11
42	6
43	21
44	22
45	22
46	12
47	24
48	25
49	15
50	3
51	10
52	24
53	5
54	7
;
param Q:=100;
param e:
	55	56	57	58	59	60	61	62	63	64	65:=
19	0	1	0	0	0	0	0	0	0	0	0	
20	0	1	0	0	0	0	0	0	0	0	0	
21	0	0	0	0	0	0	0	1	0	0	1	
22	0	0	1	0	0	0	0	0	0	0	0	
23	0	0	0	0	0	0	0	0	1	0	0	
24	1	0	0	0	0	0	1	0	0	0	0	
25	1	0	0	0	0	0	0	0	0	1	0	
26	0	0	1	0	0	1	0	0	0	0	0	
27	1	0	0	0	0	0	0	0	0	0	0	
28	0	0	0	1	0	0	1	0	0	0	0	
29	0	0	1	0	0	1	0	0	0	0	0	
30	1	0	0	0	0	0	0	0	1	1	0	
31	0	0	1	0	0	1	0	0	0	0	0	
32	0	0	0	0	0	0	0	1	0	0	0	
33	0	0	0	0	0	0	0	0	0	0	1	
34	0	0	0	0	0	0	0	1	0	0	0	
35	0	1	0	0	0	0	0	0	0	0	0	
36	1	0	0	0	0	0	0	0	0	0	0	
37	1	0	0	0	0	0	0	0	0	0	0	
38	0	0	0	0	0	0	0	0	1	0	0	
39	0	0	0	0	1	0	0	1	0	0	1	
40	0	0	1	0	0	1	0	0	1	0	0	
41	0	0	1	0	0	1	0	0	0	0	0	
42	0	0	0	0	1	0	0	1	0	0	1	
43	1	0	0	0	0	0	1	0	0	1	0	
44	1	0	0	0	0	0	0	0	0	1	0	
45	0	0	1	0	0	0	0	0	1	0	0	
46	0	0	1	0	0	1	0	0	0	0	0	
47	0	0	1	0	0	1	0	0	0	0	0	
48	0	0	0	0	1	0	0	1	0	0	1	
49	0	0	1	0	0	1	0	0	1	0	0	
50	0	1	0	0	0	0	0	0	0	0	0	
51	0	0	0	1	0	0	1	0	0	0	0	
52	0	0	0	0	0	0	0	1	0	0	0	
53	0	0	0	0	0	0	1	0	0	1	0	
54	0	0	0	1	0	0	1	0	0	0	0	
;
param p:=
1	3
2	3
3	3
4	3
5	3
6	3
7	3
8	3
9	3
;
param G:=
55	77
56	76
57	82
58	74
59	78
60	89
61	84
62	74
63	71
64	95
65	96
;
param s:=
0	0
1	10
2	10
3	10
4	10
5	10
6	10
7	10
8	10
9	10
10	10
11	10
12	10
13	10
14	10
15	10
16	10
17	10
18	10
37	10
38	10
39	10
40	10
41	10
42	10
43	10
44	10
45	10
46	10
47	10
48	10
49	10
50	10
51	10
52	10
53	10
54	10
55	10
56	10
57	10
58	10
59	10
60	10
61	10
62	10
63	10
64	10
65	10
;
param t:
	0	1	2	3	4	5	6	7	8	9	10	11	12	13	14	15	16	17	18	19	20	21	22	23	24	25	26	27	28	29	30	31	32	33	34	35	36	37	38	39	40	41	42	43	44	45	46	47	48	49	50	51	52	53	54	55	56	57	58	59	60	61	62	63	64	65:=
0	0.0	26.91	52.2	18.68	52.2	31.11	33.62	52.39	16.28	26.93	40.8	22.36	29.61	27.29	60.75	73.41	30.02	39.05	61.03	48.55	34.37	48.85	26.63	10.0	43.19	38.83	14.87	37.7	66.31	6.71	20.52	27.07	55.57	56.65	58.25	43.17	47.2	60.44	18.6	71.59	25.5	27.46	65.46	30.07	34.66	22.83	29.41	31.89	67.48	19.85	59.44	60.21	80.81	38.33	65.8	37.64	50.22	23.32	64.14	52.5	22.02	39.4	59.46	3.61	37.22	53.81
1	26.91	0.0	32.39	25.0	32.39	4.47	12.08	78.39	43.14	9.43	67.36	47.41	49.04	15.65	56.59	76.32	6.71	62.3	35.34	23.77	29.68	65.01	33.06	27.86	70.01	65.3	25.32	62.97	92.18	20.81	47.42	17.46	68.73	73.03	60.9	38.42	74.03	78.01	34.21	79.48	25.96	4.24	60.14	52.5	61.52	31.06	6.71	6.08	76.22	7.07	51.86	84.5	88.24	62.39	91.79	64.54	32.28	8.25	90.7	58.31	5.0	65.51	65.39	30.48	63.82	60.17
2	52.2	32.39	0.0	37.74	0.0	28.86	40.31	94.92	67.23	41.23	91.71	65.46	79.51	47.54	36.67	60.53	36.69	74.97	20.0	14.21	25.61	67.54	65.38	46.96	93.06	89.96	41.18	89.81	107.48	45.61	70.68	49.48	66.73	74.32	48.04	26.25	94.3	80.11	65.12	69.07	32.02	35.9	37.95	65.8	84.53	39.7	26.08	26.68	67.36	37.0	29.12	96.54	76.06	76.38	107.49	86.09	4.12	30.15	108.58	50.01	36.06	83.41	55.33	55.03	83.49	51.97
3	18.68	25.0	37.74	0.0	37.74	27.29	36.35	58.05	30.59	31.05	54.42	27.8	48.27	34.93	42.15	56.57	31.14	39.45	51.22	38.6	16.0	40.01	42.64	10.05	55.46	52.81	4.0	53.76	71.22	14.42	33.53	35.78	44.15	48.04	41.04	24.52	56.61	53.01	36.67	56.94	7.0	28.16	46.82	29.68	47.01	6.32	22.8	26.68	53.24	20.62	40.79	61.77	66.04	40.22	71.06	48.37	34.89	17.12	71.42	36.4	22.36	46.01	43.6	20.1	45.8	38.01
4	52.2	32.39	0.0	37.74	0.0	28.86	40.31	94.92	67.23	41.23	91.71	65.46	79.51	47.54	36.67	60.53	36.69	74.97	20.0	14.21	25.61	67.54	65.38	46.96	93.06	89.96	41.18	89.81	107.48	45.61	70.68	49.48	66.73	74.32	48.04	26.25	94.3	80.11	65.12	69.07	32.02	35.9	37.95	65.8	84.53	39.7	26.08	26.68	67.36	37.0	29.12	96.54	76.06	76.38	107.49	86.09	4.12	30.15	108.58	50.01	36.06	83.41	55.33	55.03	83.49	51.97
5	31.11	4.47	28.86	27.29	28.86	0.0	12.73	82.15	47.38	12.37	71.7	51.11	53.45	18.68	55.44	76.06	8.06	65.55	30.87	19.42	29.55	67.07	37.0	31.3	74.28	69.66	28.16	67.42	95.88	24.84	51.62	20.62	70.26	75.03	60.84	37.74	78.1	80.16	38.6	80.01	27.17	7.07	58.73	55.71	65.76	33.06	5.39	2.24	76.92	11.4	50.21	87.85	88.6	65.8	95.52	68.68	29.15	10.2	94.63	58.82	9.43	69.34	65.79	34.66	67.8	60.73
6	33.62	12.08	40.31	36.35	40.31	12.73	0.0	86.01	48.88	6.71	71.7	55.66	48.88	9.85	68.12	88.32	5.39	71.59	37.22	28.44	41.68	76.24	29.41	37.34	75.0	69.53	36.01	65.8	99.92	28.86	53.34	11.7	80.41	84.29	72.95	50.22	80.26	89.09	34.41	91.55	37.95	8.25	71.45	61.98	66.85	42.58	17.8	14.87	88.26	16.0	62.94	93.41	100.32	71.31	99.4	70.49	41.18	20.25	97.53	70.38	14.04	73.01	77.47	37.16	70.66	72.24
7	52.39	78.39	94.92	58.05	94.92	82.15	86.01	0.0	38.08	79.31	26.83	31.06	54.59	79.06	82.54	79.06	82.29	21.02	109.22	96.54	69.81	40.11	70.26	51.04	21.95	28.23	55.44	36.77	13.93	57.71	33.73	78.45	49.0	41.3	70.61	73.57	12.21	39.29	59.3	68.26	62.97	79.61	87.28	29.21	24.33	55.23	79.06	82.38	64.12	71.59	86.41	14.21	75.13	18.87	13.42	19.24	91.55	72.67	13.89	62.59	73.82	13.0	65.49	48.85	16.12	62.17
8	16.28	43.14	67.23	30.59	67.23	47.38	48.88	38.08	0.0	42.19	24.7	13.6	24.04	41.23	69.72	77.82	45.8	29.73	77.2	64.64	46.39	46.01	33.14	20.62	26.91	22.83	26.68	23.19	51.92	22.8	4.47	40.5	54.49	52.8	63.91	54.01	31.38	55.23	22.2	73.01	37.48	43.42	74.67	23.6	18.38	32.0	45.61	48.17	68.6	36.07	70.03	48.0	82.01	27.89	51.24	21.63	64.85	39.41	48.75	56.86	38.21	25.32	63.06	12.81	22.14	57.7
9	26.93	9.43	41.23	31.05	41.23	12.37	6.71	79.31	42.19	0.0	65.19	49.04	43.38	6.32	65.76	84.88	5.1	65.12	41.23	31.02	38.42	70.58	25.18	31.06	68.41	63.03	30.27	59.55	93.23	22.36	46.65	8.25	75.19	78.64	69.34	47.42	73.57	83.29	28.65	87.24	33.54	5.39	69.43	55.58	60.22	37.36	16.12	14.56	83.77	10.44	61.22	86.83	96.15	64.76	92.7	63.81	41.44	16.4	90.82	66.19	8.94	66.31	73.36	30.46	63.95	67.98
10	40.8	67.36	91.71	54.42	91.71	71.7	71.7	26.83	24.7	65.19	0.0	29.07	30.27	63.01	90.05	93.39	69.31	34.44	101.83	89.31	69.64	56.08	49.4	44.78	5.1	2.24	50.7	10.2	37.66	47.43	21.02	61.85	65.55	60.42	81.5	76.3	14.87	60.46	39.36	85.44	61.03	67.18	95.05	35.51	8.0	54.57	70.21	72.62	80.99	60.31	91.66	40.82	93.62	31.3	36.5	10.3	89.16	64.07	31.0	73.68	62.37	20.81	78.64	37.44	16.12	73.98
11	22.36	47.41	65.46	27.8	65.46	51.11	55.66	31.06	13.6	49.04	29.07	0.0	37.54	49.65	61.01	66.13	51.62	17.12	78.52	65.8	41.63	32.53	45.35	20.0	28.86	28.0	24.76	32.02	44.78	26.93	12.21	49.37	41.23	39.2	53.15	47.54	28.84	41.68	34.79	60.21	33.62	48.85	66.01	10.0	21.1	26.4	48.01	51.31	55.76	40.72	62.65	37.85	69.07	16.03	44.42	21.19	62.43	41.62	43.93	45.61	42.95	18.44	51.26	19.1	18.03	46.17
12	29.61	49.04	79.51	48.27	79.51	53.45	48.88	54.59	24.04	43.38	30.27	37.54	0.0	39.12	90.14	100.85	48.33	52.48	84.15	72.8	63.95	70.04	21.26	38.9	35.13	28.16	44.38	20.88	67.07	35.13	25.81	37.44	78.52	76.69	86.31	72.78	44.01	78.82	14.87	96.83	55.11	47.17	94.92	47.51	30.27	51.87	54.13	55.08	92.46	42.95	89.05	67.19	105.89	50.12	66.03	35.36	78.16	49.37	61.13	79.76	44.38	43.97	86.28	28.46	39.29	80.78
13	27.29	15.65	47.54	34.93	47.54	18.68	9.85	79.06	41.23	6.32	63.01	49.65	39.12	0.0	71.51	90.0	11.05	66.27	46.69	37.01	43.86	73.55	19.65	33.24	66.57	60.8	33.53	56.59	92.97	24.08	45.69	2.0	78.75	81.58	74.4	53.04	72.45	85.99	24.84	91.71	38.28	11.7	75.29	57.04	58.67	41.23	22.36	20.88	88.1	15.0	67.2	87.48	100.72	65.62	92.36	62.61	47.76	21.93	89.96	70.83	14.14	66.1	78.03	30.59	63.32	72.56
14	60.75	56.59	36.67	42.15	36.67	55.44	68.12	82.54	69.72	65.76	90.05	61.01	90.14	71.51	0.0	24.02	63.03	61.68	56.44	49.65	28.02	44.94	83.86	51.24	89.36	89.01	45.88	92.27	92.14	56.36	71.25	73.0	39.62	48.92	15.0	18.6	86.68	54.49	78.79	34.48	35.78	60.83	5.0	55.73	82.05	38.33	50.33	53.41	34.01	56.85	8.06	78.77	40.2	64.29	92.61	81.39	32.98	49.58	96.21	21.4	57.38	74.53	23.02	61.68	76.79	22.67
15	73.41	76.32	60.53	56.57	60.53	76.06	88.32	79.06	77.82	84.88	93.39	66.13	100.85	90.0	24.02	0.0	83.01	60.3	80.4	73.01	46.65	39.0	99.09	63.41	91.41	92.89	59.46	98.03	85.51	70.77	78.0	91.21	30.15	38.83	15.62	38.48	86.28	43.01	92.01	14.21	51.86	80.45	24.33	57.97	85.62	50.99	70.71	74.24	16.55	75.0	32.0	71.39	16.76	63.39	86.31	83.55	56.72	68.51	91.55	21.1	76.03	74.55	14.87	73.24	78.09	20.12
16	30.02	6.71	36.69	31.14	36.69	8.06	5.39	82.29	45.8	5.1	69.31	51.62	48.33	11.05	63.03	83.01	0.0	67.19	36.14	26.0	36.36	71.11	30.27	32.76	72.35	67.18	31.02	64.03	96.18	24.7	50.22	13.04	75.13	79.16	67.6	45.0	77.1	84.02	33.54	86.16	32.57	3.0	66.47	57.49	64.03	37.34	12.73	10.3	82.87	11.18	58.05	89.19	94.94	67.05	95.71	67.42	37.16	14.87	94.15	65.0	9.06	69.32	72.09	33.62	67.23	66.85
17	39.05	62.3	74.97	39.45	74.97	65.55	71.59	21.02	29.73	65.12	34.44	17.12	52.48	66.27	61.68	60.3	67.19	0.0	90.44	77.94	49.52	21.84	62.37	34.48	31.62	34.48	37.58	41.4	32.56	42.76	26.83	66.12	31.32	26.08	50.36	52.7	26.02	26.87	51.66	51.24	43.42	64.29	66.48	9.85	27.46	35.61	61.74	65.39	46.84	56.04	65.39	22.36	59.24	3.16	32.65	24.17	71.42	55.54	34.89	42.3	58.24	14.32	46.01	36.0	18.38	42.11
18	61.03	35.34	20.0	51.22	20.0	30.87	37.22	109.22	77.2	41.23	101.83	78.52	84.15	46.69	56.44	80.4	36.14	90.44	0.0	12.73	43.08	85.8	66.29	58.69	104.02	99.86	53.81	98.11	122.44	54.41	81.22	48.66	85.87	92.97	68.03	45.71	106.83	98.68	69.29	89.05	47.17	37.0	57.27	80.8	95.43	54.92	31.62	29.53	87.28	42.06	48.66	112.61	96.05	91.4	122.29	97.84	24.02	37.8	122.43	69.72	40.25	96.94	75.24	64.4	96.18	71.7
19	48.55	23.77	14.21	38.6	14.21	19.42	28.44	96.54	64.64	31.02	89.31	65.8	72.8	37.01	49.65	73.01	26.0	77.94	12.73	0.0	31.78	74.33	56.14	45.97	91.4	87.37	41.11	85.88	109.81	41.88	68.6	39.01	75.13	81.74	59.41	36.01	94.11	87.36	57.97	80.22	34.89	26.17	51.48	68.24	82.8	42.54	19.24	17.72	78.03	30.08	42.54	100.17	87.82	78.82	109.64	85.15	17.0	25.24	109.71	60.01	28.46	84.22	66.07	51.87	83.45	62.01
20	34.37	29.68	25.61	16.0	25.61	29.55	41.68	69.81	46.39	38.42	69.64	41.63	63.95	43.86	28.02	46.65	36.36	49.52	43.08	31.78	0.0	42.72	55.95	26.02	70.23	68.15	20.0	69.58	82.07	29.12	49.03	45.25	43.42	50.0	31.3	9.43	70.24	55.66	51.55	50.7	9.0	33.84	32.25	40.61	61.98	15.23	24.17	27.86	47.85	29.0	25.3	70.94	59.14	51.09	82.13	62.77	21.93	22.02	83.6	29.61	29.73	58.83	36.4	36.06	59.48	31.58
21	48.85	65.01	67.54	40.01	67.54	67.07	76.24	40.11	46.01	70.58	56.08	32.53	70.04	73.55	44.94	39.0	71.11	21.84	85.8	74.33	42.72	0.0	75.13	40.52	53.45	55.95	40.31	62.27	47.76	49.73	44.6	73.98	9.49	8.06	31.38	41.88	47.52	13.15	65.51	29.41	40.45	68.12	49.24	22.67	48.75	34.01	62.2	66.19	25.0	60.3	50.45	34.01	37.58	25.0	48.38	45.88	63.53	57.01	52.95	23.71	62.2	36.14	25.5	46.96	40.16	22.85
22	26.63	33.06	65.38	42.64	65.38	37.0	29.41	70.26	33.14	25.18	49.4	45.35	21.26	19.65	83.86	99.09	30.27	62.37	66.29	56.14	55.95	75.13	0.0	36.24	53.76	47.17	39.62	41.18	83.73	28.32	37.01	17.72	82.15	82.76	83.63	65.37	61.39	86.16	11.0	98.08	48.26	30.02	88.19	54.71	47.07	48.1	39.32	39.01	94.02	28.86	80.96	81.06	107.3	60.83	82.87	51.79	64.94	36.4	79.08	78.49	29.43	58.01	85.59	28.18	54.15	79.93
23	10.0	27.86	46.96	10.05	46.96	31.3	37.34	51.04	20.62	31.06	44.78	20.0	38.9	33.24	51.24	63.41	32.76	34.48	58.69	45.97	26.02	40.52	36.24	0.0	46.14	43.08	6.08	43.74	64.66	9.22	23.77	33.54	46.52	48.51	48.26	34.23	48.17	52.77	28.6	61.85	17.03	29.83	56.04	24.74	37.59	13.0	28.02	31.38	57.8	21.59	50.49	56.65	71.06	34.54	64.35	39.41	44.38	21.63	63.89	42.52	23.77	38.42	49.52	10.44	37.48	43.86
24	43.19	70.01	93.06	55.46	93.06	74.28	75.0	21.95	26.91	68.41	5.1	28.86	35.13	66.57	89.36	91.41	72.35	31.62	104.02	91.4	70.23	53.45	53.76	46.14	0.0	7.0	51.88	15.3	32.56	49.68	22.8	65.51	62.94	57.27	80.1	76.4	9.85	56.94	43.46	82.86	61.85	70.09	94.34	34.01	8.6	55.03	72.47	75.07	78.45	62.94	91.41	36.06	90.82	28.46	31.4	8.0	90.34	66.22	26.02	72.17	65.05	17.46	76.79	39.7	13.34	72.34
25	38.83	65.3	89.96	52.81	89.96	69.66	69.53	28.23	22.83	63.03	2.24	28.0	28.16	60.8	89.01	92.89	67.18	34.48	99.86	87.37	68.15	55.95	47.17	43.08	7.0	0.0	49.04	8.54	39.46	45.49	19.31	59.64	65.39	60.54	80.75	74.97	16.49	60.8	37.12	85.23	59.48	65.07	94.01	34.93	7.28	53.15	68.24	70.6	80.78	58.26	90.45	42.06	93.52	31.38	38.33	10.63	87.46	62.13	33.02	72.99	60.31	21.26	78.1	35.51	16.4	73.35
26	14.87	25.32	41.18	4.0	41.18	28.16	36.01	55.44	26.68	30.27	50.7	24.76	44.38	33.53	45.88	59.46	31.02	37.58	53.81	41.11	20.0	40.31	39.62	6.08	51.88	49.04	0.0	49.82	68.82	11.31	29.73	34.18	45.22	48.37	44.05	28.44	53.41	53.08	33.12	59.08	11.0	28.02	50.6	27.73	43.38	8.49	24.17	27.86	55.23	20.02	44.72	59.93	68.24	38.08	68.6	44.94	38.48	18.03	68.62	38.95	22.0	43.14	46.1	16.12	42.64	40.46
27	37.7	62.97	89.81	53.76	89.81	67.42	65.8	36.77	23.19	59.55	10.2	32.02	20.88	56.59	92.27	98.03	64.03	41.4	98.11	85.88	69.58	62.27	41.18	43.74	15.3	8.54	49.82	0.0	47.85	44.38	21.02	55.23	71.59	67.42	85.15	77.1	25.0	68.12	32.02	91.24	60.67	62.2	97.25	40.31	14.14	55.08	66.65	68.6	86.76	56.08	93.01	50.54	99.76	38.42	46.69	18.6	87.64	60.84	41.05	77.62	57.98	29.07	83.17	34.79	24.08	78.16
28	66.31	92.18	107.48	71.22	107.48	95.88	99.92	13.93	51.92	93.23	37.66	44.78	67.07	92.97	92.14	85.51	96.18	32.56	122.44	109.81	82.07	47.76	83.73	64.66	32.56	39.46	68.82	47.85	0.0	71.55	47.54	92.35	55.54	46.69	79.12	85.0	23.09	43.1	72.84	73.33	75.74	93.47	96.66	41.77	37.01	67.94	92.65	96.04	69.58	85.42	96.75	14.14	79.0	31.14	1.41	32.06	103.97	86.28	9.22	71.31	87.66	26.93	73.08	62.77	29.83	70.58
29	6.71	20.81	45.61	14.42	45.61	24.84	28.86	57.71	22.8	22.36	47.43	26.93	35.13	24.08	56.36	70.77	24.7	42.76	54.41	41.88	29.12	49.73	28.32	9.22	49.68	45.49	11.31	44.38	71.55	0.0	26.91	24.33	55.54	57.72	55.32	38.28	53.26	61.98	22.47	70.21	20.62	21.93	60.93	33.24	41.11	19.8	22.8	25.46	66.29	13.89	54.41	64.56	79.4	42.45	71.12	43.86	43.74	16.64	69.89	50.25	16.12	44.78	57.38	10.0	43.01	51.74
30	20.52	47.42	70.68	33.53	70.68	51.62	53.34	33.73	4.47	46.65	21.02	12.21	25.81	45.69	71.25	78.0	50.22	26.83	81.22	68.6	49.03	44.6	37.01	23.77	22.8	19.31	29.73	21.02	47.54	26.91	0.0	44.94	53.41	50.99	64.56	56.22	26.93	53.01	26.02	72.4	40.26	47.8	76.24	21.93	14.21	34.23	49.68	52.35	67.96	40.36	72.03	44.05	81.27	24.7	46.84	17.2	68.15	43.42	44.28	57.25	42.52	21.1	63.16	16.97	17.72	57.94
31	27.07	17.46	49.48	35.78	49.48	20.62	11.7	78.45	40.5	8.25	61.85	49.37	37.44	2.0	73.0	91.21	13.04	66.12	48.66	39.01	45.25	73.98	17.72	33.54	65.51	59.64	34.18	55.23	92.35	24.33	44.94	0.0	79.38	82.0	75.6	54.49	71.59	86.31	23.35	92.66	39.41	13.6	76.84	57.0	57.71	42.05	24.17	22.8	89.01	16.28	68.82	87.13	101.71	65.38	91.71	61.74	49.65	23.43	89.16	71.87	15.62	65.52	79.08	30.27	62.63	73.57
32	55.57	68.73	66.73	44.15	66.73	70.26	80.41	49.0	54.49	75.19	65.55	41.23	78.52	78.75	39.62	30.15	75.13	31.32	85.87	75.13	43.42	9.49	82.15	46.52	62.94	65.39	45.22	71.59	55.54	55.54	53.41	79.38	0.0	9.43	25.0	40.5	56.89	14.87	73.01	19.92	43.1	72.18	43.42	31.62	58.18	37.85	65.12	69.12	15.52	64.76	46.1	41.48	28.18	34.48	56.29	55.36	62.63	60.53	61.4	18.44	66.49	45.61	17.89	54.08	49.65	16.97
33	56.65	73.03	74.32	48.04	74.32	75.03	84.29	41.3	52.8	78.64	60.42	39.2	76.69	81.58	48.92	38.83	79.16	26.08	92.97	81.74	50.0	8.06	82.76	48.51	57.27	60.54	48.37	67.42	46.69	57.72	50.99	82.0	9.43	0.0	34.41	48.3	50.29	5.83	72.95	27.02	48.26	76.16	52.8	29.21	53.54	42.0	70.11	74.11	23.02	68.36	55.17	32.56	33.96	29.15	47.52	50.12	70.26	65.0	53.04	27.59	70.26	39.81	27.29	54.63	44.29	26.25
34	58.25	60.9	48.04	41.04	48.04	60.84	72.95	70.61	63.91	69.34	81.5	53.15	86.31	74.4	15.0	15.62	67.6	50.36	68.03	59.41	31.3	31.38	83.63	48.26	80.1	80.75	44.05	85.15	79.12	55.32	64.56	75.6	25.0	34.41	0.0	23.77	76.16	39.82	76.84	21.02	36.24	65.0	18.44	46.1	73.55	35.61	55.46	59.09	19.65	59.41	22.36	65.39	28.44	53.24	79.71	72.11	44.01	53.0	83.93	8.06	60.46	64.07	8.06	58.31	67.01	8.54
35	43.17	38.42	26.25	24.52	26.25	37.74	50.22	73.57	54.01	47.42	76.3	47.54	72.78	53.04	18.6	38.48	45.0	52.7	45.71	36.01	9.43	41.88	65.37	34.23	76.4	74.97	28.44	77.1	85.0	38.28	56.22	54.49	40.5	48.3	23.77	0.0	75.39	54.12	60.75	44.28	17.72	42.64	22.83	44.72	68.45	22.02	32.45	35.85	42.01	38.29	16.28	72.92	52.17	54.71	85.21	68.68	22.14	31.11	87.46	24.08	38.9	63.56	30.07	44.55	64.85	26.08
36	47.2	74.03	94.3	56.61	94.3	78.1	80.26	12.21	31.38	73.57	14.87	28.84	44.01	72.45	86.68	86.28	77.1	26.02	106.83	94.11	70.24	47.52	61.39	48.17	9.85	16.49	53.41	25.0	23.09	53.26	26.93	71.59	56.89	50.29	76.16	75.39	0.0	49.24	50.7	76.69	62.43	74.63	91.59	31.05	14.32	55.07	75.69	78.64	72.37	67.01	89.56	26.4	84.2	23.0	22.02	9.85	91.27	69.31	17.72	68.12	69.2	12.17	72.03	43.6	10.82	68.03
37	60.44	78.01	80.11	53.01	80.11	80.16	89.09	39.29	55.23	83.29	60.46	41.68	78.82	85.99	54.49	43.01	84.02	26.87	98.68	87.36	55.66	13.15	86.16	52.77	56.94	60.8	53.08	68.12	43.1	61.98	53.01	86.31	14.87	5.83	39.82	54.12	49.24	0.0	76.06	30.27	53.6	81.02	58.26	31.76	54.04	47.1	75.33	79.31	26.68	73.11	60.88	29.02	36.12	29.73	44.05	50.22	76.06	70.06	50.09	33.24	75.06	39.66	32.45	58.19	44.41	31.83
38	18.6	34.21	65.12	36.67	65.12	38.6	34.41	59.3	22.2	28.65	39.36	34.79	14.87	24.84	78.79	92.01	33.54	51.66	69.29	57.97	51.55	65.51	11.0	28.6	43.46	37.12	33.12	32.02	72.84	22.47	26.02	23.35	73.01	72.95	76.84	60.75	50.7	76.06	0.0	89.83	43.08	32.31	83.38	44.38	36.4	41.34	39.46	40.26	85.63	28.28	76.84	70.06	99.04	50.01	72.01	41.0	64.0	35.01	68.41	71.06	29.61	47.01	77.99	19.1	43.19	72.35
39	71.59	79.48	69.07	56.94	69.07	80.01	91.55	68.26	73.01	87.24	85.44	60.21	96.83	91.71	34.48	14.21	86.16	51.24	89.05	80.22	50.7	29.41	98.08	61.85	82.86	85.23	59.08	91.24	73.33	70.21	72.4	92.66	19.92	27.02	21.02	44.28	76.69	30.27	89.83	0.0	53.71	83.38	36.25	51.0	78.0	50.77	74.63	78.45	4.47	76.92	42.45	59.21	9.22	54.41	74.24	75.27	65.03	71.31	80.01	21.19	78.29	65.52	14.32	70.72	69.57	19.31
40	25.5	25.96	32.02	7.0	32.02	27.17	37.95	62.97	37.48	33.54	61.03	33.62	55.11	38.28	35.78	51.86	32.57	43.42	47.17	34.89	9.0	40.45	48.26	17.03	61.85	59.48	11.0	60.67	75.74	20.62	40.26	39.41	43.1	48.26	36.24	17.72	62.43	53.6	43.08	53.71	0.0	29.73	40.31	33.97	53.49	7.81	22.02	26.02	50.33	23.32	33.96	65.46	62.61	44.6	75.69	54.56	28.84	17.72	76.58	32.65	24.6	51.4	39.82	27.07	51.62	34.44
41	27.46	4.24	35.9	28.16	35.9	7.07	8.25	79.61	43.42	5.39	67.18	48.85	47.17	11.7	60.83	80.45	3.0	64.29	37.0	26.17	33.84	68.12	30.02	29.83	70.09	65.07	28.02	62.2	93.47	21.93	47.8	13.6	72.18	76.16	65.0	42.64	74.63	81.02	32.31	83.38	29.73	0.0	64.38	54.57	61.72	34.37	10.82	9.22	80.06	8.25	56.08	86.33	92.2	64.2	93.02	65.0	36.06	12.08	91.59	62.24	6.08	66.65	69.35	31.06	64.66	64.08
42	65.46	60.14	37.95	46.82	37.95	58.73	71.45	87.28	74.67	69.43	95.05	66.01	94.92	75.29	5.0	24.33	66.47	66.48	57.27	51.48	32.25	49.24	88.19	56.04	94.34	94.01	50.6	97.25	96.66	60.93	76.24	76.84	43.42	52.8	18.44	22.83	91.59	58.26	83.38	36.25	40.31	64.38	0.0	60.67	87.05	43.17	53.74	56.64	36.36	60.8	8.94	83.19	41.0	69.12	97.17	86.37	34.54	53.41	100.9	25.55	61.22	79.43	26.17	66.48	81.74	26.63
43	30.07	52.5	65.8	29.68	65.8	55.71	61.98	29.21	23.6	55.58	35.51	10.0	47.51	57.04	55.73	57.97	57.49	9.85	80.8	68.24	40.61	22.67	54.71	24.74	34.01	34.93	27.73	40.31	41.77	33.24	21.93	57.0	31.62	29.21	46.1	44.72	31.05	31.76	44.38	51.0	33.97	54.57	60.67	0.0	27.66	26.17	51.89	55.54	46.53	46.32	58.52	32.2	59.68	10.63	41.73	26.02	62.37	45.69	43.01	38.21	48.51	18.97	43.17	27.29	21.1	38.47
44	34.66	61.52	84.53	47.01	84.53	65.76	66.85	24.33	18.38	60.22	8.0	21.1	30.27	58.67	82.05	85.62	64.03	27.46	95.43	82.8	61.98	48.75	47.07	37.59	8.6	7.28	43.38	14.14	37.01	41.11	14.21	57.71	58.18	53.54	73.55	68.45	14.32	54.04	36.4	78.0	53.49	61.72	87.05	27.66	0.0	46.84	63.89	66.53	73.54	54.45	83.73	37.34	86.33	24.41	36.06	5.1	81.86	57.63	32.02	65.76	56.59	15.0	70.83	31.14	10.0	66.1
45	22.83	31.06	39.7	6.32	39.7	33.06	42.58	55.23	32.0	37.36	54.57	26.4	51.87	41.23	38.33	50.99	37.34	35.61	54.92	42.54	15.23	34.01	48.1	13.0	55.03	53.15	8.49	55.08	67.94	19.8	34.23	42.05	37.85	42.0	35.61	22.02	55.07	47.1	41.34	50.77	7.81	34.37	43.17	26.17	46.84	0.0	28.28	32.25	47.01	26.93	38.05	57.69	59.91	36.8	67.9	47.54	36.4	23.0	68.88	30.48	28.64	43.83	37.64	23.41	44.29	32.02
46	29.41	6.71	26.08	22.8	26.08	5.39	17.8	79.06	45.61	16.12	70.21	48.01	54.13	22.36	50.33	70.71	12.73	61.74	31.62	19.24	24.17	62.2	39.32	28.02	72.47	68.24	24.17	66.65	92.65	22.8	49.68	24.17	65.12	70.11	55.46	32.45	75.69	75.33	39.46	74.63	22.02	10.82	53.74	51.89	63.89	28.28	0.0	4.0	71.57	11.18	45.34	84.1	83.22	62.18	92.36	66.48	25.71	6.4	91.83	53.45	10.0	66.4	60.41	32.8	65.19	55.36
47	31.89	6.08	26.68	26.68	26.68	2.24	14.87	82.38	48.17	14.56	72.62	51.31	55.08	20.88	53.41	74.24	10.3	65.39	29.53	17.72	27.86	66.19	39.01	31.38	75.07	70.6	27.86	68.6	96.04	25.46	52.35	22.8	69.12	74.11	59.09	35.85	78.64	79.31	40.26	78.45	26.02	9.22	56.64	55.54	66.53	32.25	4.0	0.0	75.43	12.53	48.08	87.73	86.98	65.74	95.72	69.31	26.93	9.85	95.0	57.28	10.77	69.63	64.2	35.38	68.25	59.2
48	67.48	76.22	67.36	53.24	67.36	76.92	88.26	64.12	68.6	83.77	80.99	55.76	92.46	88.1	34.01	16.55	82.87	46.84	87.28	78.03	47.85	25.0	94.02	57.8	78.45	80.78	55.23	86.76	69.58	66.29	67.96	89.01	15.52	23.02	19.65	42.01	72.37	26.68	85.63	4.47	50.33	80.06	36.36	46.53	73.54	47.01	71.57	75.43	0.0	73.41	41.79	55.44	13.45	50.0	70.46	70.84	63.29	68.01	76.06	18.25	74.85	61.13	12.04	66.53	65.15	16.28
49	19.85	7.07	37.0	20.62	37.0	11.4	16.0	71.59	36.07	10.44	60.31	40.72	42.95	15.0	56.85	75.0	11.18	56.04	42.06	30.08	29.0	60.3	28.86	21.59	62.94	58.26	20.02	56.08	85.42	13.89	40.36	16.28	64.76	68.36	59.41	38.29	67.01	73.11	28.28	76.92	23.32	8.25	60.8	46.32	54.45	26.93	11.18	12.53	73.41	0.0	53.0	78.11	85.88	55.97	85.0	57.49	36.22	7.62	83.76	55.95	2.24	58.67	63.13	23.43	56.86	57.71
50	59.44	51.86	29.12	40.79	29.12	50.21	62.94	86.41	70.03	61.22	91.66	62.65	89.05	67.2	8.06	32.0	58.05	65.39	48.66	42.54	25.3	50.45	80.96	50.49	91.41	90.45	44.72	93.01	96.75	54.41	72.03	68.82	46.1	55.17	22.36	16.28	89.56	60.88	76.84	42.45	33.96	56.08	8.94	58.52	83.73	38.05	45.34	48.08	41.79	53.0	0.0	83.76	48.26	67.78	97.13	83.55	25.63	45.49	100.22	27.66	53.25	77.49	30.41	60.83	79.31	29.21
51	60.21	84.5	96.54	61.77	96.54	87.85	93.41	14.21	48.0	86.83	40.82	37.85	67.19	87.48	78.77	71.39	89.19	22.36	112.61	100.17	70.94	34.01	81.06	56.65	36.06	42.06	59.93	50.54	14.14	64.56	44.05	87.13	41.48	32.56	65.39	72.92	26.4	29.02	70.06	59.21	65.46	86.33	83.19	32.2	37.34	57.69	84.1	87.73	55.44	78.11	83.76	0.0	65.03	22.14	15.03	32.31	92.85	77.88	21.38	57.7	80.32	23.35	59.14	56.89	27.89	56.86
52	80.81	88.24	76.06	66.04	76.06	88.6	100.32	75.13	82.01	96.15	93.62	69.07	105.89	100.72	40.2	16.76	94.94	59.24	96.05	87.82	59.14	37.58	107.3	71.06	90.82	93.52	68.24	99.76	79.0	79.4	81.27	101.71	28.18	33.96	28.44	52.17	84.2	36.12	99.04	9.22	62.61	92.2	41.0	59.68	86.33	59.91	83.22	86.98	13.45	85.88	48.26	65.03	0.0	62.39	80.01	83.38	72.11	80.11	86.21	29.97	87.21	73.39	22.85	79.93	77.62	28.18
53	38.33	62.39	76.38	40.22	76.38	65.8	71.31	18.87	27.89	64.76	31.3	16.03	50.12	65.62	64.29	63.39	67.05	3.16	91.4	78.82	51.09	25.0	60.83	34.54	28.46	31.38	38.08	38.42	31.14	42.45	24.7	65.38	34.48	29.15	53.24	54.71	23.0	29.73	50.01	54.41	44.6	64.2	69.12	10.63	24.41	36.8	62.18	65.74	50.0	55.97	67.78	22.14	62.39	0.0	31.11	21.02	72.92	55.9	32.76	45.18	58.19	11.18	49.04	35.13	15.23	45.04
54	65.8	91.79	107.49	71.06	107.49	95.52	99.4	13.42	51.24	92.7	36.5	44.42	66.03	92.36	92.61	86.31	95.71	32.65	122.29	109.64	82.13	48.38	82.87	64.35	31.4	38.33	68.6	46.69	1.41	71.12	46.84	91.71	56.29	47.52	79.71	85.21	22.02	44.05	72.01	74.24	75.69	93.02	97.17	41.73	36.06	67.9	92.36	95.72	70.46	85.0	97.13	15.03	80.01	31.11	0.0	31.14	104.0	85.98	7.81	71.87	87.24	26.4	73.76	62.24	29.12	71.17
55	37.64	64.54	86.09	48.37	86.09	68.68	70.49	19.24	21.63	63.81	10.3	21.19	35.36	62.61	81.39	83.55	67.42	24.17	97.84	85.15	62.77	45.88	51.79	39.41	8.0	10.63	44.94	18.6	32.06	43.86	17.2	61.74	55.36	50.12	72.11	68.68	9.85	50.22	41.0	75.27	54.56	65.0	86.37	26.02	5.1	47.54	66.48	69.31	70.84	57.49	83.55	32.31	83.38	21.02	31.14	0.0	83.24	60.14	27.51	64.2	59.67	10.63	68.88	34.06	5.83	64.38
56	50.22	32.28	4.12	34.89	4.12	29.15	41.18	91.55	64.85	41.44	89.16	62.43	78.16	47.76	32.98	56.72	37.16	71.42	24.02	17.0	21.93	63.53	64.94	44.38	90.34	87.46	38.48	87.64	103.97	43.74	68.15	49.65	62.63	70.26	44.01	22.14	91.27	76.06	64.0	65.03	28.84	36.06	34.54	62.37	81.86	36.4	25.71	26.93	63.29	36.22	25.63	92.85	72.11	72.92	104.0	83.24	0.0	29.02	105.26	45.89	35.51	80.21	51.24	52.89	80.45	47.85
57	23.32	8.25	30.15	17.12	30.15	10.2	20.25	72.67	39.41	16.4	64.07	41.62	49.37	21.93	49.58	68.51	14.87	55.54	37.8	25.24	22.02	57.01	36.4	21.63	66.22	62.13	18.03	60.84	86.28	16.64	43.42	23.43	60.53	65.0	53.0	31.11	69.31	70.06	35.01	71.31	17.72	12.08	53.41	45.69	57.63	23.0	6.4	9.85	68.01	7.62	45.49	77.88	80.11	55.9	85.98	60.14	29.02	0.0	85.43	50.16	7.81	60.0	57.27	26.63	58.8	52.0
58	64.14	90.7	108.58	71.42	108.58	94.63	97.53	13.89	48.75	90.82	31.0	43.93	61.13	89.96	96.21	91.55	94.15	34.89	122.43	109.71	83.6	52.95	79.08	63.89	26.02	33.02	68.62	41.05	9.22	69.89	44.28	89.16	61.4	53.04	83.93	87.46	17.72	50.09	68.41	80.01	76.58	91.59	100.9	43.01	32.02	68.88	91.83	95.0	76.06	83.76	100.22	21.38	86.21	32.76	7.81	27.51	105.26	85.43	0.0	75.96	85.98	25.5	78.45	60.54	26.93	75.43
59	52.5	58.31	50.01	36.4	50.01	58.82	70.38	62.59	56.86	66.19	73.68	45.61	79.76	70.83	21.4	21.1	65.0	42.3	69.72	60.01	29.61	23.71	78.49	42.52	72.17	72.99	38.95	77.62	71.31	50.25	57.25	71.87	18.44	27.59	8.06	24.08	68.12	33.24	71.06	21.19	32.65	62.24	25.55	38.21	65.76	30.48	53.45	57.28	18.25	55.95	27.66	57.7	29.97	45.18	71.87	64.2	45.89	50.16	75.96	0.0	57.25	56.04	7.21	52.2	59.03	2.0
60	22.02	5.0	36.06	22.36	36.06	9.43	14.04	73.82	38.21	8.94	62.37	42.95	44.38	14.14	57.38	76.03	9.06	58.24	40.25	28.46	29.73	62.2	29.43	23.77	65.05	60.31	22.0	57.98	87.66	16.12	42.52	15.62	66.49	70.26	60.46	38.9	69.2	75.06	29.61	78.29	24.6	6.08	61.22	48.51	56.59	28.64	10.0	10.77	74.85	2.24	53.25	80.32	87.21	58.19	87.24	59.67	35.51	7.81	85.98	57.25	0.0	60.9	64.41	25.61	59.08	59.03
61	39.4	65.51	83.41	46.01	83.41	69.34	73.01	13.0	25.32	66.31	20.81	18.44	43.97	66.1	74.53	74.55	69.32	14.32	96.94	84.22	58.83	36.14	58.01	38.42	17.46	21.26	43.14	29.07	26.93	44.78	21.1	65.52	45.61	39.81	64.07	63.56	12.17	39.66	47.01	65.52	51.4	66.65	79.43	18.97	15.0	43.83	66.4	69.63	61.13	58.67	77.49	23.35	73.39	11.18	26.4	10.63	80.21	60.0	25.5	56.04	60.9	0.0	60.13	35.85	5.0	56.0
62	59.46	65.39	55.33	43.6	55.33	65.79	77.47	65.49	63.06	73.36	78.64	51.26	86.28	78.03	23.02	14.87	72.09	46.01	75.24	66.07	36.4	25.5	85.59	49.52	76.79	78.1	46.1	83.17	73.08	57.38	63.16	79.08	17.89	27.29	8.06	30.07	72.03	32.45	77.99	14.32	39.82	69.35	26.17	43.17	70.83	37.64	60.41	64.2	12.04	63.13	30.41	59.14	22.85	49.04	73.76	68.88	51.24	57.27	78.45	7.21	64.41	60.13	0.0	59.03	63.51	5.66
63	3.61	30.48	55.03	20.1	55.03	34.66	37.16	48.85	12.81	30.46	37.44	19.1	28.46	30.59	61.68	73.24	33.62	36.0	64.4	51.87	36.06	46.96	28.18	10.44	39.7	35.51	16.12	34.79	62.77	10.0	16.97	30.27	54.08	54.63	58.31	44.55	43.6	58.19	19.1	70.72	27.07	31.06	66.48	27.29	31.14	23.41	32.8	35.38	66.53	23.43	60.83	56.89	79.93	35.13	62.24	34.06	52.89	26.63	60.54	52.2	25.61	35.85	59.03	0.0	33.62	53.41
64	37.22	63.82	83.49	45.8	83.49	67.8	70.66	16.12	22.14	63.95	16.12	18.03	39.29	63.32	76.79	78.09	67.23	18.38	96.18	83.45	59.48	40.16	54.15	37.48	13.34	16.4	42.64	24.08	29.83	43.01	17.72	62.63	49.65	44.29	67.01	64.85	10.82	44.41	43.19	69.57	51.62	64.66	81.74	21.1	10.0	44.29	65.19	68.25	65.15	56.86	79.31	27.89	77.62	15.23	29.12	5.83	80.45	58.8	26.93	59.03	59.08	5.0	63.51	33.62	0.0	59.14
65	53.81	60.17	51.97	38.01	51.97	60.73	72.24	62.17	57.7	67.98	73.98	46.17	80.78	72.56	22.67	20.12	66.85	42.11	71.7	62.01	31.58	22.85	79.93	43.86	72.34	73.35	40.46	78.16	70.58	51.74	57.94	73.57	16.97	26.25	8.54	26.08	68.03	31.83	72.35	19.31	34.44	64.08	26.63	38.47	66.1	32.02	55.36	59.2	16.28	57.71	29.21	56.86	28.18	45.04	71.17	64.38	47.85	52.0	75.43	2.0	59.03	56.0	5.66	53.41	59.14	0.0
;
