vehicles
vehicle_idx, capacity, cost_per_unit_distance
1,100,1
2,100,1
3,100,1
4,100,1
5,100,1
6,100,1
7,100,1
depot
node_idx,x,y
0,61,5
home delivery customers
node_idx,x,y,service_time,demand
1,85,53,15,24
2,69,11,15,17
3,87,15,15,2
4,87,23,15,10
5,49,67,15,8
6,45,61,15,3
7,53,23,15,23
8,77,63,15,20
9,77,25,15,2
10,43,93,15,23
11,75,25,15,5
12,7,7,15,15
13,81,69,15,9
14,23,57,15,13
15,81,15,15,18
16,77,35,15,16
17,49,3,15,7
18,21,93,15,6
19,71,91,15,8
20,31,13,15,2
21,91,47,15,4
22,13,69,15,13
23,91,27,15,9
24,9,85,15,19
25,15,19,15,3
26,7,37,15,14
27,61,11,15,19
28,85,69,15,4
29,15,29,15,6
30,1,13,15,22
31,5,33,15,5
32,51,11,15,9
33,51,85,15,36
self pickup customers
node_idx,x,y,service_time,demand,locker_idxs
34,17,57,15,9,61-65-55-63
35,49,93,15,15,55-58-56
36,49,39,15,19,65-63-57-60-64-66-62-59
37,19,83,15,17,55-61
38,69,43,15,16,54-59-62-66-60-64
39,17,61,15,12,61-65-55-63
40,21,53,15,23,55-61-65-63-57
41,89,7,15,2,54-59-62
42,21,83,15,19,55-61
43,85,95,15,23,58-56
44,41,37,15,2,65-63-57-60-64-66-62-59
45,65,75,15,18,58-56-60-66-64
46,1,83,15,13,61-55
47,85,31,15,10,54-59-60-62-66-64
48,95,25,15,18,60-64-66-62-54-59
flexible customers
node_idx,x,y,service_time,demand,locker_idxs
49,69,87,15,20,56-58-60
50,71,37,15,4,60-66-54-64-62-59
51,1,43,15,12,57-65-63-61
52,69,33,15,2,54-59-62-64-66-60
53,59,83,15,21,58-56-55-60-66-64
lockers
node_idx,x,y,service_time,capacity,cost_per_unit_good
54,93,12,10,87,100
55,22,88,10,70,100
56,65,88,10,71,100
57,25,15,10,98,100
58,77,88,10,91,100
59,72,14,10,85,100
60,74,57,10,84,100
61,2,53,10,93,100
62,64,32,10,77,100
63,26,43,10,83,100
64,62,45,10,79,100
65,12,43,10,70,100
66,67,45,10,81,100
mrt lines
start_node_idx,end_node_idx,freight_capacity,cost_per_unit_good
54,55,87,1
55,54,87,1
56,57,98,1
57,56,98,1
58,59,91,1
59,58,91,1
distance matrix
,0,1,2,3,4,5,6,7,8,9,10,11,12,13,14,15,16,17,18,19,20,21,22,23,24,25,26,27,28,29,30,31,32,33,34,35,36,37,38,39,40,41,42,43,44,45,46,47,48,49,50,51,52,53,54,55,56,57,58,59,60,61,62,63,64,65,66,
0,0.0,53.67,10.0,27.86,31.62,63.15,58.24,19.7,60.17,25.61,89.82,24.41,54.04,67.05,64.4,22.36,34.0,12.17,96.66,86.58,31.05,51.61,80.0,37.2,95.41,48.08,62.77,6.0,68.35,51.88,60.53,62.61,11.66,80.62,68.12,88.81,36.06,88.59,38.83,71.22,62.48,28.07,87.66,93.15,37.74,70.11,98.41,35.38,39.45,82.39,33.53,71.02,29.12,78.03,32.76,91.71,83.1,37.36,84.53,14.21,53.6,76.06,27.17,51.66,40.01,62.01,40.45
1,53.67,0.0,44.94,38.05,30.07,38.63,40.79,43.86,12.81,29.12,58.0,29.73,90.55,16.49,62.13,38.21,19.7,61.61,75.47,40.5,67.2,8.49,73.76,26.68,82.46,77.82,79.62,48.37,16.0,74.0,93.04,82.46,54.04,46.69,68.12,53.81,38.63,72.5,18.87,68.47,64.0,46.17,70.68,42.0,46.82,29.73,89.2,22.0,29.73,37.58,21.26,84.59,25.61,39.7,41.77,72.07,40.31,71.02,35.9,41.11,11.7,83.0,29.7,59.84,24.35,73.68,19.7
2,10.0,44.94,0.0,18.44,21.63,59.46,55.46,20.0,52.61,16.12,86.02,15.23,62.13,59.23,65.05,12.65,25.3,21.54,95.02,80.02,38.05,42.19,80.62,27.2,95.27,54.59,67.23,8.0,60.17,56.92,68.03,67.68,18.0,76.16,69.43,84.4,34.41,87.66,32.0,72.14,63.78,20.4,86.53,85.51,38.21,64.12,99.04,25.61,29.53,76.0,26.08,75.15,22.0,72.69,24.02,90.21,77.1,44.18,77.41,4.24,46.27,79.08,21.59,53.6,34.71,65.37,34.06
3,27.86,38.05,18.44,0.0,8.0,64.4,62.29,34.93,49.03,14.14,89.55,15.62,80.4,54.33,76.55,6.0,22.36,39.85,102.18,77.67,56.04,32.25,91.61,12.65,104.8,72.11,82.97,26.31,54.04,73.35,86.02,83.95,36.22,78.71,81.63,86.76,44.94,96.17,33.29,83.76,76.16,8.25,94.76,80.02,50.99,63.91,109.64,16.12,12.81,74.22,27.2,90.44,25.46,73.54,6.71,97.74,76.24,62.0,73.68,15.03,43.97,93.11,28.6,67.12,39.05,80.06,36.06
4,31.62,30.07,21.63,8.0,0.0,58.14,56.64,34.0,41.23,10.2,82.68,12.17,81.58,46.39,72.47,10.0,15.62,42.94,96.21,69.86,56.89,24.33,87.13,5.66,99.64,72.11,81.22,28.64,46.04,72.25,86.58,82.61,37.95,71.69,77.82,79.65,41.23,90.69,26.91,79.65,72.5,16.12,89.2,72.03,48.08,56.46,104.86,8.25,8.25,66.48,21.26,88.29,20.59,66.21,12.53,91.92,68.62,62.51,65.76,17.49,36.4,90.14,24.7,64.2,33.3,77.62,29.73
5,63.15,38.63,59.46,64.4,58.14,0.0,7.21,44.18,28.28,50.48,26.68,49.4,73.24,32.06,27.86,61.06,42.52,64.0,38.21,32.56,56.92,46.52,36.06,58.0,43.86,58.82,51.61,57.27,36.06,50.99,72.25,55.61,56.04,18.11,33.53,26.0,28.0,34.0,31.24,32.56,31.3,72.11,32.25,45.61,31.05,17.89,50.6,50.91,62.29,28.28,37.2,53.67,39.45,18.87,70.43,34.21,26.4,57.27,35.0,57.78,26.93,49.04,38.08,33.24,25.55,44.1,28.43
6,58.24,40.79,55.46,62.29,56.64,7.21,0.0,38.83,32.06,48.17,32.06,46.86,66.03,36.88,22.36,58.41,41.23,58.14,40.0,39.7,50.0,48.08,32.98,57.2,43.27,51.61,44.94,52.5,40.79,43.86,65.12,48.83,50.36,24.74,28.28,32.25,22.36,34.06,30.0,28.0,25.3,69.66,32.56,52.5,24.33,24.41,49.19,50.0,61.61,35.38,35.38,47.54,36.88,26.08,68.59,35.47,33.6,50.16,41.87,54.2,29.27,43.74,34.67,26.17,23.35,37.59,27.2
7,19.7,43.86,20.0,34.93,34.0,44.18,38.83,0.0,46.65,24.08,70.71,22.09,48.7,53.85,45.34,29.12,26.83,20.4,76.97,70.34,24.17,44.94,60.96,38.21,76.03,38.21,48.08,14.42,56.04,38.47,52.95,49.03,12.17,62.03,49.52,70.11,16.49,68.96,25.61,52.35,43.86,39.4,68.0,78.79,18.44,53.37,79.4,32.98,42.05,65.97,22.8,55.71,18.87,60.3,41.48,72.01,66.1,29.12,69.29,21.02,39.96,59.17,14.21,33.6,23.77,45.62,26.08
8,60.17,12.81,52.61,49.03,41.23,28.28,32.06,46.65,0.0,38.0,45.34,38.05,89.64,7.21,54.33,48.17,28.0,66.21,63.53,28.64,67.94,21.26,64.28,38.63,71.47,76.03,74.67,54.41,10.0,70.71,90.97,78.0,58.14,34.06,60.3,41.04,36.88,61.35,21.54,60.03,56.89,57.27,59.46,32.98,44.41,16.97,78.59,32.98,42.05,25.3,26.68,78.59,31.05,26.91,53.45,60.42,27.73,70.77,25.0,49.25,6.71,75.66,33.62,54.78,23.43,68.01,20.59
9,25.61,29.12,16.12,14.14,10.2,50.48,48.17,24.08,38.0,0.0,76.03,2.0,72.28,44.18,62.77,10.77,10.0,35.61,88.09,66.27,47.54,26.08,77.67,14.14,90.69,62.29,71.02,21.26,44.72,62.13,76.94,72.44,29.53,65.39,68.0,73.54,31.3,82.02,19.7,69.97,62.61,21.63,80.62,70.46,37.95,51.42,95.6,10.0,18.0,62.51,13.42,78.1,11.31,60.73,20.62,83.63,64.13,52.95,63.0,12.08,32.14,80.06,14.76,54.08,25.0,67.45,22.36
10,89.82,58.0,86.02,89.55,82.68,26.68,32.06,70.71,45.34,76.03,0.0,75.15,93.23,44.94,41.18,86.76,67.23,90.2,22.0,28.07,80.89,66.48,38.42,81.61,34.93,79.12,66.57,83.95,48.37,69.86,90.35,71.02,82.39,11.31,44.41,6.0,54.33,26.0,56.36,41.23,45.65,97.53,24.17,42.05,56.04,28.43,43.17,74.89,85.6,26.68,62.61,65.3,65.39,18.87,95.19,21.59,22.56,80.05,34.37,84.15,47.51,57.28,64.51,52.81,51.62,58.83,53.67
11,24.41,29.73,15.23,15.62,12.17,49.4,46.86,22.09,38.05,2.0,75.15,0.0,70.34,44.41,61.06,11.66,10.2,34.06,86.83,66.12,45.61,27.2,76.03,16.12,89.2,60.3,69.05,19.8,45.12,60.13,74.97,70.46,27.78,64.62,66.24,72.8,29.53,80.62,18.97,68.26,60.83,22.8,79.25,70.71,36.06,50.99,94.02,11.66,20.0,62.29,12.65,76.16,10.0,60.17,22.2,82.33,63.79,50.99,63.03,11.4,32.02,78.19,13.04,52.2,23.85,65.52,21.54
12,54.04,90.55,62.13,80.4,81.58,73.24,66.03,48.7,89.64,72.28,93.23,70.34,0.0,96.54,52.5,74.43,75.39,42.19,87.13,105.6,24.74,93.04,62.29,86.35,78.03,14.42,30.0,54.15,99.64,23.41,8.49,26.08,44.18,89.55,50.99,95.71,52.8,76.94,71.69,54.92,48.08,82.0,77.28,117.59,45.34,89.38,76.24,81.61,89.82,101.21,70.68,36.5,67.23,92.09,86.15,82.38,99.62,19.7,107.06,65.38,83.6,46.27,62.24,40.71,66.85,36.35,71.02
13,67.05,16.49,59.23,54.33,46.39,32.06,36.88,53.85,7.21,44.18,44.94,44.41,96.54,0.0,59.23,54.0,34.23,73.35,64.62,24.17,75.07,24.17,68.0,43.17,73.76,82.8,80.62,61.35,4.0,77.18,97.65,84.1,65.3,34.0,65.12,40.0,43.86,63.56,28.64,64.5,62.1,62.51,61.61,26.31,51.22,17.09,81.22,38.21,46.17,21.63,33.53,84.12,37.95,26.08,58.25,61.98,24.84,77.79,19.42,55.73,13.89,80.6,40.72,60.84,30.61,73.74,27.78
14,64.4,62.13,65.05,76.55,72.47,27.86,22.36,45.34,54.33,62.77,41.18,61.06,52.5,59.23,0.0,71.61,58.31,59.93,36.06,58.82,44.72,68.73,15.62,74.32,31.3,38.83,25.61,59.67,63.15,29.12,49.19,30.0,53.85,39.6,6.0,44.41,31.62,26.31,48.08,7.21,4.47,82.8,26.08,72.72,26.91,45.69,34.06,67.23,78.79,54.92,52.0,26.08,51.88,44.41,83.22,31.02,52.2,42.05,62.27,65.19,51.0,21.38,48.02,14.32,40.8,17.8,45.61
15,22.36,38.21,12.65,6.0,10.0,61.06,58.41,29.12,48.17,10.77,86.76,11.66,74.43,54.0,71.61,0.0,20.4,34.18,98.41,76.66,50.04,33.53,86.83,15.62,100.42,66.12,77.2,20.4,54.15,67.47,80.02,78.1,30.27,76.16,76.55,84.31,40.0,92.02,30.46,78.82,71.02,11.31,90.69,80.1,45.65,62.1,105.0,16.49,17.2,72.99,24.17,84.76,21.63,71.47,12.37,93.86,74.73,56.0,73.11,9.06,42.58,87.66,24.04,61.72,35.51,74.46,33.11
16,34.0,19.7,25.3,22.36,15.62,42.52,41.23,26.83,28.0,10.0,67.23,10.2,75.39,34.23,58.31,20.4,0.0,42.52,80.62,56.32,50.99,18.44,72.47,16.12,84.4,64.03,70.03,28.84,34.93,62.29,79.12,72.03,35.38,56.36,63.91,64.4,28.28,75.29,11.31,65.39,58.82,30.46,73.76,60.53,36.06,41.76,89.89,8.94,20.59,52.61,6.32,76.42,8.25,51.26,28.02,76.38,54.34,55.71,53.0,21.59,22.2,77.13,13.34,51.62,18.03,65.49,14.14
17,12.17,61.61,21.54,39.85,42.94,64.0,58.14,20.4,66.21,35.61,90.2,34.06,42.19,73.35,59.93,34.18,42.52,0.0,94.25,90.71,20.59,60.83,75.18,48.37,91.24,37.58,54.04,14.42,75.18,42.8,49.03,53.25,8.25,82.02,62.77,90.0,36.0,85.44,44.72,66.24,57.31,40.2,84.76,98.79,34.93,73.76,93.3,45.61,50.99,86.35,40.5,62.48,36.06,80.62,44.91,89.19,86.49,26.83,89.49,25.5,59.51,68.62,32.65,46.14,43.97,54.49,45.69
18,96.66,75.47,95.02,102.18,96.21,38.21,40.0,76.97,63.53,88.09,22.0,86.83,87.13,64.62,36.06,98.41,80.62,94.25,0.0,50.04,80.62,83.76,25.3,96.21,14.42,74.24,57.72,91.24,68.35,64.28,82.46,62.1,87.32,31.05,36.22,28.0,60.83,10.2,69.31,32.25,40.0,109.64,10.0,64.03,59.46,47.54,22.36,89.11,100.5,48.37,75.07,53.85,76.84,39.29,108.37,5.1,44.28,78.1,56.22,94.03,64.07,44.28,74.63,50.25,63.13,50.8,66.48
19,86.58,40.5,80.02,77.67,69.86,32.56,39.7,70.34,28.64,66.27,28.07,66.12,105.6,24.17,58.82,76.66,56.32,90.71,50.04,0.0,87.66,48.33,62.03,67.05,62.29,91.21,83.74,80.62,26.08,83.55,104.8,87.86,82.46,20.88,63.81,22.09,56.46,52.61,48.04,61.77,62.8,85.91,50.64,14.56,61.77,17.09,70.46,61.61,70.23,4.47,54.0,84.88,58.03,14.42,82.01,49.09,6.71,88.84,6.71,77.01,34.13,78.77,59.41,65.8,46.87,76.06,46.17
20,31.05,67.2,38.05,56.04,56.89,56.92,50.0,24.17,67.94,47.54,80.89,45.61,24.74,75.07,44.72,50.04,50.99,20.59,80.62,87.66,0.0,68.96,58.82,61.61,75.29,17.09,33.94,30.07,77.79,22.63,30.0,32.8,20.1,74.73,46.17,82.0,31.62,71.02,48.41,50.0,41.23,58.31,70.71,98.18,26.0,70.71,76.16,56.92,65.12,83.19,46.65,42.43,42.94,75.39,62.01,75.54,82.35,6.32,87.98,41.01,61.52,49.41,38.08,30.41,44.55,35.51,48.17
21,51.61,8.49,42.19,32.25,24.33,46.52,48.08,44.94,21.26,26.08,66.48,27.2,93.04,24.17,68.73,33.53,18.44,60.83,83.76,48.33,68.96,0.0,81.04,20.0,90.38,80.99,84.59,46.86,22.8,78.1,96.21,87.13,53.81,55.17,74.67,62.29,42.76,80.5,22.36,75.31,70.26,40.05,78.71,48.37,50.99,38.21,96.93,17.09,22.36,45.65,22.36,90.09,26.08,48.17,35.06,80.26,48.55,73.35,43.32,38.08,19.72,89.2,30.89,65.12,29.07,79.1,24.08
22,80.0,73.76,80.62,91.61,87.13,36.06,32.98,60.96,64.28,77.67,38.42,76.03,62.29,68.0,15.62,86.83,72.47,75.18,25.3,62.03,58.82,81.04,0.0,88.59,16.49,50.04,32.56,75.29,72.0,40.05,57.27,36.88,69.34,41.23,12.65,43.27,46.86,15.23,61.74,8.94,17.89,98.08,16.12,76.55,42.52,52.35,18.44,81.41,93.06,58.82,66.24,28.64,66.57,48.08,98.23,21.02,55.36,55.32,66.76,80.66,62.17,19.42,63.01,29.07,54.56,26.02,59.09
23,37.2,26.68,27.2,12.65,5.66,58.0,57.2,38.21,38.63,14.14,81.61,16.12,86.35,43.17,74.32,15.62,16.12,48.37,96.21,67.05,61.61,20.0,88.59,0.0,100.44,76.42,84.59,34.0,42.43,76.03,91.08,86.21,43.08,70.46,79.85,78.23,43.68,91.21,27.2,81.44,74.67,20.1,89.64,68.26,50.99,54.59,106.0,7.21,4.47,63.91,22.36,91.41,22.8,64.5,15.13,92.1,66.31,67.08,62.59,23.02,34.48,92.72,27.46,66.94,34.13,80.6,30.0
24,95.41,82.46,95.27,104.8,99.64,43.86,43.27,76.03,71.47,90.69,34.93,89.2,78.03,73.76,31.3,100.42,84.4,91.24,14.42,62.29,75.29,90.38,16.49,100.44,0.0,66.27,48.04,90.44,77.67,56.32,72.44,52.15,85.09,42.0,29.12,40.79,60.96,10.2,73.24,25.3,34.18,111.73,12.17,76.66,57.69,56.89,8.25,93.23,104.86,60.03,78.41,42.76,79.4,50.04,111.29,13.34,56.08,71.81,68.07,94.92,70.77,32.76,76.38,45.31,66.4,42.11,70.46
25,48.08,77.82,54.59,72.11,72.11,58.82,51.61,38.21,76.03,62.29,79.12,60.3,14.42,82.8,38.83,66.12,64.03,37.58,74.24,91.21,17.09,80.99,50.04,76.42,66.27,0.0,19.7,46.69,86.02,10.0,15.23,17.2,36.88,75.18,38.05,81.44,39.45,64.12,59.09,42.05,34.53,74.97,64.28,103.32,31.62,75.07,65.51,71.02,80.22,86.83,58.82,27.78,55.79,77.67,78.31,69.35,85.21,10.77,92.76,57.22,70.18,36.4,50.7,26.4,53.71,24.19,58.14
26,62.77,79.62,67.23,82.97,81.22,51.61,44.94,48.08,74.67,71.02,66.57,69.05,30.0,80.62,25.61,77.2,70.03,54.04,57.72,83.74,33.94,84.59,32.56,84.59,48.04,19.7,0.0,59.93,84.31,11.31,24.74,4.47,51.11,65.12,22.36,70.0,42.05,47.54,62.29,26.0,21.26,87.32,48.08,97.2,34.0,69.34,46.39,78.23,88.81,79.65,64.0,8.49,62.13,69.43,89.56,53.16,77.23,28.43,86.61,68.95,69.92,16.76,57.22,19.92,55.58,7.81,60.53
27,6.0,48.37,8.0,26.31,28.64,57.27,52.5,14.42,54.41,21.26,83.95,19.8,54.15,61.35,59.67,20.4,28.84,14.42,91.24,80.62,30.07,46.86,75.29,34.0,90.44,46.69,59.93,0.0,62.77,49.4,60.03,60.17,10.0,74.67,63.66,82.87,30.46,83.35,32.98,66.6,58.0,28.28,82.37,87.36,32.8,64.12,93.72,31.24,36.77,76.42,27.86,68.0,23.41,72.03,32.02,86.31,77.1,36.22,78.64,11.4,47.8,72.42,21.21,47.42,34.01,58.52,34.53
28,68.35,16.0,60.17,54.04,46.04,36.06,40.79,56.04,10.0,44.72,48.37,45.12,99.64,4.0,63.15,54.15,34.93,75.18,68.35,26.08,77.79,22.8,72.0,42.43,77.67,86.02,84.31,62.77,0.0,80.62,100.96,87.73,67.23,37.58,69.05,43.27,46.86,67.47,30.53,68.47,65.97,62.13,65.51,26.0,54.41,20.88,85.16,38.0,45.12,24.08,34.93,87.93,39.4,29.53,57.56,65.8,27.59,80.72,20.62,56.52,16.28,84.53,42.54,64.47,33.24,77.49,30.0
29,51.88,74.0,56.92,73.35,72.25,50.99,43.86,38.47,70.71,62.13,69.86,60.13,23.41,77.18,29.12,67.47,62.29,42.8,64.28,83.55,22.63,78.1,40.05,76.03,56.32,10.0,11.31,49.4,80.62,0.0,21.26,10.77,40.25,66.57,28.07,72.47,35.44,54.15,55.79,32.06,24.74,77.2,54.33,96.21,27.2,67.94,55.79,70.03,80.1,79.25,56.57,19.8,54.15,69.66,79.83,59.41,77.34,17.2,85.59,58.94,65.31,27.29,49.09,17.8,49.65,14.32,54.41
30,60.53,93.04,68.03,86.02,86.58,72.25,65.12,52.95,90.97,76.94,90.35,74.97,8.49,97.65,49.19,80.02,79.12,49.03,82.46,104.8,30.0,96.21,57.27,91.08,72.44,15.23,24.74,60.03,100.96,21.26,0.0,20.4,50.04,87.66,46.82,93.3,54.59,72.28,74.32,50.6,44.72,88.2,72.8,117.39,46.65,89.11,70.0,85.91,94.76,100.5,74.0,30.0,70.88,90.91,92.01,77.88,98.6,24.08,106.78,71.01,85.23,40.01,65.8,39.05,68.88,31.95,73.35
31,62.61,82.46,67.68,83.95,82.61,55.61,48.83,49.03,78.0,72.44,71.02,70.46,26.08,84.1,30.0,78.1,72.03,53.25,62.1,87.86,32.8,87.13,36.88,86.21,52.15,17.2,4.47,60.17,87.73,10.77,20.4,0.0,50.99,69.43,26.83,74.4,44.41,51.92,64.78,30.46,25.61,87.93,52.5,101.21,36.22,73.24,50.16,80.02,90.35,83.74,66.12,10.77,64.0,73.59,90.47,57.57,81.39,26.91,90.6,69.64,73.05,20.22,59.01,23.26,58.25,12.21,63.15
32,11.66,54.04,18.0,36.22,37.95,56.04,50.36,12.17,58.14,29.53,82.39,27.78,44.18,65.3,53.85,30.27,35.38,8.25,87.32,82.46,20.1,53.81,69.34,43.08,85.09,36.88,51.11,10.0,67.23,40.25,50.04,50.99,0.0,74.0,57.2,82.02,28.07,78.79,36.72,60.46,51.61,38.21,78.0,90.62,27.86,65.51,87.66,39.45,46.17,78.1,32.8,59.36,28.43,72.44,42.01,82.28,78.26,26.31,81.27,21.21,51.43,64.54,24.7,40.61,35.74,50.45,37.58
33,80.62,46.69,76.16,78.71,71.69,18.11,24.74,62.03,34.06,65.39,11.31,64.62,89.55,34.0,39.6,76.16,56.36,82.02,31.05,20.88,74.73,55.17,41.23,70.46,42.0,75.18,65.12,74.67,37.58,66.57,87.66,69.43,74.0,0.0,44.05,8.25,46.04,32.06,45.69,41.62,43.86,86.76,30.07,35.44,49.03,17.2,50.04,63.81,74.4,18.11,52.0,65.3,55.03,8.25,84.22,29.15,14.32,74.67,26.17,74.04,36.24,58.52,54.57,48.88,41.48,57.31,43.08
34,68.12,68.12,69.43,81.63,77.82,33.53,28.28,49.52,60.3,68.0,44.41,66.24,50.99,65.12,6.0,76.55,63.91,62.77,36.22,63.81,46.17,74.67,12.65,79.85,29.12,38.05,22.36,63.66,69.05,28.07,46.82,26.83,57.2,44.05,0.0,48.17,36.72,26.08,53.85,4.0,5.66,87.66,26.31,77.9,31.24,51.26,30.53,72.8,84.31,60.03,57.58,21.26,57.27,49.4,88.32,31.4,57.14,42.76,67.54,69.81,57.0,15.52,53.24,16.64,46.57,14.87,51.42
35,88.81,53.81,84.4,86.76,79.65,26.0,32.25,70.11,41.04,73.54,6.0,72.8,95.71,40.0,44.41,84.31,64.4,90.0,28.0,22.09,82.0,62.29,43.27,78.23,40.79,81.44,70.0,82.87,43.27,72.47,93.3,74.4,82.02,8.25,48.17,0.0,54.0,31.62,53.85,45.25,48.83,94.85,29.73,36.06,56.57,24.08,49.03,71.69,82.1,20.88,60.17,69.31,63.25,14.14,92.18,27.46,16.76,81.61,28.44,82.28,43.83,61.72,62.82,55.04,49.73,62.2,51.26
36,36.06,38.63,34.41,44.94,41.23,28.0,22.36,16.49,36.88,31.3,54.33,29.53,52.8,43.86,31.62,40.0,28.28,36.0,60.83,56.46,31.62,42.76,46.86,43.68,60.96,39.45,42.05,30.46,46.86,35.44,54.59,44.41,28.07,46.04,36.72,54.0,0.0,53.25,20.4,38.83,31.3,51.22,52.15,66.57,8.25,39.4,65.12,36.88,48.08,52.0,22.09,48.17,20.88,45.12,51.62,55.95,51.55,33.94,56.44,33.97,30.81,49.04,16.55,23.35,14.32,37.22,18.97
37,88.59,72.5,87.66,96.17,90.69,34.0,34.06,68.96,61.35,82.02,26.0,80.62,76.94,63.56,26.31,92.02,75.29,85.44,10.2,52.61,71.02,80.5,15.23,91.21,10.2,64.12,47.54,83.35,67.47,54.15,72.28,51.92,78.79,32.06,26.08,31.62,53.25,0.0,64.03,22.09,30.07,103.32,2.0,67.08,50.99,46.69,18.0,84.02,95.6,50.16,69.43,43.86,70.71,40.0,102.55,5.83,46.27,68.26,58.22,87.01,60.84,34.48,68.01,40.61,57.38,40.61,61.22
38,38.83,18.87,32.0,33.29,26.91,31.24,30.0,25.61,21.54,19.7,56.36,18.97,71.69,28.64,48.08,30.46,11.31,44.72,69.31,48.04,48.41,22.36,61.74,27.2,73.24,59.09,62.29,32.98,30.53,55.79,74.32,64.78,36.72,45.69,53.85,53.85,20.4,64.03,0.0,55.03,49.03,41.18,62.48,54.41,28.64,32.25,78.89,20.0,31.62,44.0,6.32,68.0,10.0,41.23,39.2,65.07,45.18,52.15,45.71,29.15,14.87,67.74,12.08,43.0,7.28,57.0,2.83
39,71.22,68.47,72.14,83.76,79.65,32.56,28.0,52.35,60.03,69.97,41.23,68.26,54.92,64.5,7.21,78.82,65.39,66.24,32.25,61.77,50.0,75.31,8.94,81.44,25.3,42.05,26.0,66.6,68.47,32.06,50.6,30.46,60.46,41.62,4.0,45.25,38.83,22.09,55.03,0.0,8.94,90.0,22.36,76.03,33.94,50.0,27.2,74.32,85.91,58.14,59.09,24.08,59.06,47.41,90.43,27.46,55.07,46.69,65.8,72.35,57.14,17.0,55.23,20.12,47.76,18.68,52.5
40,62.48,64.0,63.78,76.16,72.5,31.3,25.3,43.86,56.89,62.61,45.65,60.83,48.08,62.1,4.47,71.02,58.82,57.31,40.0,62.8,41.23,70.26,17.89,74.67,34.18,34.53,21.26,58.0,65.97,24.74,44.72,25.61,51.61,43.86,5.66,48.83,31.3,30.07,49.03,8.94,0.0,82.1,30.0,76.55,25.61,49.19,36.06,67.68,79.12,58.82,52.5,22.36,52.0,48.41,82.86,35.01,56.22,38.21,66.04,64.2,53.15,19.0,47.85,11.18,41.77,13.45,46.69
41,28.07,46.17,20.4,8.25,16.12,72.11,69.66,39.4,57.27,21.63,97.53,22.8,82.0,62.51,82.8,11.31,30.46,40.2,109.64,85.91,58.31,40.05,98.08,20.1,111.73,74.97,87.32,28.28,62.13,77.2,88.2,87.93,38.21,86.76,87.66,94.85,51.22,103.32,41.18,90.0,82.1,0.0,101.98,88.09,56.6,72.11,116.28,24.33,18.97,82.46,34.99,95.08,32.8,81.71,6.4,105.12,84.48,64.5,81.88,18.38,52.2,98.41,35.36,72.56,46.62,85.0,43.91
42,87.66,70.68,86.53,94.76,89.2,32.25,32.56,68.0,59.46,80.62,24.17,79.25,77.28,61.61,26.08,90.69,73.76,84.76,10.0,50.64,70.71,78.71,16.12,89.64,12.17,64.28,48.08,82.37,65.51,54.33,72.8,52.5,78.0,30.07,26.31,29.73,52.15,2.0,62.48,22.36,30.0,101.98,0.0,65.12,50.16,44.72,20.0,82.46,94.02,48.17,67.94,44.72,69.31,38.0,101.12,5.1,44.28,68.12,56.22,85.8,59.03,35.51,66.71,40.31,55.9,41.0,59.67
43,93.15,42.0,85.51,80.02,72.03,45.61,52.5,78.79,32.98,70.46,42.05,70.71,117.59,26.31,72.72,80.1,60.53,98.79,64.03,14.56,98.18,48.37,76.55,68.26,76.66,103.32,97.2,87.36,26.0,96.21,117.39,101.21,90.62,35.44,77.9,36.06,66.57,67.08,54.41,76.03,76.55,88.09,65.12,0.0,72.8,28.28,84.85,64.0,70.71,17.89,59.67,98.79,64.03,28.64,83.38,63.39,21.19,100.0,10.63,82.04,39.56,93.02,66.41,78.64,55.04,89.63,53.14
44,37.74,46.82,38.21,50.99,48.08,31.05,24.33,18.44,44.41,37.95,56.04,36.06,45.34,51.22,26.91,45.65,36.06,34.93,59.46,61.77,26.0,50.99,42.52,50.99,57.69,31.62,34.0,32.8,54.41,27.2,46.65,36.22,27.86,49.03,31.24,56.57,8.25,50.99,28.64,33.94,25.61,56.6,50.16,72.8,0.0,44.94,60.96,44.41,55.32,57.31,30.0,40.45,28.28,49.4,57.7,54.42,56.36,27.2,62.43,38.6,38.59,42.15,23.54,16.16,22.47,29.61,27.2
45,70.11,29.73,64.12,63.91,56.46,17.89,24.41,53.37,16.97,51.42,28.43,50.99,89.38,17.09,45.69,62.1,41.76,73.76,47.54,17.09,70.71,38.21,52.35,54.59,56.89,75.07,69.34,64.12,20.88,67.94,89.11,73.24,65.51,17.2,51.26,24.08,39.4,46.69,32.25,50.0,49.19,72.11,44.72,28.28,44.94,0.0,64.5,48.33,58.31,12.65,38.47,71.55,42.19,10.0,68.94,44.92,13.0,72.11,17.69,61.4,20.12,66.73,43.01,50.45,30.15,61.91,30.07
46,98.41,89.2,99.04,109.64,104.86,50.6,49.19,79.4,78.59,95.6,43.17,94.02,76.24,81.22,34.06,105.0,89.89,93.3,22.36,70.46,76.16,96.93,18.44,106.0,8.25,65.51,46.39,93.72,85.16,55.79,70.0,50.16,87.66,50.04,30.53,49.03,65.12,18.0,78.89,27.2,36.06,116.28,20.0,84.85,60.96,64.5,0.0,98.79,110.45,68.12,83.76,40.0,84.4,58.0,116.21,21.59,64.2,72.11,76.16,99.01,77.49,30.02,81.06,47.17,71.87,41.48,76.16
47,35.38,22.0,25.61,16.12,8.25,50.91,50.0,32.98,32.98,10.0,74.89,11.66,81.61,38.21,67.23,16.49,8.94,45.61,89.11,61.61,56.92,17.09,81.41,7.21,93.23,71.02,78.23,31.24,38.0,70.03,85.91,80.02,39.45,63.81,72.8,71.69,36.88,84.02,20.0,74.32,67.68,24.33,82.46,64.0,44.41,48.33,98.79,0.0,11.66,58.24,15.23,84.85,16.12,58.14,20.62,84.96,60.41,62.1,57.56,21.4,28.23,85.87,21.02,60.21,26.93,73.98,22.8
48,39.45,29.73,29.53,12.81,8.25,62.29,61.61,42.05,42.05,18.0,85.6,20.0,89.82,46.17,78.79,17.2,20.59,50.99,100.5,70.23,65.12,22.36,93.06,4.47,104.86,80.22,88.81,36.77,45.12,80.1,94.76,90.35,46.17,74.4,84.31,82.1,48.08,95.6,31.62,85.91,79.12,18.97,94.02,70.71,55.32,58.31,110.45,11.66,0.0,67.23,26.83,95.71,27.2,68.26,13.15,96.43,69.78,70.71,65.52,25.5,38.28,97.12,31.78,71.31,38.59,84.93,34.41
49,82.39,37.58,76.0,74.22,66.48,28.28,35.38,65.97,25.3,62.51,26.68,62.29,101.21,21.63,54.92,72.99,52.61,86.35,48.37,4.47,83.19,45.65,58.82,63.91,60.03,86.83,79.65,76.42,24.08,79.25,100.5,83.74,78.1,18.11,60.03,20.88,52.0,50.16,44.0,58.14,58.82,82.46,48.17,17.89,57.31,12.65,68.12,58.24,67.23,0.0,50.04,80.99,54.0,10.77,78.75,47.01,4.12,84.38,8.06,73.06,30.41,75.13,55.23,61.52,42.58,72.01,42.05
50,33.53,21.26,26.08,27.2,21.26,37.2,35.38,22.8,26.68,13.42,62.61,12.65,70.68,33.53,52.0,24.17,6.32,40.5,75.07,54.0,46.65,22.36,66.24,22.36,78.41,58.82,64.0,27.86,34.93,56.57,74.0,66.12,32.8,52.0,57.58,60.17,22.09,69.43,6.32,59.09,52.5,34.99,67.94,59.67,30.0,38.47,83.76,15.23,26.83,50.04,0.0,70.26,4.47,47.54,33.3,70.72,51.35,50.99,51.35,23.02,20.22,70.83,8.6,45.4,12.04,59.3,8.94
51,71.02,84.59,75.15,90.44,88.29,53.67,47.54,55.71,78.59,78.1,65.3,76.16,36.5,84.12,26.08,84.76,76.42,62.48,53.85,84.88,42.43,90.09,28.64,91.41,42.76,27.78,8.49,68.0,87.93,19.8,30.0,10.77,59.36,65.3,21.26,69.31,48.17,43.86,68.0,24.08,22.36,95.08,44.72,98.79,40.45,71.55,40.0,84.85,95.71,80.99,70.26,0.0,68.73,70.46,97.08,49.66,78.24,36.88,88.32,76.69,74.33,10.05,63.95,25.0,61.03,11.0,66.03
52,29.12,25.61,22.0,25.46,20.59,39.45,36.88,18.87,31.05,11.31,65.39,10.0,67.23,37.95,51.88,21.63,8.25,36.06,76.84,58.03,42.94,26.08,66.57,22.8,79.4,55.79,62.13,23.41,39.4,54.15,70.88,64.0,28.43,55.03,57.27,63.25,20.88,70.71,10.0,59.06,52.0,32.8,69.31,64.03,28.28,42.19,84.4,16.12,27.2,54.0,4.47,68.73,0.0,50.99,31.89,72.35,55.15,47.54,55.58,19.24,24.52,69.92,5.1,44.15,13.89,57.87,12.17
53,78.03,39.7,72.69,73.54,66.21,18.87,26.08,60.3,26.91,60.73,18.87,60.17,92.09,26.08,44.41,71.47,51.26,80.62,39.29,14.42,75.39,48.17,48.08,64.5,50.04,77.67,69.43,72.03,29.53,69.66,90.91,73.59,72.44,8.25,49.4,14.14,45.12,40.0,41.23,47.41,48.41,81.71,38.0,28.64,49.4,10.0,58.0,58.14,68.26,10.77,47.54,70.46,50.99,0.0,78.72,37.34,7.81,76.03,18.68,70.21,30.02,64.41,51.24,51.86,38.12,61.72,38.83
54,32.76,41.77,24.02,6.71,12.53,70.43,68.59,41.48,53.45,20.62,95.19,22.2,86.15,58.25,83.22,12.37,28.02,44.91,108.37,82.01,62.01,35.06,98.23,15.13,111.29,78.31,89.56,32.02,57.56,79.83,92.01,90.47,42.01,84.22,88.32,92.18,51.62,102.55,39.2,90.43,82.86,6.4,101.12,83.38,57.7,68.94,116.21,20.62,13.15,78.75,33.3,97.08,31.89,78.72,0.0,104.0,80.99,68.07,77.67,21.1,48.85,99.81,35.23,73.82,45.28,86.73,42.01
55,91.71,72.07,90.21,97.74,91.92,34.21,35.47,72.01,60.42,83.63,21.59,82.33,82.38,61.98,31.02,93.86,76.38,89.19,5.1,49.09,75.54,80.26,21.02,92.1,13.34,69.35,53.16,86.31,65.8,59.41,77.88,57.57,82.28,29.15,31.4,27.46,55.95,5.83,65.07,27.46,35.01,105.12,5.1,63.39,54.42,44.92,21.59,84.96,96.43,47.01,70.72,49.66,72.35,37.34,104.0,0.0,43.0,73.06,55.0,89.31,60.54,40.31,70.0,45.18,58.73,46.1,62.24
56,83.1,40.31,77.1,76.24,68.62,26.4,33.6,66.1,27.73,64.13,22.56,63.79,99.62,24.84,52.2,74.73,54.34,86.49,44.28,6.71,82.35,48.55,55.36,66.31,56.08,85.21,77.23,77.1,27.59,77.34,98.6,81.39,78.26,14.32,57.14,16.76,51.55,46.27,45.18,55.07,56.22,84.48,44.28,21.19,56.36,13.0,64.2,60.41,69.78,4.12,51.35,78.24,55.15,7.81,80.99,43.0,0.0,83.24,12.0,74.33,32.28,72.07,56.01,59.55,43.1,69.53,43.05
57,37.36,71.02,44.18,62.0,62.51,57.27,50.16,29.12,70.77,52.95,80.05,50.99,19.7,77.79,42.05,56.0,55.71,26.83,78.1,88.84,6.32,73.35,55.32,67.08,71.81,10.77,28.43,36.22,80.72,17.2,24.08,26.91,26.31,74.67,42.76,81.61,33.94,68.26,52.15,46.69,38.21,64.5,68.12,100.0,27.2,72.11,72.11,62.1,70.71,84.38,50.99,36.88,47.54,76.03,68.07,73.06,83.24,0.0,89.63,47.01,64.54,44.42,42.54,28.02,47.63,30.87,51.61
58,84.53,35.9,77.41,73.68,65.76,35.0,41.87,69.29,25.0,63.0,34.37,63.03,107.06,19.42,62.27,73.11,53.0,89.49,56.22,6.71,87.98,43.32,66.76,62.59,68.07,92.76,86.61,78.64,20.62,85.59,106.78,90.6,81.27,26.17,67.54,28.44,56.44,58.22,45.71,65.8,66.04,81.88,56.22,10.63,62.43,17.69,76.16,57.56,65.52,8.06,51.35,88.32,55.58,18.68,77.67,55.0,12.0,89.63,0.0,74.17,31.14,82.76,57.49,68.01,45.54,79.06,44.15
59,14.21,41.11,4.24,15.03,17.49,57.78,54.2,21.02,49.25,12.08,84.15,11.4,65.38,55.73,65.19,9.06,21.59,25.5,94.03,77.01,41.01,38.08,80.66,23.02,94.92,57.22,68.95,11.4,56.52,58.94,71.01,69.64,21.21,74.04,69.81,82.28,33.97,87.01,29.15,72.35,64.2,18.38,85.8,82.04,38.6,61.4,99.01,21.4,25.5,73.06,23.02,76.69,19.24,70.21,21.1,89.31,74.33,47.01,74.17,0.0,43.05,80.13,19.7,54.38,32.57,66.64,31.4
60,53.6,11.7,46.27,43.97,36.4,26.93,29.27,39.96,6.71,32.14,47.51,32.02,83.6,13.89,51.0,42.58,22.2,59.51,64.07,34.13,61.52,19.72,62.17,34.48,70.77,70.18,69.92,47.8,16.28,65.31,85.23,73.05,51.43,36.24,57.0,43.83,30.81,60.84,14.87,57.14,53.15,52.2,59.03,39.56,38.59,20.12,77.49,28.23,38.28,30.41,20.22,74.33,24.52,30.02,48.85,60.54,32.28,64.54,31.14,43.05,0.0,72.11,26.93,50.0,16.97,63.56,13.89
61,76.06,83.0,79.08,93.11,90.14,49.04,43.74,59.17,75.66,80.06,57.28,78.19,46.27,80.6,21.38,87.66,77.13,68.62,44.28,78.77,49.41,89.2,19.42,92.72,32.76,36.4,16.76,72.42,84.53,27.29,40.01,20.22,64.54,58.52,15.52,61.72,49.04,34.48,67.74,17.0,19.0,98.41,35.51,93.02,42.15,66.73,30.02,85.87,97.12,75.13,70.83,10.05,69.92,64.41,99.81,40.31,72.07,44.42,82.76,80.13,72.11,0.0,65.46,26.0,60.53,14.14,65.49
62,27.17,29.7,21.59,28.6,24.7,38.08,34.67,14.21,33.62,14.76,64.51,13.04,62.24,40.72,48.02,24.04,13.34,32.65,74.63,59.41,38.08,30.89,63.01,27.46,76.38,50.7,57.22,21.21,42.54,49.09,65.8,59.01,24.7,54.57,53.24,62.82,16.55,68.01,12.08,55.23,47.85,35.36,66.71,66.41,23.54,43.01,81.06,21.02,31.78,55.23,8.6,63.95,5.1,51.24,35.23,70.0,56.01,42.54,57.49,19.7,26.93,65.46,0.0,39.56,13.15,53.15,13.34
63,51.66,59.84,53.6,67.12,64.2,33.24,26.17,33.6,54.78,54.08,52.81,52.2,40.71,60.84,14.32,61.72,51.62,46.14,50.25,65.8,30.41,65.12,29.07,66.94,45.31,26.4,19.92,47.42,64.47,17.8,39.05,23.26,40.61,48.88,16.64,55.04,23.35,40.61,43.0,20.12,11.18,72.56,40.31,78.64,16.16,50.45,47.17,60.21,71.31,61.52,45.4,25.0,44.15,51.86,73.82,45.18,59.55,28.02,68.01,54.38,50.0,26.0,39.56,0.0,36.06,14.0,41.05
64,40.01,24.35,34.71,39.05,33.3,25.55,23.35,23.77,23.43,25.0,51.62,23.85,66.85,30.61,40.8,35.51,18.03,43.97,63.13,46.87,44.55,29.07,54.56,34.13,66.4,53.71,55.58,34.01,33.24,49.65,68.88,58.25,35.74,41.48,46.57,49.73,14.32,57.38,7.28,47.76,41.77,46.62,55.9,55.04,22.47,30.15,71.87,26.93,38.59,42.58,12.04,61.03,13.89,38.12,45.28,58.73,43.1,47.63,45.54,32.57,16.97,60.53,13.15,36.06,0.0,50.04,5.0
65,62.01,73.68,65.37,80.06,77.62,44.1,37.59,45.62,68.01,67.45,58.83,65.52,36.35,73.74,17.8,74.46,65.49,54.49,50.8,76.06,35.51,79.1,26.02,80.6,42.11,24.19,7.81,58.52,77.49,14.32,31.95,12.21,50.45,57.31,14.87,62.2,37.22,40.61,57.0,18.68,13.45,85.0,41.0,89.63,29.61,61.91,41.48,73.98,84.93,72.01,59.3,11.0,57.87,61.72,86.73,46.1,69.53,30.87,79.06,66.64,63.56,14.14,53.15,14.0,50.04,0.0,55.04
66,40.45,19.7,34.06,36.06,29.73,28.43,27.2,26.08,20.59,22.36,53.67,21.54,71.02,27.78,45.61,33.11,14.14,45.69,66.48,46.17,48.17,24.08,59.09,30.0,70.46,58.14,60.53,34.53,30.0,54.41,73.35,63.15,37.58,43.08,51.42,51.26,18.97,61.22,2.83,52.5,46.69,43.91,59.67,53.14,27.2,30.07,76.16,22.8,34.41,42.05,8.94,66.03,12.17,38.83,42.01,62.24,43.05,51.61,44.15,31.4,13.89,65.49,13.34,41.05,5.0,55.04,0.0
