vehicles
vehicle_idx, capacity, cost_per_unit_distance
1,100,1
2,100,1
3,100,1
4,100,1
5,100,1
6,100,1
7,100,1
depot
node_idx,x,y
0,61,5
home delivery customers
node_idx,x,y,service_time,demand
1,85,53,15,24
2,17,57,15,9
3,49,93,15,15
4,69,11,15,17
5,19,83,15,17
6,69,43,15,16
7,17,61,15,12
8,45,61,15,3
9,21,53,15,23
10,53,23,15,23
11,77,63,15,20
12,85,95,15,23
13,43,93,15,23
14,1,43,15,12
15,7,7,15,15
16,81,69,15,9
17,81,15,15,18
18,49,3,15,7
19,21,93,15,6
20,41,37,15,2
21,31,13,15,2
22,69,33,15,2
23,13,69,15,13
24,65,75,15,18
25,9,85,15,19
26,7,37,15,14
27,59,83,15,21
28,85,69,15,4
29,15,29,15,6
30,85,31,15,10
31,95,25,15,18
32,51,11,15,9
33,51,85,15,36
self pickup customers
node_idx,x,y,service_time,demand,locker_idxs
34,87,15,15,2,54-64
35,49,39,15,19,64-58-60-57-62-59-61
36,69,87,15,20,60-58-56
37,71,37,15,4,58-60-62-54-64
38,89,7,15,2,54-64
39,77,25,15,2,54-64-62-58-60
40,75,25,15,5,54-64-58-60-62
41,71,91,15,8,56-58
42,91,47,15,4,54-64-58-60-62
43,91,27,15,9,54-58-60-64
44,15,19,15,3,63-57-59-61
45,61,11,15,19,57-54-64-62
46,1,13,15,22,57-63-59
47,1,83,15,13,55
48,5,33,15,5,61-59-57-63
flexible customers
node_idx,x,y,service_time,demand,locker_idxs
49,87,23,15,10,54-64-62-60-58
50,49,67,15,8,55-56-61-62-58-60
51,21,83,15,19,55-61
52,23,57,15,13,63-62-59-61-55
53,77,35,15,16,54-64-58-60-62
lockers
node_idx,x,y,service_time,capacity,cost_per_unit_good
54,93,12,10,86,100
55,22,88,10,100,100
56,65,88,10,92,100
57,25,15,10,95,100
58,71,52,10,95,100
59,12,43,10,81,100
60,68,50,10,96,100
61,28,48,10,88,100
62,57,48,10,80,100
63,8,25,10,81,100
64,75,13,10,73,100
mrt lines
start_node_idx,end_node_idx,freight_capacity,cost_per_unit_good
54,55,100,1
55,54,100,1
56,57,95,1
57,56,95,1
distance matrix
,0,1,2,3,4,5,6,7,8,9,10,11,12,13,14,15,16,17,18,19,20,21,22,23,24,25,26,27,28,29,30,31,32,33,34,35,36,37,38,39,40,41,42,43,44,45,46,47,48,49,50,51,52,53,54,55,56,57,58,59,60,61,62,63,64,
0,0.0,53.67,68.12,88.81,10.0,88.59,38.83,71.22,58.24,62.48,19.7,60.17,93.15,89.82,71.02,54.04,67.05,22.36,12.17,96.66,37.74,31.05,29.12,80.0,70.11,95.41,62.77,78.03,68.35,51.88,35.38,39.45,11.66,80.62,27.86,36.06,82.39,33.53,28.07,25.61,24.41,86.58,51.61,37.2,48.08,6.0,60.53,98.41,62.61,31.62,63.15,87.66,64.4,34.0,32.76,91.71,83.1,37.36,48.05,62.01,45.54,54.2,43.19,56.65,16.12
1,53.67,0.0,68.12,53.81,44.94,72.5,18.87,68.47,40.79,64.0,43.86,12.81,42.0,58.0,84.59,90.55,16.49,38.21,61.61,75.47,46.82,67.2,25.61,73.76,29.73,82.46,79.62,39.7,16.0,74.0,22.0,29.73,54.04,46.69,38.05,38.63,37.58,21.26,46.17,29.12,29.73,40.5,8.49,26.68,77.82,48.37,93.04,89.2,82.46,30.07,38.63,70.68,62.13,19.7,41.77,72.07,40.31,71.02,14.04,73.68,17.26,57.22,28.44,81.93,41.23
2,68.12,68.12,0.0,48.17,69.43,26.08,53.85,4.0,28.28,5.66,49.52,60.3,77.9,44.41,21.26,50.99,65.12,76.55,62.77,36.22,31.24,46.17,57.27,12.65,51.26,29.12,22.36,49.4,69.05,28.07,72.8,84.31,57.2,44.05,81.63,36.72,60.03,57.58,87.66,68.0,66.24,63.81,74.67,79.85,38.05,63.66,46.82,30.53,26.83,77.82,33.53,26.31,6.0,63.91,88.32,31.4,57.14,42.76,54.23,14.87,51.48,14.21,41.0,33.24,72.8
3,88.81,53.81,48.17,0.0,84.4,31.62,53.85,45.25,32.25,48.83,70.11,41.04,36.06,6.0,69.31,95.71,40.0,84.31,90.0,28.0,56.57,82.0,63.25,43.27,24.08,40.79,70.0,14.14,43.27,72.47,71.69,82.1,82.02,8.25,86.76,54.0,20.88,60.17,94.85,73.54,72.8,22.09,62.29,78.23,81.44,82.87,93.3,49.03,74.4,79.65,26.0,29.73,44.41,64.4,92.18,27.46,16.76,81.61,46.53,62.2,47.01,49.66,45.71,79.4,84.12
4,10.0,44.94,69.43,84.4,0.0,87.66,32.0,72.14,55.46,63.78,20.0,52.61,85.51,86.02,75.15,62.13,59.23,12.65,21.54,95.02,38.21,38.05,22.0,80.62,64.12,95.27,67.23,72.69,60.17,56.92,25.61,29.53,18.0,76.16,18.44,34.41,76.0,26.08,20.4,16.12,15.23,80.02,42.19,27.2,54.59,8.0,68.03,99.04,67.68,21.63,59.46,86.53,65.05,25.3,24.02,90.21,77.1,44.18,41.05,65.37,39.01,55.23,38.9,62.59,6.32
5,88.59,72.5,26.08,31.62,87.66,0.0,64.03,22.09,34.06,30.07,68.96,61.35,67.08,26.0,43.86,76.94,63.56,92.02,85.44,10.2,50.99,71.02,70.71,15.23,46.69,10.2,47.54,40.0,67.47,54.15,84.02,95.6,78.79,32.06,96.17,53.25,50.16,69.43,103.32,82.02,80.62,52.61,80.5,91.21,64.12,83.35,72.28,18.0,51.92,90.69,34.0,2.0,26.31,75.29,102.55,5.83,46.27,68.26,60.54,40.61,59.08,36.14,51.66,59.03,89.64
6,38.83,18.87,53.85,53.85,32.0,64.03,0.0,55.03,30.0,49.03,25.61,21.54,54.41,56.36,68.0,71.69,28.64,30.46,44.72,69.31,28.64,48.41,10.0,61.74,32.25,73.24,62.29,41.23,30.53,55.79,20.0,31.62,36.72,45.69,33.29,20.4,44.0,6.32,41.18,19.7,18.97,48.04,22.36,27.2,59.09,32.98,74.32,78.89,64.78,26.91,31.24,62.48,48.08,11.31,39.2,65.07,45.18,52.15,9.22,57.0,7.07,41.3,13.0,63.6,30.59
7,71.22,68.47,4.0,45.25,72.14,22.09,55.03,0.0,28.0,8.94,52.35,60.03,76.03,41.23,24.08,54.92,64.5,78.82,66.24,32.25,33.94,50.0,59.06,8.94,50.0,25.3,26.0,47.41,68.47,32.06,74.32,85.91,60.46,41.62,83.76,38.83,58.14,59.09,90.0,69.97,68.26,61.77,75.31,81.44,42.05,66.6,50.6,27.2,30.46,79.65,32.56,22.36,7.21,65.39,90.43,27.46,55.07,46.69,54.74,18.68,52.17,17.03,42.06,37.11,75.29
8,58.24,40.79,28.28,32.25,55.46,34.06,30.0,28.0,0.0,25.3,38.83,32.06,52.5,32.06,47.54,66.03,36.88,58.41,58.14,40.0,24.33,50.0,36.88,32.98,24.41,43.27,44.94,26.08,40.79,43.86,50.0,61.61,50.36,24.74,62.29,22.36,35.38,35.38,69.66,48.17,46.86,39.7,48.08,57.2,51.61,52.5,65.12,49.19,48.83,56.64,7.21,32.56,22.36,41.23,68.59,35.47,33.6,50.16,27.51,37.59,25.5,21.4,17.69,51.62,56.6
9,62.48,64.0,5.66,48.83,63.78,30.07,49.03,8.94,25.3,0.0,43.86,56.89,76.55,45.65,22.36,48.08,62.1,71.02,57.31,40.0,25.61,41.23,52.0,17.89,49.19,34.18,21.26,48.41,65.97,24.74,67.68,79.12,51.61,43.86,76.16,31.3,58.82,52.5,82.1,62.61,60.83,62.8,70.26,74.67,34.53,58.0,44.72,36.06,25.61,72.5,31.3,30.0,4.47,58.82,82.86,35.01,56.22,38.21,50.01,13.45,47.1,8.6,36.35,30.87,67.2
10,19.7,43.86,49.52,70.11,20.0,68.96,25.61,52.35,38.83,43.86,0.0,46.65,78.79,70.71,55.71,48.7,53.85,29.12,20.4,76.97,18.44,24.17,18.87,60.96,53.37,76.03,48.08,60.3,56.04,38.47,32.98,42.05,12.17,62.03,34.93,16.49,65.97,22.8,39.4,24.08,22.09,70.34,44.94,38.21,38.21,14.42,52.95,79.4,49.03,34.0,44.18,68.0,45.34,26.83,41.48,72.01,66.1,29.12,34.13,45.62,30.89,35.36,25.32,45.04,24.17
11,60.17,12.81,60.3,41.04,52.61,61.35,21.54,60.03,32.06,56.89,46.65,0.0,32.98,45.34,78.59,89.64,7.21,48.17,66.21,63.53,44.41,67.94,31.05,64.28,16.97,71.47,74.67,26.91,10.0,70.71,32.98,42.05,58.14,34.06,49.03,36.88,25.3,26.68,57.27,38.0,38.05,28.64,21.26,38.63,76.03,54.41,90.97,78.59,78.0,41.23,28.28,59.46,54.33,28.0,53.45,60.42,27.73,70.77,12.53,68.01,15.81,51.24,25.0,78.77,50.04
12,93.15,42.0,77.9,36.06,85.51,67.08,54.41,76.03,52.5,76.55,78.79,32.98,0.0,42.05,98.79,117.59,26.31,80.1,98.79,64.03,72.8,98.18,64.03,76.55,28.28,76.66,97.2,28.64,26.0,96.21,64.0,70.71,90.62,35.44,80.02,66.57,17.89,59.67,88.09,70.46,70.71,14.56,48.37,68.26,103.32,87.36,117.39,84.85,101.21,72.03,45.61,65.12,72.72,60.53,83.38,63.39,21.19,100.0,45.22,89.63,48.1,73.88,54.71,104.06,82.61
13,89.82,58.0,44.41,6.0,86.02,26.0,56.36,41.23,32.06,45.65,70.71,45.34,42.05,0.0,65.3,93.23,44.94,86.76,90.2,22.0,56.04,80.89,65.39,38.42,28.43,34.93,66.57,18.87,48.37,69.86,74.89,85.6,82.39,11.31,89.55,54.33,26.68,62.61,97.53,76.03,75.15,28.07,66.48,81.61,79.12,83.95,90.35,43.17,71.02,82.68,26.68,24.17,41.18,67.23,95.19,21.59,22.56,80.05,49.65,58.83,49.74,47.43,47.13,76.48,86.16
14,71.02,84.59,21.26,69.31,75.15,43.86,68.0,24.08,47.54,22.36,55.71,78.59,98.79,65.3,0.0,36.5,84.12,84.76,62.48,53.85,40.45,42.43,68.73,28.64,71.55,42.76,8.49,70.46,87.93,19.8,84.85,95.71,59.36,65.3,90.44,48.17,80.99,70.26,95.08,78.1,76.16,84.88,90.09,91.41,27.78,68.0,30.0,40.0,10.77,88.29,53.67,44.72,26.08,76.42,97.08,49.66,78.24,36.88,70.58,11.0,67.36,27.46,56.22,19.31,79.85
15,54.04,90.55,50.99,95.71,62.13,76.94,71.69,54.92,66.03,48.08,48.7,89.64,117.59,93.23,36.5,0.0,96.54,74.43,42.19,87.13,45.34,24.74,67.23,62.29,89.38,78.03,30.0,92.09,99.64,23.41,81.61,89.82,44.18,89.55,80.4,52.8,101.21,70.68,82.0,72.28,70.34,105.6,93.04,86.35,14.42,54.15,8.49,76.24,26.08,81.58,73.24,77.28,52.5,75.39,86.15,82.38,99.62,19.7,78.24,36.35,74.63,46.07,64.66,18.03,68.26
16,67.05,16.49,65.12,40.0,59.23,63.56,28.64,64.5,36.88,62.1,53.85,7.21,26.31,44.94,84.12,96.54,0.0,54.0,73.35,64.62,51.22,75.07,37.95,68.0,17.09,73.76,80.62,26.08,4.0,77.18,38.21,46.17,65.3,34.0,54.33,43.86,21.63,33.53,62.51,44.18,44.41,24.17,24.17,43.17,82.8,61.35,97.65,81.22,84.1,46.39,32.06,61.61,59.23,34.23,58.25,61.98,24.84,77.79,19.72,73.74,23.02,57.01,31.89,85.23,56.32
17,22.36,38.21,76.55,84.31,12.65,92.02,30.46,78.82,58.41,71.02,29.12,48.17,80.1,86.76,84.76,74.43,54.0,0.0,34.18,98.41,45.65,50.04,21.63,86.83,62.1,100.42,77.2,71.47,54.15,67.47,16.49,17.2,30.27,76.16,6.0,40.0,72.99,24.17,11.31,10.77,11.66,76.66,33.53,15.62,66.12,20.4,80.02,105.0,78.1,10.0,61.06,90.69,71.61,20.4,12.37,93.86,74.73,56.0,38.33,74.46,37.34,62.43,40.8,73.68,6.32
18,12.17,61.61,62.77,90.0,21.54,85.44,44.72,66.24,58.14,57.31,20.4,66.21,98.79,90.2,62.48,42.19,73.35,34.18,0.0,94.25,34.93,20.59,36.06,75.18,73.76,91.24,54.04,80.62,75.18,42.8,45.61,50.99,8.25,82.02,39.85,36.0,86.35,40.5,40.2,35.61,34.06,90.71,60.83,48.37,37.58,14.42,49.03,93.3,53.25,42.94,64.0,84.76,59.93,42.52,44.91,89.19,86.49,26.83,53.71,54.49,50.7,49.66,45.71,46.53,27.86
19,96.66,75.47,36.22,28.0,95.02,10.2,69.31,32.25,40.0,40.0,76.97,63.53,64.03,22.0,53.85,87.13,64.62,98.41,94.25,0.0,59.46,80.62,76.84,25.3,47.54,14.42,57.72,39.29,68.35,64.28,89.11,100.5,87.32,31.05,102.18,60.83,48.37,75.07,109.64,88.09,86.83,50.04,83.76,96.21,74.24,91.24,82.46,22.36,62.1,96.21,38.21,10.0,36.06,80.62,108.37,5.1,44.28,78.1,64.66,50.8,63.7,45.54,57.63,69.23,96.52
20,37.74,46.82,31.24,56.57,38.21,50.99,28.64,33.94,24.33,25.61,18.44,44.41,72.8,56.04,40.45,45.34,51.22,45.65,34.93,59.46,0.0,26.0,28.28,42.52,44.94,57.69,34.0,49.4,54.41,27.2,44.41,55.32,27.86,49.03,50.99,8.25,57.31,30.0,56.6,37.95,36.06,61.77,50.99,50.99,31.62,32.8,46.65,60.96,36.22,48.08,31.05,50.16,26.91,36.06,57.7,54.42,56.36,27.2,33.54,29.61,29.97,17.03,19.42,35.11,41.62
21,31.05,67.2,46.17,82.0,38.05,71.02,48.41,50.0,50.0,41.23,24.17,67.94,98.18,80.89,42.43,24.74,75.07,50.04,20.59,80.62,26.0,0.0,42.94,58.82,70.71,75.29,33.94,75.39,77.79,22.63,56.92,65.12,20.1,74.73,56.04,31.62,83.19,46.65,58.31,47.54,45.61,87.66,68.96,61.61,17.09,30.07,30.0,76.16,32.8,56.89,56.92,70.71,44.72,50.99,62.01,75.54,82.35,6.32,55.87,35.51,52.33,35.13,43.6,25.94,44.0
22,29.12,25.61,57.27,63.25,22.0,70.71,10.0,59.06,36.88,52.0,18.87,31.05,64.03,65.39,68.73,67.23,37.95,21.63,36.06,76.84,28.28,42.94,0.0,66.57,42.19,79.4,62.13,50.99,39.4,54.15,16.12,27.2,28.43,55.03,25.46,20.88,54.0,4.47,32.8,11.31,10.0,58.03,26.08,22.8,55.79,23.41,70.88,84.4,64.0,20.59,39.45,69.31,51.88,8.25,31.89,72.35,55.15,47.54,19.1,57.87,17.03,43.66,19.21,61.52,20.88
23,80.0,73.76,12.65,43.27,80.62,15.23,61.74,8.94,32.98,17.89,60.96,64.28,76.55,38.42,28.64,62.29,68.0,86.83,75.18,25.3,42.52,58.82,66.57,0.0,52.35,16.49,32.56,48.08,72.0,40.05,81.41,93.06,69.34,41.23,91.61,46.86,58.82,66.24,98.08,77.67,76.03,62.03,81.04,88.59,50.04,75.29,57.27,18.44,36.88,87.13,36.06,16.12,15.62,72.47,98.23,21.02,55.36,55.32,60.44,26.02,58.19,25.81,48.75,44.28,83.55
24,70.11,29.73,51.26,24.08,64.12,46.69,32.25,50.0,24.41,49.19,53.37,16.97,28.28,28.43,71.55,89.38,17.09,62.1,73.76,47.54,44.94,70.71,42.19,52.35,0.0,56.89,69.34,10.0,20.88,67.94,48.33,58.31,65.51,17.2,63.91,39.4,12.65,38.47,72.11,51.42,50.99,17.09,38.21,54.59,75.07,64.12,89.11,64.5,73.24,56.46,17.89,44.72,45.69,41.76,68.94,44.92,13.0,72.11,23.77,61.91,25.18,45.8,28.16,75.82,62.8
25,95.41,82.46,29.12,40.79,95.27,10.2,73.24,25.3,43.27,34.18,76.03,71.47,76.66,34.93,42.76,78.03,73.76,100.42,91.24,14.42,57.69,75.29,79.4,16.49,56.89,0.0,48.04,50.04,77.67,56.32,93.23,104.86,85.09,42.0,104.8,60.96,60.03,78.41,111.73,90.69,89.2,62.29,90.38,100.44,66.27,90.44,72.44,8.25,52.15,99.64,43.86,12.17,31.3,84.4,111.29,13.34,56.08,71.81,70.24,42.11,68.6,41.59,60.61,60.01,97.67
26,62.77,79.62,22.36,70.0,67.23,47.54,62.29,26.0,44.94,21.26,48.08,74.67,97.2,66.57,8.49,30.0,80.62,77.2,54.04,57.72,34.0,33.94,62.13,32.56,69.34,48.04,0.0,69.43,84.31,11.31,78.23,88.81,51.11,65.12,82.97,42.05,79.65,64.0,87.32,71.02,69.05,83.74,84.59,84.59,19.7,59.93,24.74,46.39,4.47,81.22,51.61,48.08,25.61,70.03,89.56,53.16,77.23,28.43,65.73,7.81,62.37,23.71,51.2,12.04,72.11
27,78.03,39.7,49.4,14.14,72.69,40.0,41.23,47.41,26.08,48.41,60.3,26.91,28.64,18.87,70.46,92.09,26.08,71.47,80.62,39.29,49.4,75.39,50.99,48.08,10.0,50.04,69.43,0.0,29.53,69.66,58.14,68.26,72.44,8.25,73.54,45.12,10.77,47.54,81.71,60.73,60.17,14.42,48.17,64.5,77.67,72.03,90.91,58.0,73.59,66.21,18.87,38.0,44.41,51.26,78.72,37.34,7.81,76.03,33.24,61.72,34.21,46.75,35.06,77.23,71.81
28,68.35,16.0,69.05,43.27,60.17,67.47,30.53,68.47,40.79,65.97,56.04,10.0,26.0,48.37,87.93,99.64,4.0,54.15,75.18,68.35,54.41,77.79,39.4,72.0,20.88,77.67,84.31,29.53,0.0,80.62,38.0,45.12,67.23,37.58,54.04,46.86,24.08,34.93,62.13,44.72,45.12,26.08,22.8,42.43,86.02,62.77,100.96,85.16,87.73,46.04,36.06,65.51,63.15,34.93,57.56,65.8,27.59,80.72,22.02,77.49,25.5,60.75,35.0,88.68,56.89
29,51.88,74.0,28.07,72.47,56.92,54.15,55.79,32.06,43.86,24.74,38.47,70.71,96.21,69.86,19.8,23.41,77.18,67.47,42.8,64.28,27.2,22.63,54.15,40.05,67.94,56.32,11.31,69.66,80.62,0.0,70.03,80.1,40.25,66.57,73.35,35.44,79.25,56.57,77.2,62.13,60.13,83.55,78.1,76.03,10.0,49.4,21.26,55.79,10.77,72.25,50.99,54.33,29.12,62.29,79.83,59.41,77.34,17.2,60.54,14.32,57.01,23.02,46.1,8.06,62.1
30,35.38,22.0,72.8,71.69,25.61,84.02,20.0,74.32,50.0,67.68,32.98,32.98,64.0,74.89,84.85,81.61,38.21,16.49,45.61,89.11,44.41,56.92,16.12,81.41,48.33,93.23,78.23,58.14,38.0,70.03,0.0,11.66,39.45,63.81,16.12,36.88,58.24,15.23,24.33,10.0,11.66,61.61,17.09,7.21,71.02,31.24,85.91,98.79,80.02,8.25,50.91,82.46,67.23,8.94,20.62,84.96,60.41,62.1,25.24,73.98,25.5,59.48,32.76,77.23,20.59
31,39.45,29.73,84.31,82.1,29.53,95.6,31.62,85.91,61.61,79.12,42.05,42.05,70.71,85.6,95.71,89.82,46.17,17.2,50.99,100.5,55.32,65.12,27.2,93.06,58.31,104.86,88.81,68.26,45.12,80.1,11.66,0.0,46.17,74.4,12.81,48.08,67.23,26.83,18.97,18.0,20.0,70.23,22.36,4.47,80.22,36.77,94.76,110.45,90.35,8.25,62.29,94.02,78.79,20.59,13.15,96.43,69.78,70.71,36.12,84.93,36.8,70.84,44.42,87.0,23.32
32,11.66,54.04,57.2,82.02,18.0,78.79,36.72,60.46,50.36,51.61,12.17,58.14,90.62,82.39,59.36,44.18,65.3,30.27,8.25,87.32,27.86,20.1,28.43,69.34,65.51,85.09,51.11,72.44,67.23,40.25,39.45,46.17,0.0,74.0,36.22,28.07,78.1,32.8,38.21,29.53,27.78,82.46,53.81,43.08,36.88,10.0,50.04,87.66,50.99,37.95,56.04,78.0,53.85,35.38,42.01,82.28,78.26,26.31,45.62,50.45,42.54,43.57,37.48,45.22,24.08
33,80.62,46.69,44.05,8.25,76.16,32.06,45.69,41.62,24.74,43.86,62.03,34.06,35.44,11.31,65.3,89.55,34.0,76.16,82.02,31.05,49.03,74.73,55.03,41.23,17.2,42.0,65.12,8.25,37.58,66.57,63.81,74.4,74.0,0.0,78.71,46.04,18.11,52.0,86.76,65.39,64.62,20.88,55.17,70.46,75.18,74.67,87.66,50.04,69.43,71.69,18.11,30.07,39.6,56.36,84.22,29.15,14.32,74.67,38.59,57.31,38.91,43.57,37.48,73.82,75.89
34,27.86,38.05,81.63,86.76,18.44,96.17,33.29,83.76,62.29,76.16,34.93,49.03,80.02,89.55,90.44,80.4,54.33,6.0,39.85,102.18,50.99,56.04,25.46,91.61,63.91,104.8,82.97,73.54,54.04,73.35,16.12,12.81,36.22,78.71,0.0,44.94,74.22,27.2,8.25,14.14,15.62,77.67,32.25,12.65,72.11,26.31,86.02,109.64,83.95,8.0,64.4,94.76,76.55,22.36,6.71,97.74,76.24,62.0,40.31,80.06,39.82,67.6,44.6,79.63,12.17
35,36.06,38.63,36.72,54.0,34.41,53.25,20.4,38.83,22.36,31.3,16.49,36.88,66.57,54.33,48.17,52.8,43.86,40.0,36.0,60.83,8.25,31.62,20.88,46.86,39.4,60.96,42.05,45.12,46.86,35.44,36.88,48.08,28.07,46.04,44.94,0.0,52.0,22.09,51.22,31.3,29.53,56.46,42.76,43.68,39.45,30.46,54.59,65.12,44.41,41.23,28.0,52.15,31.62,28.28,51.62,55.95,51.55,33.94,25.55,37.22,21.95,22.85,12.04,43.32,36.77
36,82.39,37.58,60.03,20.88,76.0,50.16,44.0,58.14,35.38,58.82,65.97,25.3,17.89,26.68,80.99,101.21,21.63,72.99,86.35,48.37,57.31,83.19,54.0,58.82,12.65,60.03,79.65,10.77,24.08,79.25,58.24,67.23,78.1,18.11,74.22,52.0,0.0,50.04,82.46,62.51,62.29,4.47,45.65,63.91,86.83,76.42,100.5,68.12,83.74,66.48,28.28,48.17,54.92,52.61,78.75,47.01,4.12,84.38,35.06,72.01,37.01,56.59,40.8,86.98,74.24
37,33.53,21.26,57.58,60.17,26.08,69.43,6.32,59.09,35.38,52.5,22.8,26.68,59.67,62.61,70.26,70.68,33.53,24.17,40.5,75.07,30.0,46.65,4.47,66.24,38.47,78.41,64.0,47.54,34.93,56.57,15.23,26.83,32.8,52.0,27.2,22.09,50.04,0.0,34.99,13.42,12.65,54.0,22.36,22.36,58.82,27.86,74.0,83.76,66.12,21.26,37.2,67.94,52.0,6.32,33.3,70.72,51.35,50.99,15.0,59.3,13.34,44.38,17.8,64.13,24.33
38,28.07,46.17,87.66,94.85,20.4,103.32,41.18,90.0,69.66,82.1,39.4,57.27,88.09,97.53,95.08,82.0,62.51,11.31,40.2,109.64,56.6,58.31,32.8,98.08,72.11,111.73,87.32,81.71,62.13,77.2,24.33,18.97,38.21,86.76,8.25,51.22,82.46,34.99,0.0,21.63,22.8,85.91,40.05,20.1,74.97,28.28,88.2,116.28,87.93,16.12,72.11,101.98,82.8,30.46,6.4,105.12,84.48,64.5,48.47,85.0,47.85,73.5,52.01,82.98,15.23
39,25.61,29.12,68.0,73.54,16.12,82.02,19.7,69.97,48.17,62.61,24.08,38.0,70.46,76.03,78.1,72.28,44.18,10.77,35.61,88.09,37.95,47.54,11.31,77.67,51.42,90.69,71.02,60.73,44.72,62.13,10.0,18.0,29.53,65.39,14.14,31.3,62.51,13.42,21.63,0.0,2.0,66.27,26.08,14.14,62.29,21.26,76.94,95.6,72.44,10.2,50.48,80.62,62.77,10.0,20.62,83.63,64.13,52.95,27.66,67.45,26.57,54.13,30.48,69.0,12.17
40,24.41,29.73,66.24,72.8,15.23,80.62,18.97,68.26,46.86,60.83,22.09,38.05,70.71,75.15,76.16,70.34,44.41,11.66,34.06,86.83,36.06,45.61,10.0,76.03,50.99,89.2,69.05,60.17,45.12,60.13,11.66,20.0,27.78,64.62,15.62,29.53,62.29,12.65,22.8,2.0,0.0,66.12,27.2,16.12,60.3,19.8,74.97,94.02,70.46,12.17,49.4,79.25,61.06,10.2,22.2,82.33,63.79,50.99,27.29,65.52,25.96,52.33,29.21,67.0,12.0
41,86.58,40.5,63.81,22.09,80.02,52.61,48.04,61.77,39.7,62.8,70.34,28.64,14.56,28.07,84.88,105.6,24.17,76.66,90.71,50.04,61.77,87.66,58.03,62.03,17.09,62.29,83.74,14.42,26.08,83.55,61.61,70.23,82.46,20.88,77.67,56.46,4.47,54.0,85.91,66.27,66.12,0.0,48.33,67.05,91.21,80.62,104.8,70.46,87.86,69.86,32.56,50.64,58.82,56.32,82.01,49.09,6.71,88.84,39.0,76.06,41.11,60.81,45.22,91.24,78.1
42,51.61,8.49,74.67,62.29,42.19,80.5,22.36,75.31,48.08,70.26,44.94,21.26,48.37,66.48,90.09,93.04,24.17,33.53,60.83,83.76,50.99,68.96,26.08,81.04,38.21,90.38,84.59,48.17,22.8,78.1,17.09,22.36,53.81,55.17,32.25,42.76,45.65,22.36,40.05,26.08,27.2,48.33,0.0,20.0,80.99,46.86,96.21,96.93,87.13,24.33,46.52,78.71,68.73,18.44,35.06,80.26,48.55,73.35,20.62,79.1,23.19,63.01,34.01,85.87,37.58
43,37.2,26.68,79.85,78.23,27.2,91.21,27.2,81.44,57.2,74.67,38.21,38.63,68.26,81.61,91.41,86.35,43.17,15.62,48.37,96.21,50.99,61.61,22.8,88.59,54.59,100.44,84.59,64.5,42.43,76.03,7.21,4.47,43.08,70.46,12.65,43.68,63.91,22.36,20.1,14.14,16.12,67.05,20.0,0.0,76.42,34.0,91.08,106.0,86.21,5.66,58.0,89.64,74.32,16.12,15.13,92.1,66.31,67.08,32.02,80.6,32.53,66.41,39.96,83.02,21.26
44,48.08,77.82,38.05,81.44,54.59,64.12,59.09,42.05,51.61,34.53,38.21,76.03,103.32,79.12,27.78,14.42,82.8,66.12,37.58,74.24,31.62,17.09,55.79,50.04,75.07,66.27,19.7,77.67,86.02,10.0,71.02,80.22,36.88,75.18,72.11,39.45,86.83,58.82,74.97,62.29,60.3,91.21,80.99,76.42,0.0,46.69,15.23,65.51,17.2,72.11,58.82,64.28,38.83,64.03,78.31,69.35,85.21,10.77,65.0,24.19,61.4,31.78,51.04,9.22,60.3
45,6.0,48.37,63.66,82.87,8.0,83.35,32.98,66.6,52.5,58.0,14.42,54.41,87.36,83.95,68.0,54.15,61.35,20.4,14.42,91.24,32.8,30.07,23.41,75.29,64.12,90.44,59.93,72.03,62.77,49.4,31.24,36.77,10.0,74.67,26.31,30.46,76.42,27.86,28.28,21.26,19.8,80.62,46.86,34.0,46.69,0.0,60.03,93.72,60.17,28.64,57.27,82.37,59.67,28.84,32.02,86.31,77.1,36.22,42.2,58.52,39.62,49.58,37.22,54.82,14.14
46,60.53,93.04,46.82,93.3,68.03,72.28,74.32,50.6,65.12,44.72,52.95,90.97,117.39,90.35,30.0,8.49,97.65,80.02,49.03,82.46,46.65,30.0,70.88,57.27,89.11,72.44,24.74,90.91,100.96,21.26,85.91,94.76,50.04,87.66,86.02,54.59,100.5,74.0,88.2,76.94,74.97,104.8,96.21,91.08,15.23,60.03,0.0,70.0,20.4,86.58,72.25,72.8,49.19,79.12,92.01,77.88,98.6,24.08,80.13,31.95,76.54,44.2,66.04,13.89,74.0
47,98.41,89.2,30.53,49.03,99.04,18.0,78.89,27.2,49.19,36.06,79.4,78.59,84.85,43.17,40.0,76.24,81.22,105.0,93.3,22.36,60.96,76.16,84.4,18.44,64.5,8.25,46.39,58.0,85.16,55.79,98.79,110.45,87.66,50.04,109.64,65.12,68.12,83.76,116.28,95.6,94.02,70.46,96.93,106.0,65.51,93.72,70.0,0.0,50.16,104.86,50.6,20.0,34.06,89.89,116.21,21.59,64.2,72.11,76.56,41.48,74.69,44.2,66.04,58.42,101.86
48,62.61,82.46,26.83,74.4,67.68,51.92,64.78,30.46,48.83,25.61,49.03,78.0,101.21,71.02,10.77,26.08,84.1,78.1,53.25,62.1,36.22,32.8,64.0,36.88,73.24,52.15,4.47,73.59,87.73,10.77,80.02,90.35,50.99,69.43,83.95,44.41,83.74,66.12,87.93,72.44,70.46,87.86,87.13,86.21,17.2,60.17,20.4,50.16,0.0,82.61,55.61,52.5,30.0,72.03,90.47,57.57,81.39,26.91,68.68,12.21,65.25,27.46,54.12,8.54,72.8
49,31.62,30.07,77.82,79.65,21.63,90.69,26.91,79.65,56.64,72.5,34.0,41.23,72.03,82.68,88.29,81.58,46.39,10.0,42.94,96.21,48.08,56.89,20.59,87.13,56.46,99.64,81.22,66.21,46.04,72.25,8.25,8.25,37.95,71.69,8.0,41.23,66.48,21.26,16.12,10.2,12.17,69.86,24.33,5.66,72.11,28.64,86.58,104.86,82.61,0.0,58.14,89.2,72.47,15.62,12.53,91.92,68.62,62.51,33.12,77.62,33.02,64.08,39.05,79.03,15.62
50,63.15,38.63,33.53,26.0,59.46,34.0,31.24,32.56,7.21,31.3,44.18,28.28,45.61,26.68,53.67,73.24,32.06,61.06,64.0,38.21,31.05,56.92,39.45,36.06,17.89,43.86,51.61,18.87,36.06,50.99,50.91,62.29,56.04,18.11,64.4,28.0,28.28,37.2,72.11,50.48,49.4,32.56,46.52,58.0,58.82,57.27,72.25,50.6,55.61,58.14,0.0,32.25,27.86,42.52,70.43,34.21,26.4,57.27,26.63,44.1,25.5,28.32,20.62,58.69,59.93
51,87.66,70.68,26.31,29.73,86.53,2.0,62.48,22.36,32.56,30.0,68.0,59.46,65.12,24.17,44.72,77.28,61.61,90.69,84.76,10.0,50.16,70.71,69.31,16.12,44.72,12.17,48.08,38.0,65.51,54.33,82.46,94.02,78.0,30.07,94.76,52.15,48.17,67.94,101.98,80.62,79.25,50.64,78.71,89.64,64.28,82.37,72.8,20.0,52.5,89.2,32.25,0.0,26.08,73.76,101.12,5.1,44.28,68.12,58.83,41.0,57.43,35.69,50.21,59.44,88.41
52,64.4,62.13,6.0,44.41,65.05,26.31,48.08,7.21,22.36,4.47,45.34,54.33,72.72,41.18,26.08,52.5,59.23,71.61,59.93,36.06,26.91,44.72,51.88,15.62,45.69,31.3,25.61,44.41,63.15,29.12,67.23,78.79,53.85,39.6,76.55,31.62,54.92,52.0,82.8,62.77,61.06,58.82,68.73,74.32,38.83,59.67,49.19,34.06,30.0,72.47,27.86,26.08,0.0,58.31,83.22,31.02,52.2,42.05,48.26,17.8,45.54,10.3,35.17,35.34,68.12
53,34.0,19.7,63.91,64.4,25.3,75.29,11.31,65.39,41.23,58.82,26.83,28.0,60.53,67.23,76.42,75.39,34.23,20.4,42.52,80.62,36.06,50.99,8.25,72.47,41.76,84.4,70.03,51.26,34.93,62.29,8.94,20.59,35.38,56.36,22.36,28.28,52.61,6.32,30.46,10.0,10.2,56.32,18.44,16.12,64.03,28.84,79.12,89.89,72.03,15.62,42.52,73.76,58.31,0.0,28.02,76.38,54.34,55.71,18.03,65.49,17.49,50.7,23.85,69.72,22.09
54,32.76,41.77,88.32,92.18,24.02,102.55,39.2,90.43,68.59,82.86,41.48,53.45,83.38,95.19,97.08,86.15,58.25,12.37,44.91,108.37,57.7,62.01,31.89,98.23,68.94,111.29,89.56,78.72,57.56,79.83,20.62,13.15,42.01,84.22,6.71,51.62,78.75,33.3,6.4,20.62,22.2,82.01,35.06,15.13,78.31,32.02,92.01,116.21,90.47,12.53,70.43,101.12,83.22,28.02,0.0,104.0,80.99,68.07,45.65,86.73,45.49,74.3,50.91,85.99,18.03
55,91.71,72.07,31.4,27.46,90.21,5.83,65.07,27.46,35.47,35.01,72.01,60.42,63.39,21.59,49.66,82.38,61.98,93.86,89.19,5.1,54.42,75.54,72.35,21.02,44.92,13.34,53.16,37.34,65.8,59.41,84.96,96.43,82.28,29.15,97.74,55.95,47.01,70.72,105.12,83.63,82.33,49.09,80.26,92.1,69.35,86.31,77.88,21.59,57.57,91.92,34.21,5.1,31.02,76.38,104.0,0.0,43.0,73.06,60.8,46.1,59.67,40.45,53.15,64.54,91.84
56,83.1,40.31,57.14,16.76,77.1,46.27,45.18,55.07,33.6,56.22,66.1,27.73,21.19,22.56,78.24,99.62,24.84,74.73,86.49,44.28,56.36,82.35,55.15,55.36,13.0,56.08,77.23,7.81,27.59,77.34,60.41,69.78,78.26,14.32,76.24,51.55,4.12,51.35,84.48,64.13,63.79,6.71,48.55,66.31,85.21,77.1,98.6,64.2,81.39,68.62,26.4,44.28,52.2,54.34,80.99,43.0,0.0,83.24,36.5,69.53,38.12,54.49,40.79,84.96,75.66
57,37.36,71.02,42.76,81.61,44.18,68.26,52.15,46.69,50.16,38.21,29.12,70.77,100.0,80.05,36.88,19.7,77.79,56.0,26.83,78.1,27.2,6.32,47.54,55.32,72.11,71.81,28.43,76.03,80.72,17.2,62.1,70.71,26.31,74.67,62.0,33.94,84.38,50.99,64.5,52.95,50.99,88.84,73.35,67.08,10.77,36.22,24.08,72.11,26.91,62.51,57.27,68.12,42.05,55.71,68.07,73.06,83.24,0.0,59.03,30.87,55.44,33.14,45.97,19.72,50.04
58,48.05,14.04,54.23,46.53,41.05,60.54,9.22,54.74,27.51,50.01,34.13,12.53,45.22,49.65,70.58,78.24,19.72,38.33,53.71,64.66,33.54,55.87,19.1,60.44,23.77,70.24,65.73,33.24,22.02,60.54,25.24,36.12,45.62,38.59,40.31,25.55,35.06,15.0,48.47,27.66,27.29,39.0,20.62,32.02,65.0,42.2,80.13,76.56,68.68,33.12,26.63,58.83,48.26,18.03,45.65,60.8,36.5,59.03,0.0,59.68,3.61,43.19,14.56,68.54,39.2
59,62.01,73.68,14.87,62.2,65.37,40.61,57.0,18.68,37.59,13.45,45.62,68.01,89.63,58.83,11.0,36.35,73.74,74.46,54.49,50.8,29.61,35.51,57.87,26.02,61.91,42.11,7.81,61.72,77.49,14.32,73.98,84.93,50.45,57.31,80.06,37.22,72.01,59.3,85.0,67.45,65.52,76.06,79.1,80.6,24.19,58.52,31.95,41.48,12.21,77.62,44.1,41.0,17.8,65.49,86.73,46.1,69.53,30.87,59.68,0.0,56.44,16.76,45.28,18.44,69.78
60,45.54,17.26,51.48,47.01,39.01,59.08,7.07,52.17,25.5,47.1,30.89,15.81,48.1,49.74,67.36,74.63,23.02,37.34,50.7,63.7,29.97,52.33,17.03,58.19,25.18,68.6,62.37,34.21,25.5,57.01,25.5,36.8,42.54,38.91,39.82,21.95,37.01,13.34,47.85,26.57,25.96,41.11,23.19,32.53,61.4,39.62,76.54,74.69,65.25,33.02,25.5,57.43,45.54,17.49,45.49,59.67,38.12,55.44,3.61,56.44,0.0,40.05,11.18,65.0,37.66
61,54.2,57.22,14.21,49.66,55.23,36.14,41.3,17.03,21.4,8.6,35.36,51.24,73.88,47.43,27.46,46.07,57.01,62.43,49.66,45.54,17.03,35.13,43.66,25.81,45.8,41.59,23.71,46.75,60.75,23.02,59.48,70.84,43.57,43.57,67.6,22.85,56.59,44.38,73.5,54.13,52.33,60.81,63.01,66.41,31.78,49.58,44.2,44.2,27.46,64.08,28.32,35.69,10.3,50.7,74.3,40.45,54.49,33.14,43.19,16.76,40.05,0.0,29.0,30.48,58.6
62,43.19,28.44,41.0,45.71,38.9,51.66,13.0,42.06,17.69,36.35,25.32,25.0,54.71,47.13,56.22,64.66,31.89,40.8,45.71,57.63,19.42,43.6,19.21,48.75,28.16,60.61,51.2,35.06,35.0,46.1,32.76,44.42,37.48,37.48,44.6,12.04,40.8,17.8,52.01,30.48,29.21,45.22,34.01,39.96,51.04,37.22,66.04,66.04,54.12,39.05,20.62,50.21,35.17,23.85,50.91,53.15,40.79,45.97,14.56,45.28,11.18,29.0,0.0,54.13,39.36
63,56.65,81.93,33.24,79.4,62.59,59.03,63.6,37.11,51.62,30.87,45.04,78.77,104.06,76.48,19.31,18.03,85.23,73.68,46.53,69.23,35.11,25.94,61.52,44.28,75.82,60.01,12.04,77.23,88.68,8.06,77.23,87.0,45.22,73.82,79.63,43.32,86.98,64.13,82.98,69.0,67.0,91.24,85.87,83.02,9.22,54.82,13.89,58.42,8.54,79.03,58.69,59.44,35.34,69.72,85.99,64.54,84.96,19.72,68.54,18.44,65.0,30.48,54.13,0.0,68.07
64,16.12,41.23,72.8,84.12,6.32,89.64,30.59,75.29,56.6,67.2,24.17,50.04,82.61,86.16,79.85,68.26,56.32,6.32,27.86,96.52,41.62,44.0,20.88,83.55,62.8,97.67,72.11,71.81,56.89,62.1,20.59,23.32,24.08,75.89,12.17,36.77,74.24,24.33,15.23,12.17,12.0,78.1,37.58,21.26,60.3,14.14,74.0,101.86,72.8,15.62,59.93,88.41,68.12,22.09,18.03,91.84,75.66,50.04,39.2,69.78,37.66,58.6,39.36,68.07,0.0
