vehicles
vehicle_idx, capacity, cost_per_unit_distance
1,100,3
2,100,3
3,100,3
4,100,3
5,100,3
6,100,3
7,100,3
8,100,3
9,100,3
depot
node_idx,x,y
0,27,93
home delivery customers
node_idx,x,y,service_time,demand
1,1,59,10,11
2,49,9,10,9
3,79,89,10,21
4,95,27,10,18
5,37,81,10,13
6,69,69,10,5
7,33,93,10,2
8,11,95,10,1
9,3,57,10,5
10,85,77,10,2
11,83,87,10,17
12,1,13,10,9
13,15,39,10,11
14,83,17,10,2
15,63,97,10,14
16,15,69,10,11
17,53,11,10,48
18,55,91,10,18
19,3,31,10,21
20,47,7,10,11
21,61,69,10,9
self pickup customers
node_idx,x,y,service_time,demand,locker_idxs
22,33,27,10,16,68-61
23,29,39,10,2,62-68
24,7,81,10,7,65
25,85,11,10,10,64
26,15,95,10,11,66
27,43,61,10,23,68-62
28,19,83,10,18,65
29,83,69,10,19,63-69
30,41,97,10,6,60
31,29,15,10,9,61
32,65,57,10,19,66
33,85,37,10,21,64
34,21,29,10,18,61
35,15,77,10,1,65
36,45,17,10,42,67
37,13,25,10,2,61
38,63,57,10,4,69-66
39,95,5,10,24,69-61
40,45,47,10,9,66-70-62-68
flexible customers
node_idx,x,y,service_time,demand,locker_idxs
41,21,53,10,17,65-62-68
42,81,83,10,23,63-60
43,45,9,10,6,67-61
44,7,65,10,19,65-62
45,81,85,10,20,63-60
46,89,75,10,24,63
47,57,83,10,3,69-66-60
48,45,11,10,20,67-70
49,35,43,10,24,68-62
50,19,39,10,17,65-68-62
51,31,61,10,9,68-65-62-66
52,59,69,10,5,69-66-60
53,93,83,10,2,63
54,31,97,10,21,60
55,57,9,10,20,64-67-70
56,41,69,10,17,69-66-68-62
57,85,35,10,18,64
58,89,81,10,22,63-60
59,65,93,10,23,69-60
lockers
node_idx,x,y,service_time,capacity,cost_per_unit_good
60,65,88,10,86
61,25,15,10,91
62,30,55,10,70
63,75,81,10,77
64,74,21,10,79
65,12,60,10,80
66,53,68,10,70
67,56,9,10,90
68,29,46,10,90
69,63,81,10,99
70,58,26,10,71
mrt lines
start_node_idx,end_node_idx,freight_capacity,cost_per_unit_good
60,61,91,0.5
61,60,91,0.5
distance matrix
,0,1,2,3,4,5,6,7,8,9,10,11,12,13,14,15,16,17,18,19,20,21,22,23,24,25,26,27,28,29,30,31,32,33,34,35,36,37,38,39,40,41,42,43,44,45,46,47,48,49,50,51,52,53,54,55,56,57,58,59,60,61,62,63,64,65,66,67,68,69,70,
0,0.0,42.8,86.83,52.15,94.76,15.62,48.37,6.0,16.12,43.27,60.17,56.32,84.12,55.32,94.4,36.22,26.83,86.02,28.07,66.48,88.29,41.62,66.27,54.04,23.32,100.44,12.17,35.78,12.81,60.93,14.56,78.03,52.35,80.62,64.28,20.0,78.1,69.43,50.91,111.21,49.4,40.45,54.92,85.91,34.41,54.59,64.56,31.62,83.95,50.64,54.59,32.25,40.0,66.75,5.66,89.2,27.78,82.02,63.15,38.0,38.33,78.03,38.12,49.48,85.98,36.25,36.07,88.87,47.04,37.95,73.82
1,42.8,0.0,69.31,83.57,99.3,42.19,68.73,46.69,37.36,2.83,85.91,86.65,46.0,24.41,92.13,72.72,17.2,70.77,62.77,28.07,69.43,60.83,45.25,34.41,22.8,96.75,38.63,42.05,30.0,82.61,55.17,52.15,64.03,86.83,36.06,22.8,60.83,36.06,62.03,108.41,45.61,20.88,83.52,66.6,8.49,84.12,89.44,60.93,65.12,37.58,26.91,30.07,58.86,95.08,48.41,75.07,41.23,87.36,90.71,72.47,70.26,50.12,29.27,77.2,82.3,11.05,52.77,74.33,30.87,65.79,65.86
2,86.83,69.31,0.0,85.44,49.4,72.99,63.25,85.51,94.02,66.48,76.94,85.09,48.17,45.34,34.93,89.11,68.96,4.47,82.22,50.99,2.83,61.19,24.08,36.06,83.35,36.06,92.48,52.35,79.85,68.96,88.36,20.88,50.6,45.61,34.41,76.03,8.94,39.4,50.0,46.17,38.21,52.15,80.62,4.0,70.0,82.46,77.18,74.43,4.47,36.77,42.43,55.03,60.83,86.09,89.82,8.0,60.53,44.41,82.37,85.51,80.6,24.74,49.77,76.55,27.73,63.01,59.14,7.0,42.06,73.35,19.24
3,52.15,83.57,85.44,0.0,64.03,42.76,22.36,46.17,68.26,82.46,13.42,4.47,108.9,81.22,72.11,17.89,67.05,82.22,24.08,95.6,88.02,26.91,77.2,70.71,72.44,78.23,64.28,45.61,60.3,20.4,38.83,89.31,34.93,52.35,83.45,65.12,79.62,91.93,35.78,85.51,54.04,68.26,6.32,86.93,75.89,4.47,17.2,22.8,85.09,63.66,78.1,55.57,28.28,15.23,48.66,82.97,42.94,54.33,12.81,14.56,14.04,91.61,59.64,8.94,68.18,73.01,33.42,83.24,65.95,17.89,66.41
4,94.76,99.3,49.4,64.03,0.0,79.25,49.4,90.55,108.07,96.77,50.99,61.19,95.04,80.89,15.62,76.97,90.35,44.94,75.47,92.09,52.0,54.04,62.0,67.08,103.25,18.87,105.0,62.13,94.4,43.68,88.41,67.08,42.43,14.14,74.03,94.34,50.99,82.02,43.86,22.0,53.85,78.43,57.72,53.14,95.85,59.67,48.37,67.68,52.5,62.1,76.94,72.47,55.32,56.04,94.85,42.05,68.41,12.81,54.33,72.5,67.98,71.02,70.77,57.58,21.84,89.32,58.69,42.95,68.68,62.77,37.01
5,15.62,42.19,72.99,42.76,79.25,0.0,34.18,12.65,29.53,41.62,48.17,46.39,76.94,47.41,78.82,30.53,25.06,71.81,20.59,60.46,74.67,26.83,54.15,42.76,30.0,84.88,26.08,20.88,18.11,47.54,16.49,66.48,36.88,65.12,54.41,22.36,64.5,60.93,35.38,95.6,34.93,32.25,44.05,72.44,34.0,44.18,52.35,20.1,70.46,38.05,45.69,20.88,25.06,56.04,17.09,74.73,12.65,66.48,52.0,30.46,28.86,67.08,26.93,38.0,70.49,32.65,20.62,74.46,35.9,26.0,58.87
6,48.37,68.73,63.25,22.36,49.4,34.18,0.0,43.27,63.56,67.08,17.89,22.8,88.09,61.77,53.85,28.64,54.0,60.17,26.08,76.16,65.79,8.0,55.32,50.0,63.15,60.17,59.93,27.2,51.92,14.0,39.6,67.2,12.65,35.78,62.48,54.59,57.27,71.22,13.42,69.08,32.56,50.6,18.44,64.62,62.13,20.0,20.88,18.44,62.77,42.8,58.31,38.83,10.0,27.78,47.2,61.19,28.0,37.58,23.32,24.33,19.42,69.66,41.44,13.42,48.26,57.71,16.03,61.39,46.14,13.42,44.38
7,6.0,46.69,85.51,46.17,90.55,12.65,43.27,0.0,22.09,46.86,54.41,50.36,86.16,56.92,90.97,30.27,30.0,84.4,22.09,68.88,87.13,36.88,66.0,54.15,28.64,97.1,18.11,33.53,17.2,55.46,8.94,78.1,48.17,76.42,65.12,24.08,76.94,70.88,46.86,107.65,47.54,41.76,49.03,84.85,38.21,48.66,58.82,26.0,82.87,50.04,55.79,32.06,35.38,60.83,4.47,87.36,25.3,77.9,57.27,32.0,32.39,78.41,38.12,43.68,82.86,39.12,32.02,87.09,47.17,32.31,71.51
8,16.12,37.36,94.02,68.26,108.07,29.53,63.56,22.09,0.0,38.83,76.16,72.44,82.61,56.14,106.15,52.04,26.31,93.91,44.18,64.5,95.08,56.36,71.47,58.82,14.56,111.95,4.0,46.69,14.42,76.55,30.07,82.0,66.03,94.02,66.75,18.44,85.09,70.03,64.4,123.11,58.82,43.17,71.02,92.48,30.27,70.71,80.52,47.54,90.62,57.27,56.57,39.45,54.59,82.87,20.1,97.53,39.7,95.27,79.25,54.04,54.45,81.22,44.28,65.51,97.19,35.01,49.93,97.06,52.2,53.85,83.49
9,43.27,2.83,66.48,82.46,96.77,41.62,67.08,46.86,38.83,0.0,84.4,85.44,44.05,21.63,89.44,72.11,16.97,67.94,62.13,26.0,66.6,59.23,42.43,31.62,24.33,94.02,39.85,40.2,30.53,80.89,55.17,49.4,62.0,84.4,33.29,23.32,58.0,33.53,60.0,105.68,43.17,18.44,82.22,63.78,8.94,82.87,87.86,59.93,62.29,34.93,24.08,28.28,57.27,93.68,48.83,72.25,39.85,84.9,89.29,71.69,69.32,47.41,27.07,75.89,79.61,9.49,51.2,71.51,28.23,64.62,63.13
10,60.17,85.91,76.94,13.42,50.99,48.17,17.89,54.41,76.16,84.4,0.0,10.2,105.6,79.65,60.03,29.73,70.46,73.35,33.11,94.02,79.65,25.3,72.14,67.68,78.1,66.0,72.28,44.94,66.27,8.25,48.33,83.55,28.28,40.0,80.0,70.0,72.11,88.81,29.73,72.69,50.0,68.35,7.21,78.89,78.92,8.94,4.47,28.64,77.18,60.46,76.16,56.32,27.2,10.0,57.58,73.54,44.72,42.0,5.66,25.61,22.83,86.28,59.24,10.77,57.07,74.95,33.24,73.93,64.01,22.36,57.71
11,56.32,86.65,85.09,4.47,61.19,46.39,22.8,50.36,72.44,85.44,10.2,0.0,110.45,83.23,70.0,22.36,70.34,81.71,28.28,97.65,87.73,28.43,78.1,72.25,76.24,76.03,68.47,47.71,64.12,18.0,43.17,90.0,34.99,50.04,84.9,68.73,79.65,93.51,36.06,82.87,55.17,70.71,4.47,86.76,79.12,2.83,13.42,26.31,84.97,65.12,80.0,58.14,30.0,10.77,52.95,82.22,45.69,52.04,8.49,18.97,18.03,92.46,61.91,10.0,66.61,75.96,35.51,82.54,67.8,20.88,65.92
12,84.12,46.0,48.17,108.9,95.04,76.94,88.09,86.16,82.61,44.05,105.6,110.45,0.0,29.53,82.1,104.4,57.72,52.04,94.87,18.11,46.39,82.07,34.93,38.21,68.26,84.02,83.19,63.78,72.28,99.3,93.04,28.07,77.67,87.36,25.61,65.51,44.18,16.97,76.03,94.34,55.61,44.72,106.3,44.18,52.35,107.63,107.65,89.64,44.05,45.34,31.62,56.6,80.62,115.6,89.2,56.14,68.82,86.83,111.21,102.45,98.6,24.08,51.04,100.5,73.44,48.27,75.69,55.15,43.28,92.02,58.46
13,55.32,24.41,45.34,81.22,80.89,47.41,61.77,56.92,56.14,21.63,79.65,83.23,29.53,0.0,71.47,75.29,30.0,47.2,65.6,14.42,45.25,54.92,21.63,14.0,42.76,75.39,56.0,35.61,44.18,74.32,63.56,27.78,53.14,70.03,11.66,38.0,37.2,14.14,51.26,86.93,31.05,15.23,79.32,42.43,27.2,80.45,82.29,60.83,41.04,20.4,4.0,27.2,53.25,89.55,60.17,51.61,39.7,70.11,85.09,73.59,70.01,26.0,21.93,73.24,61.68,21.21,47.8,50.8,15.65,63.78,44.92
14,94.4,92.13,34.93,72.11,15.62,78.82,53.85,90.97,106.15,89.44,60.03,70.0,82.1,71.47,0.0,82.46,85.6,30.59,79.12,81.22,37.36,56.46,50.99,58.31,99.36,6.32,103.48,59.46,91.93,52.0,90.35,54.04,43.86,20.1,63.15,90.69,38.0,70.46,44.72,16.97,48.41,71.69,66.03,38.83,89.89,68.03,58.31,70.94,38.47,54.59,67.68,68.12,57.27,66.75,95.41,27.2,66.84,18.11,64.28,78.1,73.25,58.03,65.22,64.5,9.85,83.01,59.17,28.16,61.29,67.05,26.57
15,36.22,72.72,89.11,17.89,76.97,30.53,28.64,30.27,52.04,72.11,29.73,22.36,104.4,75.29,82.46,0.0,55.57,86.58,10.0,89.2,91.41,28.07,76.16,67.23,58.24,88.77,48.04,41.18,46.17,34.41,22.0,88.77,40.05,63.91,79.92,52.0,82.0,87.66,40.0,97.41,53.14,60.83,22.8,89.82,64.5,21.63,34.06,15.23,87.86,60.83,72.8,48.17,28.28,33.11,32.0,88.2,35.61,65.79,30.53,4.47,9.22,90.38,53.41,20.0,76.79,63.01,30.68,88.28,61.29,16.0,71.18
16,26.83,17.2,68.96,67.05,90.35,25.06,54.0,30.0,26.31,16.97,70.46,70.34,57.72,30.0,85.6,55.57,0.0,69.34,45.65,39.85,69.77,46.0,45.69,33.11,14.42,90.91,26.0,29.12,14.56,68.0,38.21,55.79,51.42,76.97,40.45,8.0,60.03,44.05,49.48,102.45,37.2,17.09,67.47,67.08,8.94,67.91,74.24,44.27,65.3,32.8,30.27,17.89,44.0,79.25,32.25,73.24,26.0,77.82,74.97,55.46,53.49,54.92,20.52,61.19,76.06,9.49,38.01,72.67,26.93,49.48,60.81
17,86.02,70.77,4.47,82.22,44.94,71.81,60.17,84.4,93.91,67.94,73.35,81.71,52.04,47.2,30.59,86.58,69.34,0.0,80.02,53.85,7.21,58.55,25.61,36.88,83.76,32.0,92.2,50.99,79.62,65.3,86.83,24.33,47.54,41.23,36.72,76.16,10.0,42.38,47.07,42.43,36.88,52.8,77.25,8.25,70.94,79.12,73.43,72.11,8.0,36.72,44.05,54.63,58.31,82.37,88.77,4.47,59.23,40.0,78.71,82.87,77.93,28.28,49.65,73.38,23.26,63.89,57.0,3.61,42.44,70.71,15.81
18,28.07,62.77,82.22,24.08,75.47,20.59,26.08,22.09,44.18,62.13,33.11,28.28,94.87,65.6,79.12,10.0,45.65,80.02,0.0,79.4,84.38,22.8,67.68,58.14,49.03,85.44,40.2,32.31,36.88,35.61,15.23,80.32,35.44,61.77,70.71,42.38,74.67,78.23,34.93,94.85,45.12,50.99,27.2,82.61,54.59,26.68,37.58,8.25,80.62,52.0,63.25,38.42,22.36,38.83,24.74,82.02,26.08,63.53,35.44,10.2,10.44,81.71,43.83,22.36,72.53,53.01,23.09,82.01,51.97,12.81,65.07
19,66.48,28.07,50.99,95.6,92.09,60.46,76.16,68.88,64.5,26.0,94.02,97.65,18.11,14.42,81.22,89.2,39.85,53.85,79.4,0.0,50.12,69.34,30.27,27.2,50.16,84.4,65.12,50.0,54.41,88.57,76.16,30.53,67.23,82.22,18.11,47.54,44.27,11.66,65.39,95.6,44.94,28.43,93.74,47.41,34.23,94.87,96.6,74.97,46.52,34.18,17.89,41.04,67.68,103.94,71.69,58.31,53.74,82.1,99.48,87.68,84.22,27.2,36.12,87.66,71.7,30.36,62.2,57.38,30.02,78.1,55.23
20,88.29,69.43,2.83,88.02,52.0,74.67,65.79,87.13,95.08,66.6,79.65,87.73,46.39,45.25,37.36,91.41,69.77,7.21,84.38,50.12,0.0,63.56,24.41,36.72,84.12,38.21,93.64,54.15,80.99,71.69,90.2,19.7,53.14,48.41,34.06,76.97,10.2,38.47,52.5,48.04,40.05,52.84,83.26,2.83,70.46,85.09,79.92,76.66,4.47,37.95,42.52,56.32,63.15,88.84,91.41,10.2,62.29,47.2,85.09,87.86,82.98,23.41,50.92,79.12,30.41,63.51,61.29,9.22,42.95,75.71,21.95
21,41.62,60.83,61.19,26.91,54.04,26.83,8.0,36.88,56.36,59.23,25.3,28.43,82.07,54.92,56.46,28.07,46.0,58.55,22.8,69.34,63.56,0.0,50.48,43.86,55.32,62.77,52.84,19.7,44.27,22.0,34.41,62.77,12.65,40.0,56.57,46.69,54.41,65.12,12.17,72.47,27.2,43.08,24.41,62.1,54.15,25.61,28.64,14.56,60.17,36.77,51.61,31.05,2.0,34.93,41.04,60.13,20.0,41.62,30.46,24.33,19.42,64.9,34.01,18.44,49.73,49.82,8.06,60.21,39.41,12.17,43.1
22,66.27,45.25,24.08,77.2,62.0,54.15,55.32,66.0,71.47,42.43,72.14,78.1,34.93,21.63,50.99,76.16,45.69,25.61,67.68,30.27,24.41,50.48,0.0,12.65,59.93,54.41,70.34,35.44,57.72,65.3,70.46,12.65,43.86,52.95,12.17,53.14,15.62,20.1,42.43,65.79,23.32,28.64,73.76,21.63,46.04,75.29,73.76,60.93,20.0,16.12,18.44,34.06,49.4,82.07,70.03,30.0,42.76,52.61,77.79,73.35,68.88,14.42,28.16,68.41,41.44,39.12,45.62,29.21,19.42,61.77,25.02
23,54.04,34.41,36.06,70.71,67.08,42.76,50.0,54.15,58.82,31.62,67.68,72.25,38.21,14.0,58.31,67.23,33.11,36.88,58.14,27.2,36.72,43.86,12.65,0.0,47.41,62.61,57.72,26.08,45.12,61.77,59.23,24.0,40.25,56.04,12.81,40.5,27.2,21.26,38.47,74.24,17.89,16.12,68.12,34.0,34.06,69.43,69.97,52.15,32.25,7.21,10.0,22.09,42.43,77.67,58.03,41.04,32.31,56.14,73.24,64.9,60.8,24.33,16.03,62.29,48.47,27.02,37.64,40.36,7.0,54.04,31.78
24,23.32,22.8,83.35,72.44,103.25,30.0,63.15,28.64,14.56,24.33,78.1,76.24,68.26,42.76,99.36,58.24,14.42,83.76,49.03,50.16,84.12,55.32,59.93,47.41,0.0,104.8,16.12,41.18,12.17,76.94,37.58,69.57,62.77,89.55,53.85,8.94,74.43,56.32,60.93,116.28,50.99,31.3,74.03,81.41,16.0,74.11,82.22,50.04,79.65,47.2,43.68,31.24,53.37,86.02,28.84,87.66,36.06,90.55,82.0,59.23,58.42,68.41,34.71,68.0,89.94,21.59,47.8,87.09,41.34,56.0,75.01
25,100.44,96.75,36.06,78.23,18.87,84.88,60.17,97.1,111.95,94.02,66.0,76.03,84.02,75.39,6.32,88.77,90.91,32.0,85.44,84.4,38.21,62.77,54.41,62.61,104.8,0.0,109.34,65.3,97.67,58.03,96.6,56.14,50.16,26.0,66.48,96.21,40.45,73.35,50.99,11.66,53.81,76.55,72.11,40.05,94.87,74.11,64.12,77.25,40.0,59.36,71.69,73.59,63.56,72.44,101.55,28.07,72.8,24.0,70.11,84.4,79.56,60.13,70.43,70.71,14.87,87.92,65.37,29.07,66.04,73.38,30.89
26,12.17,38.63,92.48,64.28,105.0,26.08,59.93,18.11,4.0,39.85,72.28,68.47,83.19,56.0,103.48,48.04,26.0,92.2,40.2,65.12,93.64,52.84,70.34,57.72,16.12,109.34,0.0,44.05,12.65,72.8,26.08,81.22,62.8,90.91,66.27,18.0,83.57,70.03,61.22,120.42,56.6,42.43,67.08,91.08,31.05,66.75,76.66,43.68,89.2,55.71,56.14,37.58,51.11,78.92,16.12,95.71,36.77,92.2,75.31,50.04,50.49,80.62,42.72,61.61,94.64,35.13,46.62,95.27,50.96,50.0,81.3
27,35.78,42.05,52.35,45.61,62.13,20.88,27.2,33.53,46.69,40.2,44.94,47.71,63.78,35.61,59.46,41.18,29.12,50.99,32.31,50.0,54.15,19.7,35.44,26.08,41.18,65.3,44.05,0.0,32.56,40.79,36.06,48.08,22.36,48.37,38.83,32.25,44.05,46.86,20.4,76.42,14.14,23.41,43.91,52.04,36.22,44.94,48.08,26.08,50.04,19.7,32.56,12.0,17.89,54.63,37.95,53.85,8.25,49.4,50.16,38.83,34.83,49.4,14.32,37.74,50.61,31.02,12.21,53.6,20.52,28.28,38.08
28,12.81,30.0,79.85,60.3,94.4,18.11,51.92,17.2,14.42,30.53,66.27,64.12,72.28,44.18,91.93,46.17,14.56,79.62,36.88,54.41,80.99,44.27,57.72,45.12,12.17,97.67,12.65,32.56,0.0,65.51,26.08,68.73,52.84,80.45,54.04,7.21,70.94,58.31,51.11,108.9,44.41,30.07,62.0,78.43,21.63,62.03,70.46,38.0,76.55,43.08,44.0,25.06,42.38,74.0,18.44,83.19,26.08,81.61,70.03,47.07,46.27,68.26,30.08,56.04,82.88,24.04,37.16,82.73,38.33,44.05,69.07
29,60.93,82.61,68.96,20.4,43.68,47.54,14.0,55.46,76.55,80.89,8.25,18.0,99.3,74.32,52.0,34.41,68.0,65.3,35.61,88.57,71.69,22.0,65.3,61.77,76.94,58.03,72.8,40.79,65.51,0.0,50.48,76.37,21.63,32.06,73.78,68.47,64.4,82.68,23.32,65.12,43.91,64.03,14.14,71.02,76.11,16.12,8.49,29.53,69.34,54.59,70.68,52.61,24.0,17.2,59.06,65.39,42.0,34.06,13.42,30.0,26.17,79.25,54.82,14.42,48.84,71.57,30.02,65.8,58.69,23.32,49.74
30,14.56,55.17,88.36,38.83,88.41,16.49,39.6,8.94,30.07,55.17,48.33,43.17,93.04,63.56,90.35,22.0,38.21,86.83,15.23,76.16,90.2,34.41,70.46,59.23,37.58,96.6,26.08,36.06,26.08,50.48,0.0,82.87,46.65,74.4,70.88,32.8,80.1,77.25,45.65,106.68,50.16,48.33,42.38,88.09,46.69,41.76,52.8,21.26,86.09,54.33,62.03,37.36,33.29,53.85,10.0,89.44,28.0,76.03,50.6,24.33,25.63,83.55,43.42,37.58,82.86,47.01,31.38,89.27,52.39,27.2,73.01
31,78.03,52.15,20.88,89.31,67.08,66.48,67.2,78.1,82.0,49.4,83.55,90.0,28.07,27.78,54.04,88.77,55.79,24.33,80.32,30.53,19.7,62.77,12.65,24.0,69.57,56.14,81.22,48.08,68.73,76.37,82.87,0.0,55.32,60.17,16.12,63.56,16.12,18.87,54.04,66.75,35.78,38.83,85.6,17.09,54.63,87.2,84.85,73.54,16.49,28.64,26.0,46.04,61.77,93.38,82.02,28.64,55.32,59.46,89.2,85.91,81.39,4.0,40.01,80.45,45.4,48.1,58.18,27.66,31.0,74.24,31.02
32,52.35,64.03,50.6,34.93,42.43,36.88,12.65,48.17,66.03,62.0,28.28,34.99,77.67,53.14,43.86,40.05,51.42,47.54,35.44,67.23,53.14,12.65,43.86,40.25,62.77,50.16,62.8,22.36,52.84,21.63,46.65,55.32,0.0,28.28,52.15,53.85,44.72,61.06,2.0,60.03,22.36,44.18,30.53,52.0,58.55,32.25,30.0,27.2,50.16,33.11,49.4,34.23,13.42,38.21,52.5,48.66,26.83,29.73,33.94,36.0,31.0,58.0,35.06,26.0,37.11,53.08,16.28,48.84,37.64,24.08,31.78
33,80.62,86.83,45.61,52.35,14.14,65.12,35.78,76.42,94.02,84.4,40.0,50.04,87.36,70.03,20.1,63.91,76.97,41.23,61.77,82.22,48.41,40.0,52.95,56.04,89.55,26.0,90.91,48.37,80.45,32.06,74.4,60.17,28.28,0.0,64.5,80.62,44.72,72.99,29.73,33.53,41.23,65.97,46.17,48.83,82.87,48.17,38.21,53.85,47.71,50.36,66.03,59.09,41.23,46.69,80.72,39.6,54.41,2.0,44.18,59.46,54.78,63.91,57.87,45.12,19.42,76.54,44.55,40.31,56.72,49.19,29.15
34,64.28,36.06,34.41,83.45,74.03,54.41,62.48,65.12,66.75,33.29,80.0,84.9,25.61,11.66,63.15,79.92,40.45,36.72,70.71,18.11,34.06,56.57,12.17,12.81,53.85,66.48,66.27,38.83,54.04,73.78,70.88,16.12,52.15,64.5,0.0,48.37,26.83,8.94,50.48,77.79,30.0,24.0,80.72,31.24,38.63,82.07,82.1,64.9,30.0,19.8,10.2,33.53,55.17,90.0,68.73,41.18,44.72,64.28,85.6,77.67,73.6,14.56,27.51,74.97,53.6,32.28,50.45,40.31,18.79,66.84,37.12
35,20.0,22.8,76.03,65.12,94.34,22.36,54.59,24.08,18.44,23.32,70.0,68.73,65.51,38.0,90.69,52.0,8.0,76.16,42.38,47.54,76.97,46.69,53.14,40.5,8.94,96.21,18.0,32.25,7.21,68.47,32.8,63.56,53.85,80.62,48.37,0.0,67.08,52.04,52.0,107.63,42.43,24.74,66.27,74.32,14.42,66.48,74.03,42.43,72.5,39.45,38.21,22.63,44.72,78.23,25.61,79.92,27.2,81.63,74.11,52.5,51.2,62.8,26.63,60.13,81.34,17.26,39.05,79.4,34.01,48.17,66.71
36,78.1,60.83,8.94,79.62,50.99,64.5,57.27,76.94,85.09,58.0,72.11,79.65,44.18,37.2,38.0,82.0,60.03,10.0,74.67,44.27,10.2,54.41,15.62,27.2,74.43,40.45,83.57,44.05,70.94,64.4,80.1,16.12,44.72,44.72,26.83,67.08,0.0,32.98,43.86,51.42,30.0,43.27,75.18,8.0,61.22,76.94,72.8,67.08,6.0,27.86,34.06,46.17,53.85,81.61,81.22,14.42,52.15,43.86,77.67,78.59,73.76,20.1,40.85,70.68,29.27,54.2,51.62,13.6,33.12,66.48,15.81
37,69.43,36.06,39.4,91.93,82.02,60.93,71.22,70.88,70.03,33.53,88.81,93.51,16.97,14.14,70.46,87.66,44.05,42.38,78.23,11.66,38.47,65.12,20.1,21.26,56.32,73.35,70.03,46.86,58.31,82.68,77.25,18.87,61.06,72.99,8.94,52.04,32.98,0.0,59.36,84.4,38.83,29.12,89.38,35.78,40.45,90.69,90.97,72.8,34.93,28.43,15.23,40.25,63.66,98.81,74.22,46.82,52.15,72.69,94.4,85.6,81.69,15.62,34.48,83.55,61.13,35.01,58.73,45.88,26.4,75.07,45.01
38,50.91,62.03,50.0,35.78,43.86,35.38,13.42,46.86,64.4,60.0,29.73,36.06,76.03,51.26,44.72,40.0,49.48,47.07,34.93,65.39,52.5,12.17,42.43,38.47,60.93,50.99,61.22,20.4,51.11,23.32,45.65,54.04,2.0,29.73,50.48,52.0,43.86,59.36,0.0,61.06,20.59,42.19,31.62,51.26,56.57,33.29,31.62,26.68,49.4,31.3,47.54,32.25,12.65,39.7,51.22,48.37,25.06,31.11,35.38,36.06,31.06,56.64,33.06,26.83,37.64,51.09,14.87,48.51,35.74,24.0,31.4
39,111.21,108.41,46.17,85.51,22.0,95.6,69.08,107.65,123.11,105.68,72.69,82.87,94.34,86.93,16.97,97.41,102.45,42.43,94.85,95.6,48.04,72.47,65.79,74.24,116.28,11.66,120.42,76.42,108.9,65.12,106.68,66.75,60.03,33.53,77.79,107.63,51.42,84.4,61.06,0.0,65.3,88.2,79.25,50.16,106.51,81.22,70.26,86.76,50.36,71.02,83.26,85.04,73.43,78.03,112.07,38.21,83.74,31.62,76.24,92.97,88.26,70.71,82.01,78.59,26.4,99.57,75.72,39.2,77.7,82.46,42.54
40,49.4,45.61,38.21,54.04,53.85,34.93,32.56,47.54,58.82,43.17,50.0,55.17,55.61,31.05,48.41,53.14,37.2,36.88,45.12,44.94,40.05,27.2,23.32,17.89,50.99,53.81,56.6,14.14,44.41,43.91,50.16,35.78,22.36,41.23,30.0,42.43,30.0,38.83,20.59,65.3,0.0,24.74,50.91,38.0,42.05,52.35,52.15,37.95,36.0,10.77,27.2,19.8,26.08,60.0,51.92,39.85,22.36,41.76,55.61,50.16,45.62,37.74,17.0,45.34,38.95,35.47,22.47,39.56,16.03,38.47,24.7
41,40.45,20.88,52.15,68.26,78.43,32.25,50.6,41.76,43.17,18.44,68.35,70.71,44.72,15.23,71.69,60.83,17.09,52.8,50.99,28.43,52.84,43.08,28.64,16.12,31.3,76.55,42.43,23.41,30.07,64.03,48.33,38.83,44.18,65.97,24.0,24.74,43.27,29.12,42.19,88.2,24.74,0.0,67.08,50.12,18.44,68.0,71.47,46.86,48.37,17.2,14.14,12.81,41.23,78.0,45.12,56.85,25.61,66.48,73.54,59.46,56.22,38.21,9.22,60.83,61.91,11.4,35.34,56.22,10.63,50.48,45.8
42,54.92,83.52,80.62,6.32,57.72,44.05,18.44,49.03,71.02,82.22,7.21,4.47,106.3,79.32,66.03,22.8,67.47,77.25,27.2,93.74,83.26,24.41,73.76,68.12,74.03,72.11,67.08,43.91,62.0,14.14,42.38,85.6,30.53,46.17,80.72,66.27,75.18,89.38,31.62,79.25,50.91,67.08,0.0,82.29,76.16,2.0,11.31,24.0,80.5,60.96,76.03,54.63,26.08,12.0,51.92,77.79,42.38,48.17,8.25,18.87,16.76,88.09,58.18,6.32,62.39,72.73,31.76,78.11,63.82,18.11,61.47
43,85.91,66.6,4.0,86.93,53.14,72.44,64.62,84.85,92.48,63.78,78.89,86.76,44.18,42.43,38.83,89.82,67.08,8.25,82.61,47.41,2.83,62.1,21.63,34.0,81.41,40.05,91.08,52.04,78.43,71.02,88.09,17.09,52.0,48.83,31.24,74.32,8.0,35.78,51.26,50.16,38.0,50.12,82.29,0.0,67.68,84.1,79.32,74.97,2.0,35.44,39.7,53.85,61.61,88.2,89.11,12.0,60.13,47.71,84.38,86.35,81.49,20.88,48.38,78.0,31.38,60.75,59.54,11.0,40.31,74.22,21.4
44,34.41,8.49,70.0,75.89,95.85,34.0,62.13,38.21,30.27,8.94,78.92,79.12,52.35,27.2,89.89,64.5,8.94,70.94,54.59,34.23,70.46,54.15,46.04,34.06,16.0,94.87,31.05,36.22,21.63,76.11,46.69,54.63,58.55,82.87,38.63,14.42,61.22,40.45,56.57,106.51,42.05,18.44,76.16,67.68,0.0,76.66,82.61,53.14,66.03,35.61,28.64,24.33,52.15,87.86,40.0,75.07,34.23,83.57,83.55,64.4,62.39,53.14,25.08,69.86,80.16,7.07,46.1,74.41,29.07,58.24,64.2
45,54.59,84.12,82.46,4.47,59.67,44.18,20.0,48.66,70.71,82.87,8.94,2.83,107.63,80.45,68.03,21.63,67.91,79.12,26.68,94.87,85.09,25.61,75.29,69.43,74.11,74.11,66.75,44.94,62.03,16.12,41.76,87.2,32.25,48.17,82.07,66.48,76.94,90.69,33.29,81.22,52.35,68.0,2.0,84.1,76.66,0.0,12.81,24.08,82.29,62.29,77.2,55.46,27.2,12.17,51.42,79.7,43.08,50.16,8.94,17.89,16.28,89.64,59.17,7.21,64.38,73.39,32.76,80.01,65.0,18.44,63.32
46,64.56,89.44,77.18,17.2,48.37,52.35,20.88,58.82,80.52,87.86,4.47,13.42,107.65,82.29,58.31,34.06,74.24,73.43,37.58,96.6,79.92,28.64,73.76,69.97,82.22,64.12,76.66,48.08,70.46,8.49,52.8,84.85,30.0,38.21,82.1,74.03,72.8,90.97,31.62,70.26,52.15,71.47,11.31,79.32,82.61,12.81,0.0,32.98,77.67,62.77,78.71,59.67,30.59,8.94,62.03,73.35,48.37,40.2,6.0,30.0,27.29,87.73,62.3,15.23,56.04,78.45,36.67,73.79,66.64,26.68,57.98
47,31.62,60.93,74.43,22.8,67.68,20.1,18.44,26.0,47.54,59.93,28.64,26.31,89.64,60.83,70.94,15.23,44.27,72.11,8.25,74.97,76.66,14.56,60.93,52.15,50.04,77.25,43.68,26.08,38.0,29.53,21.26,73.54,27.2,53.85,64.9,42.43,67.08,72.8,26.68,86.76,37.95,46.86,24.0,74.97,53.14,24.08,32.98,0.0,72.99,45.65,58.14,34.06,14.14,36.0,29.53,74.0,21.26,55.57,32.06,12.81,9.43,75.15,38.9,18.11,64.29,50.54,15.52,74.01,46.4,6.32,57.01
48,83.95,65.12,4.47,85.09,52.5,70.46,62.77,82.87,90.62,62.29,77.18,84.97,44.05,41.04,38.47,87.86,65.3,8.0,80.62,46.52,4.47,60.17,20.0,32.25,79.65,40.0,89.2,50.04,76.55,69.34,86.09,16.49,50.16,47.71,30.0,72.5,6.0,34.93,49.4,50.36,36.0,48.37,80.5,2.0,66.03,82.29,77.67,72.99,0.0,33.53,38.21,51.92,59.67,86.53,87.13,12.17,58.14,46.65,82.68,84.4,79.56,20.4,46.49,76.16,30.68,59.08,57.56,11.18,38.48,72.28,19.85
49,50.64,37.58,36.77,63.66,62.1,38.05,42.8,50.04,57.27,34.93,60.46,65.12,45.34,20.4,54.59,60.83,32.8,36.72,52.0,34.18,37.95,36.77,16.12,7.21,47.2,59.36,55.71,19.7,43.08,54.59,54.33,28.64,33.11,50.36,19.8,39.45,27.86,28.43,31.3,71.02,10.77,17.2,60.96,35.44,35.61,62.29,62.77,45.65,33.53,0.0,16.49,18.44,35.38,70.46,54.15,40.5,26.68,50.64,66.03,58.31,54.08,29.73,13.0,55.17,44.78,28.6,30.81,39.96,6.71,47.2,28.6
50,54.59,26.91,42.43,78.1,76.94,45.69,58.31,55.79,56.57,24.08,76.16,80.0,31.62,4.0,67.68,72.8,30.27,44.05,63.25,17.89,42.52,51.61,18.44,10.0,43.68,71.69,56.14,32.56,44.0,70.68,62.03,26.0,49.4,66.03,10.2,38.21,34.06,15.23,47.54,83.26,27.2,14.14,76.03,39.7,28.64,77.2,78.71,58.14,38.21,16.49,0.0,25.06,50.0,86.09,59.23,48.41,37.2,66.12,81.63,70.94,67.21,24.74,19.42,70.0,57.87,22.14,44.69,47.63,12.21,60.83,41.11
51,32.25,30.07,55.03,55.57,72.47,20.88,38.83,32.06,39.45,28.28,56.32,58.14,56.6,27.2,68.12,48.17,17.89,54.63,38.42,41.04,56.32,31.05,34.06,22.09,31.24,73.59,37.58,12.0,25.06,52.61,37.36,46.04,34.23,59.09,33.53,22.63,46.17,40.25,32.25,85.04,19.8,12.81,54.63,53.85,24.33,55.46,59.67,34.06,51.92,18.44,25.06,0.0,29.12,65.79,36.0,58.14,12.81,59.93,61.35,46.69,43.42,46.39,6.08,48.33,58.73,19.03,23.09,57.7,15.13,37.74,44.2
52,40.0,58.86,60.83,28.28,55.32,25.06,10.0,35.38,54.59,57.27,27.2,30.0,80.62,53.25,57.27,28.28,44.0,58.31,22.36,67.68,63.15,2.0,49.4,42.43,53.37,63.56,51.11,17.89,42.38,24.0,33.29,61.77,13.42,41.23,55.17,44.72,53.85,63.66,12.65,73.43,26.08,41.23,26.08,61.61,52.15,27.2,30.59,14.14,59.67,35.38,50.0,29.12,0.0,36.77,39.6,60.03,18.0,42.8,32.31,24.74,19.92,63.81,32.2,20.0,50.29,47.85,6.08,60.07,37.8,12.65,43.01
53,66.75,95.08,86.09,15.23,56.04,56.04,27.78,60.83,82.87,93.68,10.0,10.77,115.6,89.55,66.75,33.11,79.25,82.37,38.83,103.94,88.84,34.93,82.07,77.67,86.02,72.44,78.92,54.63,74.0,17.2,53.85,93.38,38.21,46.69,90.0,78.23,81.61,98.81,39.7,78.03,60.0,78.0,12.0,88.2,87.86,12.17,8.94,36.0,86.53,70.46,86.09,65.79,36.77,0.0,63.56,82.29,53.85,48.66,4.47,29.73,28.44,96.17,68.94,18.11,64.85,84.2,42.72,82.73,73.93,30.07,66.89
54,5.66,48.41,89.82,48.66,94.85,17.09,47.2,4.47,20.1,48.83,57.58,52.95,89.2,60.17,95.41,32.0,32.25,88.77,24.74,71.69,91.41,41.04,70.03,58.03,28.84,101.55,16.12,37.95,18.44,59.06,10.0,82.02,52.5,80.72,68.73,25.61,81.22,74.22,51.22,112.07,51.92,45.12,51.92,89.11,40.0,51.42,62.03,29.53,87.13,54.15,59.23,36.0,39.6,63.56,0.0,91.76,29.73,82.22,60.17,34.23,35.17,82.22,42.01,46.82,87.32,41.59,36.4,91.48,51.04,35.78,75.96
55,89.2,75.07,8.0,82.97,42.05,74.73,61.19,87.36,97.53,72.25,73.54,82.22,56.14,51.61,27.2,88.2,73.24,4.47,82.02,58.31,10.2,60.13,30.0,41.04,87.66,28.07,95.71,53.85,83.19,65.39,89.44,28.64,48.66,39.6,41.18,79.92,14.42,46.82,48.37,38.21,39.85,56.85,77.79,12.0,75.07,79.7,73.35,74.0,12.17,40.5,48.41,58.14,60.03,82.29,91.76,0.0,62.1,38.21,78.79,84.38,79.4,32.56,53.34,74.22,20.81,68.01,59.14,1.0,46.4,72.25,17.03
56,27.78,41.23,60.53,42.94,68.41,12.65,28.0,25.3,39.7,39.85,44.72,45.69,68.82,39.7,66.84,35.61,26.0,59.23,26.08,53.74,62.29,20.0,42.76,32.31,36.06,72.8,36.77,8.25,26.08,42.0,28.0,55.32,26.83,54.41,44.72,27.2,52.15,52.15,25.06,83.74,22.36,25.61,42.38,60.13,34.23,43.08,48.37,21.26,58.14,26.68,37.2,12.81,18.0,53.85,29.73,62.1,0.0,55.61,49.48,33.94,30.61,56.32,17.8,36.06,58.25,30.36,12.04,61.85,25.94,25.06,46.24
57,82.02,87.36,44.41,54.33,12.81,66.48,37.58,77.9,95.27,84.9,42.0,52.04,86.83,70.11,18.11,65.79,77.82,40.0,63.53,82.1,47.2,41.62,52.61,56.14,90.55,24.0,92.2,49.4,81.61,34.06,76.03,59.46,29.73,2.0,64.28,81.63,43.86,72.69,31.11,31.62,41.76,66.48,48.17,47.71,83.57,50.16,40.2,55.57,46.65,50.64,66.12,59.93,42.8,48.66,82.22,38.21,55.61,0.0,46.17,61.35,56.65,63.25,58.52,47.07,17.8,77.16,45.97,38.95,57.07,50.99,28.46
58,63.15,90.71,82.37,12.81,54.33,52.0,23.32,57.27,79.25,89.29,5.66,8.49,111.21,85.09,64.28,30.53,74.97,78.71,35.44,99.48,85.09,30.46,77.79,73.24,82.0,70.11,75.31,50.16,70.03,13.42,50.6,89.2,33.94,44.18,85.6,74.11,77.67,94.4,35.38,76.24,55.61,73.54,8.25,84.38,83.55,8.94,6.0,32.06,82.68,66.03,81.63,61.35,32.31,4.47,60.17,78.79,49.48,46.17,0.0,26.83,25.0,91.93,64.47,14.0,61.85,79.81,38.28,79.2,69.46,26.0,63.13
59,38.0,72.47,85.51,14.56,72.5,30.46,24.33,32.0,54.04,71.69,25.61,18.97,102.45,73.59,78.1,4.47,55.46,82.87,10.2,87.68,87.86,24.33,73.35,64.9,59.23,84.4,50.04,38.83,47.07,30.0,24.33,85.91,36.0,59.46,77.67,52.5,78.59,85.6,36.06,92.97,50.16,59.46,18.87,86.35,64.4,17.89,30.0,12.81,84.4,58.31,70.94,46.69,24.74,29.73,34.23,84.38,33.94,61.35,26.83,0.0,5.0,87.66,51.66,15.62,72.56,62.43,27.73,84.48,59.2,12.17,67.36
60,38.33,70.26,80.6,14.04,67.98,28.86,19.42,32.39,54.45,69.32,22.83,18.03,98.6,70.01,73.25,9.22,53.49,77.93,10.44,84.22,82.98,19.42,68.88,60.8,58.42,79.56,50.49,34.83,46.27,26.17,25.63,81.39,31.0,54.78,73.6,51.2,73.76,81.69,31.06,88.26,45.62,56.22,16.76,81.49,62.39,16.28,27.29,9.43,79.56,54.08,67.21,43.42,19.92,28.44,35.17,79.4,30.61,56.65,25.0,5.0,0.0,83.24,48.1,12.21,67.6,59.94,23.32,79.51,55.32,7.28,62.39
61,78.03,50.12,24.74,91.61,71.02,67.08,69.66,78.41,81.22,47.41,86.28,92.46,24.08,26.0,58.03,90.38,54.92,28.28,81.71,27.2,23.41,64.9,14.42,24.33,68.41,60.13,80.62,49.4,68.26,79.25,83.55,4.0,58.0,63.91,14.56,62.8,20.1,15.62,56.64,70.71,37.74,38.21,88.09,20.88,53.14,89.64,87.73,75.15,20.4,29.73,24.74,46.39,63.81,96.17,82.22,32.56,56.32,63.25,91.93,87.66,83.24,0.0,40.31,82.8,49.37,46.84,59.94,31.58,31.26,76.16,34.79
62,38.12,29.27,49.77,59.64,70.77,26.93,41.44,38.12,44.28,27.07,59.24,61.91,51.04,21.93,65.22,53.41,20.52,49.65,43.83,36.12,50.92,34.01,28.16,16.03,34.71,70.43,42.72,14.32,30.08,54.82,43.42,40.01,35.06,57.87,27.51,26.63,40.85,34.48,33.06,82.01,17.0,9.22,58.18,48.38,25.08,59.17,62.3,38.9,46.49,13.0,19.42,6.08,32.2,68.94,42.01,53.34,17.8,58.52,64.47,51.66,48.1,40.31,0.0,51.97,55.61,18.68,26.42,52.84,9.06,42.01,40.31
63,49.48,77.2,76.55,8.94,57.58,38.0,13.42,43.68,65.51,75.89,10.77,10.0,100.5,73.24,64.5,20.0,61.19,73.38,22.36,87.66,79.12,18.44,68.41,62.29,68.0,70.71,61.61,37.74,56.04,14.42,37.58,80.45,26.0,45.12,74.97,60.13,70.68,83.55,26.83,78.59,45.34,60.83,6.32,78.0,69.86,7.21,15.23,18.11,76.16,55.17,70.0,48.33,20.0,18.11,46.82,74.22,36.06,47.07,14.0,15.62,12.21,82.8,51.97,0.0,60.01,66.41,25.55,74.46,57.8,12.0,57.57
64,85.98,82.3,27.73,68.18,21.84,70.49,48.26,82.86,97.19,79.61,57.07,66.61,73.44,61.68,9.85,76.79,76.06,23.26,72.53,71.7,30.41,49.73,41.44,48.47,89.94,14.87,94.64,50.61,82.88,48.84,82.86,45.4,37.11,19.42,53.6,81.34,29.27,61.13,37.64,26.4,38.95,61.91,62.39,31.38,80.16,64.38,56.04,64.29,30.68,44.78,57.87,58.73,50.29,64.85,87.32,20.81,58.25,17.8,61.85,72.56,67.6,49.37,55.61,60.01,0.0,73.25,51.48,21.63,51.48,61.0,16.76
65,36.25,11.05,63.01,73.01,89.32,32.65,57.71,39.12,35.01,9.49,74.95,75.96,48.27,21.21,83.01,63.01,9.49,63.89,53.01,30.36,63.51,49.82,39.12,27.02,21.59,87.92,35.13,31.02,24.04,71.57,47.01,48.1,53.08,76.54,32.28,17.26,54.2,35.01,51.09,99.57,35.47,11.4,72.73,60.75,7.07,73.39,78.45,50.54,59.08,28.6,22.14,19.03,47.85,84.2,41.59,68.01,30.36,77.16,79.81,62.43,59.94,46.84,18.68,66.41,73.25,0.0,41.77,67.36,22.02,55.15,57.2
66,36.07,52.77,59.14,33.42,58.69,20.62,16.03,32.02,49.93,51.2,33.24,35.51,75.69,47.8,59.17,30.68,38.01,57.0,23.09,62.2,61.29,8.06,45.62,37.64,47.8,65.37,46.62,12.21,37.16,30.02,31.38,58.18,16.28,44.55,50.45,39.05,51.62,58.73,14.87,75.72,22.47,35.34,31.76,59.54,46.1,32.76,36.67,15.52,57.56,30.81,44.69,23.09,6.08,42.72,36.4,59.14,12.04,45.97,38.28,27.73,23.32,59.94,26.42,25.55,51.48,41.77,0.0,59.08,32.56,16.4,42.3
67,88.87,74.33,7.0,83.24,42.95,74.46,61.39,87.09,97.06,71.51,73.93,82.54,55.15,50.8,28.16,88.28,72.67,3.61,82.01,57.38,9.22,60.21,29.21,40.36,87.09,29.07,95.27,53.6,82.73,65.8,89.27,27.66,48.84,40.31,40.31,79.4,13.6,45.88,48.51,39.2,39.56,56.22,78.11,11.0,74.41,80.01,73.79,74.01,11.18,39.96,47.63,57.7,60.07,82.73,91.48,1.0,61.85,38.95,79.2,84.48,79.51,31.58,52.84,74.46,21.63,67.36,59.08,0.0,45.8,72.34,17.12
68,47.04,30.87,42.06,65.95,68.68,35.9,46.14,47.17,52.2,28.23,64.01,67.8,43.28,15.65,61.29,61.29,26.93,42.44,51.97,30.02,42.95,39.41,19.42,7.0,41.34,66.04,50.96,20.52,38.33,58.69,52.39,31.0,37.64,56.72,18.79,34.01,33.12,26.4,35.74,77.7,16.03,10.63,63.82,40.31,29.07,65.0,66.64,46.4,38.48,6.71,12.21,15.13,37.8,73.93,51.04,46.4,25.94,57.07,69.46,59.2,55.32,31.26,9.06,57.8,51.48,22.02,32.56,45.8,0.0,48.8,35.23
69,37.95,65.79,73.35,17.89,62.77,26.0,13.42,32.31,53.85,64.62,22.36,20.88,92.02,63.78,67.05,16.0,49.48,70.71,12.81,78.1,75.71,12.17,61.77,54.04,56.0,73.38,50.0,28.28,44.05,23.32,27.2,74.24,24.08,49.19,66.84,48.17,66.48,75.07,24.0,82.46,38.47,50.48,18.11,74.22,58.24,18.44,26.68,6.32,72.28,47.2,60.83,37.74,12.65,30.07,35.78,72.25,25.06,50.99,26.0,12.17,7.28,76.16,42.01,12.0,61.0,55.15,16.4,72.34,48.8,0.0,55.23
70,73.82,65.86,19.24,66.41,37.01,58.87,44.38,71.51,83.49,63.13,57.71,65.92,58.46,44.92,26.57,71.18,60.81,15.81,65.07,55.23,21.95,43.1,25.02,31.78,75.01,30.89,81.3,38.08,69.07,49.74,73.01,31.02,31.78,29.15,37.12,66.71,15.81,45.01,31.4,42.54,24.7,45.8,61.47,21.4,64.2,63.32,57.98,57.01,19.85,28.6,41.11,44.2,43.01,66.89,75.96,17.03,46.24,28.46,63.13,67.36,62.39,34.79,40.31,57.57,16.76,57.2,42.3,17.12,35.23,55.23,0.0
