set K:= 1	2	3	4	5	6	7;
set C_H:= 1	2	3	4	5	6	7	8	9	10	11	12	13	14	15	16	17	18	19	20	21	22	23	24	25	26	27	28	29	30	31	32;
set C_S:= 33	34	35	36	37	38	39	40	41	42	43	44	45	46	47;
set C_F:= 48	49	50	51	52;
set M:= 53	54	55	56;
set L_B:= 57	58	59	60	61	62	63;
set A1:=
(0,*) 1 2 3 4 5 6 7 8 9 10 11 12 13 14 15 16 17 18 19 20 21 22 23 24 25 26 27 28 29 30 31 32 48 49 50 51 52 53 54 55 56 57 58 59 60 61 62 63
(1,*) 0 2 3 4 5 6 7 8 9 10 11 12 13 14 15 16 17 18 19 20 21 22 23 24 25 26 27 28 29 30 31 32 48 49 50 51 52 53 54 55 56 57 58 59 60 61 62 63
(2,*) 0 1 3 4 5 6 7 8 9 10 11 12 13 14 15 16 17 18 19 20 21 22 23 24 25 26 27 28 29 30 31 32 48 49 50 51 52 53 54 55 56 57 58 59 60 61 62 63
(3,*) 0 1 2 4 5 6 7 8 9 10 11 12 13 14 15 16 17 18 19 20 21 22 23 24 25 26 27 28 29 30 31 32 48 49 50 51 52 53 54 55 56 57 58 59 60 61 62 63
(4,*) 0 1 2 3 5 6 7 8 9 10 11 12 13 14 15 16 17 18 19 20 21 22 23 24 25 26 27 28 29 30 31 32 48 49 50 51 52 53 54 55 56 57 58 59 60 61 62 63
(5,*) 0 1 2 3 4 6 7 8 9 10 11 12 13 14 15 16 17 18 19 20 21 22 23 24 25 26 27 28 29 30 31 32 48 49 50 51 52 53 54 55 56 57 58 59 60 61 62 63
(6,*) 0 1 2 3 4 5 7 8 9 10 11 12 13 14 15 16 17 18 19 20 21 22 23 24 25 26 27 28 29 30 31 32 48 49 50 51 52 53 54 55 56 57 58 59 60 61 62 63
(7,*) 0 1 2 3 4 5 6 8 9 10 11 12 13 14 15 16 17 18 19 20 21 22 23 24 25 26 27 28 29 30 31 32 48 49 50 51 52 53 54 55 56 57 58 59 60 61 62 63
(8,*) 0 1 2 3 4 5 6 7 9 10 11 12 13 14 15 16 17 18 19 20 21 22 23 24 25 26 27 28 29 30 31 32 48 49 50 51 52 53 54 55 56 57 58 59 60 61 62 63
(9,*) 0 1 2 3 4 5 6 7 8 10 11 12 13 14 15 16 17 18 19 20 21 22 23 24 25 26 27 28 29 30 31 32 48 49 50 51 52 53 54 55 56 57 58 59 60 61 62 63
(10,*) 0 1 2 3 4 5 6 7 8 9 11 12 13 14 15 16 17 18 19 20 21 22 23 24 25 26 27 28 29 30 31 32 48 49 50 51 52 53 54 55 56 57 58 59 60 61 62 63
(11,*) 0 1 2 3 4 5 6 7 8 9 10 12 13 14 15 16 17 18 19 20 21 22 23 24 25 26 27 28 29 30 31 32 48 49 50 51 52 53 54 55 56 57 58 59 60 61 62 63
(12,*) 0 1 2 3 4 5 6 7 8 9 10 11 13 14 15 16 17 18 19 20 21 22 23 24 25 26 27 28 29 30 31 32 48 49 50 51 52 53 54 55 56 57 58 59 60 61 62 63
(13,*) 0 1 2 3 4 5 6 7 8 9 10 11 12 14 15 16 17 18 19 20 21 22 23 24 25 26 27 28 29 30 31 32 48 49 50 51 52 53 54 55 56 57 58 59 60 61 62 63
(14,*) 0 1 2 3 4 5 6 7 8 9 10 11 12 13 15 16 17 18 19 20 21 22 23 24 25 26 27 28 29 30 31 32 48 49 50 51 52 53 54 55 56 57 58 59 60 61 62 63
(15,*) 0 1 2 3 4 5 6 7 8 9 10 11 12 13 14 16 17 18 19 20 21 22 23 24 25 26 27 28 29 30 31 32 48 49 50 51 52 53 54 55 56 57 58 59 60 61 62 63
(16,*) 0 1 2 3 4 5 6 7 8 9 10 11 12 13 14 15 17 18 19 20 21 22 23 24 25 26 27 28 29 30 31 32 48 49 50 51 52 53 54 55 56 57 58 59 60 61 62 63
(17,*) 0 1 2 3 4 5 6 7 8 9 10 11 12 13 14 15 16 18 19 20 21 22 23 24 25 26 27 28 29 30 31 32 48 49 50 51 52 53 54 55 56 57 58 59 60 61 62 63
(18,*) 0 1 2 3 4 5 6 7 8 9 10 11 12 13 14 15 16 17 19 20 21 22 23 24 25 26 27 28 29 30 31 32 48 49 50 51 52 53 54 55 56 57 58 59 60 61 62 63
(19,*) 0 1 2 3 4 5 6 7 8 9 10 11 12 13 14 15 16 17 18 20 21 22 23 24 25 26 27 28 29 30 31 32 48 49 50 51 52 53 54 55 56 57 58 59 60 61 62 63
(20,*) 0 1 2 3 4 5 6 7 8 9 10 11 12 13 14 15 16 17 18 19 21 22 23 24 25 26 27 28 29 30 31 32 48 49 50 51 52 53 54 55 56 57 58 59 60 61 62 63
(21,*) 0 1 2 3 4 5 6 7 8 9 10 11 12 13 14 15 16 17 18 19 20 22 23 24 25 26 27 28 29 30 31 32 48 49 50 51 52 53 54 55 56 57 58 59 60 61 62 63
(22,*) 0 1 2 3 4 5 6 7 8 9 10 11 12 13 14 15 16 17 18 19 20 21 23 24 25 26 27 28 29 30 31 32 48 49 50 51 52 53 54 55 56 57 58 59 60 61 62 63
(23,*) 0 1 2 3 4 5 6 7 8 9 10 11 12 13 14 15 16 17 18 19 20 21 22 24 25 26 27 28 29 30 31 32 48 49 50 51 52 53 54 55 56 57 58 59 60 61 62 63
(24,*) 0 1 2 3 4 5 6 7 8 9 10 11 12 13 14 15 16 17 18 19 20 21 22 23 25 26 27 28 29 30 31 32 48 49 50 51 52 53 54 55 56 57 58 59 60 61 62 63
(25,*) 0 1 2 3 4 5 6 7 8 9 10 11 12 13 14 15 16 17 18 19 20 21 22 23 24 26 27 28 29 30 31 32 48 49 50 51 52 53 54 55 56 57 58 59 60 61 62 63
(26,*) 0 1 2 3 4 5 6 7 8 9 10 11 12 13 14 15 16 17 18 19 20 21 22 23 24 25 27 28 29 30 31 32 48 49 50 51 52 53 54 55 56 57 58 59 60 61 62 63
(27,*) 0 1 2 3 4 5 6 7 8 9 10 11 12 13 14 15 16 17 18 19 20 21 22 23 24 25 26 28 29 30 31 32 48 49 50 51 52 53 54 55 56 57 58 59 60 61 62 63
(28,*) 0 1 2 3 4 5 6 7 8 9 10 11 12 13 14 15 16 17 18 19 20 21 22 23 24 25 26 27 29 30 31 32 48 49 50 51 52 53 54 55 56 57 58 59 60 61 62 63
(29,*) 0 1 2 3 4 5 6 7 8 9 10 11 12 13 14 15 16 17 18 19 20 21 22 23 24 25 26 27 28 30 31 32 48 49 50 51 52 53 54 55 56 57 58 59 60 61 62 63
(30,*) 0 1 2 3 4 5 6 7 8 9 10 11 12 13 14 15 16 17 18 19 20 21 22 23 24 25 26 27 28 29 31 32 48 49 50 51 52 53 54 55 56 57 58 59 60 61 62 63
(31,*) 0 1 2 3 4 5 6 7 8 9 10 11 12 13 14 15 16 17 18 19 20 21 22 23 24 25 26 27 28 29 30 32 48 49 50 51 52 53 54 55 56 57 58 59 60 61 62 63
(32,*) 0 1 2 3 4 5 6 7 8 9 10 11 12 13 14 15 16 17 18 19 20 21 22 23 24 25 26 27 28 29 30 31 48 49 50 51 52 53 54 55 56 57 58 59 60 61 62 63
(48,*) 0 1 2 3 4 5 6 7 8 9 10 11 12 13 14 15 16 17 18 19 20 21 22 23 24 25 26 27 28 29 30 31 32 49 50 51 52 53 54 55 56 57 58 59 60 61 62 63
(49,*) 0 1 2 3 4 5 6 7 8 9 10 11 12 13 14 15 16 17 18 19 20 21 22 23 24 25 26 27 28 29 30 31 32 48 50 51 52 53 54 55 56 57 58 59 60 61 62 63
(50,*) 0 1 2 3 4 5 6 7 8 9 10 11 12 13 14 15 16 17 18 19 20 21 22 23 24 25 26 27 28 29 30 31 32 48 49 51 52 53 54 55 56 57 58 59 60 61 62 63
(51,*) 0 1 2 3 4 5 6 7 8 9 10 11 12 13 14 15 16 17 18 19 20 21 22 23 24 25 26 27 28 29 30 31 32 48 49 50 52 53 54 55 56 57 58 59 60 61 62 63
(52,*) 0 1 2 3 4 5 6 7 8 9 10 11 12 13 14 15 16 17 18 19 20 21 22 23 24 25 26 27 28 29 30 31 32 48 49 50 51 53 54 55 56 57 58 59 60 61 62 63
(53,*) 0 1 2 3 4 5 6 7 8 9 10 11 12 13 14 15 16 17 18 19 20 21 22 23 24 25 26 27 28 29 30 31 32 48 49 50 51 52 54 55 56 57 58 59 60 61 62 63
(54,*) 0 1 2 3 4 5 6 7 8 9 10 11 12 13 14 15 16 17 18 19 20 21 22 23 24 25 26 27 28 29 30 31 32 48 49 50 51 52 53 55 56 57 58 59 60 61 62 63
(55,*) 0 1 2 3 4 5 6 7 8 9 10 11 12 13 14 15 16 17 18 19 20 21 22 23 24 25 26 27 28 29 30 31 32 48 49 50 51 52 53 54 56 57 58 59 60 61 62 63
(56,*) 0 1 2 3 4 5 6 7 8 9 10 11 12 13 14 15 16 17 18 19 20 21 22 23 24 25 26 27 28 29 30 31 32 48 49 50 51 52 53 54 55 57 58 59 60 61 62 63
(57,*) 0 1 2 3 4 5 6 7 8 9 10 11 12 13 14 15 16 17 18 19 20 21 22 23 24 25 26 27 28 29 30 31 32 48 49 50 51 52 53 54 55 56 58 59 60 61 62 63
(58,*) 0 1 2 3 4 5 6 7 8 9 10 11 12 13 14 15 16 17 18 19 20 21 22 23 24 25 26 27 28 29 30 31 32 48 49 50 51 52 53 54 55 56 57 59 60 61 62 63
(59,*) 0 1 2 3 4 5 6 7 8 9 10 11 12 13 14 15 16 17 18 19 20 21 22 23 24 25 26 27 28 29 30 31 32 48 49 50 51 52 53 54 55 56 57 58 60 61 62 63
(60,*) 0 1 2 3 4 5 6 7 8 9 10 11 12 13 14 15 16 17 18 19 20 21 22 23 24 25 26 27 28 29 30 31 32 48 49 50 51 52 53 54 55 56 57 58 59 61 62 63
(61,*) 0 1 2 3 4 5 6 7 8 9 10 11 12 13 14 15 16 17 18 19 20 21 22 23 24 25 26 27 28 29 30 31 32 48 49 50 51 52 53 54 55 56 57 58 59 60 62 63
(62,*) 0 1 2 3 4 5 6 7 8 9 10 11 12 13 14 15 16 17 18 19 20 21 22 23 24 25 26 27 28 29 30 31 32 48 49 50 51 52 53 54 55 56 57 58 59 60 61 63
(63,*) 0 1 2 3 4 5 6 7 8 9 10 11 12 13 14 15 16 17 18 19 20 21 22 23 24 25 26 27 28 29 30 31 32 48 49 50 51 52 53 54 55 56 57 58 59 60 61 62
;
set A2:=
(53,*) 54
(54,*) 53
(55,*) 56
(56,*) 55
;
param BigM:=99999;
param n:= 7;
param d:=
1	14
2	2
3	17
4	20
5	2
6	26
7	7
8	23
9	20
10	3
11	18
12	6
13	13
14	22
15	3
16	10
17	2
18	9
19	10
20	23
21	18
22	1
23	21
24	2
25	15
26	25
27	22
28	19
29	3
30	3
31	5
32	13
33	2
34	12
35	24
36	13
37	25
38	23
39	6
40	7
41	1
42	18
43	30
44	2
45	22
46	8
47	4
48	2
49	18
50	8
51	16
52	26
;
param Q:=100;
param w:=
[53,*] 54 1
[54,*] 53 1
[55,*] 56 1
[56,*] 55 1
;
param V:=
[53,*] 54 87
[54,*] 53 87
[55,*] 56 95
[56,*] 55 95
;
param f:=
53	100
54	100
55	100
56	100
57	100
58	100
59	100
60	100
61	100
62	100
63	100
;
param e:
	53	54	55	56	57	58	59	60	61	62	63:=
33	0	1	1	0	1	1	0	1	1	0	1	
34	1	0	0	0	0	1	1	1	1	1	0	
35	0	0	1	0	0	1	0	0	1	0	0	
36	1	0	0	1	1	0	1	1	1	0	0	
37	0	0	0	1	1	0	0	0	0	0	1	
38	0	0	0	1	1	0	0	1	0	0	1	
39	1	0	0	0	0	0	1	0	0	1	0	
40	0	0	0	1	1	0	0	1	0	0	1	
41	0	0	0	1	1	0	0	1	0	0	1	
42	0	0	1	0	0	1	0	0	1	0	0	
43	0	1	0	0	0	0	0	0	0	0	0	
44	1	0	1	0	0	0	1	0	1	1	0	
45	0	1	1	0	0	1	0	0	1	0	0	
46	0	0	1	0	0	1	0	0	1	0	0	
47	0	0	0	1	1	0	0	1	0	0	1	
48	1	0	0	0	0	0	1	0	0	1	0	
49	0	1	1	0	0	1	0	0	1	0	0	
50	1	0	0	0	0	0	1	1	0	1	0	
51	0	0	0	1	1	0	0	1	0	0	1	
52	1	0	0	0	0	0	1	1	0	1	0	
;
param p:=
1	1
2	1
3	1
4	1
5	1
6	1
7	1
;
param G:=
53	77
54	87
55	95
56	85
57	76
58	95
59	98
60	96
61	89
62	94
63	90
;
param s:=
0	0
1	15
2	15
3	15
4	15
5	15
6	15
7	15
8	15
9	15
10	15
11	15
12	15
13	15
14	15
15	15
16	15
17	15
18	15
19	15
20	15
21	15
22	15
23	15
24	15
25	15
26	15
27	15
28	15
29	15
30	15
31	15
32	15
48	15
49	15
50	15
51	15
52	15
53	10
54	10
55	10
56	10
57	10
58	10
59	10
60	10
61	10
62	10
63	10
;
param t:
	0	1	2	3	4	5	6	7	8	9	10	11	12	13	14	15	16	17	18	19	20	21	22	23	24	25	26	27	28	29	30	31	32	33	34	35	36	37	38	39	40	41	42	43	44	45	46	47	48	49	50	51	52	53	54	55	56	57	58	59	60	61	62	63:=
0	0.0	27.66	22.2	31.14	33.38	40.22	33.11	35.11	57.31	49.65	96.54	73.55	47.2	24.19	48.05	31.3	27.78	58.86	40.01	18.03	37.01	54.34	22.47	76.49	44.18	55.23	33.53	29.07	69.03	64.28	74.04	21.54	62.29	11.4	57.57	63.32	46.01	61.98	42.72	82.49	57.31	23.77	63.98	25.24	65.12	42.8	52.35	47.54	90.0	30.53	82.04	55.33	72.95	85.8	25.08	48.02	48.01	39.46	28.64	69.64	40.22	36.01	91.39	33.11
1	27.66	0.0	39.32	5.0	57.25	46.49	60.21	36.25	47.43	26.08	104.69	80.06	74.81	48.37	31.02	49.16	45.18	83.82	63.32	45.28	64.66	74.24	9.06	91.24	68.62	68.88	59.94	34.93	79.06	88.32	92.05	48.55	46.49	35.34	76.01	89.89	54.41	44.15	42.19	95.08	47.43	15.81	90.92	32.0	85.21	70.43	79.61	43.28	99.72	58.01	89.0	39.92	84.9	95.86	47.01	75.45	37.2	34.21	55.76	82.23	46.49	59.48	108.46	13.89
2	22.2	39.32	0.0	40.26	47.8	20.62	29.55	20.88	45.61	51.4	74.41	51.86	45.62	39.92	44.05	10.05	6.08	46.14	25.06	29.12	37.64	35.01	30.59	54.78	31.06	33.12	26.93	13.93	46.86	49.77	53.6	21.1	54.56	12.21	37.22	54.56	24.7	56.08	27.17	60.42	45.61	26.0	56.57	47.43	46.01	42.15	47.2	33.54	67.8	30.08	60.14	48.37	50.77	63.6	42.94	44.42	38.91	28.64	26.25	47.51	20.62	21.63	70.61	36.24
3	31.14	5.0	40.26	0.0	61.74	45.12	63.01	34.48	43.42	21.1	102.69	78.0	77.99	52.77	26.4	49.82	45.89	85.62	64.85	49.04	67.94	74.81	9.85	90.55	70.38	68.26	62.43	34.13	77.62	89.81	92.02	51.4	41.79	37.74	76.24	92.28	53.15	39.29	39.81	93.94	43.42	15.0	93.49	37.0	85.71	73.66	82.42	40.22	98.03	61.07	86.93	35.34	83.74	94.25	51.62	78.41	33.3	31.38	58.6	81.22	45.12	61.1	108.12	9.9
4	33.38	57.25	47.8	61.74	0.0	68.41	31.4	66.37	90.01	81.93	117.41	97.53	33.38	9.22	81.39	52.33	50.7	57.78	48.8	18.68	26.0	65.8	54.71	91.93	48.6	74.89	35.47	59.54	90.43	64.88	85.28	29.15	95.63	36.5	70.71	54.92	71.87	95.35	73.68	99.9	90.01	57.07	53.34	32.2	74.2	29.83	41.77	79.31	109.81	27.02	104.96	88.68	92.01	105.6	10.63	36.88	81.1	72.01	29.7	88.41	68.41	46.01	102.2	65.8
5	40.22	46.49	20.62	45.12	68.41	0.0	47.52	11.0	29.41	47.3	58.67	34.41	62.82	60.41	35.85	19.65	19.03	55.44	36.24	49.73	56.32	36.62	37.7	46.0	42.54	24.33	43.93	12.21	32.57	56.59	49.48	41.11	41.01	32.31	35.78	66.57	8.06	44.05	10.63	48.84	29.41	30.68	69.46	64.38	46.07	60.02	62.39	17.03	53.31	49.09	43.27	36.4	38.64	49.4	63.16	60.73	26.63	18.03	45.1	36.22	0.0	34.54	64.2	37.12
6	33.11	60.21	29.55	63.01	31.4	47.52	0.0	50.33	74.95	78.57	87.82	70.21	16.12	28.79	72.95	28.07	28.64	28.28	18.03	20.02	9.06	34.71	53.41	61.07	17.2	46.24	4.47	43.46	61.85	34.93	53.91	11.66	84.1	25.5	39.82	30.36	48.01	85.48	56.04	69.4	74.95	51.62	30.87	51.0	42.8	12.65	19.42	62.64	79.92	4.47	76.69	77.83	62.27	75.8	33.84	15.56	68.45	58.18	4.47	58.67	47.52	16.16	70.8	62.23
7	35.11	36.25	20.88	34.48	66.37	11.0	50.33	0.0	24.74	36.69	68.45	43.83	66.31	57.71	26.08	24.84	22.47	62.97	42.52	48.04	58.52	46.07	27.78	57.0	48.92	35.23	47.42	7.07	43.17	65.0	60.21	41.77	34.13	30.02	45.88	73.11	19.03	36.24	7.62	59.68	24.74	20.59	75.6	57.43	56.08	62.97	67.23	13.0	63.57	50.96	52.77	28.43	49.5	59.77	59.67	64.85	18.6	8.49	47.13	47.17	11.0	40.0	75.17	26.17
8	57.31	47.43	45.61	43.42	90.01	29.41	74.95	24.74	0.0	31.78	68.18	45.18	90.82	81.06	18.87	48.3	46.62	84.81	65.51	72.11	83.24	65.07	42.05	67.42	71.87	49.65	71.87	31.78	50.0	85.63	74.3	66.49	13.0	54.23	63.25	95.96	33.97	17.46	19.24	66.71	0.0	36.06	98.79	75.96	73.41	87.6	91.24	12.53	66.07	75.69	53.0	12.17	57.57	63.29	82.39	89.16	10.3	18.0	71.84	56.65	29.41	63.53	86.03	33.6
9	49.65	26.08	51.4	21.1	81.93	47.3	78.57	36.69	31.78	0.0	98.66	74.55	94.37	72.8	13.34	59.17	55.76	97.35	76.28	67.6	84.81	82.46	27.31	92.66	82.42	71.59	77.08	40.25	77.01	100.34	96.77	67.48	24.76	53.26	82.54	105.89	54.92	20.81	38.21	94.02	31.78	27.02	107.71	58.03	92.7	90.27	97.58	35.06	95.52	77.47	83.02	20.25	84.1	92.27	72.12	94.11	24.33	29.43	74.41	82.3	47.3	73.01	111.16	16.64
10	96.54	104.69	74.41	102.69	117.41	58.67	87.82	68.45	68.18	98.66	0.0	24.7	96.93	111.52	85.33	66.48	69.31	73.76	69.84	100.12	96.18	54.23	96.15	29.43	72.5	42.64	83.35	70.83	27.59	68.73	41.11	88.41	80.0	86.31	48.85	86.31	51.31	85.01	62.97	20.22	68.18	89.0	90.43	121.66	50.99	96.66	91.39	64.03	8.25	91.59	15.81	80.31	25.55	12.08	115.52	93.05	74.33	71.78	88.2	29.15	58.67	71.87	36.4	93.64
11	73.55	80.06	51.86	78.0	97.53	34.41	70.21	43.83	45.18	74.55	24.7	0.0	82.04	90.74	61.29	45.28	47.43	63.39	53.15	79.4	79.12	41.05	71.59	26.91	57.43	24.33	65.8	46.62	10.44	60.42	37.74	68.43	57.71	64.03	36.22	76.42	27.59	62.51	38.28	22.83	45.18	64.41	80.31	98.35	43.01	80.81	78.16	39.62	21.02	73.39	8.94	57.04	16.4	18.11	94.3	78.64	50.25	47.13	69.64	17.89	34.41	54.12	43.83	68.95
12	47.2	74.81	45.62	77.99	33.38	62.82	16.12	66.31	90.82	94.37	96.93	82.04	0.0	35.23	89.04	43.17	44.27	26.91	29.07	30.87	10.3	42.72	68.62	68.43	24.74	57.71	18.97	59.51	72.78	34.06	59.08	26.91	100.18	41.11	48.1	21.59	62.39	101.6	71.78	77.39	90.82	67.36	20.02	60.64	47.71	4.47	8.54	78.43	88.77	16.97	87.56	93.94	71.78	84.86	40.11	4.24	84.53	74.25	20.0	68.31	62.82	29.07	74.41	77.9
13	24.19	48.37	39.92	52.77	9.22	60.41	28.79	57.71	81.06	72.8	111.52	90.74	35.23	0.0	72.18	45.49	43.42	56.75	44.65	11.4	26.02	61.61	45.54	87.21	45.62	68.88	32.2	50.99	84.2	63.6	81.54	23.35	86.47	28.16	66.22	56.01	64.4	86.15	65.12	94.76	81.06	47.85	55.08	26.0	70.83	31.06	43.01	70.58	104.14	24.35	98.47	79.51	86.37	99.9	5.1	38.01	72.03	63.07	25.94	82.81	60.41	41.4	98.79	56.61
14	48.05	31.02	44.05	26.4	81.39	35.85	72.95	26.08	18.87	13.34	85.33	61.29	89.04	72.18	0.0	50.33	47.38	88.73	67.94	65.15	80.13	72.07	28.07	80.23	74.28	59.77	70.8	31.14	64.12	91.02	85.07	62.65	15.52	48.75	71.59	98.29	43.01	14.04	25.96	81.15	18.87	24.33	100.5	61.98	81.86	85.23	91.21	22.02	82.3	72.56	69.72	8.94	71.34	79.1	72.44	88.23	11.05	17.89	69.12	69.72	35.85	65.05	98.84	17.46
15	31.3	49.16	10.05	49.82	52.33	19.65	28.07	24.84	48.3	59.17	66.48	45.28	43.17	45.49	50.33	0.0	4.0	38.42	17.69	34.13	37.01	25.08	40.31	45.19	24.08	24.21	24.33	19.21	38.95	41.18	43.57	23.41	58.82	20.25	27.17	48.27	20.22	61.07	29.07	51.31	48.3	35.17	50.8	56.44	36.06	40.45	42.95	35.78	59.46	30.07	53.01	53.26	42.01	55.23	49.2	41.11	43.42	33.3	26.08	38.6	19.65	15.26	60.64	44.94
16	27.78	45.18	6.08	45.89	50.7	19.03	28.64	22.47	46.62	55.76	69.31	47.43	44.27	43.42	47.38	4.0	0.0	41.62	20.62	32.2	37.34	29.07	36.35	48.85	26.91	27.46	25.3	16.28	41.73	44.72	47.52	22.36	56.6	17.03	31.14	50.93	21.19	58.6	27.51	54.71	46.62	31.32	53.26	53.0	40.05	41.23	44.78	34.18	62.48	30.07	55.44	50.8	45.22	58.26	46.87	42.54	41.05	30.81	26.08	41.88	19.03	17.69	64.54	41.23
17	58.86	83.82	46.14	85.62	57.78	55.44	28.28	62.97	84.81	97.35	73.76	63.39	26.91	56.75	88.73	38.42	41.62	0.0	21.1	48.26	31.78	22.56	75.77	44.38	15.23	40.52	26.0	57.63	53.15	7.21	33.62	38.05	96.33	48.76	27.17	13.04	51.62	99.01	65.95	53.6	84.81	72.01	17.0	79.1	22.8	28.84	19.21	72.47	65.51	32.56	67.01	91.22	50.09	61.98	61.85	22.67	81.32	71.45	32.06	47.01	55.44	24.6	47.8	82.37
18	40.01	63.32	25.06	64.85	48.8	36.24	18.03	42.52	65.51	76.28	69.84	53.15	29.07	44.65	67.94	17.69	20.62	21.1	0.0	34.0	26.4	17.03	55.03	43.19	6.4	28.86	13.6	36.8	44.27	25.0	36.89	21.93	76.4	29.07	21.93	30.61	34.21	78.75	46.32	51.4	65.51	50.99	33.29	62.82	26.4	27.66	26.68	53.0	61.91	22.02	59.14	70.94	44.29	57.8	49.4	26.02	61.07	50.99	19.1	40.71	36.24	4.0	54.2	61.29
19	18.03	45.28	29.12	49.04	18.68	49.73	20.02	48.04	72.11	67.6	100.12	79.4	30.87	11.4	65.15	34.13	32.2	48.26	34.0	0.0	20.62	50.77	40.5	76.06	35.74	57.49	22.56	41.11	72.8	54.74	70.83	12.21	78.64	18.03	55.22	49.65	53.31	78.85	55.23	83.49	72.11	41.23	49.48	31.02	60.37	26.4	37.36	61.03	92.76	16.03	87.09	71.81	75.01	88.53	15.62	32.57	63.64	54.15	16.28	71.45	49.73	30.53	88.19	51.0
20	37.01	64.66	37.64	67.94	26.0	56.32	9.06	58.52	83.24	84.81	96.18	79.12	10.3	26.02	80.13	37.01	37.34	31.78	26.4	20.62	0.0	42.44	58.69	68.82	24.21	55.03	13.34	51.55	70.58	38.91	60.83	17.49	91.92	31.62	47.71	30.0	57.04	93.04	64.54	77.39	83.24	57.8	29.27	50.8	49.5	5.83	17.12	71.06	88.19	7.62	85.44	85.49	70.66	84.12	31.06	12.17	76.32	66.13	11.4	67.08	56.32	25.0	77.23	68.25
21	54.34	74.24	35.01	74.81	65.8	36.62	34.71	46.07	65.07	82.46	54.23	41.05	42.72	61.61	72.07	25.08	29.07	22.56	17.03	50.77	42.44	0.0	65.38	26.4	18.36	18.03	30.41	42.38	31.02	21.1	20.12	38.59	77.34	42.95	5.39	35.51	31.11	80.6	47.2	34.99	65.07	60.02	39.32	78.43	11.0	42.49	37.66	53.26	46.1	38.9	45.4	73.01	29.12	42.15	66.29	38.9	63.25	54.2	36.12	25.71	36.62	20.25	37.58	69.38
22	22.47	9.06	30.59	9.85	54.71	37.7	53.41	27.78	42.05	27.31	96.15	71.59	68.62	45.54	28.07	40.31	36.35	75.77	55.03	40.5	58.69	65.38	0.0	82.2	60.54	59.84	52.7	25.96	70.23	80.01	83.02	41.87	43.42	28.02	67.03	82.49	45.54	42.01	34.21	86.13	42.05	7.21	83.76	34.21	76.32	64.35	72.8	36.12	91.0	51.66	80.53	36.5	75.96	87.09	45.12	68.88	31.78	26.91	49.04	73.25	37.7	51.26	99.41	11.18
23	76.49	91.24	54.78	90.55	91.93	46.0	61.07	57.0	67.42	92.66	29.43	26.91	68.43	87.21	80.23	45.19	48.85	44.38	43.19	76.06	68.82	26.4	82.2	0.0	44.65	22.36	56.73	56.44	18.03	39.32	12.17	63.89	80.41	65.3	21.26	56.89	38.01	84.76	54.45	9.22	67.42	75.66	61.0	101.53	21.59	68.6	62.39	58.46	21.21	65.19	26.0	78.16	10.63	18.0	91.68	64.4	69.63	63.29	62.24	10.77	46.0	45.97	18.68	83.05
24	44.18	68.62	31.06	70.38	48.6	42.54	17.2	48.92	71.87	82.42	72.5	57.43	24.74	45.62	74.28	24.08	26.91	15.23	6.4	35.74	24.21	18.36	60.54	44.65	0.0	33.14	13.42	43.14	48.05	20.1	36.8	24.33	82.8	33.73	23.71	24.21	40.16	85.15	52.7	53.34	71.87	56.82	26.93	65.76	25.61	24.17	21.1	59.36	64.4	21.63	62.82	77.34	47.17	60.42	50.57	21.21	67.48	57.38	19.7	43.66	42.54	9.43	53.6	67.23
25	55.23	68.88	33.12	68.26	74.89	24.33	46.24	35.23	49.65	71.59	42.64	24.33	57.71	68.88	59.77	24.21	27.46	40.52	28.86	57.49	55.03	18.03	59.84	22.36	33.14	0.0	41.79	34.13	15.65	38.91	25.3	45.8	62.43	44.41	14.42	53.37	16.76	66.24	33.84	27.29	49.65	53.34	57.07	80.45	24.04	56.52	54.01	38.91	35.36	49.66	30.46	59.03	17.8	31.11	72.92	54.33	49.77	42.2	46.07	14.42	24.33	30.08	40.01	61.01
26	33.53	59.94	26.93	62.43	35.47	43.93	4.47	47.42	71.87	77.08	83.35	65.8	18.97	32.2	70.8	24.33	25.3	26.0	13.6	22.56	13.34	30.41	52.7	56.73	13.42	41.79	0.0	40.71	57.38	32.25	49.82	12.17	81.41	24.7	35.47	29.97	44.01	83.01	52.81	65.0	71.87	50.33	31.06	53.15	38.83	16.12	20.52	59.46	75.47	8.49	72.24	75.29	57.8	71.34	37.16	17.49	65.76	55.47	6.32	54.2	43.93	11.7	66.85	60.96
27	29.07	34.93	13.93	34.13	59.54	12.21	43.46	7.07	31.78	40.25	70.83	46.62	59.51	50.99	31.14	19.21	16.28	57.63	36.8	41.11	51.55	42.38	25.96	56.44	43.14	34.13	40.71	0.0	44.38	60.21	58.22	34.71	40.71	23.09	42.95	67.21	19.7	42.44	14.14	60.17	31.78	19.24	69.53	52.5	52.89	56.08	60.75	20.02	65.31	43.97	55.47	34.67	50.0	61.33	53.16	58.18	25.06	14.76	40.16	47.3	12.21	33.97	74.03	27.29
28	69.03	79.06	46.86	77.62	90.43	32.57	61.85	43.17	50.0	77.01	27.59	10.44	72.78	84.2	64.12	38.95	41.73	53.15	44.27	72.8	70.58	31.02	70.23	18.03	48.05	15.65	57.38	44.38	0.0	50.01	27.8	61.29	62.94	58.73	26.02	66.19	24.7	67.45	39.12	17.03	50.0	63.25	70.11	94.2	32.57	71.84	68.47	42.11	21.1	65.31	14.87	61.19	7.62	17.0	88.09	69.23	53.24	48.17	61.72	7.81	32.57	45.69	36.25	69.23
29	64.28	88.32	49.77	89.81	64.88	56.59	34.93	65.0	85.63	100.34	68.73	60.42	34.06	63.6	91.02	41.18	44.72	7.21	25.0	54.74	38.91	21.1	80.01	39.32	20.1	38.91	32.25	60.21	50.01	0.0	27.89	44.05	97.59	53.76	24.7	17.72	51.86	100.57	67.21	48.51	85.63	75.77	21.84	85.38	18.0	36.06	26.17	73.54	60.53	39.29	63.2	92.85	46.1	57.22	68.68	29.83	82.98	73.41	38.47	43.29	56.59	28.86	41.05	85.91
30	74.04	92.05	53.6	92.02	85.28	49.48	53.91	60.21	74.3	96.77	41.11	37.74	59.08	81.54	85.07	43.57	47.52	33.62	36.89	70.83	60.83	20.12	83.02	12.17	36.8	25.3	49.82	58.22	27.8	27.89	0.0	58.67	87.24	62.64	16.49	45.61	42.06	91.24	59.14	21.0	74.3	77.03	49.73	98.43	11.4	59.82	52.35	64.08	33.02	58.26	37.95	84.17	21.47	30.07	86.28	54.92	75.03	67.45	55.8	20.0	49.48	40.31	17.46	85.48
31	21.54	48.55	21.1	51.4	29.15	41.11	11.66	41.77	66.49	67.48	88.41	68.43	26.91	23.35	62.65	23.41	22.36	38.05	21.93	12.21	17.49	38.59	41.87	63.89	24.33	45.8	12.17	34.71	61.29	44.05	58.67	0.0	74.67	14.21	43.01	41.79	43.42	75.64	48.26	71.42	66.49	40.46	42.49	41.44	48.33	22.8	31.06	54.59	80.92	10.0	75.8	68.15	63.13	76.69	27.8	27.02	59.14	49.04	7.21	59.55	41.11	18.36	76.06	50.99
32	62.29	46.49	54.56	41.79	95.63	41.01	84.1	34.13	13.0	24.76	80.0	57.71	100.18	86.47	15.52	58.82	56.6	96.33	76.4	78.64	91.92	77.34	43.42	80.41	82.8	62.43	81.41	40.71	62.94	97.59	87.24	74.67	0.0	61.4	75.8	107.0	46.4	5.1	30.41	79.56	13.0	39.0	109.62	77.47	86.02	96.66	101.36	24.08	78.41	84.31	65.19	7.0	70.52	75.8	87.09	98.88	15.65	25.94	80.62	69.64	41.01	74.06	99.02	32.98
33	11.4	35.34	12.21	37.74	36.5	32.31	25.5	30.02	54.23	53.26	86.31	64.03	41.11	28.16	48.75	20.25	17.03	48.76	29.07	18.03	31.62	42.95	28.02	65.3	33.73	44.41	24.7	23.09	58.73	53.76	62.64	14.21	61.4	0.0	46.17	54.59	36.89	62.03	37.22	71.56	54.23	26.25	55.76	36.24	53.76	37.01	44.82	43.01	79.51	24.21	72.25	54.71	62.2	75.29	30.87	41.04	46.1	36.35	21.21	58.82	32.31	25.08	80.01	36.8
34	57.57	76.01	37.22	76.24	70.71	35.78	39.82	45.88	63.25	82.54	48.85	36.22	48.1	66.22	71.59	27.17	31.14	27.17	21.93	55.22	47.71	5.39	67.03	21.26	23.71	14.42	35.47	42.95	26.02	24.7	16.49	43.01	75.8	46.17	0.0	40.2	29.41	79.32	46.14	29.68	63.25	61.29	44.1	82.08	10.3	47.85	42.95	51.87	40.72	43.93	40.2	71.87	23.77	36.77	70.8	44.27	62.27	53.71	41.01	20.4	35.78	24.84	33.84	70.21
35	63.32	89.89	54.56	92.28	54.92	66.57	30.36	73.11	95.96	105.89	86.31	76.42	21.59	56.01	98.29	48.27	50.93	13.04	30.61	49.65	30.0	35.51	82.49	56.89	24.21	53.37	29.97	67.21	66.19	17.72	45.61	41.79	107.0	54.59	40.2	0.0	63.51	109.34	76.84	66.1	95.96	79.63	4.12	80.5	35.36	25.18	13.15	83.49	78.09	33.73	80.0	101.53	63.03	74.67	61.03	18.11	91.68	81.57	34.79	60.0	66.57	33.24	58.18	90.21
36	46.01	54.41	24.7	53.15	71.87	8.06	48.01	19.03	33.97	54.92	51.31	27.59	62.39	64.4	43.01	20.22	21.19	51.62	34.21	53.31	57.04	31.11	45.54	38.01	40.16	16.76	44.01	19.7	24.7	51.86	42.06	43.42	46.4	36.89	29.41	63.51	0.0	49.93	17.09	40.79	33.97	38.6	66.71	70.77	39.66	60.07	60.88	22.47	45.62	50.25	36.24	42.54	30.59	41.63	67.6	59.84	33.11	25.5	46.27	28.16	8.06	33.38	56.32	45.18
37	61.98	44.15	56.08	39.29	95.35	44.05	85.48	36.24	17.46	20.81	85.01	62.51	101.6	86.15	14.04	61.07	58.6	99.01	78.75	78.85	93.04	80.6	42.01	84.76	85.15	66.24	83.01	42.44	67.45	100.57	91.24	75.64	5.1	62.03	79.32	109.34	49.93	0.0	33.42	84.17	17.46	38.33	111.83	75.66	89.59	97.95	103.17	27.46	83.29	85.43	70.11	7.81	75.0	80.62	86.47	100.5	17.69	27.8	81.84	74.0	44.05	76.22	103.41	31.14
38	42.72	42.19	27.17	39.81	73.68	10.63	56.04	7.62	19.24	38.21	62.97	38.28	71.78	65.12	25.96	29.07	27.51	65.95	46.32	55.23	64.54	47.2	34.21	54.45	52.7	33.84	52.81	14.14	39.12	67.21	59.14	48.26	30.41	37.22	46.14	76.84	17.09	33.42	0.0	56.04	19.24	27.02	79.61	64.9	56.44	68.68	72.01	6.71	58.69	57.07	47.17	25.81	46.0	55.11	67.19	70.01	16.12	9.06	53.15	44.1	10.63	44.29	72.99	30.68
39	82.49	95.08	60.42	93.94	99.9	48.84	69.4	59.68	66.71	94.02	20.22	22.83	77.39	94.76	81.15	51.31	54.71	53.6	51.4	83.49	77.39	34.99	86.13	9.22	53.34	27.29	65.0	60.17	17.03	48.51	21.0	71.42	79.56	71.56	29.68	66.1	40.79	84.17	56.04	0.0	66.71	79.31	70.21	107.7	30.81	77.41	71.51	59.14	12.04	73.41	19.21	78.09	10.2	9.22	99.09	73.41	70.26	65.07	70.29	13.0	48.84	53.91	21.26	85.84
40	57.31	47.43	45.61	43.42	90.01	29.41	74.95	24.74	0.0	31.78	68.18	45.18	90.82	81.06	18.87	48.3	46.62	84.81	65.51	72.11	83.24	65.07	42.05	67.42	71.87	49.65	71.87	31.78	50.0	85.63	74.3	66.49	13.0	54.23	63.25	95.96	33.97	17.46	19.24	66.71	0.0	36.06	98.79	75.96	73.41	87.6	91.24	12.53	66.07	75.69	53.0	12.17	57.57	63.29	82.39	89.16	10.3	18.0	71.84	56.65	29.41	63.53	86.03	33.6
41	23.77	15.81	26.0	15.0	57.07	30.68	51.62	20.59	36.06	27.02	89.0	64.41	67.36	47.85	24.33	35.17	31.32	72.01	50.99	41.23	57.8	60.02	7.21	75.66	56.82	53.34	50.33	19.24	63.25	75.77	77.03	40.46	39.0	26.25	61.29	79.63	38.6	38.33	27.02	79.31	36.06	0.0	81.22	39.92	70.86	63.25	70.77	29.21	83.93	50.45	73.36	32.0	69.12	80.06	48.17	67.18	25.96	20.0	47.42	66.49	30.68	47.41	93.13	10.63
42	63.98	90.92	56.57	93.49	53.34	69.46	30.87	75.6	98.79	107.71	90.43	80.31	20.02	55.08	100.5	50.8	53.26	17.0	33.29	49.48	29.27	39.32	83.76	61.0	26.93	57.07	31.06	69.53	70.11	21.84	49.73	42.49	109.62	55.76	44.1	4.12	66.71	111.83	79.61	70.21	98.79	81.22	0.0	80.06	39.46	24.02	12.17	86.28	82.2	33.84	84.01	104.02	67.07	78.77	60.03	17.12	94.2	84.02	35.34	64.01	69.46	35.61	62.18	91.83
43	25.24	32.0	47.43	37.0	32.2	64.38	51.0	57.43	75.96	58.03	121.66	98.35	60.64	26.0	61.98	56.44	53.0	79.1	62.82	31.02	50.8	78.43	34.21	101.53	65.76	80.45	53.15	52.5	94.2	85.38	98.43	41.44	77.47	36.24	82.08	80.5	70.77	75.66	64.9	107.7	75.96	39.92	80.06	0.0	88.89	56.29	67.9	68.48	115.21	47.04	106.96	70.61	98.18	111.02	21.95	62.97	65.79	59.48	47.04	94.87	64.38	58.94	115.88	44.55
44	65.12	85.21	46.01	85.71	74.2	46.07	42.8	56.08	73.41	92.7	50.99	43.01	47.71	70.83	81.86	36.06	40.05	22.8	26.4	60.37	49.5	11.0	76.32	21.59	25.61	24.04	38.83	52.89	32.57	18.0	11.4	48.33	86.02	53.76	10.3	35.36	39.66	89.59	56.44	30.81	73.41	70.86	39.46	88.89	0.0	48.41	41.15	62.13	42.76	47.2	45.28	82.15	28.16	39.32	75.66	43.57	72.56	63.98	44.94	25.5	46.07	30.08	28.02	80.05
45	42.8	70.43	42.15	73.66	29.83	60.02	12.65	62.97	87.6	90.27	96.66	80.81	4.47	31.06	85.23	40.45	41.23	28.84	27.66	26.4	5.83	42.49	64.35	68.6	24.17	56.52	16.12	56.08	71.84	36.06	59.82	22.8	96.66	37.01	47.85	25.18	60.07	97.95	68.68	77.41	87.6	63.25	24.02	56.29	48.41	0.0	12.04	75.29	88.57	12.81	86.68	90.34	71.31	84.58	36.01	7.07	81.02	70.77	16.12	67.78	60.02	27.07	75.66	73.76
46	52.35	79.61	47.2	82.42	41.77	62.39	19.42	67.23	91.24	97.58	91.39	78.16	8.54	43.01	91.21	42.95	44.78	19.21	26.68	37.36	17.12	37.66	72.8	62.39	21.1	54.01	20.52	60.75	68.47	26.17	52.35	31.06	101.36	44.82	42.95	13.15	60.88	103.17	72.01	71.51	91.24	70.77	12.17	67.9	41.15	12.04	0.0	78.72	83.17	21.93	83.02	95.41	66.71	79.4	48.0	5.0	85.76	75.47	23.85	63.35	62.39	27.86	67.01	81.39
47	47.54	43.28	33.54	40.22	79.31	17.03	62.64	13.0	12.53	35.06	64.03	39.62	78.43	70.58	22.02	35.78	34.18	72.47	53.0	61.03	71.06	53.26	36.12	58.46	59.36	38.91	59.46	20.02	42.11	73.54	64.08	54.59	24.08	43.01	51.87	83.49	22.47	27.46	6.71	59.14	12.53	29.21	86.28	68.48	62.13	75.29	78.72	0.0	60.53	63.56	48.27	20.12	49.37	57.22	72.37	76.69	11.18	9.22	59.67	47.85	17.03	51.0	77.13	30.53
48	90.0	99.72	67.8	98.03	109.81	53.31	79.92	63.57	66.07	95.52	8.25	21.02	88.77	104.14	82.3	59.46	62.48	65.51	61.91	92.76	88.19	46.1	91.0	21.21	64.4	35.36	75.47	65.31	21.1	60.53	33.02	80.92	78.41	79.51	40.72	78.09	45.62	83.29	58.69	12.04	66.07	83.93	82.2	115.21	42.76	88.57	83.17	60.53	0.0	83.76	13.34	78.01	17.8	4.24	108.25	84.86	71.25	67.68	80.45	21.4	53.31	64.07	30.02	89.29
49	30.53	58.01	30.08	61.07	27.02	49.09	4.47	50.96	75.69	77.47	91.59	73.39	16.97	24.35	72.56	30.07	30.07	32.56	22.02	16.03	7.62	38.9	51.66	65.19	21.63	49.66	8.49	43.97	65.31	39.29	58.26	10.0	84.31	24.21	43.93	33.73	50.25	85.43	57.07	73.41	75.69	50.45	33.84	47.04	47.2	12.81	21.93	63.56	83.76	0.0	80.11	77.88	66.04	79.61	29.41	17.49	68.71	58.52	4.0	62.43	49.09	19.72	75.21	60.96
50	82.04	89.0	60.14	86.93	104.96	43.27	76.69	52.77	53.0	83.02	15.81	8.94	87.56	98.47	69.72	53.01	55.44	67.01	59.14	87.09	85.44	45.4	80.53	26.0	62.82	30.46	72.24	55.47	14.87	63.2	37.95	75.8	65.19	72.25	40.2	80.0	36.24	70.11	47.17	19.21	53.0	73.36	84.01	106.96	45.28	86.68	83.02	48.27	13.34	80.11	0.0	65.03	17.12	11.66	102.2	83.95	58.69	55.97	76.49	20.0	43.27	60.54	40.31	77.83
51	55.33	39.92	48.37	35.34	88.68	36.4	77.83	28.43	12.17	20.25	80.31	57.04	93.94	79.51	8.94	53.26	50.8	91.22	70.94	71.81	85.49	73.01	36.5	78.16	77.34	59.03	75.29	34.67	61.19	92.85	84.17	68.15	7.0	54.71	71.87	101.53	42.54	7.81	25.81	78.09	12.17	32.0	104.02	70.61	82.15	90.34	95.41	20.12	78.01	77.88	65.03	0.0	68.66	75.11	80.1	92.78	9.9	20.0	74.25	67.45	36.4	68.41	96.84	26.25
52	72.95	84.9	50.77	83.74	92.01	38.64	62.27	49.5	57.57	84.1	25.55	16.4	71.78	86.37	71.34	42.01	45.22	50.09	44.29	75.01	70.66	29.12	75.96	10.63	47.17	17.8	57.8	50.0	7.62	46.1	21.47	63.13	70.52	62.2	23.77	63.03	30.59	75.0	46.0	10.2	57.57	69.12	67.07	98.18	28.16	71.31	66.71	49.37	17.8	66.04	17.12	68.66	0.0	13.6	90.52	68.01	60.53	55.01	62.68	3.61	38.64	46.32	28.64	75.66
53	85.8	95.86	63.6	94.25	105.6	49.4	75.8	59.77	63.29	92.27	12.08	18.11	84.86	99.9	79.1	55.23	58.26	61.98	57.8	88.53	84.12	42.15	87.09	18.0	60.42	31.11	71.34	61.33	17.0	57.22	30.07	76.69	75.8	75.29	36.77	74.67	41.63	80.62	55.11	9.22	63.29	80.06	78.77	111.02	39.32	84.58	79.4	57.22	4.24	79.61	11.66	75.11	13.6	0.0	104.0	80.99	68.07	64.13	76.28	17.2	49.4	59.91	29.21	85.62
54	25.08	47.01	42.94	51.62	10.63	63.16	33.84	59.67	82.39	72.12	115.52	94.3	40.11	5.1	72.44	49.2	46.87	61.85	49.4	15.62	31.06	66.29	45.12	91.68	50.57	72.92	37.16	53.16	88.09	68.68	86.28	27.8	87.09	30.87	70.8	61.03	67.6	86.47	67.19	99.09	82.39	48.17	60.03	21.95	75.66	36.01	48.0	72.37	108.25	29.41	102.2	80.1	90.52	104.0	0.0	43.0	73.06	64.5	30.87	86.98	63.16	46.04	103.59	56.29
55	48.02	75.45	44.42	78.41	36.88	60.73	15.56	64.85	89.16	94.11	93.05	78.64	4.24	38.01	88.23	41.11	42.54	22.67	26.02	32.57	12.17	38.9	68.88	64.4	21.21	54.33	17.49	58.18	69.23	29.83	54.92	27.02	98.88	41.04	44.27	18.11	59.84	100.5	70.01	73.41	89.16	67.18	17.12	62.97	43.57	7.07	5.0	76.69	84.86	17.49	83.95	92.78	68.01	80.99	43.0	0.0	83.24	72.95	19.85	64.56	60.73	26.48	70.18	77.78
56	48.01	37.2	38.91	33.3	81.1	26.63	68.45	18.6	10.3	24.33	74.33	50.25	84.53	72.03	11.05	43.42	41.05	81.32	61.07	63.64	76.32	63.25	31.78	69.63	67.48	49.77	65.76	25.06	53.24	82.98	75.03	59.14	15.65	46.1	62.27	91.68	33.11	17.69	16.12	70.26	10.3	25.96	94.2	65.79	72.56	81.02	85.76	11.18	71.25	68.71	58.69	9.9	60.53	68.07	73.06	83.24	0.0	10.3	65.0	59.03	26.63	58.6	88.29	23.43
57	39.46	34.21	28.64	31.38	72.01	18.03	58.18	8.49	18.0	29.43	71.78	47.13	74.25	63.07	17.89	33.3	30.81	71.45	50.99	54.15	66.13	54.2	26.91	63.29	57.38	42.2	55.47	14.76	48.17	73.41	67.45	49.04	25.94	36.35	53.71	81.57	25.5	27.8	9.06	65.07	18.0	20.0	84.02	59.48	63.98	70.77	75.47	9.22	67.68	58.52	55.97	20.0	55.01	64.13	64.5	72.95	10.3	0.0	54.78	53.04	18.03	48.41	81.74	21.93
58	28.64	55.76	26.25	58.6	29.7	45.1	4.47	47.13	71.84	74.41	88.2	69.64	20.0	25.94	69.12	26.08	26.08	32.06	19.1	16.28	11.4	36.12	49.04	62.24	19.7	46.07	6.32	40.16	61.72	38.47	55.8	7.21	80.62	21.21	41.01	34.79	46.27	81.84	53.15	70.29	71.84	47.42	35.34	47.04	44.94	16.12	23.85	59.67	80.45	4.0	76.49	74.25	62.68	76.28	30.87	19.85	65.0	54.78	0.0	59.08	45.1	16.4	72.95	58.0
59	69.64	82.23	47.51	81.22	88.41	36.22	58.67	47.17	56.65	82.3	29.15	17.89	68.31	82.81	69.72	38.6	41.88	47.01	40.71	71.45	67.08	25.71	73.25	10.77	43.66	14.42	54.2	47.3	7.81	43.29	20.0	59.55	69.64	58.82	20.4	60.0	28.16	74.0	44.1	13.0	56.65	66.49	64.01	94.87	25.5	67.78	63.35	47.85	21.4	62.43	20.0	67.45	3.61	17.2	86.98	64.56	59.03	53.04	59.08	0.0	36.22	42.72	29.41	73.33
60	40.22	46.49	20.62	45.12	68.41	0.0	47.52	11.0	29.41	47.3	58.67	34.41	62.82	60.41	35.85	19.65	19.03	55.44	36.24	49.73	56.32	36.62	37.7	46.0	42.54	24.33	43.93	12.21	32.57	56.59	49.48	41.11	41.01	32.31	35.78	66.57	8.06	44.05	10.63	48.84	29.41	30.68	69.46	64.38	46.07	60.02	62.39	17.03	53.31	49.09	43.27	36.4	38.64	49.4	63.16	60.73	26.63	18.03	45.1	36.22	0.0	34.54	64.2	37.12
61	36.01	59.48	21.63	61.1	46.01	34.54	16.16	40.0	63.53	73.01	71.87	54.12	29.07	41.4	65.05	15.26	17.69	24.6	4.0	30.53	25.0	20.25	51.26	45.97	9.43	30.08	11.7	33.97	45.69	28.86	40.31	18.36	74.06	25.08	24.84	33.24	33.38	76.22	44.29	53.91	63.53	47.41	35.61	58.94	30.08	27.07	27.86	51.0	64.07	19.72	60.54	68.41	46.32	59.91	46.04	26.48	58.6	48.41	16.4	42.72	34.54	0.0	57.71	57.8
62	91.39	108.46	70.61	108.12	102.2	64.2	70.8	75.17	86.03	111.16	36.4	43.83	74.41	98.79	98.84	60.64	64.54	47.8	54.2	88.19	77.23	37.58	99.41	18.68	53.6	40.01	66.85	74.03	36.25	41.05	17.46	76.06	99.02	80.01	33.84	58.18	56.32	103.41	72.99	21.26	86.03	93.13	62.18	115.88	28.02	75.66	67.01	77.13	30.02	75.21	40.31	96.84	28.64	29.21	103.59	70.18	88.29	81.74	72.95	29.41	64.2	57.71	0.0	101.02
63	33.11	13.89	36.24	9.9	65.8	37.12	62.23	26.17	33.6	16.64	93.64	68.95	77.9	56.61	17.46	44.94	41.23	82.37	61.29	51.0	68.25	69.38	11.18	83.05	67.23	61.01	60.96	27.29	69.23	85.91	85.48	50.99	32.98	36.8	70.21	90.21	45.18	31.14	30.68	85.84	33.6	10.63	91.83	44.55	80.05	73.76	81.39	30.53	89.29	60.96	77.83	26.25	75.66	85.62	56.29	77.78	23.43	21.93	58.0	73.33	37.12	57.8	101.02	0.0
;
