set K:= 1	2	3	4	5	6	7;
set C_H:= 1	2	3	4	5	6	7	8	9	10	11	12	13	14	15	16	17	18	19;
set C_S:= 20	21	22	23	24	25	26	27	28	29	30	31	32	33	34	35	36;
set C_F:= 37	38	39	40	41	42	43	44	45	46	47	48	49	50	51	52	53;
set M:= 54	55;
set L_B:= 56	57	58	59	60	61	62;
set A1:=
(0,*) 1 2 3 4 5 6 7 8 9 10 11 12 13 14 15 16 17 18 19 37 38 39 40 41 42 43 44 45 46 47 48 49 50 51 52 53 54 55 56 57 58 59 60 61 62
(1,*) 0 2 3 4 5 6 7 8 9 10 11 12 13 14 15 16 17 18 19 37 38 39 40 41 42 43 44 45 46 47 48 49 50 51 52 53 54 55 56 57 58 59 60 61 62
(2,*) 0 1 3 4 5 6 7 8 9 10 11 12 13 14 15 16 17 18 19 37 38 39 40 41 42 43 44 45 46 47 48 49 50 51 52 53 54 55 56 57 58 59 60 61 62
(3,*) 0 1 2 4 5 6 7 8 9 10 11 12 13 14 15 16 17 18 19 37 38 39 40 41 42 43 44 45 46 47 48 49 50 51 52 53 54 55 56 57 58 59 60 61 62
(4,*) 0 1 2 3 5 6 7 8 9 10 11 12 13 14 15 16 17 18 19 37 38 39 40 41 42 43 44 45 46 47 48 49 50 51 52 53 54 55 56 57 58 59 60 61 62
(5,*) 0 1 2 3 4 6 7 8 9 10 11 12 13 14 15 16 17 18 19 37 38 39 40 41 42 43 44 45 46 47 48 49 50 51 52 53 54 55 56 57 58 59 60 61 62
(6,*) 0 1 2 3 4 5 7 8 9 10 11 12 13 14 15 16 17 18 19 37 38 39 40 41 42 43 44 45 46 47 48 49 50 51 52 53 54 55 56 57 58 59 60 61 62
(7,*) 0 1 2 3 4 5 6 8 9 10 11 12 13 14 15 16 17 18 19 37 38 39 40 41 42 43 44 45 46 47 48 49 50 51 52 53 54 55 56 57 58 59 60 61 62
(8,*) 0 1 2 3 4 5 6 7 9 10 11 12 13 14 15 16 17 18 19 37 38 39 40 41 42 43 44 45 46 47 48 49 50 51 52 53 54 55 56 57 58 59 60 61 62
(9,*) 0 1 2 3 4 5 6 7 8 10 11 12 13 14 15 16 17 18 19 37 38 39 40 41 42 43 44 45 46 47 48 49 50 51 52 53 54 55 56 57 58 59 60 61 62
(10,*) 0 1 2 3 4 5 6 7 8 9 11 12 13 14 15 16 17 18 19 37 38 39 40 41 42 43 44 45 46 47 48 49 50 51 52 53 54 55 56 57 58 59 60 61 62
(11,*) 0 1 2 3 4 5 6 7 8 9 10 12 13 14 15 16 17 18 19 37 38 39 40 41 42 43 44 45 46 47 48 49 50 51 52 53 54 55 56 57 58 59 60 61 62
(12,*) 0 1 2 3 4 5 6 7 8 9 10 11 13 14 15 16 17 18 19 37 38 39 40 41 42 43 44 45 46 47 48 49 50 51 52 53 54 55 56 57 58 59 60 61 62
(13,*) 0 1 2 3 4 5 6 7 8 9 10 11 12 14 15 16 17 18 19 37 38 39 40 41 42 43 44 45 46 47 48 49 50 51 52 53 54 55 56 57 58 59 60 61 62
(14,*) 0 1 2 3 4 5 6 7 8 9 10 11 12 13 15 16 17 18 19 37 38 39 40 41 42 43 44 45 46 47 48 49 50 51 52 53 54 55 56 57 58 59 60 61 62
(15,*) 0 1 2 3 4 5 6 7 8 9 10 11 12 13 14 16 17 18 19 37 38 39 40 41 42 43 44 45 46 47 48 49 50 51 52 53 54 55 56 57 58 59 60 61 62
(16,*) 0 1 2 3 4 5 6 7 8 9 10 11 12 13 14 15 17 18 19 37 38 39 40 41 42 43 44 45 46 47 48 49 50 51 52 53 54 55 56 57 58 59 60 61 62
(17,*) 0 1 2 3 4 5 6 7 8 9 10 11 12 13 14 15 16 18 19 37 38 39 40 41 42 43 44 45 46 47 48 49 50 51 52 53 54 55 56 57 58 59 60 61 62
(18,*) 0 1 2 3 4 5 6 7 8 9 10 11 12 13 14 15 16 17 19 37 38 39 40 41 42 43 44 45 46 47 48 49 50 51 52 53 54 55 56 57 58 59 60 61 62
(19,*) 0 1 2 3 4 5 6 7 8 9 10 11 12 13 14 15 16 17 18 37 38 39 40 41 42 43 44 45 46 47 48 49 50 51 52 53 54 55 56 57 58 59 60 61 62
(37,*) 0 1 2 3 4 5 6 7 8 9 10 11 12 13 14 15 16 17 18 19 38 39 40 41 42 43 44 45 46 47 48 49 50 51 52 53 54 55 56 57 58 59 60 61 62
(38,*) 0 1 2 3 4 5 6 7 8 9 10 11 12 13 14 15 16 17 18 19 37 39 40 41 42 43 44 45 46 47 48 49 50 51 52 53 54 55 56 57 58 59 60 61 62
(39,*) 0 1 2 3 4 5 6 7 8 9 10 11 12 13 14 15 16 17 18 19 37 38 40 41 42 43 44 45 46 47 48 49 50 51 52 53 54 55 56 57 58 59 60 61 62
(40,*) 0 1 2 3 4 5 6 7 8 9 10 11 12 13 14 15 16 17 18 19 37 38 39 41 42 43 44 45 46 47 48 49 50 51 52 53 54 55 56 57 58 59 60 61 62
(41,*) 0 1 2 3 4 5 6 7 8 9 10 11 12 13 14 15 16 17 18 19 37 38 39 40 42 43 44 45 46 47 48 49 50 51 52 53 54 55 56 57 58 59 60 61 62
(42,*) 0 1 2 3 4 5 6 7 8 9 10 11 12 13 14 15 16 17 18 19 37 38 39 40 41 43 44 45 46 47 48 49 50 51 52 53 54 55 56 57 58 59 60 61 62
(43,*) 0 1 2 3 4 5 6 7 8 9 10 11 12 13 14 15 16 17 18 19 37 38 39 40 41 42 44 45 46 47 48 49 50 51 52 53 54 55 56 57 58 59 60 61 62
(44,*) 0 1 2 3 4 5 6 7 8 9 10 11 12 13 14 15 16 17 18 19 37 38 39 40 41 42 43 45 46 47 48 49 50 51 52 53 54 55 56 57 58 59 60 61 62
(45,*) 0 1 2 3 4 5 6 7 8 9 10 11 12 13 14 15 16 17 18 19 37 38 39 40 41 42 43 44 46 47 48 49 50 51 52 53 54 55 56 57 58 59 60 61 62
(46,*) 0 1 2 3 4 5 6 7 8 9 10 11 12 13 14 15 16 17 18 19 37 38 39 40 41 42 43 44 45 47 48 49 50 51 52 53 54 55 56 57 58 59 60 61 62
(47,*) 0 1 2 3 4 5 6 7 8 9 10 11 12 13 14 15 16 17 18 19 37 38 39 40 41 42 43 44 45 46 48 49 50 51 52 53 54 55 56 57 58 59 60 61 62
(48,*) 0 1 2 3 4 5 6 7 8 9 10 11 12 13 14 15 16 17 18 19 37 38 39 40 41 42 43 44 45 46 47 49 50 51 52 53 54 55 56 57 58 59 60 61 62
(49,*) 0 1 2 3 4 5 6 7 8 9 10 11 12 13 14 15 16 17 18 19 37 38 39 40 41 42 43 44 45 46 47 48 50 51 52 53 54 55 56 57 58 59 60 61 62
(50,*) 0 1 2 3 4 5 6 7 8 9 10 11 12 13 14 15 16 17 18 19 37 38 39 40 41 42 43 44 45 46 47 48 49 51 52 53 54 55 56 57 58 59 60 61 62
(51,*) 0 1 2 3 4 5 6 7 8 9 10 11 12 13 14 15 16 17 18 19 37 38 39 40 41 42 43 44 45 46 47 48 49 50 52 53 54 55 56 57 58 59 60 61 62
(52,*) 0 1 2 3 4 5 6 7 8 9 10 11 12 13 14 15 16 17 18 19 37 38 39 40 41 42 43 44 45 46 47 48 49 50 51 53 54 55 56 57 58 59 60 61 62
(53,*) 0 1 2 3 4 5 6 7 8 9 10 11 12 13 14 15 16 17 18 19 37 38 39 40 41 42 43 44 45 46 47 48 49 50 51 52 54 55 56 57 58 59 60 61 62
(54,*) 0 1 2 3 4 5 6 7 8 9 10 11 12 13 14 15 16 17 18 19 37 38 39 40 41 42 43 44 45 46 47 48 49 50 51 52 53 56 57 58 59 60 61 62
(55,*) 0 1 2 3 4 5 6 7 8 9 10 11 12 13 14 15 16 17 18 19 37 38 39 40 41 42 43 44 45 46 47 48 49 50 51 52 53 56 57 58 59 60 61 62
(56,*) 0 1 2 3 4 5 6 7 8 9 10 11 12 13 14 15 16 17 18 19 37 38 39 40 41 42 43 44 45 46 47 48 49 50 51 52 53 54 55 57 58 59 60 61 62
(57,*) 0 1 2 3 4 5 6 7 8 9 10 11 12 13 14 15 16 17 18 19 37 38 39 40 41 42 43 44 45 46 47 48 49 50 51 52 53 54 55 56 58 59 60 61 62
(58,*) 0 1 2 3 4 5 6 7 8 9 10 11 12 13 14 15 16 17 18 19 37 38 39 40 41 42 43 44 45 46 47 48 49 50 51 52 53 54 55 56 57 59 60 61 62
(59,*) 0 1 2 3 4 5 6 7 8 9 10 11 12 13 14 15 16 17 18 19 37 38 39 40 41 42 43 44 45 46 47 48 49 50 51 52 53 54 55 56 57 58 60 61 62
(60,*) 0 1 2 3 4 5 6 7 8 9 10 11 12 13 14 15 16 17 18 19 37 38 39 40 41 42 43 44 45 46 47 48 49 50 51 52 53 54 55 56 57 58 59 61 62
(61,*) 0 1 2 3 4 5 6 7 8 9 10 11 12 13 14 15 16 17 18 19 37 38 39 40 41 42 43 44 45 46 47 48 49 50 51 52 53 54 55 56 57 58 59 60 62
(62,*) 0 1 2 3 4 5 6 7 8 9 10 11 12 13 14 15 16 17 18 19 37 38 39 40 41 42 43 44 45 46 47 48 49 50 51 52 53 54 55 56 57 58 59 60 61
;
param BigM:=99999;
param n:= 7;
param d:=
1	15
2	17
3	19
4	10
5	17
6	12
7	3
8	23
9	20
10	5
11	15
12	16
13	7
14	6
15	8
16	2
17	14
18	19
19	9
20	24
21	9
22	2
23	20
24	4
25	2
26	18
27	2
28	13
29	18
30	9
31	4
32	6
33	22
34	13
35	5
36	36
37	16
38	8
39	23
40	2
41	19
42	23
43	23
44	12
45	9
46	13
47	2
48	4
49	19
50	3
51	21
52	10
53	18
;
param Q:=100;
param e:
	54	55	56	57	58	59	60	61	62:=
20	0	0	1	0	1	0	0	0	0	
21	0	0	0	0	0	1	0	0	0	
22	0	0	0	0	0	0	0	0	1	
23	1	0	0	0	0	0	0	0	1	
24	0	0	0	0	0	0	0	0	1	
25	0	0	0	0	0	0	0	0	1	
26	0	0	0	0	0	0	0	0	1	
27	0	0	0	0	0	0	1	0	0	
28	0	0	0	1	0	1	0	1	0	
29	1	0	0	0	0	0	0	0	0	
30	0	0	0	0	0	0	0	0	1	
31	0	0	0	0	1	0	0	0	0	
32	0	1	0	0	0	0	0	0	0	
33	0	1	0	0	0	0	0	0	0	
34	1	0	0	0	0	1	0	0	0	
35	0	0	0	1	0	0	0	1	0	
36	1	0	0	0	0	0	0	0	0	
37	0	0	1	0	1	0	1	0	1	
38	0	0	0	0	1	0	1	0	0	
39	0	0	0	0	0	0	1	0	1	
40	0	1	0	0	0	0	0	0	0	
41	0	0	0	0	0	1	0	0	0	
42	1	0	0	0	0	0	0	0	0	
43	1	0	0	0	0	0	0	0	0	
44	0	0	0	1	0	0	0	1	0	
45	0	0	1	0	1	0	0	0	0	
46	0	0	0	1	0	1	0	1	0	
47	0	0	1	0	1	0	1	0	1	
48	1	0	1	0	0	0	0	0	0	
49	0	0	0	0	0	1	0	0	0	
50	0	1	0	0	0	0	0	0	0	
51	1	0	0	0	0	0	0	0	0	
52	0	0	1	0	0	0	0	0	1	
53	1	0	0	0	0	0	0	0	0	
;
param p:=
1	3
2	3
3	3
4	3
5	3
6	3
7	3
;
param G:=
54	75
55	83
56	97
57	71
58	81
59	81
60	74
61	98
62	99
;
param s:=
0	0
1	10
2	10
3	10
4	10
5	10
6	10
7	10
8	10
9	10
10	10
11	10
12	10
13	10
14	10
15	10
16	10
17	10
18	10
19	10
37	10
38	10
39	10
40	10
41	10
42	10
43	10
44	10
45	10
46	10
47	10
48	10
49	10
50	10
51	10
52	10
53	10
54	10
55	10
56	10
57	10
58	10
59	10
60	10
61	10
62	10
;
param t:
	0	1	2	3	4	5	6	7	8	9	10	11	12	13	14	15	16	17	18	19	20	21	22	23	24	25	26	27	28	29	30	31	32	33	34	35	36	37	38	39	40	41	42	43	44	45	46	47	48	49	50	51	52	53	54	55	56	57	58	59	60	61	62:=
0	0.0	88.81	10.0	36.06	31.62	88.59	71.22	58.24	62.48	60.17	24.41	54.04	34.0	12.17	96.66	86.58	31.05	62.77	6.0	11.66	53.67	68.12	27.86	82.39	33.53	25.61	22.36	37.74	80.0	70.11	37.2	68.35	51.88	60.53	98.41	62.61	80.62	38.83	63.15	19.7	28.07	87.66	93.15	89.82	71.02	67.05	64.4	29.12	51.61	95.41	48.08	78.03	35.38	39.45	83.1	37.36	44.91	64.03	52.24	78.03	42.43	63.66	26.25
1	88.81	0.0	84.4	54.0	79.65	31.62	45.25	32.25	48.83	41.04	72.8	95.71	64.4	90.0	28.0	22.09	82.0	70.0	82.87	82.02	53.81	48.17	86.76	20.88	60.17	73.54	84.31	56.57	43.27	24.08	78.23	43.27	72.47	93.3	49.03	74.4	8.25	53.85	26.0	70.11	94.85	29.73	36.06	6.0	69.31	40.0	44.41	63.25	62.29	40.79	81.44	14.14	71.69	82.1	16.76	81.61	48.75	61.22	39.81	35.0	46.39	55.61	66.1
2	10.0	84.4	0.0	34.41	21.63	87.66	72.14	55.46	63.78	52.61	15.23	62.13	25.3	21.54	95.02	80.02	38.05	67.23	8.0	18.0	44.94	69.43	18.44	76.0	26.08	16.12	12.65	38.21	80.62	64.12	27.2	60.17	56.92	68.03	99.04	67.68	76.16	32.0	59.46	20.0	20.4	86.53	85.51	86.02	75.15	59.23	65.05	22.0	42.19	95.27	54.59	72.69	25.61	29.53	77.1	44.18	38.01	67.23	46.1	77.62	38.63	66.03	19.0
3	36.06	54.0	34.41	0.0	41.23	53.25	38.83	22.36	31.3	36.88	29.53	52.8	28.28	36.0	60.83	56.46	31.62	42.05	30.46	28.07	38.63	36.72	44.94	52.0	22.09	31.3	40.0	8.25	46.86	39.4	43.68	46.86	35.44	54.59	65.12	44.41	46.04	20.4	28.0	16.49	51.22	52.15	66.57	54.33	48.17	43.86	31.62	20.88	42.76	60.96	39.45	45.12	36.88	48.08	51.55	33.94	23.26	38.47	24.76	43.28	10.0	35.44	21.93
4	31.62	79.65	21.63	41.23	0.0	90.69	79.65	56.64	72.5	41.23	12.17	81.58	15.62	42.94	96.21	69.86	56.89	81.22	28.64	37.95	30.07	77.82	8.0	66.48	21.26	10.2	10.0	48.08	87.13	56.46	5.66	46.04	72.25	86.58	104.86	82.61	71.69	26.91	58.14	34.0	16.12	89.2	72.03	82.68	88.29	46.39	72.47	20.59	24.33	99.64	72.11	66.21	8.25	8.25	68.62	62.51	31.06	79.12	39.96	82.2	40.0	76.55	19.31
5	88.59	31.62	87.66	53.25	90.69	0.0	22.09	34.06	30.07	61.35	80.62	76.94	75.29	85.44	10.2	52.61	71.02	47.54	83.35	78.79	72.5	26.08	96.17	50.16	69.43	82.02	92.02	50.99	15.23	46.69	91.21	67.47	54.15	72.28	18.0	51.92	32.06	64.03	34.0	68.96	103.32	2.0	67.08	26.0	43.86	63.56	26.31	70.71	80.5	10.2	64.12	40.0	84.02	95.6	46.27	68.26	61.29	38.83	53.71	11.18	50.91	34.23	72.86
6	71.22	45.25	72.14	38.83	79.65	22.09	0.0	28.0	8.94	60.03	68.26	54.92	65.39	66.24	32.25	61.77	50.0	26.0	66.6	60.46	68.47	4.0	83.76	58.14	59.09	69.97	78.82	33.94	8.94	50.0	81.44	68.47	32.06	50.6	27.2	30.46	41.62	55.03	32.56	52.35	90.0	22.36	76.03	41.23	24.08	64.5	7.21	59.06	75.31	25.3	42.05	47.41	74.32	85.91	55.07	46.69	54.34	17.09	49.16	11.7	40.5	12.17	60.54
7	58.24	32.25	55.46	22.36	56.64	34.06	28.0	0.0	25.3	32.06	46.86	66.03	41.23	58.14	40.0	39.7	50.0	44.94	52.5	50.36	40.79	28.28	62.29	35.38	35.38	48.17	58.41	24.33	32.98	24.41	57.2	40.79	43.86	65.12	49.19	48.83	24.74	30.0	7.21	38.83	69.66	32.56	52.5	32.06	47.54	36.88	22.36	36.88	48.08	43.27	51.61	26.08	50.0	61.61	33.6	50.16	27.73	37.58	21.38	26.4	17.2	32.31	39.2
8	62.48	48.83	63.78	31.3	72.5	30.07	8.94	25.3	0.0	56.89	60.83	48.08	58.82	57.31	40.0	62.8	41.23	21.26	58.0	51.61	64.0	5.66	76.16	58.82	52.5	62.61	71.02	25.61	17.89	49.19	74.67	65.97	24.74	44.72	36.06	25.61	43.86	49.03	31.3	43.86	82.1	30.0	76.55	45.65	22.36	62.1	4.47	52.0	70.26	34.18	34.53	48.41	67.68	79.12	56.22	38.21	49.16	12.81	45.18	19.0	34.53	7.21	53.23
9	60.17	41.04	52.61	36.88	41.23	61.35	60.03	32.06	56.89	0.0	38.05	89.64	28.0	66.21	63.53	28.64	67.94	74.67	54.41	58.14	12.81	60.3	49.03	25.3	26.68	38.0	48.17	44.41	64.28	16.97	38.63	10.0	70.71	90.97	78.59	78.0	34.06	21.54	28.28	46.65	57.27	59.46	32.98	45.34	78.59	7.21	54.33	31.05	21.26	71.47	76.03	26.91	32.98	42.05	27.73	70.77	15.65	68.41	12.53	56.72	27.2	63.56	33.96
10	24.41	72.8	15.23	29.53	12.17	80.62	68.26	46.86	60.83	38.05	0.0	70.34	10.2	34.06	86.83	66.12	45.61	69.05	19.8	27.78	29.73	66.24	15.62	62.29	12.65	2.0	11.66	36.06	76.03	50.99	16.12	45.12	60.13	74.97	94.02	70.46	64.62	18.97	49.4	22.09	22.8	79.25	70.71	75.15	76.16	44.41	61.06	10.0	27.2	89.2	60.3	60.17	11.66	20.0	63.79	50.99	24.52	67.05	33.24	71.59	29.73	64.62	7.81
11	54.04	95.71	62.13	52.8	81.58	76.94	54.92	66.03	48.08	89.64	70.34	0.0	75.39	42.19	87.13	105.6	24.74	30.0	54.15	44.18	90.55	50.99	80.4	101.21	70.68	72.28	74.43	45.34	62.29	89.38	86.35	99.64	23.41	8.49	76.24	26.08	89.55	71.69	73.24	48.7	82.0	77.28	117.59	93.23	36.5	96.54	52.5	67.23	93.04	78.03	14.42	92.09	81.61	89.82	99.62	19.7	75.72	38.21	77.34	66.49	62.48	42.76	66.13
12	34.0	64.4	25.3	28.28	15.62	75.29	65.39	41.23	58.82	28.0	10.2	75.39	0.0	42.52	80.62	56.32	50.99	70.03	28.84	35.38	19.7	63.91	22.36	52.61	6.32	10.0	20.4	36.06	72.47	41.76	16.12	34.93	62.29	79.12	89.89	72.03	56.36	11.31	42.52	26.83	30.46	73.76	60.53	67.23	76.42	34.23	58.31	8.25	18.44	84.4	64.03	51.26	8.94	20.59	54.34	55.71	15.65	66.75	24.6	67.12	25.06	63.56	9.43
13	12.17	90.0	21.54	36.0	42.94	85.44	66.24	58.14	57.31	66.21	34.06	42.19	42.52	0.0	94.25	90.71	20.59	54.04	14.42	8.25	61.61	62.77	39.85	86.35	40.5	35.61	34.18	34.93	75.18	73.76	48.37	75.18	42.8	49.03	93.3	53.25	82.02	44.72	64.0	20.4	40.2	84.76	98.79	90.2	62.48	73.35	59.93	36.06	60.83	91.24	37.58	80.62	45.61	50.99	86.49	26.83	50.57	56.64	56.61	74.46	44.41	57.2	33.6
14	96.66	28.0	95.02	60.83	96.21	10.2	32.25	40.0	40.0	63.53	86.83	87.13	80.62	94.25	0.0	50.04	80.62	57.72	91.24	87.32	75.47	36.22	102.18	48.37	75.07	88.09	98.41	59.46	25.3	47.54	96.21	68.35	64.28	82.46	22.36	62.1	31.05	69.31	38.21	76.97	109.64	10.0	64.03	22.0	53.85	64.62	36.06	76.84	83.76	14.42	74.24	39.29	89.11	100.5	44.28	78.1	65.86	49.03	57.63	21.0	57.2	44.41	79.2
15	86.58	22.09	80.02	56.46	69.86	52.61	61.77	39.7	62.8	28.64	66.12	105.6	56.32	90.71	50.04	0.0	87.66	83.74	80.62	82.46	40.5	63.81	77.67	4.47	54.0	66.27	76.66	61.77	62.03	17.09	67.05	26.08	83.55	104.8	70.46	87.86	20.88	48.04	32.56	70.34	85.91	50.64	14.56	28.07	84.88	24.17	58.82	58.03	48.33	62.29	91.21	14.42	61.61	70.23	6.71	88.84	42.01	75.6	34.37	53.49	46.82	70.0	61.03
16	31.05	82.0	38.05	31.62	56.89	71.02	50.0	50.0	41.23	67.94	45.61	24.74	50.99	20.59	80.62	87.66	0.0	33.94	30.07	20.1	67.2	46.17	56.04	83.19	46.65	47.54	50.04	26.0	58.82	70.71	61.61	77.79	22.63	30.0	76.16	32.8	74.73	48.41	56.92	24.17	58.31	70.71	98.18	80.89	42.43	75.07	44.72	42.94	68.96	75.29	17.09	75.39	56.92	65.12	82.35	6.32	53.08	37.74	56.22	59.84	41.62	39.4	41.63
17	62.77	70.0	67.23	42.05	81.22	47.54	26.0	44.94	21.26	74.67	69.05	30.0	70.03	54.04	57.72	83.74	33.94	0.0	59.93	51.11	79.62	22.36	82.97	79.65	64.0	71.02	77.2	34.0	32.56	69.34	84.59	84.31	11.31	24.74	46.39	4.47	65.12	62.29	51.61	48.08	87.32	48.08	97.2	66.57	8.49	80.62	25.61	62.13	84.59	48.04	19.7	69.43	78.23	88.81	77.23	28.43	64.13	8.94	62.3	37.7	49.03	14.42	62.39
18	6.0	82.87	8.0	30.46	28.64	83.35	66.6	52.5	58.0	54.41	19.8	54.15	28.84	14.42	91.24	80.62	30.07	59.93	0.0	10.0	48.37	63.66	26.31	76.42	27.86	21.26	20.4	32.8	75.29	64.12	34.0	62.77	49.4	60.03	93.72	60.17	74.67	32.98	57.27	14.42	28.28	82.37	87.36	83.95	68.0	61.35	59.67	23.41	46.86	90.44	46.69	72.03	31.24	36.77	77.1	36.22	39.05	60.46	46.27	72.95	36.5	59.67	20.62
19	11.66	82.02	18.0	28.07	37.95	78.79	60.46	50.36	51.61	58.14	27.78	44.18	35.38	8.25	87.32	82.46	20.1	51.11	10.0	0.0	54.04	57.2	36.22	78.1	32.8	29.53	30.27	27.86	69.34	65.51	43.08	67.23	40.25	50.04	87.66	50.99	74.0	36.72	56.04	12.17	38.21	78.0	90.62	82.39	59.36	65.3	53.85	28.43	53.81	85.09	36.88	72.44	39.45	46.17	78.26	26.31	42.49	52.5	48.38	67.98	36.22	52.35	26.17
20	53.67	53.81	44.94	38.63	30.07	72.5	68.47	40.79	64.0	12.81	29.73	90.55	19.7	61.61	75.47	40.5	67.2	79.62	48.37	54.04	0.0	68.12	38.05	37.58	21.26	29.12	38.21	46.82	73.76	29.73	26.68	16.0	74.0	93.04	89.2	82.46	46.69	18.87	38.63	43.86	46.17	70.68	42.0	58.0	84.59	16.49	62.13	25.61	8.49	82.46	77.82	39.7	22.0	29.73	40.31	71.02	15.52	74.43	19.42	66.76	30.59	70.11	28.02
21	68.12	48.17	69.43	36.72	77.82	26.08	4.0	28.28	5.66	60.3	66.24	50.99	63.91	62.77	36.22	63.81	46.17	22.36	63.66	57.2	68.12	0.0	81.63	60.03	57.58	68.0	76.55	31.24	12.65	51.26	79.85	69.05	28.07	46.82	30.53	26.83	44.05	53.85	33.53	49.52	87.66	26.31	77.9	44.41	21.26	65.12	6.0	57.27	74.67	29.12	38.05	49.4	72.8	84.31	57.14	42.76	53.6	13.42	49.0	15.52	39.29	8.25	58.59
22	27.86	86.76	18.44	44.94	8.0	96.17	83.76	62.29	76.16	49.03	15.62	80.4	22.36	39.85	102.18	77.67	56.04	82.97	26.31	36.22	38.05	81.63	0.0	74.22	27.2	14.14	6.0	50.99	91.61	63.91	12.65	54.04	73.35	86.02	109.64	83.95	78.71	33.29	64.4	34.93	8.25	94.76	80.02	89.55	90.44	54.33	76.55	25.46	32.25	104.8	72.11	73.54	16.12	12.81	76.24	62.0	38.01	81.71	46.96	87.21	45.25	79.62	23.43
23	82.39	20.88	76.0	52.0	66.48	50.16	58.14	35.38	58.82	25.3	62.29	101.21	52.61	86.35	48.37	4.47	83.19	79.65	76.42	78.1	37.58	60.03	74.22	0.0	50.04	62.51	72.99	57.31	58.82	12.65	63.91	24.08	79.25	100.5	68.12	83.74	18.11	44.0	28.28	65.97	82.46	48.17	17.89	26.68	80.99	21.63	54.92	54.0	45.65	60.03	86.83	10.77	58.24	67.23	4.12	84.38	38.01	71.61	30.15	50.29	42.38	66.03	57.0
24	33.53	60.17	26.08	22.09	21.26	69.43	59.09	35.38	52.5	26.68	12.65	70.68	6.32	40.5	75.07	54.0	46.65	64.0	27.86	32.8	21.26	57.58	27.2	50.04	0.0	13.42	24.17	30.0	66.24	38.47	22.36	34.93	56.57	74.0	83.76	66.12	52.0	6.32	37.2	22.8	34.99	67.94	59.67	62.61	70.26	33.53	52.0	4.47	22.36	78.41	58.82	47.54	15.23	26.83	51.35	50.99	12.04	60.53	20.62	61.03	18.87	57.27	7.28
25	25.61	73.54	16.12	31.3	10.2	82.02	69.97	48.17	62.61	38.0	2.0	72.28	10.0	35.61	88.09	66.27	47.54	71.02	21.26	29.53	29.12	68.0	14.14	62.51	13.42	0.0	10.77	37.95	77.67	51.42	14.14	44.72	62.13	76.94	95.6	72.44	65.39	19.7	50.48	24.08	21.63	80.62	70.46	76.03	78.1	44.18	62.77	11.31	26.08	90.69	62.29	60.73	10.0	18.0	64.13	52.95	25.0	68.96	33.84	73.11	31.11	66.48	9.43
26	22.36	84.31	12.65	40.0	10.0	92.02	78.82	58.41	71.02	48.17	11.66	74.43	20.4	34.18	98.41	76.66	50.04	77.2	20.4	30.27	38.21	76.55	6.0	72.99	24.17	10.77	0.0	45.65	86.83	62.1	15.62	54.15	67.47	80.02	105.0	78.1	76.16	30.46	61.06	29.12	11.31	90.69	80.1	86.76	84.76	54.0	71.61	21.63	33.53	100.42	66.12	71.47	16.49	17.2	74.73	56.0	35.74	76.16	44.6	82.76	41.23	74.24	19.21
27	37.74	56.57	38.21	8.25	48.08	50.99	33.94	24.33	25.61	44.41	36.06	45.34	36.06	34.93	59.46	61.77	26.0	34.0	32.8	27.86	46.82	31.24	50.99	57.31	30.0	37.95	45.65	0.0	42.52	44.94	50.99	54.41	27.2	46.65	60.96	36.22	49.03	28.64	31.05	18.44	56.6	50.16	72.8	56.04	40.45	51.22	26.91	28.28	50.99	57.69	31.62	49.4	44.41	55.32	56.36	27.2	31.38	31.05	32.02	40.31	17.2	28.64	28.86
28	80.0	43.27	80.62	46.86	87.13	15.23	8.94	32.98	17.89	64.28	76.03	62.29	72.47	75.18	25.3	62.03	58.82	32.56	75.29	69.34	73.76	12.65	91.61	58.82	66.24	77.67	86.83	42.52	0.0	52.35	88.59	72.0	40.05	57.27	18.44	36.88	41.23	61.74	36.06	60.96	98.08	16.12	76.55	38.42	28.64	68.0	15.62	66.57	81.04	16.49	50.04	48.08	81.41	93.06	55.36	55.32	60.41	24.08	54.34	8.54	47.41	20.1	68.24
29	70.11	24.08	64.12	39.4	56.46	46.69	50.0	24.41	49.19	16.97	50.99	89.38	41.76	73.76	47.54	17.09	70.71	69.34	64.12	65.51	29.73	51.26	63.91	12.65	38.47	51.42	62.1	44.94	52.35	0.0	54.59	20.88	67.94	89.11	64.5	73.24	17.2	32.25	17.89	53.37	72.11	44.72	28.28	28.43	71.55	17.09	45.69	42.19	38.21	56.89	75.07	10.0	48.33	58.31	13.0	72.11	26.48	61.77	18.03	44.1	29.73	56.36	45.18
30	37.2	78.23	27.2	43.68	5.66	91.21	81.44	57.2	74.67	38.63	16.12	86.35	16.12	48.37	96.21	67.05	61.61	84.59	34.0	43.08	26.68	79.85	12.65	63.91	22.36	14.14	15.62	50.99	88.59	54.59	0.0	42.43	76.03	91.08	106.0	86.21	70.46	27.2	58.0	38.21	20.1	89.64	68.26	81.61	91.41	43.17	74.32	22.8	20.0	100.44	76.42	64.5	7.21	4.47	66.31	67.08	30.41	82.0	39.05	83.22	41.18	79.12	22.2
31	68.35	43.27	60.17	46.86	46.04	67.47	68.47	40.79	65.97	10.0	45.12	99.64	34.93	75.18	68.35	26.08	77.79	84.31	62.77	67.23	16.0	69.05	54.04	24.08	34.93	44.72	54.15	54.41	72.0	20.88	42.43	0.0	80.62	100.96	85.16	87.73	37.58	30.53	36.06	56.04	62.13	65.51	26.0	48.37	87.93	4.0	63.15	39.4	22.8	77.67	86.02	29.53	38.0	45.12	27.59	80.72	25.0	77.79	22.47	64.07	37.2	72.8	42.15
32	51.88	72.47	56.92	35.44	72.25	54.15	32.06	43.86	24.74	70.71	60.13	23.41	62.29	42.8	64.28	83.55	22.63	11.31	49.4	40.25	74.0	28.07	73.35	79.25	56.57	62.13	67.47	27.2	40.05	67.94	76.03	80.62	0.0	21.26	55.79	10.77	66.57	55.79	50.99	38.47	77.2	54.33	96.21	69.86	19.8	77.18	29.12	54.15	78.1	56.32	10.0	69.66	70.03	80.1	77.34	17.2	58.52	16.49	58.18	43.42	43.86	20.0	54.01
33	60.53	93.3	68.03	54.59	86.58	72.28	50.6	65.12	44.72	90.97	74.97	8.49	79.12	49.03	82.46	104.8	30.0	24.74	60.03	50.04	93.04	46.82	86.02	100.5	74.0	76.94	80.02	46.65	57.27	89.11	91.08	100.96	21.26	0.0	70.0	20.4	87.66	74.32	72.25	52.95	88.2	72.8	117.39	90.35	30.0	97.65	49.19	70.88	96.21	72.44	15.23	90.91	85.91	94.76	98.6	24.08	77.83	33.53	78.49	62.3	63.81	38.63	70.09
34	98.41	49.03	99.04	65.12	104.86	18.0	27.2	49.19	36.06	78.59	94.02	76.24	89.89	93.3	22.36	70.46	76.16	46.39	93.72	87.66	89.2	30.53	109.64	68.12	83.76	95.6	105.0	60.96	18.44	64.5	106.0	85.16	55.79	70.0	0.0	50.16	50.04	78.89	50.6	79.4	116.28	20.0	84.85	43.17	40.0	81.22	34.06	84.4	96.93	8.25	65.51	58.0	98.79	110.45	64.2	72.11	76.92	39.29	70.01	22.83	64.9	36.77	86.21
35	62.61	74.4	67.68	44.41	82.61	51.92	30.46	48.83	25.61	78.0	70.46	26.08	72.03	53.25	62.1	87.86	32.8	4.47	60.17	50.99	82.46	26.83	83.95	83.74	66.12	72.44	78.1	36.22	36.88	73.24	86.21	87.73	10.77	20.4	50.16	0.0	69.43	64.78	55.61	49.03	87.93	52.5	101.21	71.02	10.77	84.1	30.0	64.0	87.13	52.15	17.2	73.59	80.02	90.35	81.39	26.91	66.94	13.42	65.55	42.15	51.92	18.87	64.07
36	80.62	8.25	76.16	46.04	71.69	32.06	41.62	24.74	43.86	34.06	64.62	89.55	56.36	82.02	31.05	20.88	74.73	65.12	74.67	74.0	46.69	44.05	78.71	18.11	52.0	65.39	76.16	49.03	41.23	17.2	70.46	37.58	66.57	87.66	50.04	69.43	0.0	45.69	18.11	62.03	86.76	30.07	35.44	11.31	65.3	34.0	39.6	55.03	55.17	42.0	75.18	8.25	63.81	74.4	14.32	74.67	40.71	56.57	31.76	32.7	38.21	50.91	57.87
37	38.83	53.85	32.0	20.4	26.91	64.03	55.03	30.0	49.03	21.54	18.97	71.69	11.31	44.72	69.31	48.04	48.41	62.29	32.98	36.72	18.87	53.85	33.29	44.0	6.32	19.7	30.46	28.64	61.74	32.25	27.2	30.53	55.79	74.32	78.89	64.78	45.69	0.0	31.24	25.61	41.18	62.48	54.41	56.36	68.0	28.64	48.08	10.0	22.36	73.24	59.09	41.23	20.0	31.62	45.18	52.15	6.08	58.03	14.32	56.08	14.56	54.33	13.0
38	63.15	26.0	59.46	28.0	58.14	34.0	32.56	7.21	31.3	28.28	49.4	73.24	42.52	64.0	38.21	32.56	56.92	51.61	57.27	56.04	38.63	33.53	64.4	28.28	37.2	50.48	61.06	31.05	36.06	17.89	58.0	36.06	50.99	72.25	50.6	55.61	18.11	31.24	0.0	44.18	72.11	32.25	45.61	26.68	53.67	32.06	27.86	39.45	46.52	43.86	58.82	18.87	50.91	62.29	26.4	57.27	27.66	43.91	19.72	28.44	20.88	38.47	42.06
39	19.7	70.11	20.0	16.49	34.0	68.96	52.35	38.83	43.86	46.65	22.09	48.7	26.83	20.4	76.97	70.34	24.17	48.08	14.42	12.17	43.86	49.52	34.93	65.97	22.8	24.08	29.12	18.44	60.96	53.37	38.21	56.04	38.47	52.95	79.4	49.03	62.03	25.61	44.18	0.0	39.4	68.0	78.79	70.71	55.71	53.85	45.34	18.87	44.94	76.03	38.21	60.3	32.98	42.05	66.1	29.12	31.06	47.41	36.4	58.52	24.08	46.04	17.46
40	28.07	94.85	20.4	51.22	16.12	103.32	90.0	69.66	82.1	57.27	22.8	82.0	30.46	40.2	109.64	85.91	58.31	87.32	28.28	38.21	46.17	87.66	8.25	82.46	34.99	21.63	11.31	56.6	98.08	72.11	20.1	62.13	77.2	88.2	116.28	87.93	86.76	41.18	72.11	39.4	0.0	101.98	88.09	97.53	95.08	62.51	82.8	32.8	40.05	111.73	74.97	81.71	24.33	18.97	84.48	64.5	46.1	86.76	55.04	94.07	52.5	85.09	30.48
41	87.66	29.73	86.53	52.15	89.2	2.0	22.36	32.56	30.0	59.46	79.25	77.28	73.76	84.76	10.0	50.64	70.71	48.08	82.37	78.0	70.68	26.31	94.76	48.17	67.94	80.62	90.69	50.16	16.12	44.72	89.64	65.51	54.33	72.8	20.0	52.5	30.07	62.48	32.25	68.0	101.98	0.0	65.12	24.17	44.72	61.61	26.08	69.31	78.71	12.17	64.28	38.0	82.46	94.02	44.28	68.12	59.64	39.29	51.97	11.0	49.52	34.53	71.51
42	93.15	36.06	85.51	66.57	72.03	67.08	76.03	52.5	76.55	32.98	70.71	117.59	60.53	98.79	64.03	14.56	98.18	97.2	87.36	90.62	42.0	77.9	80.02	17.89	59.67	70.46	80.1	72.8	76.55	28.28	68.26	26.0	96.21	117.39	84.85	101.21	35.44	54.41	45.61	78.79	88.09	65.12	0.0	42.05	98.79	26.31	72.72	64.03	48.37	76.66	103.32	28.64	64.0	70.71	21.19	100.0	48.38	89.31	42.49	68.01	56.6	83.76	66.94
43	89.82	6.0	86.02	54.33	82.68	26.0	41.23	32.06	45.65	45.34	75.15	93.23	67.23	90.2	22.0	28.07	80.89	66.57	83.95	82.39	58.0	44.41	89.55	26.68	62.61	76.03	86.76	56.04	38.42	28.43	81.61	48.37	69.86	90.35	43.17	71.02	11.31	56.36	26.68	70.71	97.53	24.17	42.05	0.0	65.3	44.94	41.18	65.39	66.48	34.93	79.12	18.87	74.89	85.6	22.56	80.05	51.62	57.69	42.72	30.41	47.54	52.15	68.15
44	71.02	69.31	75.15	48.17	88.29	43.86	24.08	47.54	22.36	78.59	76.16	36.5	76.42	62.48	53.85	84.88	42.43	8.49	68.0	59.36	84.59	21.26	90.44	80.99	70.26	78.1	84.76	40.45	28.64	71.55	91.41	87.93	19.8	30.0	40.0	10.77	65.3	68.0	53.67	55.71	95.08	44.72	98.79	65.3	0.0	84.12	26.08	68.73	90.09	42.76	27.78	70.46	84.85	95.71	78.24	36.88	69.26	10.2	66.49	35.23	54.15	15.23	69.23
45	67.05	40.0	59.23	43.86	46.39	63.56	64.5	36.88	62.1	7.21	44.41	96.54	34.23	73.35	64.62	24.17	75.07	80.62	61.35	65.3	16.49	65.12	54.33	21.63	33.53	44.18	54.0	51.22	68.0	17.09	43.17	4.0	77.18	97.65	81.22	84.1	34.0	28.64	32.06	53.85	62.51	61.61	26.31	44.94	84.12	0.0	59.23	37.95	24.17	73.76	82.8	26.08	38.21	46.17	24.84	77.79	22.83	74.0	19.21	60.07	34.06	68.96	40.8
46	64.4	44.41	65.05	31.62	72.47	26.31	7.21	22.36	4.47	54.33	61.06	52.5	58.31	59.93	36.06	58.82	44.72	25.61	59.67	53.85	62.13	6.0	76.55	54.92	52.0	62.77	71.61	26.91	15.62	45.69	74.32	63.15	29.12	49.19	34.06	30.0	39.6	48.08	27.86	45.34	82.8	26.08	72.72	41.18	26.08	59.23	0.0	51.88	68.73	31.3	38.83	44.41	67.23	78.79	52.2	42.05	47.68	16.97	43.0	15.13	33.53	11.31	53.34
47	29.12	63.25	22.0	20.88	20.59	70.71	59.06	36.88	52.0	31.05	10.0	67.23	8.25	36.06	76.84	58.03	42.94	62.13	23.41	28.43	25.61	57.27	25.46	54.0	4.47	11.31	21.63	28.28	66.57	42.19	22.8	39.4	54.15	70.88	84.4	64.0	55.03	10.0	39.45	18.87	32.8	69.31	64.03	65.39	68.73	37.95	51.88	0.0	26.08	79.4	55.79	50.99	16.12	27.2	55.15	47.54	16.03	59.23	24.19	61.85	19.8	56.32	3.0
48	51.61	62.29	42.19	42.76	24.33	80.5	75.31	48.08	70.26	21.26	27.2	93.04	18.44	60.83	83.76	48.33	68.96	84.59	46.86	53.81	8.49	74.67	32.25	45.65	22.36	26.08	33.53	50.99	81.04	38.21	20.0	22.8	78.1	96.21	96.93	87.13	55.17	22.36	46.52	44.94	40.05	78.71	48.37	66.48	90.09	24.17	68.73	26.08	0.0	90.38	80.99	48.17	17.09	22.36	48.55	73.35	21.1	80.02	26.93	74.33	36.0	76.03	27.8
49	95.41	40.79	95.27	60.96	99.64	10.2	25.3	43.27	34.18	71.47	89.2	78.03	84.4	91.24	14.42	62.29	75.29	48.04	90.44	85.09	82.46	29.12	104.8	60.03	78.41	90.69	100.42	57.69	16.49	56.89	100.44	77.67	56.32	72.44	8.25	52.15	42.0	73.24	43.86	76.03	111.73	12.17	76.66	34.93	42.76	73.76	31.3	79.4	90.38	0.0	66.27	50.04	93.23	104.86	56.08	71.81	70.83	40.05	63.51	17.69	59.67	36.5	81.39
50	48.08	81.44	54.59	39.45	72.11	64.12	42.05	51.61	34.53	76.03	60.3	14.42	64.03	37.58	74.24	91.21	17.09	19.7	46.69	36.88	77.82	38.05	72.11	86.83	58.82	62.29	66.12	31.62	50.04	75.07	76.42	86.02	10.0	15.23	65.51	17.2	75.18	59.09	58.82	38.21	74.97	64.28	103.32	79.12	27.78	82.8	38.83	55.79	80.99	66.27	0.0	77.67	71.02	80.22	85.21	10.77	62.65	26.31	63.6	53.34	48.83	30.0	55.11
51	78.03	14.14	72.69	45.12	66.21	40.0	47.41	26.08	48.41	26.91	60.17	92.09	51.26	80.62	39.29	14.42	75.39	69.43	72.03	72.44	39.7	49.4	73.54	10.77	47.54	60.73	71.47	49.4	48.08	10.0	64.5	29.53	69.66	90.91	58.0	73.59	8.25	41.23	18.87	60.3	81.71	38.0	28.64	18.87	70.46	26.08	44.41	50.99	48.17	50.04	77.67	0.0	58.14	68.26	7.81	76.03	35.74	61.22	26.93	39.56	36.22	55.61	53.94
52	35.38	71.69	25.61	36.88	8.25	84.02	74.32	50.0	67.68	32.98	11.66	81.61	8.94	45.61	89.11	61.61	56.92	78.23	31.24	39.45	22.0	72.8	16.12	58.24	15.23	10.0	16.49	44.41	81.41	48.33	7.21	38.0	70.03	85.91	98.79	80.02	63.81	20.0	50.91	32.98	24.33	82.46	64.0	74.89	84.85	38.21	67.23	16.12	17.09	93.23	71.02	58.14	0.0	11.66	60.41	62.1	23.43	75.31	32.2	76.01	34.0	72.28	16.03
53	39.45	82.1	29.53	48.08	8.25	95.6	85.91	61.61	79.12	42.05	20.0	89.82	20.59	50.99	100.5	70.23	65.12	88.81	36.77	46.17	29.73	84.31	12.81	67.23	26.83	18.0	17.2	55.32	93.06	58.31	4.47	45.12	80.1	94.76	110.45	90.35	74.4	31.62	62.29	42.05	18.97	94.02	70.71	85.6	95.71	46.17	78.79	27.2	22.36	104.86	80.22	68.26	11.66	0.0	69.78	70.71	34.66	86.35	43.19	87.66	45.65	83.52	26.48
54	83.1	16.76	77.1	51.55	68.62	46.27	55.07	33.6	56.22	27.73	63.79	99.62	54.34	86.49	44.28	6.71	82.35	77.23	77.1	78.26	40.31	57.14	76.24	4.12	51.35	64.13	74.73	56.36	55.36	13.0	66.31	27.59	77.34	98.6	64.2	81.39	14.32	45.18	26.4	66.1	84.48	44.28	21.19	22.56	78.24	24.84	52.2	55.15	48.55	56.08	85.21	7.81	60.41	69.78	0.0	83.24	39.32	69.03	31.02	46.82	42.2	63.41	58.14
55	37.36	81.61	44.18	33.94	62.51	68.26	46.69	50.16	38.21	70.77	50.99	19.7	55.71	26.83	78.1	88.84	6.32	28.43	36.22	26.31	71.02	42.76	62.0	84.38	50.99	52.95	56.0	27.2	55.32	72.11	67.08	80.72	17.2	24.08	72.11	26.91	74.67	52.15	57.27	29.12	64.5	68.12	100.0	80.05	36.88	77.79	42.05	47.54	73.35	71.81	10.77	76.03	62.1	70.71	83.24	0.0	56.4	33.11	58.69	57.14	43.86	35.44	46.49
56	44.91	48.75	38.01	23.26	31.06	61.29	54.34	27.73	49.16	15.65	24.52	75.72	15.65	50.57	65.86	42.01	53.08	64.13	39.05	42.49	15.52	53.6	38.01	38.01	12.04	25.0	35.74	31.38	60.41	26.48	30.41	25.0	58.52	77.83	76.92	66.94	40.71	6.08	27.66	31.06	46.1	59.64	48.38	51.62	69.26	22.83	47.68	16.03	21.1	70.83	62.65	35.74	23.43	34.66	39.32	56.4	0.0	59.14	8.94	54.13	15.13	55.0	19.03
57	64.03	61.22	67.23	38.47	79.12	38.83	17.09	37.58	12.81	68.41	67.05	38.21	66.75	56.64	49.03	75.6	37.74	8.94	60.46	52.5	74.43	13.42	81.71	71.61	60.53	68.96	76.16	31.05	24.08	61.77	82.0	77.79	16.49	33.53	39.29	13.42	56.57	58.03	43.91	47.41	86.76	39.29	89.31	57.69	10.2	74.0	16.97	59.23	80.02	40.05	26.31	61.22	75.31	86.35	69.03	33.11	59.14	0.0	56.29	28.79	44.05	5.66	59.91
58	52.24	39.81	46.1	24.76	39.96	53.71	49.16	21.38	45.18	12.53	33.24	77.34	24.6	56.61	57.63	34.37	56.22	62.3	46.27	48.38	19.42	49.0	46.96	30.15	20.62	33.84	44.6	32.02	54.34	18.03	39.05	22.47	58.18	78.49	70.01	65.55	31.76	14.32	19.72	36.4	55.04	51.97	42.49	42.72	66.49	19.21	43.0	24.19	26.93	63.51	63.6	26.93	32.2	43.19	31.02	58.69	8.94	56.29	0.0	47.43	14.87	51.62	27.17
59	78.03	35.0	77.62	43.28	82.2	11.18	11.7	26.4	19.0	56.72	71.59	66.49	67.12	74.46	21.0	53.49	59.84	37.7	72.95	67.98	66.76	15.52	87.21	50.29	61.03	73.11	82.76	40.31	8.54	44.1	83.22	64.07	43.42	62.3	22.83	42.15	32.7	56.08	28.44	58.52	94.07	11.0	68.01	30.41	35.23	60.07	15.13	61.85	74.33	17.69	53.34	39.56	76.01	87.66	46.82	57.14	54.13	28.79	47.43	0.0	42.2	23.77	63.78
60	42.43	46.39	38.63	10.0	40.0	50.91	40.5	17.2	34.53	27.2	29.73	62.48	25.06	44.41	57.2	46.82	41.62	49.03	36.5	36.22	30.59	39.29	45.25	42.38	18.87	31.11	41.23	17.2	47.41	29.73	41.18	37.2	43.86	63.81	64.9	51.92	38.21	14.56	20.88	24.08	52.5	49.52	56.6	47.54	54.15	34.06	33.53	19.8	36.0	59.67	48.83	36.22	34.0	45.65	42.2	43.86	15.13	44.05	14.87	42.2	0.0	40.05	22.02
61	63.66	55.61	66.03	35.44	76.55	34.23	12.17	32.31	7.21	63.56	64.62	42.76	63.56	57.2	44.41	70.0	39.4	14.42	59.67	52.35	70.11	8.25	79.62	66.03	57.27	66.48	74.24	28.64	20.1	56.36	79.12	72.8	20.0	38.63	36.77	18.87	50.91	54.33	38.47	46.04	85.09	34.53	83.76	52.15	15.23	68.96	11.31	56.32	76.03	36.5	30.0	55.61	72.28	83.52	63.41	35.44	55.0	5.66	51.62	23.77	40.05	0.0	57.25
62	26.25	66.1	19.0	21.93	19.31	72.86	60.54	39.2	53.23	33.96	7.81	66.13	9.43	33.6	79.2	61.03	41.63	62.39	20.62	26.17	28.02	58.59	23.43	57.0	7.28	9.43	19.21	28.86	68.24	45.18	22.2	42.15	54.01	70.09	86.21	64.07	57.87	13.0	42.06	17.46	30.48	71.51	66.94	68.15	69.23	40.8	53.34	3.0	27.8	81.39	55.11	53.94	16.03	26.48	58.14	46.49	19.03	59.91	27.17	63.78	22.02	57.25	0.0
;
