set K:= 1	2	3	4	5	6	7;
set C_H:= 1	2	3	4	5	6	7	8	9	10	11	12	13	14	15	16	17	18	19	20	21	22	23	24	25	26	27	28	29	30	31	32;
set C_S:= 33	34	35	36	37	38	39	40	41	42	43	44	45	46	47;
set C_F:= 48	49	50	51	52;
set M:= 53	54;
set L_B:= 55	56	57	58	59	60	61;
set A1:=
(0,*) 1 2 3 4 5 6 7 8 9 10 11 12 13 14 15 16 17 18 19 20 21 22 23 24 25 26 27 28 29 30 31 32 48 49 50 51 52 53 54 55 56 57 58 59 60 61
(1,*) 0 2 3 4 5 6 7 8 9 10 11 12 13 14 15 16 17 18 19 20 21 22 23 24 25 26 27 28 29 30 31 32 48 49 50 51 52 53 54 55 56 57 58 59 60 61
(2,*) 0 1 3 4 5 6 7 8 9 10 11 12 13 14 15 16 17 18 19 20 21 22 23 24 25 26 27 28 29 30 31 32 48 49 50 51 52 53 54 55 56 57 58 59 60 61
(3,*) 0 1 2 4 5 6 7 8 9 10 11 12 13 14 15 16 17 18 19 20 21 22 23 24 25 26 27 28 29 30 31 32 48 49 50 51 52 53 54 55 56 57 58 59 60 61
(4,*) 0 1 2 3 5 6 7 8 9 10 11 12 13 14 15 16 17 18 19 20 21 22 23 24 25 26 27 28 29 30 31 32 48 49 50 51 52 53 54 55 56 57 58 59 60 61
(5,*) 0 1 2 3 4 6 7 8 9 10 11 12 13 14 15 16 17 18 19 20 21 22 23 24 25 26 27 28 29 30 31 32 48 49 50 51 52 53 54 55 56 57 58 59 60 61
(6,*) 0 1 2 3 4 5 7 8 9 10 11 12 13 14 15 16 17 18 19 20 21 22 23 24 25 26 27 28 29 30 31 32 48 49 50 51 52 53 54 55 56 57 58 59 60 61
(7,*) 0 1 2 3 4 5 6 8 9 10 11 12 13 14 15 16 17 18 19 20 21 22 23 24 25 26 27 28 29 30 31 32 48 49 50 51 52 53 54 55 56 57 58 59 60 61
(8,*) 0 1 2 3 4 5 6 7 9 10 11 12 13 14 15 16 17 18 19 20 21 22 23 24 25 26 27 28 29 30 31 32 48 49 50 51 52 53 54 55 56 57 58 59 60 61
(9,*) 0 1 2 3 4 5 6 7 8 10 11 12 13 14 15 16 17 18 19 20 21 22 23 24 25 26 27 28 29 30 31 32 48 49 50 51 52 53 54 55 56 57 58 59 60 61
(10,*) 0 1 2 3 4 5 6 7 8 9 11 12 13 14 15 16 17 18 19 20 21 22 23 24 25 26 27 28 29 30 31 32 48 49 50 51 52 53 54 55 56 57 58 59 60 61
(11,*) 0 1 2 3 4 5 6 7 8 9 10 12 13 14 15 16 17 18 19 20 21 22 23 24 25 26 27 28 29 30 31 32 48 49 50 51 52 53 54 55 56 57 58 59 60 61
(12,*) 0 1 2 3 4 5 6 7 8 9 10 11 13 14 15 16 17 18 19 20 21 22 23 24 25 26 27 28 29 30 31 32 48 49 50 51 52 53 54 55 56 57 58 59 60 61
(13,*) 0 1 2 3 4 5 6 7 8 9 10 11 12 14 15 16 17 18 19 20 21 22 23 24 25 26 27 28 29 30 31 32 48 49 50 51 52 53 54 55 56 57 58 59 60 61
(14,*) 0 1 2 3 4 5 6 7 8 9 10 11 12 13 15 16 17 18 19 20 21 22 23 24 25 26 27 28 29 30 31 32 48 49 50 51 52 53 54 55 56 57 58 59 60 61
(15,*) 0 1 2 3 4 5 6 7 8 9 10 11 12 13 14 16 17 18 19 20 21 22 23 24 25 26 27 28 29 30 31 32 48 49 50 51 52 53 54 55 56 57 58 59 60 61
(16,*) 0 1 2 3 4 5 6 7 8 9 10 11 12 13 14 15 17 18 19 20 21 22 23 24 25 26 27 28 29 30 31 32 48 49 50 51 52 53 54 55 56 57 58 59 60 61
(17,*) 0 1 2 3 4 5 6 7 8 9 10 11 12 13 14 15 16 18 19 20 21 22 23 24 25 26 27 28 29 30 31 32 48 49 50 51 52 53 54 55 56 57 58 59 60 61
(18,*) 0 1 2 3 4 5 6 7 8 9 10 11 12 13 14 15 16 17 19 20 21 22 23 24 25 26 27 28 29 30 31 32 48 49 50 51 52 53 54 55 56 57 58 59 60 61
(19,*) 0 1 2 3 4 5 6 7 8 9 10 11 12 13 14 15 16 17 18 20 21 22 23 24 25 26 27 28 29 30 31 32 48 49 50 51 52 53 54 55 56 57 58 59 60 61
(20,*) 0 1 2 3 4 5 6 7 8 9 10 11 12 13 14 15 16 17 18 19 21 22 23 24 25 26 27 28 29 30 31 32 48 49 50 51 52 53 54 55 56 57 58 59 60 61
(21,*) 0 1 2 3 4 5 6 7 8 9 10 11 12 13 14 15 16 17 18 19 20 22 23 24 25 26 27 28 29 30 31 32 48 49 50 51 52 53 54 55 56 57 58 59 60 61
(22,*) 0 1 2 3 4 5 6 7 8 9 10 11 12 13 14 15 16 17 18 19 20 21 23 24 25 26 27 28 29 30 31 32 48 49 50 51 52 53 54 55 56 57 58 59 60 61
(23,*) 0 1 2 3 4 5 6 7 8 9 10 11 12 13 14 15 16 17 18 19 20 21 22 24 25 26 27 28 29 30 31 32 48 49 50 51 52 53 54 55 56 57 58 59 60 61
(24,*) 0 1 2 3 4 5 6 7 8 9 10 11 12 13 14 15 16 17 18 19 20 21 22 23 25 26 27 28 29 30 31 32 48 49 50 51 52 53 54 55 56 57 58 59 60 61
(25,*) 0 1 2 3 4 5 6 7 8 9 10 11 12 13 14 15 16 17 18 19 20 21 22 23 24 26 27 28 29 30 31 32 48 49 50 51 52 53 54 55 56 57 58 59 60 61
(26,*) 0 1 2 3 4 5 6 7 8 9 10 11 12 13 14 15 16 17 18 19 20 21 22 23 24 25 27 28 29 30 31 32 48 49 50 51 52 53 54 55 56 57 58 59 60 61
(27,*) 0 1 2 3 4 5 6 7 8 9 10 11 12 13 14 15 16 17 18 19 20 21 22 23 24 25 26 28 29 30 31 32 48 49 50 51 52 53 54 55 56 57 58 59 60 61
(28,*) 0 1 2 3 4 5 6 7 8 9 10 11 12 13 14 15 16 17 18 19 20 21 22 23 24 25 26 27 29 30 31 32 48 49 50 51 52 53 54 55 56 57 58 59 60 61
(29,*) 0 1 2 3 4 5 6 7 8 9 10 11 12 13 14 15 16 17 18 19 20 21 22 23 24 25 26 27 28 30 31 32 48 49 50 51 52 53 54 55 56 57 58 59 60 61
(30,*) 0 1 2 3 4 5 6 7 8 9 10 11 12 13 14 15 16 17 18 19 20 21 22 23 24 25 26 27 28 29 31 32 48 49 50 51 52 53 54 55 56 57 58 59 60 61
(31,*) 0 1 2 3 4 5 6 7 8 9 10 11 12 13 14 15 16 17 18 19 20 21 22 23 24 25 26 27 28 29 30 32 48 49 50 51 52 53 54 55 56 57 58 59 60 61
(32,*) 0 1 2 3 4 5 6 7 8 9 10 11 12 13 14 15 16 17 18 19 20 21 22 23 24 25 26 27 28 29 30 31 48 49 50 51 52 53 54 55 56 57 58 59 60 61
(48,*) 0 1 2 3 4 5 6 7 8 9 10 11 12 13 14 15 16 17 18 19 20 21 22 23 24 25 26 27 28 29 30 31 32 49 50 51 52 53 54 55 56 57 58 59 60 61
(49,*) 0 1 2 3 4 5 6 7 8 9 10 11 12 13 14 15 16 17 18 19 20 21 22 23 24 25 26 27 28 29 30 31 32 48 50 51 52 53 54 55 56 57 58 59 60 61
(50,*) 0 1 2 3 4 5 6 7 8 9 10 11 12 13 14 15 16 17 18 19 20 21 22 23 24 25 26 27 28 29 30 31 32 48 49 51 52 53 54 55 56 57 58 59 60 61
(51,*) 0 1 2 3 4 5 6 7 8 9 10 11 12 13 14 15 16 17 18 19 20 21 22 23 24 25 26 27 28 29 30 31 32 48 49 50 52 53 54 55 56 57 58 59 60 61
(52,*) 0 1 2 3 4 5 6 7 8 9 10 11 12 13 14 15 16 17 18 19 20 21 22 23 24 25 26 27 28 29 30 31 32 48 49 50 51 53 54 55 56 57 58 59 60 61
(53,*) 0 1 2 3 4 5 6 7 8 9 10 11 12 13 14 15 16 17 18 19 20 21 22 23 24 25 26 27 28 29 30 31 32 48 49 50 51 52 54 55 56 57 58 59 60 61
(54,*) 0 1 2 3 4 5 6 7 8 9 10 11 12 13 14 15 16 17 18 19 20 21 22 23 24 25 26 27 28 29 30 31 32 48 49 50 51 52 53 55 56 57 58 59 60 61
(55,*) 0 1 2 3 4 5 6 7 8 9 10 11 12 13 14 15 16 17 18 19 20 21 22 23 24 25 26 27 28 29 30 31 32 48 49 50 51 52 53 54 56 57 58 59 60 61
(56,*) 0 1 2 3 4 5 6 7 8 9 10 11 12 13 14 15 16 17 18 19 20 21 22 23 24 25 26 27 28 29 30 31 32 48 49 50 51 52 53 54 55 57 58 59 60 61
(57,*) 0 1 2 3 4 5 6 7 8 9 10 11 12 13 14 15 16 17 18 19 20 21 22 23 24 25 26 27 28 29 30 31 32 48 49 50 51 52 53 54 55 56 58 59 60 61
(58,*) 0 1 2 3 4 5 6 7 8 9 10 11 12 13 14 15 16 17 18 19 20 21 22 23 24 25 26 27 28 29 30 31 32 48 49 50 51 52 53 54 55 56 57 59 60 61
(59,*) 0 1 2 3 4 5 6 7 8 9 10 11 12 13 14 15 16 17 18 19 20 21 22 23 24 25 26 27 28 29 30 31 32 48 49 50 51 52 53 54 55 56 57 58 60 61
(60,*) 0 1 2 3 4 5 6 7 8 9 10 11 12 13 14 15 16 17 18 19 20 21 22 23 24 25 26 27 28 29 30 31 32 48 49 50 51 52 53 54 55 56 57 58 59 61
(61,*) 0 1 2 3 4 5 6 7 8 9 10 11 12 13 14 15 16 17 18 19 20 21 22 23 24 25 26 27 28 29 30 31 32 48 49 50 51 52 53 54 55 56 57 58 59 60
;
set A2:=
(53,*) 54
(54,*) 53
;
param BigM:=99999;
param n:= 7;
param d:=
1	12
2	14
3	17
4	20
5	26
6	7
7	24
8	23
9	20
10	3
11	18
12	2
13	13
14	22
15	3
16	6
17	18
18	10
19	10
20	8
21	30
22	16
23	23
24	1
25	4
26	26
27	21
28	15
29	22
30	19
31	3
32	3
33	2
34	13
35	25
36	23
37	6
38	7
39	1
40	18
41	2
42	18
43	22
44	8
45	2
46	25
47	5
48	2
49	2
50	9
51	2
52	13
;
param Q:=100;
param w:=
[53,*] 54 1
[54,*] 53 1
;
param V:=
[53,*] 54 96
[54,*] 53 96
;
param f:=
53	100
54	100
55	100
56	100
57	100
58	100
59	100
60	100
61	100
;
param e:
	53	54	55	56	57	58	59	60	61:=
33	0	1	1	1	0	1	1	0	1	
34	0	0	1	0	0	1	0	1	1	
35	0	0	1	0	0	1	0	0	1	
36	0	0	1	0	0	1	0	1	1	
37	0	1	0	1	0	0	1	0	0	
38	0	0	1	0	0	1	0	0	1	
39	0	0	1	0	0	1	0	0	1	
40	0	1	0	1	0	0	1	0	0	
41	0	0	0	1	0	0	0	0	0	
42	0	0	0	1	1	0	0	1	0	
43	0	1	0	1	0	0	1	0	0	
44	0	0	0	1	0	0	1	0	0	
45	0	0	0	1	0	0	1	0	0	
46	0	1	0	1	0	0	1	0	0	
47	0	1	0	1	0	0	1	0	0	
48	0	0	1	0	0	1	1	0	1	
49	0	0	1	0	0	1	0	1	1	
50	0	0	0	1	0	0	1	1	0	
51	1	0	0	0	1	0	0	1	0	
52	0	0	1	0	0	1	0	0	1	
;
param p:=
1	1
2	1
3	1
4	1
5	1
6	1
7	1
;
param G:=
53	86
54	96
55	72
56	74
57	76
58	76
59	73
60	79
61	79
;
param s:=
0	0
1	15
2	15
3	15
4	15
5	15
6	15
7	15
8	15
9	15
10	15
11	15
12	15
13	15
14	15
15	15
16	15
17	15
18	15
19	15
20	15
21	15
22	15
23	15
24	15
25	15
26	15
27	15
28	15
29	15
30	15
31	15
32	15
48	15
49	15
50	15
51	15
52	15
53	10
54	10
55	10
56	10
57	10
58	10
59	10
60	10
61	10
;
param t:
	0	1	2	3	4	5	6	7	8	9	10	11	12	13	14	15	16	17	18	19	20	21	22	23	24	25	26	27	28	29	30	31	32	33	34	35	36	37	38	39	40	41	42	43	44	45	46	47	48	49	50	51	52	53	54	55	56	57	58	59	60	61:=
0	0.0	57.57	27.66	31.14	33.38	33.11	35.11	63.32	57.31	49.65	96.54	73.55	90.0	24.19	48.05	31.3	82.49	63.98	27.78	18.03	82.04	25.24	55.33	37.01	22.47	47.54	72.95	76.49	55.23	29.07	69.03	64.28	74.04	11.4	46.01	61.98	42.72	47.2	57.31	23.77	30.53	58.86	54.34	42.8	52.35	44.18	33.53	21.54	22.2	40.22	40.01	65.12	62.29	85.8	25.08	43.29	48.02	89.19	39.32	18.79	66.03	35.13
1	57.57	0.0	76.01	76.24	70.71	39.82	45.88	40.2	63.25	82.54	48.85	36.22	40.72	66.22	71.59	27.17	29.68	44.1	31.14	55.22	40.2	82.08	71.87	47.71	67.03	51.87	23.77	21.26	14.42	42.95	26.02	24.7	16.49	46.17	29.41	79.32	46.14	48.1	63.25	61.29	43.93	27.17	5.39	47.85	42.95	23.71	35.47	43.01	37.22	35.78	21.93	10.3	75.8	36.77	70.8	56.36	44.27	35.61	54.63	58.01	21.02	60.73
2	27.66	76.01	0.0	5.0	57.25	60.21	36.25	89.89	47.43	26.08	104.69	80.06	99.72	48.37	31.02	49.16	95.08	90.92	45.18	45.28	89.0	32.0	39.92	64.66	9.06	43.28	84.9	91.24	68.88	34.93	79.06	88.32	92.05	35.34	54.41	44.15	42.19	74.81	47.43	15.81	58.01	83.82	74.24	70.43	79.61	68.62	59.94	48.55	39.32	46.49	63.32	85.21	46.49	95.86	47.01	36.07	75.45	101.65	33.42	45.45	77.62	24.76
3	31.14	76.24	5.0	0.0	61.74	63.01	34.48	92.28	43.42	21.1	102.69	78.0	98.03	52.77	26.4	49.82	93.94	93.49	45.89	49.04	86.93	37.0	35.34	67.94	9.85	40.22	83.74	90.55	68.26	34.13	77.62	89.81	92.02	37.74	53.15	39.29	39.81	77.99	43.42	15.0	61.07	85.62	74.81	73.66	82.42	70.38	62.43	51.4	40.26	45.12	64.85	85.71	41.79	94.25	51.62	32.8	78.41	100.44	30.53	49.41	76.49	21.63
4	33.38	70.71	57.25	61.74	0.0	31.4	66.37	54.92	90.01	81.93	117.41	97.53	109.81	9.22	81.39	52.33	99.9	53.34	50.7	18.68	104.96	32.2	88.68	26.0	54.71	79.31	92.01	91.93	74.89	59.54	90.43	64.88	85.28	36.5	71.87	95.35	73.68	33.38	90.01	57.07	27.02	57.78	65.8	29.83	41.77	48.6	35.47	29.15	47.8	68.41	48.8	74.2	95.63	105.6	10.63	76.0	36.88	106.15	72.0	16.28	86.27	68.47
5	33.11	39.82	60.21	63.01	31.4	0.0	50.33	30.36	74.95	78.57	87.82	70.21	79.92	28.79	72.95	28.07	69.4	30.87	28.64	20.02	76.69	51.0	77.83	9.06	53.41	62.64	62.27	61.07	46.24	43.46	61.85	34.93	53.91	25.5	48.01	85.48	56.04	16.12	74.95	51.62	4.47	28.28	34.71	12.65	19.42	17.2	4.47	11.66	29.55	47.52	18.03	42.8	84.1	75.8	33.84	62.24	15.56	75.43	58.6	22.2	57.27	59.08
6	35.11	45.88	36.25	34.48	66.37	50.33	0.0	73.11	24.74	36.69	68.45	43.83	63.57	57.71	26.08	24.84	59.68	75.6	22.47	48.04	52.77	57.43	28.43	58.52	27.78	13.0	49.5	57.0	35.23	7.07	43.17	65.0	60.21	30.02	19.03	36.24	7.62	66.31	24.74	20.59	50.96	62.97	46.07	62.97	67.23	48.92	47.42	41.77	20.88	11.0	42.52	56.08	34.13	59.77	59.67	12.21	64.85	66.1	9.22	50.16	42.3	15.13
7	63.32	40.2	89.89	92.28	54.92	30.36	73.11	0.0	95.96	105.89	86.31	76.42	78.09	56.01	98.29	48.27	66.1	4.12	50.93	49.65	80.0	80.5	101.53	30.0	82.49	83.49	63.03	56.89	53.37	67.21	66.19	17.72	45.61	54.59	63.51	109.34	76.84	21.59	95.96	79.63	33.73	13.04	35.51	25.18	13.15	24.21	29.97	41.79	54.56	66.57	30.61	35.36	107.0	74.67	61.03	85.28	18.11	70.34	82.22	51.35	61.2	84.9
8	57.31	63.25	47.43	43.42	90.01	74.95	24.74	95.96	0.0	31.78	68.18	45.18	66.07	81.06	18.87	48.3	66.71	98.79	46.62	72.11	53.0	75.96	12.17	83.24	42.05	12.53	57.57	67.42	49.65	31.78	50.0	85.63	74.3	54.23	33.97	17.46	19.24	90.82	0.0	36.06	75.69	84.81	65.07	87.6	91.24	71.87	71.87	66.49	45.61	29.41	65.51	73.41	13.0	63.29	82.39	14.04	89.16	72.01	18.03	74.03	51.62	23.77
9	49.65	82.54	26.08	21.1	81.93	78.57	36.69	105.89	31.78	0.0	98.66	74.55	95.52	72.8	13.34	59.17	94.02	107.71	55.76	67.6	83.02	58.03	20.25	84.81	27.31	35.06	84.1	92.66	71.59	40.25	77.01	100.34	96.77	53.26	54.92	20.81	38.21	94.37	31.78	27.02	77.47	97.35	82.46	90.27	97.58	82.42	77.08	67.48	51.4	47.3	76.28	92.7	24.76	92.27	72.12	28.02	94.11	100.0	28.44	68.43	77.23	21.93
10	96.54	48.85	104.69	102.69	117.41	87.82	68.45	86.31	68.18	98.66	0.0	24.7	8.25	111.52	85.33	66.48	20.22	90.43	69.31	100.12	15.81	121.66	80.31	96.18	96.15	64.03	25.55	29.43	42.64	70.83	27.59	68.73	41.11	86.31	51.31	85.01	62.97	96.93	68.18	89.0	91.59	73.76	54.23	96.66	91.39	72.5	83.35	88.41	74.41	58.67	69.84	50.99	80.0	12.08	115.52	71.57	93.05	17.26	72.73	102.94	31.24	81.6
11	73.55	36.22	80.06	78.0	97.53	70.21	43.83	76.42	45.18	74.55	24.7	0.0	21.02	90.74	61.29	45.28	22.83	80.31	47.43	79.4	8.94	98.35	57.04	79.12	71.59	39.62	16.4	26.91	24.33	46.62	10.44	60.42	37.74	64.03	27.59	62.51	38.28	82.04	45.18	64.41	73.39	63.39	41.05	80.81	78.16	57.43	65.8	68.43	51.86	34.41	53.15	43.01	57.71	18.11	94.3	47.07	78.64	27.2	48.08	82.15	15.3	56.92
12	90.0	40.72	99.72	98.03	109.81	79.92	63.57	78.09	66.07	95.52	8.25	21.02	0.0	104.14	82.3	59.46	12.04	82.2	62.48	92.76	13.34	115.21	78.01	88.19	91.0	60.53	17.8	21.21	35.36	65.31	21.1	60.53	33.02	79.51	45.62	83.29	58.69	88.77	66.07	83.93	83.76	65.51	46.1	88.57	83.17	64.4	75.47	80.92	67.8	53.31	61.91	42.76	78.41	4.24	108.25	67.9	84.86	10.3	68.66	95.59	24.08	77.37
13	24.19	66.22	48.37	52.77	9.22	28.79	57.71	56.01	81.06	72.8	111.52	90.74	104.14	0.0	72.18	45.49	94.76	55.08	43.42	11.4	98.47	26.0	79.51	26.02	45.54	70.58	86.37	87.21	68.88	50.99	84.2	63.6	81.54	28.16	64.4	86.15	65.12	35.23	81.06	47.85	24.35	56.75	61.61	31.06	43.01	45.62	32.2	23.35	39.92	60.41	44.65	70.83	86.47	99.9	5.1	67.03	38.01	101.18	63.03	8.6	80.28	59.3
14	48.05	71.59	31.02	26.4	81.39	72.95	26.08	98.29	18.87	13.34	85.33	61.29	82.3	72.18	0.0	50.33	81.15	100.5	47.38	65.15	69.72	61.98	8.94	80.13	28.07	22.02	71.34	80.23	59.77	31.14	64.12	91.02	85.07	48.75	43.01	14.04	25.96	89.04	18.87	24.33	72.56	88.73	72.07	85.23	91.21	74.28	70.8	62.65	44.05	35.85	67.94	81.86	15.52	79.1	72.44	15.52	88.23	87.02	17.0	66.48	64.63	13.89
15	31.3	27.17	49.16	49.82	52.33	28.07	24.84	48.27	48.3	59.17	66.48	45.28	59.46	45.49	50.33	0.0	51.31	50.8	4.0	34.13	53.01	56.44	53.26	37.01	40.31	35.78	42.01	45.19	24.21	19.21	38.95	41.18	43.57	20.25	20.22	61.07	29.07	43.17	48.3	35.17	30.07	38.42	25.08	40.45	42.95	24.08	24.33	23.41	10.05	19.65	17.69	36.06	58.82	55.23	49.2	37.01	41.11	57.98	33.97	36.89	35.38	37.44
16	82.49	29.68	95.08	93.94	99.9	69.4	59.68	66.1	66.71	94.02	20.22	22.83	12.04	94.76	81.15	51.31	0.0	70.21	54.71	83.49	19.21	107.7	78.09	77.39	86.13	59.14	10.2	9.22	27.29	60.17	17.03	48.51	21.0	71.56	40.79	84.17	56.04	77.39	66.71	79.31	73.41	53.6	34.99	77.41	71.51	53.34	65.0	71.42	60.42	48.84	51.4	30.81	79.56	9.22	99.09	66.01	73.41	6.71	66.07	86.31	17.46	74.33
17	63.98	44.1	90.92	93.49	53.34	30.87	75.6	4.12	98.79	107.71	90.43	80.31	82.2	55.08	100.5	50.8	70.21	0.0	53.26	49.48	84.01	80.06	104.02	29.27	83.76	86.28	67.07	61.0	57.07	69.53	70.11	21.84	49.73	55.76	66.71	111.83	79.61	20.02	98.79	81.22	33.84	17.0	39.32	24.02	12.17	26.93	31.06	42.49	56.57	69.46	33.29	39.46	109.62	78.77	60.03	87.8	17.12	74.46	84.65	50.99	65.12	86.98
18	27.78	31.14	45.18	45.89	50.7	28.64	22.47	50.93	46.62	55.76	69.31	47.43	62.48	43.42	47.38	4.0	54.71	53.26	0.0	32.2	55.44	53.0	50.8	37.34	36.35	34.18	45.22	48.85	27.46	16.28	41.73	44.72	47.52	17.03	21.19	58.6	27.51	44.27	46.62	31.32	30.07	41.62	29.07	41.23	44.78	26.91	25.3	22.36	6.08	19.03	20.62	40.05	56.6	58.26	46.87	34.67	42.54	61.4	31.4	34.89	38.42	34.21
19	18.03	55.22	45.28	49.04	18.68	20.02	48.04	49.65	72.11	67.6	100.12	79.4	92.76	11.4	65.15	34.13	83.49	49.48	32.2	0.0	87.09	31.02	71.81	20.62	40.5	61.03	75.01	76.06	57.49	41.11	72.8	54.74	70.83	18.03	53.31	78.85	55.23	30.87	72.11	41.23	16.03	48.26	50.77	26.4	37.36	35.74	22.56	12.21	29.12	49.73	34.0	60.37	78.64	88.53	15.62	58.22	32.57	89.94	54.23	2.83	68.88	51.66
20	82.04	40.2	89.0	86.93	104.96	76.69	52.77	80.0	53.0	83.02	15.81	8.94	13.34	98.47	69.72	53.01	19.21	84.01	55.44	87.09	0.0	106.96	65.03	85.44	80.53	48.27	17.12	26.0	30.46	55.47	14.87	63.2	37.95	72.25	36.24	70.11	47.17	87.56	53.0	73.36	80.11	67.01	45.4	86.68	83.02	62.82	72.24	75.8	60.14	43.27	59.14	45.28	65.19	11.66	102.2	55.79	83.95	21.63	56.92	89.87	19.65	65.79
21	25.24	82.08	32.0	37.0	32.2	51.0	57.43	80.5	75.96	58.03	121.66	98.35	115.21	26.0	61.98	56.44	107.7	80.06	53.0	31.02	106.96	0.0	70.61	50.8	34.21	68.48	98.18	101.53	80.45	52.5	94.2	85.38	98.43	36.24	70.77	75.66	64.9	60.64	75.96	39.92	47.04	79.1	78.43	56.29	67.9	65.76	53.15	41.44	47.43	64.38	62.82	88.89	77.47	111.02	21.95	62.65	62.97	114.39	59.03	29.15	91.26	52.2
22	55.33	71.87	39.92	35.34	88.68	77.83	28.43	101.53	12.17	20.25	80.31	57.04	78.01	79.51	8.94	53.26	78.09	104.02	50.8	71.81	65.03	70.61	0.0	85.49	36.5	20.12	68.66	78.16	59.03	34.67	61.19	92.85	84.17	54.71	42.54	7.81	25.81	93.94	12.17	32.0	77.88	91.22	73.01	90.34	95.41	77.34	75.29	68.15	48.37	36.4	70.94	82.15	7.0	75.11	80.1	16.28	92.78	83.6	19.42	73.35	62.36	20.22
23	37.01	47.71	64.66	67.94	26.0	9.06	58.52	30.0	83.24	84.81	96.18	79.12	88.19	26.02	80.13	37.01	77.39	29.27	37.34	20.62	85.44	50.8	85.49	0.0	58.69	71.06	70.66	68.82	55.03	51.55	70.58	38.91	60.83	31.62	57.04	93.04	64.54	10.3	83.24	57.8	7.62	31.78	42.44	5.83	17.12	24.21	13.34	17.49	37.64	56.32	26.4	49.5	91.92	84.12	31.06	70.23	12.17	83.23	66.48	21.84	65.92	66.24
24	22.47	67.03	9.06	9.85	54.71	53.41	27.78	82.49	42.05	27.31	96.15	71.59	91.0	45.54	28.07	40.31	86.13	83.76	36.35	40.5	80.53	34.21	36.5	58.69	0.0	36.12	75.96	82.2	59.84	25.96	70.23	80.01	83.02	28.02	45.54	42.01	34.21	68.62	42.05	7.21	51.66	75.77	65.38	64.35	72.8	60.54	52.7	41.87	30.59	37.7	55.03	76.32	43.42	87.09	45.12	29.41	68.88	92.72	26.25	41.18	68.68	18.36
25	47.54	51.87	43.28	40.22	79.31	62.64	13.0	83.49	12.53	35.06	64.03	39.62	60.53	70.58	22.02	35.78	59.14	86.28	34.18	61.03	48.27	68.48	20.12	71.06	36.12	0.0	49.37	58.46	38.91	20.02	42.11	73.54	64.08	43.01	22.47	27.46	6.71	78.43	12.53	29.21	63.56	72.47	53.26	75.29	78.72	59.36	59.46	54.59	33.54	17.03	53.0	62.13	24.08	57.22	72.37	7.62	76.69	65.01	9.9	63.13	42.76	18.6
26	72.95	23.77	84.9	83.74	92.01	62.27	49.5	63.03	57.57	84.1	25.55	16.4	17.8	86.37	71.34	42.01	10.2	67.07	45.22	75.01	17.12	98.18	68.66	70.66	75.96	49.37	0.0	10.63	17.8	50.0	7.62	46.1	21.47	62.2	30.59	75.0	46.0	71.78	57.57	69.12	66.04	50.09	29.12	71.31	66.71	47.17	57.8	63.13	50.77	38.64	44.29	28.16	70.52	13.6	90.52	56.08	68.01	16.76	56.01	77.83	7.28	64.2
27	76.49	21.26	91.24	90.55	91.93	61.07	57.0	56.89	67.42	92.66	29.43	26.91	21.21	87.21	80.23	45.19	9.22	61.0	48.85	76.06	26.0	101.53	78.16	68.82	82.2	58.46	10.63	0.0	22.36	56.44	18.03	39.32	12.17	65.3	38.01	84.76	54.45	68.43	67.42	75.66	65.19	44.38	26.4	68.6	62.39	44.65	56.73	63.89	54.78	46.0	43.19	21.59	80.41	18.0	91.68	64.78	64.4	14.42	64.28	78.87	15.81	72.03
28	55.23	14.42	68.88	68.26	74.89	46.24	35.23	53.37	49.65	71.59	42.64	24.33	35.36	68.88	59.77	24.21	27.29	57.07	27.46	57.49	30.46	80.45	59.03	55.03	59.84	38.91	17.8	22.36	0.0	34.13	15.65	38.91	25.3	44.41	16.76	66.24	33.84	57.71	49.65	53.34	49.66	40.52	18.03	56.52	54.01	33.14	41.79	45.8	33.12	24.33	28.86	24.04	62.43	31.11	72.92	44.27	54.33	34.0	43.17	60.31	11.4	50.36
29	29.07	42.95	34.93	34.13	59.54	43.46	7.07	67.21	31.78	40.25	70.83	46.62	65.31	50.99	31.14	19.21	60.17	69.53	16.28	41.11	55.47	52.5	34.67	51.55	25.96	20.02	50.0	56.44	34.13	0.0	44.38	60.21	58.22	23.09	19.7	42.44	14.14	59.51	31.78	19.24	43.97	57.63	42.38	56.08	60.75	43.14	40.71	34.71	13.93	12.21	36.8	52.89	40.71	61.33	53.16	18.79	58.18	66.76	15.26	43.29	42.72	18.36
30	69.03	26.02	79.06	77.62	90.43	61.85	43.17	66.19	50.0	77.01	27.59	10.44	21.1	84.2	64.12	38.95	17.03	70.11	41.73	72.8	14.87	94.2	61.19	70.58	70.23	42.11	7.62	18.03	15.65	44.38	0.0	50.01	27.8	58.73	24.7	67.45	39.12	72.78	50.0	63.25	65.31	53.15	31.02	71.84	68.47	48.05	57.38	61.29	46.86	32.57	44.27	32.57	62.94	17.0	88.09	49.0	69.23	23.09	49.16	75.6	5.0	57.56
31	64.28	24.7	88.32	89.81	64.88	34.93	65.0	17.72	85.63	100.34	68.73	60.42	60.53	63.6	91.02	41.18	48.51	21.84	44.72	54.74	63.2	85.38	92.85	38.91	80.01	73.54	46.1	39.32	38.91	60.21	50.01	0.0	27.89	53.76	51.86	100.57	67.21	34.06	85.63	75.77	39.29	7.21	21.1	36.06	26.17	20.1	32.25	44.05	49.77	56.59	25.0	18.0	97.59	57.22	68.68	76.69	29.83	52.63	74.2	57.07	45.12	78.55
32	74.04	16.49	92.05	92.02	85.28	53.91	60.21	45.61	74.3	96.77	41.11	37.74	33.02	81.54	85.07	43.57	21.0	49.73	47.52	70.83	37.95	98.43	84.17	60.83	83.02	64.08	21.47	12.17	25.3	58.22	27.8	27.89	0.0	62.64	42.06	91.24	59.14	59.08	74.3	77.03	58.26	33.62	20.12	59.82	52.35	36.8	49.82	58.67	53.6	49.48	36.89	11.4	87.24	30.07	86.28	69.57	54.92	24.74	68.41	73.57	24.04	75.31
33	11.4	46.17	35.34	37.74	36.5	25.5	30.02	54.59	54.23	53.26	86.31	64.03	79.51	28.16	48.75	20.25	71.56	55.76	17.03	18.03	72.25	36.24	54.71	31.62	28.02	43.01	62.2	65.3	44.41	23.09	58.73	53.76	62.64	0.0	36.89	62.03	37.22	41.11	54.23	26.25	24.21	48.76	42.95	37.01	44.82	33.73	24.7	14.21	12.21	32.31	29.07	53.76	61.4	75.29	30.87	40.45	41.04	78.23	36.5	20.22	55.44	34.93
34	46.01	29.41	54.41	53.15	71.87	48.01	19.03	63.51	33.97	54.92	51.31	27.59	45.62	64.4	43.01	20.22	40.79	66.71	21.19	53.31	36.24	70.77	42.54	57.04	45.54	22.47	30.59	38.01	16.76	19.7	24.7	51.86	42.06	36.89	0.0	49.93	17.09	62.39	33.97	38.6	50.25	51.62	31.11	60.07	60.88	40.16	44.01	43.42	24.7	8.06	34.21	39.66	46.4	41.63	67.6	27.51	59.84	47.3	26.48	55.95	23.35	34.01
35	61.98	79.32	44.15	39.29	95.35	85.48	36.24	109.34	17.46	20.81	85.01	62.51	83.29	86.15	14.04	61.07	84.17	111.83	58.6	78.85	70.11	75.66	7.81	93.04	42.01	27.46	75.0	84.76	66.24	42.44	67.45	100.57	91.24	62.03	49.93	0.0	33.42	101.6	17.46	38.33	85.43	99.01	80.6	97.95	103.17	85.15	83.01	75.64	56.08	44.05	78.75	89.59	5.1	80.62	86.47	24.08	100.5	89.44	27.2	80.28	68.95	27.2
36	42.72	46.14	42.19	39.81	73.68	56.04	7.62	76.84	19.24	38.21	62.97	38.28	58.69	65.12	25.96	29.07	56.04	79.61	27.51	55.23	47.17	64.9	25.81	64.54	34.21	6.71	46.0	54.45	33.84	14.14	39.12	67.21	59.14	37.22	17.09	33.42	0.0	71.78	19.24	27.02	57.07	65.95	47.2	68.68	72.01	52.7	52.81	48.26	27.17	10.63	46.32	56.44	30.41	55.11	67.19	10.44	70.01	62.2	10.05	57.43	39.05	18.68
37	47.2	48.1	74.81	77.99	33.38	16.12	66.31	21.59	90.82	94.37	96.93	82.04	88.77	35.23	89.04	43.17	77.39	20.02	44.27	30.87	87.56	60.64	93.94	10.3	68.62	78.43	71.78	68.43	57.71	59.51	72.78	34.06	59.08	41.11	62.39	101.6	71.78	0.0	90.82	67.36	16.97	26.91	42.72	4.47	8.54	24.74	18.97	26.91	45.62	62.82	29.07	47.71	100.18	84.86	40.11	78.29	4.24	82.76	74.69	31.95	67.91	75.17
38	57.31	63.25	47.43	43.42	90.01	74.95	24.74	95.96	0.0	31.78	68.18	45.18	66.07	81.06	18.87	48.3	66.71	98.79	46.62	72.11	53.0	75.96	12.17	83.24	42.05	12.53	57.57	67.42	49.65	31.78	50.0	85.63	74.3	54.23	33.97	17.46	19.24	90.82	0.0	36.06	75.69	84.81	65.07	87.6	91.24	71.87	71.87	66.49	45.61	29.41	65.51	73.41	13.0	63.29	82.39	14.04	89.16	72.01	18.03	74.03	51.62	23.77
39	23.77	61.29	15.81	15.0	57.07	51.62	20.59	79.63	36.06	27.02	89.0	64.41	83.93	47.85	24.33	35.17	79.31	81.22	31.32	41.23	73.36	39.92	32.0	57.8	7.21	29.21	69.12	75.66	53.34	19.24	63.25	75.77	77.03	26.25	38.6	38.33	27.02	67.36	36.06	0.0	50.45	72.01	60.02	63.25	70.77	56.82	50.33	40.46	26.0	30.68	50.99	70.86	39.0	80.06	48.17	22.83	67.18	85.87	19.42	42.38	61.85	12.37
40	30.53	43.93	58.01	61.07	27.02	4.47	50.96	33.73	75.69	77.47	91.59	73.39	83.76	24.35	72.56	30.07	73.41	33.84	30.07	16.03	80.11	47.04	77.88	7.62	51.66	63.56	66.04	65.19	49.66	43.97	65.31	39.29	58.26	24.21	50.25	85.43	57.07	16.97	75.69	50.45	0.0	32.56	38.9	12.81	21.93	21.63	8.49	10.0	30.08	49.09	22.02	47.2	84.31	79.61	29.41	62.63	17.49	79.51	58.87	18.03	60.83	58.67
41	58.86	27.17	83.82	85.62	57.78	28.28	62.97	13.04	84.81	97.35	73.76	63.39	65.51	56.75	88.73	38.42	53.6	17.0	41.62	48.26	67.01	79.1	91.22	31.78	75.77	72.47	50.09	44.38	40.52	57.63	53.15	7.21	33.62	48.76	51.62	99.01	65.95	26.91	84.81	72.01	32.56	0.0	22.56	28.84	19.21	15.23	26.0	38.05	46.14	55.44	21.1	22.8	96.33	61.98	61.85	74.95	22.67	58.19	72.18	50.49	48.17	75.8
42	54.34	5.39	74.24	74.81	65.8	34.71	46.07	35.51	65.07	82.46	54.23	41.05	46.1	61.61	72.07	25.08	34.99	39.32	29.07	50.77	45.4	78.43	73.01	42.44	65.38	53.26	29.12	26.4	18.03	42.38	31.02	21.1	20.12	42.95	31.11	80.6	47.2	42.72	65.07	60.02	38.9	22.56	0.0	42.49	37.66	18.36	30.41	38.59	35.01	36.62	17.03	11.0	77.34	42.15	66.29	57.14	38.9	40.8	55.07	53.54	26.02	60.54
43	42.8	47.85	70.43	73.66	29.83	12.65	62.97	25.18	87.6	90.27	96.66	80.81	88.57	31.06	85.23	40.45	77.41	24.02	41.23	26.4	86.68	56.29	90.34	5.83	64.35	75.29	71.31	68.6	56.52	56.08	71.84	36.06	59.82	37.01	60.07	97.95	68.68	4.47	87.6	63.25	12.81	28.84	42.49	0.0	12.04	24.17	16.12	22.8	42.15	60.02	27.66	48.41	96.66	84.58	36.01	74.85	7.07	83.01	71.18	27.51	67.05	71.34
44	52.35	42.95	79.61	82.42	41.77	19.42	67.23	13.15	91.24	97.58	91.39	78.16	83.17	43.01	91.21	42.95	71.51	12.17	44.78	37.36	83.02	67.9	95.41	17.12	72.8	78.72	66.71	62.39	54.01	60.75	68.47	26.17	52.35	44.82	60.88	103.17	72.01	8.54	91.24	70.77	21.93	19.21	37.66	12.04	0.0	21.1	20.52	31.06	47.2	62.39	26.68	41.15	101.36	79.4	48.0	79.4	5.0	76.56	76.01	38.83	63.51	77.47
45	44.18	23.71	68.62	70.38	48.6	17.2	48.92	24.21	71.87	82.42	72.5	57.43	64.4	45.62	74.28	24.08	53.34	26.93	26.91	35.74	62.82	65.76	77.34	24.21	60.54	59.36	47.17	44.65	33.14	43.14	48.05	20.1	36.8	33.73	40.16	85.15	52.7	24.74	71.87	56.82	21.63	15.23	18.36	24.17	21.1	0.0	13.42	24.33	31.06	42.54	6.4	25.61	82.8	60.42	50.57	61.07	21.21	59.08	58.05	38.28	43.17	61.07
46	33.53	35.47	59.94	62.43	35.47	4.47	47.42	29.97	71.87	77.08	83.35	65.8	75.47	32.2	70.8	24.33	65.0	31.06	25.3	22.56	72.24	53.15	75.29	13.34	52.7	59.46	57.8	56.73	41.79	40.71	57.38	32.25	49.82	24.7	44.01	83.01	52.81	18.97	71.87	50.33	8.49	26.0	30.41	16.12	20.52	13.42	0.0	12.17	26.93	43.93	13.6	38.83	81.41	71.34	37.16	59.48	17.49	71.06	55.95	25.0	52.8	57.01
47	21.54	43.01	48.55	51.4	29.15	11.66	41.77	41.79	66.49	67.48	88.41	68.43	80.92	23.35	62.65	23.41	71.42	42.49	22.36	12.21	75.8	41.44	68.15	17.49	41.87	54.59	63.13	63.89	45.8	34.71	61.29	44.05	58.67	14.21	43.42	75.64	48.26	26.91	66.49	40.46	10.0	38.05	38.59	22.8	31.06	24.33	12.17	0.0	21.1	41.11	21.93	48.33	74.67	76.69	27.8	53.16	27.02	77.83	49.34	15.0	57.2	48.76
48	22.2	37.22	39.32	40.26	47.8	29.55	20.88	54.56	45.61	51.4	74.41	51.86	67.8	39.92	44.05	10.05	60.42	56.57	6.08	29.12	60.14	47.43	48.37	37.64	30.59	33.54	50.77	54.78	33.12	13.93	46.86	49.77	53.6	12.21	24.7	56.08	27.17	45.62	45.61	26.0	30.08	46.14	35.01	42.15	47.2	31.06	26.93	21.1	0.0	20.62	25.06	46.01	54.56	63.6	42.94	32.7	44.42	67.12	29.07	31.62	43.83	30.41
49	40.22	35.78	46.49	45.12	68.41	47.52	11.0	66.57	29.41	47.3	58.67	34.41	53.31	60.41	35.85	19.65	48.84	69.46	19.03	49.73	43.27	64.38	36.4	56.32	37.7	17.03	38.64	46.0	24.33	12.21	32.57	56.59	49.48	32.31	8.06	44.05	10.63	62.82	29.41	30.68	49.09	55.44	36.62	60.02	62.39	42.54	43.93	41.11	20.62	0.0	36.24	46.07	41.01	49.4	63.16	20.59	60.73	55.32	18.97	52.2	31.4	26.08
50	40.01	21.93	63.32	64.85	48.8	18.03	42.52	30.61	65.51	76.28	69.84	53.15	61.91	44.65	67.94	17.69	51.4	33.29	20.62	34.0	59.14	62.82	70.94	26.4	55.03	53.0	44.29	43.19	28.86	36.8	44.27	25.0	36.89	29.07	34.21	78.75	46.32	29.07	65.51	50.99	22.02	21.1	17.03	27.66	26.68	6.4	13.6	21.93	25.06	36.24	0.0	26.4	76.4	57.8	49.4	54.67	26.02	57.49	51.66	36.72	39.56	54.82
51	65.12	10.3	85.21	85.71	74.2	42.8	56.08	35.36	73.41	92.7	50.99	43.01	42.76	70.83	81.86	36.06	30.81	39.46	40.05	60.37	45.28	88.89	82.15	49.5	76.32	62.13	28.16	21.59	24.04	52.89	32.57	18.0	11.4	53.76	39.66	89.59	56.44	47.71	73.41	70.86	47.2	22.8	11.0	48.41	41.15	25.61	38.83	48.33	46.01	46.07	26.4	0.0	86.02	39.32	75.66	66.65	43.57	35.47	64.88	63.06	27.86	70.84
52	62.29	75.8	46.49	41.79	95.63	84.1	34.13	107.0	13.0	24.76	80.0	57.71	78.41	86.47	15.52	58.82	79.56	109.62	56.6	78.64	65.19	77.47	7.0	91.92	43.42	24.08	70.52	80.41	62.43	40.71	62.94	97.59	87.24	61.4	46.4	5.1	30.41	100.18	13.0	39.0	84.31	96.33	77.34	96.66	101.36	82.8	81.41	74.67	54.56	41.01	76.4	86.02	0.0	75.8	87.09	21.95	98.88	84.72	25.5	80.23	64.62	27.17
53	85.8	36.77	95.86	94.25	105.6	75.8	59.77	74.67	63.29	92.27	12.08	18.11	4.24	99.9	79.1	55.23	9.22	78.77	58.26	88.53	11.66	111.02	75.11	84.12	87.09	57.22	13.6	18.0	31.11	61.33	17.0	57.22	30.07	75.29	41.63	80.62	55.11	84.86	63.29	80.06	79.61	61.98	42.15	84.58	79.4	60.42	71.34	76.69	63.6	49.4	57.8	39.32	75.8	0.0	104.0	64.5	80.99	10.0	65.12	91.35	19.85	73.76
54	25.08	70.8	47.01	51.62	10.63	33.84	59.67	61.03	82.39	72.12	115.52	94.3	108.25	5.1	72.44	49.2	99.09	60.03	46.87	15.62	102.2	21.95	80.1	31.06	45.12	72.37	90.52	91.68	72.92	53.16	88.09	68.68	86.28	30.87	67.6	86.47	67.19	40.11	82.39	48.17	29.41	61.85	66.29	36.01	48.0	50.57	37.16	27.8	42.94	63.16	49.4	75.66	87.09	104.0	0.0	68.36	43.0	105.55	64.38	12.81	84.29	60.01
55	43.29	56.36	36.07	32.8	76.0	62.24	12.21	85.28	14.04	28.02	71.57	47.07	67.9	67.03	15.52	37.01	66.01	87.8	34.67	58.22	55.79	62.65	16.28	70.23	29.41	7.62	56.08	64.78	44.27	18.79	49.0	76.69	69.57	40.45	27.51	24.08	10.44	78.29	14.04	22.83	62.63	74.95	57.14	74.85	79.4	61.07	59.48	53.16	32.7	20.59	54.67	66.65	21.95	64.5	68.36	0.0	76.94	72.03	4.0	60.07	49.25	11.31
56	48.02	44.27	75.45	78.41	36.88	15.56	64.85	18.11	89.16	94.11	93.05	78.64	84.86	38.01	88.23	41.11	73.41	17.12	42.54	32.57	83.95	62.97	92.78	12.17	68.88	76.69	68.01	64.4	54.33	58.18	69.23	29.83	54.92	41.04	59.84	100.5	70.01	4.24	89.16	67.18	17.49	22.67	38.9	7.07	5.0	21.21	17.49	27.02	44.42	60.73	26.02	43.57	98.88	80.99	43.0	76.94	0.0	78.71	73.43	33.96	64.33	74.4
57	89.19	35.61	101.65	100.44	106.15	75.43	66.1	70.34	72.01	100.0	17.26	27.2	10.3	101.18	87.02	57.98	6.71	74.46	61.4	89.94	21.63	114.39	83.6	83.23	92.72	65.01	16.76	14.42	34.0	66.76	23.09	52.63	24.74	78.23	47.3	89.44	62.2	82.76	72.01	85.87	79.51	58.19	40.8	83.01	76.56	59.08	71.06	77.83	67.12	55.32	57.49	35.47	84.72	10.0	105.55	72.03	78.71	0.0	72.25	92.76	24.04	80.62
58	39.32	54.63	33.42	30.53	72.0	58.6	9.22	82.22	18.03	28.44	72.73	48.08	68.66	63.03	17.0	33.97	66.07	84.65	31.4	54.23	56.92	59.03	19.42	66.48	26.25	9.9	56.01	64.28	43.17	15.26	49.16	74.2	68.41	36.5	26.48	27.2	10.05	74.69	18.03	19.42	58.87	72.18	55.07	71.18	76.01	58.05	55.95	49.34	29.07	18.97	51.66	64.88	25.5	65.12	64.38	4.0	73.43	72.25	0.0	56.08	49.01	8.94
59	18.79	58.01	45.45	49.41	16.28	22.2	50.16	51.35	74.03	68.43	102.94	82.15	95.59	8.6	66.48	36.89	86.31	50.99	34.89	2.83	89.87	29.15	73.35	21.84	41.18	63.13	77.83	78.87	60.31	43.29	75.6	57.07	73.57	20.22	55.95	80.28	57.43	31.95	74.03	42.38	18.03	50.49	53.54	27.51	38.83	38.28	25.0	15.0	31.62	52.2	36.72	63.06	80.23	91.35	12.81	60.07	33.96	92.76	56.08	0.0	71.7	53.15
60	66.03	21.02	77.62	76.49	86.27	57.27	42.3	61.2	51.62	77.23	31.24	15.3	24.08	80.28	64.63	35.38	17.46	65.12	38.42	68.88	19.65	91.26	62.36	65.92	68.68	42.76	7.28	15.81	11.4	42.72	5.0	45.12	24.04	55.44	23.35	68.95	39.05	67.91	51.62	61.85	60.83	48.17	26.02	67.05	63.51	43.17	52.8	57.2	43.83	31.4	39.56	27.86	64.62	19.85	84.29	49.25	64.33	24.04	49.01	71.7	0.0	57.08
61	35.13	60.73	24.76	21.63	68.47	59.08	15.13	84.9	23.77	21.93	81.6	56.92	77.37	59.3	13.89	37.44	74.33	86.98	34.21	51.66	65.79	52.2	20.22	66.24	18.36	18.6	64.2	72.03	50.36	18.36	57.56	78.55	75.31	34.93	34.01	27.2	18.68	75.17	23.77	12.37	58.67	75.8	60.54	71.34	77.47	61.07	57.01	48.76	30.41	26.08	54.82	70.84	27.17	73.76	60.01	11.31	74.4	80.62	8.94	53.15	57.08	0.0
;
