set K:= 1	2	3	4	5	6	7	8	9;
set C_H:= 1	2	3	4	5	6	7	8	9	10	11	12	13	14	15	16	17	18	19	20	21	22	23	24	25	26	27	28	29	30	31	32	33;
set C_S:= 34	35	36	37	38	39	40	41	42	43	44	45	46	47	48	49;
set C_F:= 50	51	52	53	54;
set M:= 55	56;
set L_B:= 57	58	59	60	61	62	63	64	65;
set A1:=
(0,*) 1 2 3 4 5 6 7 8 9 10 11 12 13 14 15 16 17 18 19 20 21 22 23 24 25 26 27 28 29 30 31 32 33 50 51 52 53 54 55 56 57 58 59 60 61 62 63 64 65
(1,*) 0 2 3 4 5 6 7 8 9 10 11 12 13 14 15 16 17 18 19 20 21 22 23 24 25 26 27 28 29 30 31 32 33 50 51 52 53 54 55 56 57 58 59 60 61 62 63 64 65
(2,*) 0 1 3 4 5 6 7 8 9 10 11 12 13 14 15 16 17 18 19 20 21 22 23 24 25 26 27 28 29 30 31 32 33 50 51 52 53 54 55 56 57 58 59 60 61 62 63 64 65
(3,*) 0 1 2 4 5 6 7 8 9 10 11 12 13 14 15 16 17 18 19 20 21 22 23 24 25 26 27 28 29 30 31 32 33 50 51 52 53 54 55 56 57 58 59 60 61 62 63 64 65
(4,*) 0 1 2 3 5 6 7 8 9 10 11 12 13 14 15 16 17 18 19 20 21 22 23 24 25 26 27 28 29 30 31 32 33 50 51 52 53 54 55 56 57 58 59 60 61 62 63 64 65
(5,*) 0 1 2 3 4 6 7 8 9 10 11 12 13 14 15 16 17 18 19 20 21 22 23 24 25 26 27 28 29 30 31 32 33 50 51 52 53 54 55 56 57 58 59 60 61 62 63 64 65
(6,*) 0 1 2 3 4 5 7 8 9 10 11 12 13 14 15 16 17 18 19 20 21 22 23 24 25 26 27 28 29 30 31 32 33 50 51 52 53 54 55 56 57 58 59 60 61 62 63 64 65
(7,*) 0 1 2 3 4 5 6 8 9 10 11 12 13 14 15 16 17 18 19 20 21 22 23 24 25 26 27 28 29 30 31 32 33 50 51 52 53 54 55 56 57 58 59 60 61 62 63 64 65
(8,*) 0 1 2 3 4 5 6 7 9 10 11 12 13 14 15 16 17 18 19 20 21 22 23 24 25 26 27 28 29 30 31 32 33 50 51 52 53 54 55 56 57 58 59 60 61 62 63 64 65
(9,*) 0 1 2 3 4 5 6 7 8 10 11 12 13 14 15 16 17 18 19 20 21 22 23 24 25 26 27 28 29 30 31 32 33 50 51 52 53 54 55 56 57 58 59 60 61 62 63 64 65
(10,*) 0 1 2 3 4 5 6 7 8 9 11 12 13 14 15 16 17 18 19 20 21 22 23 24 25 26 27 28 29 30 31 32 33 50 51 52 53 54 55 56 57 58 59 60 61 62 63 64 65
(11,*) 0 1 2 3 4 5 6 7 8 9 10 12 13 14 15 16 17 18 19 20 21 22 23 24 25 26 27 28 29 30 31 32 33 50 51 52 53 54 55 56 57 58 59 60 61 62 63 64 65
(12,*) 0 1 2 3 4 5 6 7 8 9 10 11 13 14 15 16 17 18 19 20 21 22 23 24 25 26 27 28 29 30 31 32 33 50 51 52 53 54 55 56 57 58 59 60 61 62 63 64 65
(13,*) 0 1 2 3 4 5 6 7 8 9 10 11 12 14 15 16 17 18 19 20 21 22 23 24 25 26 27 28 29 30 31 32 33 50 51 52 53 54 55 56 57 58 59 60 61 62 63 64 65
(14,*) 0 1 2 3 4 5 6 7 8 9 10 11 12 13 15 16 17 18 19 20 21 22 23 24 25 26 27 28 29 30 31 32 33 50 51 52 53 54 55 56 57 58 59 60 61 62 63 64 65
(15,*) 0 1 2 3 4 5 6 7 8 9 10 11 12 13 14 16 17 18 19 20 21 22 23 24 25 26 27 28 29 30 31 32 33 50 51 52 53 54 55 56 57 58 59 60 61 62 63 64 65
(16,*) 0 1 2 3 4 5 6 7 8 9 10 11 12 13 14 15 17 18 19 20 21 22 23 24 25 26 27 28 29 30 31 32 33 50 51 52 53 54 55 56 57 58 59 60 61 62 63 64 65
(17,*) 0 1 2 3 4 5 6 7 8 9 10 11 12 13 14 15 16 18 19 20 21 22 23 24 25 26 27 28 29 30 31 32 33 50 51 52 53 54 55 56 57 58 59 60 61 62 63 64 65
(18,*) 0 1 2 3 4 5 6 7 8 9 10 11 12 13 14 15 16 17 19 20 21 22 23 24 25 26 27 28 29 30 31 32 33 50 51 52 53 54 55 56 57 58 59 60 61 62 63 64 65
(19,*) 0 1 2 3 4 5 6 7 8 9 10 11 12 13 14 15 16 17 18 20 21 22 23 24 25 26 27 28 29 30 31 32 33 50 51 52 53 54 55 56 57 58 59 60 61 62 63 64 65
(20,*) 0 1 2 3 4 5 6 7 8 9 10 11 12 13 14 15 16 17 18 19 21 22 23 24 25 26 27 28 29 30 31 32 33 50 51 52 53 54 55 56 57 58 59 60 61 62 63 64 65
(21,*) 0 1 2 3 4 5 6 7 8 9 10 11 12 13 14 15 16 17 18 19 20 22 23 24 25 26 27 28 29 30 31 32 33 50 51 52 53 54 55 56 57 58 59 60 61 62 63 64 65
(22,*) 0 1 2 3 4 5 6 7 8 9 10 11 12 13 14 15 16 17 18 19 20 21 23 24 25 26 27 28 29 30 31 32 33 50 51 52 53 54 55 56 57 58 59 60 61 62 63 64 65
(23,*) 0 1 2 3 4 5 6 7 8 9 10 11 12 13 14 15 16 17 18 19 20 21 22 24 25 26 27 28 29 30 31 32 33 50 51 52 53 54 55 56 57 58 59 60 61 62 63 64 65
(24,*) 0 1 2 3 4 5 6 7 8 9 10 11 12 13 14 15 16 17 18 19 20 21 22 23 25 26 27 28 29 30 31 32 33 50 51 52 53 54 55 56 57 58 59 60 61 62 63 64 65
(25,*) 0 1 2 3 4 5 6 7 8 9 10 11 12 13 14 15 16 17 18 19 20 21 22 23 24 26 27 28 29 30 31 32 33 50 51 52 53 54 55 56 57 58 59 60 61 62 63 64 65
(26,*) 0 1 2 3 4 5 6 7 8 9 10 11 12 13 14 15 16 17 18 19 20 21 22 23 24 25 27 28 29 30 31 32 33 50 51 52 53 54 55 56 57 58 59 60 61 62 63 64 65
(27,*) 0 1 2 3 4 5 6 7 8 9 10 11 12 13 14 15 16 17 18 19 20 21 22 23 24 25 26 28 29 30 31 32 33 50 51 52 53 54 55 56 57 58 59 60 61 62 63 64 65
(28,*) 0 1 2 3 4 5 6 7 8 9 10 11 12 13 14 15 16 17 18 19 20 21 22 23 24 25 26 27 29 30 31 32 33 50 51 52 53 54 55 56 57 58 59 60 61 62 63 64 65
(29,*) 0 1 2 3 4 5 6 7 8 9 10 11 12 13 14 15 16 17 18 19 20 21 22 23 24 25 26 27 28 30 31 32 33 50 51 52 53 54 55 56 57 58 59 60 61 62 63 64 65
(30,*) 0 1 2 3 4 5 6 7 8 9 10 11 12 13 14 15 16 17 18 19 20 21 22 23 24 25 26 27 28 29 31 32 33 50 51 52 53 54 55 56 57 58 59 60 61 62 63 64 65
(31,*) 0 1 2 3 4 5 6 7 8 9 10 11 12 13 14 15 16 17 18 19 20 21 22 23 24 25 26 27 28 29 30 32 33 50 51 52 53 54 55 56 57 58 59 60 61 62 63 64 65
(32,*) 0 1 2 3 4 5 6 7 8 9 10 11 12 13 14 15 16 17 18 19 20 21 22 23 24 25 26 27 28 29 30 31 33 50 51 52 53 54 55 56 57 58 59 60 61 62 63 64 65
(33,*) 0 1 2 3 4 5 6 7 8 9 10 11 12 13 14 15 16 17 18 19 20 21 22 23 24 25 26 27 28 29 30 31 32 50 51 52 53 54 55 56 57 58 59 60 61 62 63 64 65
(50,*) 0 1 2 3 4 5 6 7 8 9 10 11 12 13 14 15 16 17 18 19 20 21 22 23 24 25 26 27 28 29 30 31 32 33 51 52 53 54 55 56 57 58 59 60 61 62 63 64 65
(51,*) 0 1 2 3 4 5 6 7 8 9 10 11 12 13 14 15 16 17 18 19 20 21 22 23 24 25 26 27 28 29 30 31 32 33 50 52 53 54 55 56 57 58 59 60 61 62 63 64 65
(52,*) 0 1 2 3 4 5 6 7 8 9 10 11 12 13 14 15 16 17 18 19 20 21 22 23 24 25 26 27 28 29 30 31 32 33 50 51 53 54 55 56 57 58 59 60 61 62 63 64 65
(53,*) 0 1 2 3 4 5 6 7 8 9 10 11 12 13 14 15 16 17 18 19 20 21 22 23 24 25 26 27 28 29 30 31 32 33 50 51 52 54 55 56 57 58 59 60 61 62 63 64 65
(54,*) 0 1 2 3 4 5 6 7 8 9 10 11 12 13 14 15 16 17 18 19 20 21 22 23 24 25 26 27 28 29 30 31 32 33 50 51 52 53 55 56 57 58 59 60 61 62 63 64 65
(55,*) 0 1 2 3 4 5 6 7 8 9 10 11 12 13 14 15 16 17 18 19 20 21 22 23 24 25 26 27 28 29 30 31 32 33 50 51 52 53 54 56 57 58 59 60 61 62 63 64 65
(56,*) 0 1 2 3 4 5 6 7 8 9 10 11 12 13 14 15 16 17 18 19 20 21 22 23 24 25 26 27 28 29 30 31 32 33 50 51 52 53 54 55 57 58 59 60 61 62 63 64 65
(57,*) 0 1 2 3 4 5 6 7 8 9 10 11 12 13 14 15 16 17 18 19 20 21 22 23 24 25 26 27 28 29 30 31 32 33 50 51 52 53 54 55 56 58 59 60 61 62 63 64 65
(58,*) 0 1 2 3 4 5 6 7 8 9 10 11 12 13 14 15 16 17 18 19 20 21 22 23 24 25 26 27 28 29 30 31 32 33 50 51 52 53 54 55 56 57 59 60 61 62 63 64 65
(59,*) 0 1 2 3 4 5 6 7 8 9 10 11 12 13 14 15 16 17 18 19 20 21 22 23 24 25 26 27 28 29 30 31 32 33 50 51 52 53 54 55 56 57 58 60 61 62 63 64 65
(60,*) 0 1 2 3 4 5 6 7 8 9 10 11 12 13 14 15 16 17 18 19 20 21 22 23 24 25 26 27 28 29 30 31 32 33 50 51 52 53 54 55 56 57 58 59 61 62 63 64 65
(61,*) 0 1 2 3 4 5 6 7 8 9 10 11 12 13 14 15 16 17 18 19 20 21 22 23 24 25 26 27 28 29 30 31 32 33 50 51 52 53 54 55 56 57 58 59 60 62 63 64 65
(62,*) 0 1 2 3 4 5 6 7 8 9 10 11 12 13 14 15 16 17 18 19 20 21 22 23 24 25 26 27 28 29 30 31 32 33 50 51 52 53 54 55 56 57 58 59 60 61 63 64 65
(63,*) 0 1 2 3 4 5 6 7 8 9 10 11 12 13 14 15 16 17 18 19 20 21 22 23 24 25 26 27 28 29 30 31 32 33 50 51 52 53 54 55 56 57 58 59 60 61 62 64 65
(64,*) 0 1 2 3 4 5 6 7 8 9 10 11 12 13 14 15 16 17 18 19 20 21 22 23 24 25 26 27 28 29 30 31 32 33 50 51 52 53 54 55 56 57 58 59 60 61 62 63 65
(65,*) 0 1 2 3 4 5 6 7 8 9 10 11 12 13 14 15 16 17 18 19 20 21 22 23 24 25 26 27 28 29 30 31 32 33 50 51 52 53 54 55 56 57 58 59 60 61 62 63 64
;
set A2:=
(55,*) 56
(56,*) 55
;
param BigM:=99999;
param n:= 9;
param d:=
1	3
2	25
3	4
4	11
5	21
6	10
7	20
8	13
9	16
10	36
11	21
12	11
13	10
14	19
15	21
16	23
17	19
18	15
19	22
20	7
21	11
22	22
23	25
24	18
25	13
26	14
27	66
28	10
29	12
30	5
31	18
32	11
33	12
34	20
35	14
36	17
37	11
38	7
39	17
40	15
41	24
42	2
43	15
44	3
45	20
46	10
47	10
48	7
49	7
50	12
51	6
52	22
53	12
54	24
;
param Q:=100;
param w:=
[55,*] 56 1
[56,*] 55 1
;
param V:=
[55,*] 56 96
[56,*] 55 96
;
param f:=
55	100
56	100
57	100
58	100
59	100
60	100
61	100
62	100
63	100
64	100
65	100
;
param e:
	55	56	57	58	59	60	61	62	63	64	65:=
34	1	0	0	0	1	1	1	1	0	1	1	
35	0	0	1	0	0	1	0	0	1	0	0	
36	0	1	0	1	0	0	1	0	0	1	0	
37	0	1	1	0	0	1	0	0	1	0	0	
38	0	0	1	0	0	1	0	0	1	0	0	
39	0	1	1	0	0	1	0	0	1	0	0	
40	0	1	1	0	0	1	0	0	1	0	0	
41	0	0	1	0	0	1	0	0	1	0	0	
42	0	1	1	0	0	1	0	0	1	1	1	
43	0	1	1	0	0	1	0	0	1	0	0	
44	1	0	0	0	1	1	0	0	0	0	1	
45	0	1	1	0	0	1	1	0	1	1	0	
46	1	0	0	0	1	0	1	1	0	0	1	
47	0	0	0	1	0	0	1	1	0	1	0	
48	1	0	0	0	1	1	0	1	0	0	1	
49	0	0	0	1	0	0	1	0	0	1	0	
50	0	0	1	0	0	1	0	0	1	0	0	
51	1	0	0	0	1	0	0	0	0	0	1	
52	0	1	1	0	1	1	1	0	1	1	1	
53	0	0	1	0	0	1	0	0	1	0	0	
54	1	0	0	0	1	0	0	1	0	0	1	
;
param p:=
1	1
2	1
3	1
4	1
5	1
6	1
7	1
8	1
9	1
;
param G:=
55	96
56	96
57	88
58	72
59	79
60	95
61	100
62	90
63	87
64	89
65	74
;
param s:=
0	0
1	15
2	15
3	15
4	15
5	15
6	15
7	15
8	15
9	15
10	15
11	15
12	15
13	15
14	15
15	15
16	15
17	15
18	15
19	15
20	15
21	15
22	15
23	15
24	15
25	15
26	15
27	15
28	15
29	15
30	15
31	15
32	15
33	15
50	15
51	15
52	15
53	15
54	15
55	10
56	10
57	10
58	10
59	10
60	10
61	10
62	10
63	10
64	10
65	10
;
param t:
	0	1	2	3	4	5	6	7	8	9	10	11	12	13	14	15	16	17	18	19	20	21	22	23	24	25	26	27	28	29	30	31	32	33	34	35	36	37	38	39	40	41	42	43	44	45	46	47	48	49	50	51	52	53	54	55	56	57	58	59	60	61	62	63	64	65:=
0	0.0	60.44	26.91	18.6	34.37	26.63	10.0	71.59	25.5	18.68	52.2	30.07	38.83	37.7	52.39	66.31	16.28	26.93	40.8	34.66	22.36	29.61	22.83	67.48	60.75	73.41	27.07	56.65	30.02	39.05	38.33	61.03	43.17	47.2	48.85	52.2	43.19	27.46	31.11	33.62	27.29	31.89	6.71	19.85	59.44	20.52	55.57	60.21	58.25	65.8	48.55	65.46	14.87	29.41	80.81	77.16	27.78	12.04	82.73	54.56	18.03	43.42	67.54	25.24	34.21	41.73
1	60.44	0.0	78.01	76.06	55.66	86.16	52.77	30.27	53.6	53.01	80.11	31.76	60.8	68.12	39.29	43.1	55.23	83.29	60.46	54.04	41.68	78.82	47.1	26.68	54.49	43.01	86.31	5.83	84.02	26.87	29.73	98.68	54.12	49.24	13.15	80.11	56.94	81.02	80.16	89.09	85.99	79.31	61.98	73.11	60.88	53.01	14.87	29.02	39.82	44.05	87.36	58.26	53.08	75.33	36.12	35.01	82.86	66.48	75.01	32.56	57.01	32.25	12.37	79.06	49.04	31.78
2	26.91	78.01	0.0	34.21	29.68	33.06	27.86	79.48	25.96	25.0	32.39	52.5	65.3	62.97	78.39	92.18	43.14	9.43	67.36	61.52	47.41	49.04	31.06	76.22	56.59	76.32	17.46	73.03	6.71	62.3	62.39	35.34	38.42	74.03	65.01	32.39	70.01	4.24	4.47	12.08	15.65	6.08	20.81	7.07	51.86	47.42	68.73	84.5	60.9	91.79	23.77	60.14	25.32	6.71	88.24	84.17	42.43	15.0	109.62	60.54	21.0	68.45	81.74	4.12	61.07	50.45
3	18.6	76.06	34.21	0.0	51.55	11.0	28.6	89.83	43.08	36.67	65.12	44.38	37.12	32.02	59.3	72.84	22.2	28.65	39.36	36.4	34.79	14.87	41.34	85.63	78.79	92.01	23.35	72.95	33.54	51.66	50.01	69.29	60.75	50.7	65.51	65.12	43.46	32.31	38.6	34.41	24.84	40.26	22.47	28.28	76.84	26.02	73.01	70.06	76.84	72.01	57.97	83.38	33.12	39.46	99.04	95.46	9.49	24.19	82.15	73.11	35.11	53.15	84.38	30.68	38.47	60.21
4	34.37	55.66	29.68	51.55	0.0	55.95	26.02	50.7	9.0	16.0	25.61	40.61	68.15	69.58	69.81	82.07	46.39	38.42	69.64	61.98	41.63	63.95	15.23	47.85	28.02	46.65	45.25	50.0	36.36	49.52	51.09	43.08	9.43	70.24	42.72	25.61	70.23	33.84	29.55	41.68	43.86	27.86	29.12	29.0	25.3	49.03	43.42	70.94	31.3	82.13	31.78	32.25	20.0	24.17	59.14	55.03	61.03	28.18	106.68	31.78	16.49	58.26	56.22	32.8	59.24	24.33
5	26.63	86.16	33.06	11.0	55.95	0.0	36.24	98.08	48.26	42.64	65.38	54.71	47.17	41.18	70.26	83.73	33.14	25.18	49.4	47.07	45.35	21.26	48.1	94.02	83.86	99.09	17.72	82.76	30.27	62.37	60.83	66.29	65.37	61.39	75.13	65.38	53.76	30.02	37.0	29.41	19.65	39.01	28.32	28.86	80.96	37.01	82.15	81.06	83.63	82.87	56.14	88.19	39.62	39.32	107.3	103.59	12.04	27.78	91.71	80.62	40.22	64.12	93.94	29.02	49.37	68.01
6	10.0	52.77	27.86	28.6	26.02	36.24	0.0	61.85	17.03	10.05	46.96	24.74	43.08	43.74	51.04	64.66	20.62	31.06	44.78	37.59	20.0	38.9	13.0	57.8	51.24	63.41	33.54	48.51	32.76	34.48	34.54	58.69	34.23	48.17	40.52	46.96	46.14	29.83	31.3	37.34	33.24	31.38	9.22	21.59	50.49	23.77	46.52	56.65	48.26	64.35	45.97	56.04	6.08	28.02	71.06	67.36	37.74	14.04	84.65	44.6	11.18	40.71	58.87	27.66	35.81	31.83
7	71.59	30.27	79.48	89.83	50.7	98.08	61.85	0.0	53.71	56.94	69.07	51.0	85.23	91.24	68.26	73.33	73.01	87.24	85.44	78.0	60.21	96.83	50.77	4.47	34.48	14.21	92.66	27.02	86.16	51.24	54.41	89.05	44.28	76.69	29.41	69.07	82.86	83.38	80.01	91.55	91.71	78.45	70.21	76.92	42.45	72.4	19.92	59.21	21.02	74.24	80.22	36.25	59.08	74.63	9.22	5.83	98.31	72.72	105.12	18.97	60.42	59.23	19.31	81.94	73.16	30.23
8	25.5	53.6	25.96	43.08	9.0	48.26	17.03	53.71	0.0	7.0	32.02	33.97	59.48	60.67	62.97	75.74	37.48	33.54	61.03	53.49	33.62	55.11	7.81	50.33	35.78	51.86	39.41	48.26	32.57	43.42	44.6	47.17	17.72	62.43	40.45	32.02	61.85	29.73	27.17	37.95	38.28	26.02	20.62	23.32	33.96	40.26	43.1	65.46	36.24	75.69	34.89	40.31	11.0	22.02	62.61	58.59	52.55	20.62	99.02	34.89	8.06	51.62	56.14	28.23	50.99	24.52
9	18.68	53.01	25.0	36.67	16.0	42.64	10.05	56.94	7.0	0.0	37.74	29.68	52.81	53.76	58.05	71.22	30.59	31.05	54.42	47.01	27.8	48.27	6.32	53.24	42.15	56.57	35.78	48.04	31.14	39.45	40.22	51.22	24.52	56.61	40.01	37.74	55.46	28.16	27.29	36.35	34.93	26.68	14.42	20.62	40.79	33.53	44.15	61.77	41.04	71.06	38.6	46.82	4.0	22.8	66.04	62.13	46.1	15.81	93.23	38.6	4.0	47.01	57.07	26.31	44.78	26.83
10	52.2	80.11	32.39	65.12	25.61	65.38	46.96	69.07	32.02	37.74	0.0	65.8	89.96	89.81	94.92	107.48	67.23	41.23	91.71	84.53	65.46	79.51	39.7	67.36	36.67	60.53	49.48	74.32	36.69	74.97	76.38	20.0	26.25	94.3	67.54	0.0	93.06	35.9	28.86	40.31	47.54	26.68	45.61	37.0	29.12	70.68	66.73	96.54	48.04	107.49	14.21	37.95	41.18	26.08	76.06	72.03	74.01	41.59	130.92	51.79	35.78	83.49	78.85	36.5	82.49	48.33
11	30.07	31.76	52.5	44.38	40.61	54.71	24.74	51.0	33.97	29.68	65.8	0.0	34.93	40.31	29.21	41.77	23.6	55.58	35.51	27.66	10.0	47.51	26.17	46.53	55.73	57.97	57.0	29.21	57.49	9.85	10.63	80.8	44.72	31.05	22.67	65.8	34.01	54.57	55.71	61.98	57.04	55.54	33.24	46.32	58.52	21.93	31.62	32.2	46.1	41.73	68.24	60.67	27.73	51.89	59.68	56.82	51.11	38.64	66.64	39.46	33.12	17.69	41.11	52.39	23.19	28.02
12	38.83	60.8	65.3	37.12	68.15	47.17	43.08	85.23	59.48	52.81	89.96	34.93	0.0	8.54	28.23	39.46	22.83	63.03	2.24	7.28	28.0	28.16	53.15	80.78	89.01	92.89	59.64	60.54	67.18	34.48	31.38	99.86	74.97	16.49	55.95	89.96	7.0	65.07	69.66	69.53	60.8	70.6	45.49	58.26	90.45	19.31	65.39	42.06	80.75	38.33	87.37	94.01	49.04	68.24	93.52	91.0	36.88	50.8	45.22	74.33	54.23	29.0	72.4	62.97	12.08	62.39
13	37.7	68.12	62.97	32.02	69.58	41.18	43.74	91.24	60.67	53.76	89.81	40.31	8.54	0.0	36.77	47.85	23.19	59.55	10.2	14.14	32.02	20.88	55.08	86.76	92.27	98.03	55.23	67.42	64.03	41.4	38.42	98.11	77.1	25.0	62.27	89.81	15.3	62.2	67.42	65.8	56.59	68.6	44.38	56.08	93.01	21.02	71.59	50.54	85.15	46.69	85.88	97.25	49.82	66.65	99.76	97.05	30.08	49.19	50.54	79.12	54.57	36.88	79.4	60.22	19.1	66.71
14	52.39	39.29	78.39	59.3	69.81	70.26	51.04	68.26	62.97	58.05	94.92	29.21	28.23	36.77	0.0	13.93	38.08	79.31	26.83	24.33	31.06	54.59	55.23	64.12	82.54	79.06	78.45	41.3	82.29	21.02	18.87	109.22	73.57	12.21	40.11	94.92	21.95	79.61	82.15	86.01	79.06	82.38	57.71	71.59	86.41	33.73	49.0	14.21	70.61	13.42	96.54	87.28	55.44	79.06	75.13	73.55	62.07	63.53	38.6	63.15	61.07	11.66	51.66	77.37	21.0	54.42
15	66.31	43.1	92.18	72.84	82.07	83.73	64.66	73.33	75.74	71.22	107.48	41.77	39.46	47.85	13.93	0.0	51.92	93.23	37.66	37.01	44.78	67.07	67.94	69.58	92.14	85.51	92.35	46.69	96.18	32.56	31.14	122.44	85.0	23.09	47.76	107.48	32.56	93.47	95.88	99.92	92.97	96.04	71.55	85.42	96.75	47.54	55.54	14.14	79.12	1.41	109.81	96.66	68.82	92.65	79.0	78.1	75.03	77.37	32.06	71.51	74.4	24.21	55.0	91.24	34.37	64.5
16	16.28	55.23	43.14	22.2	46.39	33.14	20.62	73.01	37.48	30.59	67.23	23.6	22.83	23.19	38.08	51.92	0.0	42.19	24.7	18.38	13.6	24.04	32.0	68.6	69.72	77.82	40.5	52.8	45.8	29.73	27.89	77.2	54.01	31.38	46.01	67.23	26.91	43.42	47.38	48.88	41.23	48.17	22.8	36.07	70.03	4.47	54.49	48.0	63.91	51.24	64.64	74.67	26.68	45.61	82.01	78.82	27.73	28.32	66.48	58.6	31.62	31.02	64.66	41.23	18.36	45.69
17	26.93	83.29	9.43	28.65	38.42	25.18	31.06	87.24	33.54	31.05	41.23	55.58	63.03	59.55	79.31	93.23	42.19	0.0	65.19	60.22	49.04	43.38	37.36	83.77	65.76	84.88	8.25	78.64	5.1	65.12	64.76	41.23	47.42	73.57	70.58	41.23	68.41	5.39	12.37	6.71	6.32	14.56	22.36	10.44	61.22	46.65	75.19	86.83	69.34	92.7	31.02	69.43	30.27	16.12	96.15	92.13	35.74	17.03	108.07	68.43	27.2	70.21	88.07	5.66	60.54	57.58
18	40.8	60.46	67.36	39.36	69.64	49.4	44.78	85.44	61.03	54.42	91.71	35.51	2.24	10.2	26.83	37.66	24.7	65.19	0.0	8.0	29.07	30.27	54.57	80.99	90.05	93.39	61.85	60.42	69.31	34.44	31.3	101.83	76.3	14.87	56.08	91.71	5.1	67.18	71.7	71.7	63.01	72.62	47.43	60.31	91.66	21.02	65.55	40.82	81.5	36.5	89.31	95.05	50.7	70.21	93.62	91.18	39.05	52.8	43.01	74.97	55.95	28.43	72.2	65.07	12.37	63.2
19	34.66	54.04	61.52	36.4	61.98	47.07	37.59	78.0	53.49	47.01	84.53	27.66	7.28	14.14	24.33	37.01	18.38	60.22	8.0	0.0	21.1	30.27	46.84	73.54	82.05	85.62	57.71	53.54	64.03	27.46	24.41	95.43	68.45	14.32	48.75	84.53	8.6	61.72	65.76	66.85	58.67	66.53	41.11	54.45	83.73	14.21	58.18	37.34	73.55	36.06	82.8	87.05	43.38	63.89	86.33	83.77	38.01	46.69	48.1	67.08	48.76	22.8	65.46	59.55	5.0	55.23
20	22.36	41.68	47.41	34.79	41.63	45.35	20.0	60.21	33.62	27.8	65.46	10.0	28.0	32.02	31.06	44.78	13.6	49.04	29.07	21.1	0.0	37.54	26.4	55.76	61.01	66.13	49.37	39.2	51.62	17.12	16.03	78.52	47.54	28.84	32.53	65.46	28.86	48.85	51.11	55.66	49.65	51.31	26.93	40.72	62.65	12.21	41.23	37.85	53.15	44.42	65.8	66.01	24.76	48.01	69.07	66.04	41.18	32.7	65.46	47.13	30.41	21.19	51.09	46.62	17.72	34.71
21	29.61	78.82	49.04	14.87	63.95	21.26	38.9	96.83	55.11	48.27	79.51	47.51	28.16	20.88	54.59	67.07	24.04	43.38	30.27	30.27	37.54	0.0	51.87	92.46	90.14	100.85	37.44	76.69	48.33	52.48	50.12	84.15	72.78	44.01	70.04	79.51	35.13	47.17	53.45	48.88	39.12	55.08	35.13	42.95	89.05	25.81	78.52	67.19	86.31	66.03	72.8	94.92	44.38	54.13	105.89	102.62	9.43	38.05	71.18	81.63	47.52	51.26	88.62	45.54	33.96	68.6
22	22.83	47.1	31.06	41.34	15.23	48.1	13.0	50.77	7.81	6.32	39.7	26.17	53.15	55.08	55.23	67.94	32.0	37.36	54.57	46.84	26.4	51.87	0.0	47.01	38.33	50.99	42.05	42.0	37.34	35.61	36.8	54.92	22.02	55.07	34.01	39.7	55.03	34.37	33.06	42.58	41.23	32.25	19.8	26.93	38.05	34.23	37.85	57.69	35.61	67.9	42.54	43.17	8.49	28.28	59.91	56.04	50.61	21.95	91.59	32.65	10.2	43.84	50.8	32.56	44.01	20.59
23	67.48	26.68	76.22	85.63	47.85	94.02	57.8	4.47	50.33	53.24	67.36	46.53	80.78	86.76	64.12	69.58	68.6	83.77	80.99	73.54	55.76	92.46	47.01	0.0	34.01	16.55	89.01	23.02	82.87	46.84	50.0	87.28	42.01	72.37	25.0	67.36	78.45	80.06	76.92	88.26	88.1	75.43	66.29	73.41	41.79	67.96	15.52	55.44	19.65	70.46	78.03	36.36	55.23	71.57	13.45	10.3	94.05	68.96	101.24	16.12	56.8	54.92	16.64	78.55	68.71	26.42
24	60.75	54.49	56.59	78.79	28.02	83.86	51.24	34.48	35.78	42.15	36.67	55.73	89.01	92.27	82.54	92.14	69.72	65.76	90.05	82.05	61.01	90.14	38.33	34.01	0.0	24.02	73.0	48.92	63.03	61.68	64.29	56.44	18.6	86.68	44.94	36.67	89.36	60.83	55.44	68.12	71.51	53.41	56.36	56.85	8.06	71.25	39.62	78.77	15.0	92.61	49.65	5.0	45.88	50.33	40.2	36.35	88.24	56.08	121.12	21.93	43.83	71.17	48.83	60.11	78.23	28.16
25	73.41	43.01	76.32	92.01	46.65	99.09	63.41	14.21	51.86	56.57	60.53	57.97	92.89	98.03	79.06	85.51	77.82	84.88	93.39	85.62	66.13	100.85	50.99	16.55	24.02	0.0	91.21	38.83	83.01	60.3	63.39	80.4	38.48	86.28	39.0	60.53	91.41	80.45	76.06	88.32	90.0	74.24	70.77	75.0	32.0	78.0	30.15	71.39	15.62	86.31	73.01	24.33	59.46	70.71	16.76	13.42	101.02	72.18	116.84	19.24	59.46	69.07	33.12	79.32	81.02	32.25
26	27.07	86.31	17.46	23.35	45.25	17.72	33.54	92.66	39.41	35.78	49.48	57.0	59.64	55.23	78.45	92.35	40.5	8.25	61.85	57.71	49.37	37.44	42.05	89.01	73.0	91.21	0.0	82.0	13.04	66.12	65.38	48.66	54.49	71.59	73.98	49.48	65.51	13.6	20.62	11.7	2.0	22.8	24.33	16.28	68.82	44.94	79.38	87.13	75.6	91.71	39.01	76.84	34.18	24.17	101.71	97.75	29.07	20.25	104.86	74.09	32.25	70.21	92.05	13.42	58.69	62.61
27	56.65	5.83	73.03	72.95	50.0	82.76	48.51	27.02	48.26	48.04	74.32	29.21	60.54	67.42	41.3	46.69	52.8	78.64	60.42	53.54	39.2	76.69	42.0	23.02	48.92	38.83	82.0	0.0	79.16	26.08	29.15	92.97	48.3	50.29	8.06	74.32	57.27	76.16	75.03	84.29	81.58	74.11	57.72	68.36	55.17	50.99	9.43	32.56	34.41	47.52	81.74	52.8	48.37	70.11	33.96	32.25	80.16	61.98	78.23	27.02	52.04	32.89	12.04	74.24	48.55	26.0
28	30.02	84.02	6.71	33.54	36.36	30.27	32.76	86.16	32.57	31.14	36.69	57.49	67.18	64.03	82.29	96.18	45.8	5.1	69.31	64.03	51.62	48.33	37.34	82.87	63.03	83.01	13.04	79.16	0.0	67.19	67.05	36.14	45.0	77.1	71.11	36.69	72.35	3.0	8.06	5.39	11.05	10.3	24.7	11.18	58.05	50.22	75.13	89.19	67.6	95.71	26.0	66.47	31.02	12.73	94.94	90.87	40.8	18.97	112.04	67.23	27.17	72.8	88.12	5.1	64.07	57.01
29	39.05	26.87	62.3	51.66	49.52	62.37	34.48	51.24	43.42	39.45	74.97	9.85	34.48	41.4	21.02	32.56	29.73	65.12	34.44	27.46	17.12	52.48	35.61	46.84	61.68	60.3	66.12	26.08	67.19	0.0	3.16	90.44	52.7	26.02	21.84	74.97	31.62	64.29	65.55	71.59	66.27	65.39	42.76	56.04	65.39	26.83	31.32	22.36	50.36	32.65	77.94	66.48	37.58	61.74	59.24	56.92	57.38	48.27	59.46	43.1	42.94	9.49	38.01	62.1	22.47	33.53
30	38.33	29.73	62.39	50.01	51.09	60.83	34.54	54.41	44.6	40.22	76.38	10.63	31.38	38.42	18.87	31.14	27.89	64.76	31.3	24.41	16.03	50.12	36.8	50.0	64.29	63.39	65.38	29.15	67.05	3.16	0.0	91.4	54.71	23.0	25.0	76.38	28.46	64.2	65.8	71.31	65.62	65.74	42.45	55.97	67.78	24.7	34.48	22.14	53.24	31.11	78.82	69.12	38.08	62.18	62.39	60.08	55.36	48.08	57.01	46.04	43.57	7.21	41.05	61.98	19.42	36.14
31	61.03	98.68	35.34	69.29	43.08	66.29	58.69	89.05	47.17	51.22	20.0	80.8	99.86	98.11	109.22	122.44	77.2	41.23	101.83	95.43	78.52	84.15	54.92	87.28	56.44	80.4	48.66	92.97	36.14	90.44	91.4	0.0	45.71	106.83	85.8	20.0	104.02	37.0	30.87	37.22	46.69	29.53	54.41	42.06	48.66	81.22	85.87	112.61	68.03	122.29	12.73	57.27	53.81	31.62	96.05	92.02	76.92	49.09	143.18	71.57	48.17	98.23	98.27	38.63	94.26	67.05
32	43.17	54.12	38.42	60.75	9.43	65.37	34.23	44.28	17.72	24.52	26.25	44.72	74.97	77.1	73.57	85.0	54.01	47.42	76.3	68.45	47.54	72.78	22.02	42.01	18.6	38.48	54.49	48.3	45.0	52.7	54.71	45.71	0.0	75.39	41.88	26.25	76.4	42.64	37.74	50.22	53.04	35.85	38.28	38.29	16.28	56.22	40.5	72.92	23.77	85.21	36.01	22.83	28.44	32.45	52.17	48.05	70.23	37.59	111.36	26.02	25.63	61.91	52.63	41.77	65.25	22.47
33	47.2	49.24	74.03	50.7	70.24	61.39	48.17	76.69	62.43	56.61	94.3	31.05	16.49	25.0	12.21	23.09	31.38	73.57	14.87	14.32	28.84	44.01	55.07	72.37	86.68	86.28	71.59	50.29	77.1	26.02	23.0	106.83	75.39	0.0	47.52	94.3	9.85	74.63	78.1	80.26	72.45	78.64	53.26	67.01	89.56	26.93	56.89	26.4	76.16	22.02	94.11	91.59	53.41	75.69	84.2	82.23	52.15	59.03	36.62	69.03	59.03	17.46	61.47	72.42	13.04	58.69
34	48.85	13.15	65.01	65.51	42.72	75.13	40.52	29.41	40.45	40.01	67.54	22.67	55.95	62.27	40.11	47.76	46.01	70.58	56.08	48.75	32.53	70.04	34.01	25.0	44.94	39.0	73.98	8.06	71.11	21.84	25.0	85.8	41.88	47.52	0.0	67.54	53.45	68.12	67.07	76.24	73.55	66.19	49.73	60.3	50.45	44.6	9.49	34.01	31.38	48.38	74.33	49.24	40.31	62.2	37.58	35.11	73.01	53.94	78.26	23.77	44.01	30.15	18.87	66.19	43.86	19.42
35	52.2	80.11	32.39	65.12	25.61	65.38	46.96	69.07	32.02	37.74	0.0	65.8	89.96	89.81	94.92	107.48	67.23	41.23	91.71	84.53	65.46	79.51	39.7	67.36	36.67	60.53	49.48	74.32	36.69	74.97	76.38	20.0	26.25	94.3	67.54	0.0	93.06	35.9	28.86	40.31	47.54	26.68	45.61	37.0	29.12	70.68	66.73	96.54	48.04	107.49	14.21	37.95	41.18	26.08	76.06	72.03	74.01	41.59	130.92	51.79	35.78	83.49	78.85	36.5	82.49	48.33
36	43.19	56.94	70.01	43.46	70.23	53.76	46.14	82.86	61.85	55.46	93.06	34.01	7.0	15.3	21.95	32.56	26.91	68.41	5.1	8.6	28.86	35.13	55.03	78.45	89.36	91.41	65.51	57.27	72.35	31.62	28.46	104.02	76.4	9.85	53.45	93.06	0.0	70.09	74.28	75.0	66.57	75.07	49.68	62.94	91.41	22.8	62.94	36.06	80.1	31.4	91.4	94.34	51.88	72.47	90.82	88.54	43.74	55.23	39.7	73.33	57.31	24.7	68.88	67.94	11.18	62.0
37	27.46	81.02	4.24	32.31	33.84	30.02	29.83	83.38	29.73	28.16	35.9	54.57	65.07	62.2	79.61	93.47	43.42	5.39	67.18	61.72	48.85	47.17	34.37	80.06	60.83	80.45	13.6	76.16	3.0	64.29	64.2	37.0	42.64	74.63	68.12	35.9	70.09	0.0	7.07	8.25	11.7	9.22	21.93	8.25	56.08	47.8	72.18	86.33	65.0	93.02	26.17	64.38	28.02	10.82	92.2	88.14	40.02	16.16	109.79	64.47	24.19	70.01	85.16	2.24	61.61	54.12
38	31.11	80.16	4.47	38.6	29.55	37.0	31.3	80.01	27.17	27.29	28.86	55.71	69.66	67.42	82.15	95.88	47.38	12.37	71.7	65.76	51.11	53.45	33.06	76.92	55.44	76.06	20.62	75.03	8.06	65.55	65.8	30.87	37.74	78.1	67.07	28.86	74.28	7.07	0.0	12.73	18.68	2.24	24.84	11.4	50.21	51.62	70.26	87.85	60.84	95.52	19.42	58.73	28.16	5.39	88.6	84.5	46.69	19.1	113.85	61.03	23.35	72.01	83.29	8.06	65.19	51.62
39	33.62	89.09	12.08	34.41	41.68	29.41	37.34	91.55	37.95	36.35	40.31	61.98	69.53	65.8	86.01	99.92	48.88	6.71	71.7	66.85	55.66	48.88	42.58	88.26	68.12	88.32	11.7	84.29	5.39	71.59	71.31	37.22	50.22	80.26	76.24	40.31	75.0	8.25	12.73	0.0	9.85	14.87	28.86	16.0	62.94	53.34	80.41	93.41	72.95	99.4	28.44	71.45	36.01	17.8	100.32	96.25	40.72	23.35	114.63	72.62	32.39	76.84	93.38	10.05	67.23	62.36
40	27.29	85.99	15.65	24.84	43.86	19.65	33.24	91.71	38.28	34.93	47.54	57.04	60.8	56.59	79.06	92.97	41.23	6.32	63.01	58.67	49.65	39.12	41.23	88.1	71.51	90.0	2.0	81.58	11.05	66.27	65.62	46.69	53.04	72.45	73.55	47.54	66.57	11.7	18.68	9.85	0.0	20.88	24.08	15.0	67.2	45.69	78.75	87.48	74.4	92.36	37.01	75.29	33.53	22.36	100.72	96.75	30.87	19.65	106.02	73.06	31.3	70.61	91.48	11.66	59.51	61.74
41	31.89	79.31	6.08	40.26	27.86	39.01	31.38	78.45	26.02	26.68	26.68	55.54	70.6	68.6	82.38	96.04	48.17	14.56	72.62	66.53	51.31	55.08	32.25	75.43	53.41	74.24	22.8	74.11	10.3	65.39	65.74	29.53	35.85	78.64	66.19	26.68	75.07	9.22	2.24	14.87	20.88	0.0	25.46	12.53	48.08	52.35	69.12	87.73	59.09	95.72	17.72	56.64	27.86	4.0	86.98	82.87	48.51	19.85	114.56	59.48	22.8	72.07	82.15	10.0	65.8	50.36
42	6.71	61.98	20.81	22.47	29.12	28.32	9.22	70.21	20.62	14.42	45.61	33.24	45.49	44.38	57.71	71.55	22.8	22.36	47.43	41.11	26.93	35.13	19.8	66.29	56.36	70.77	24.33	57.72	24.7	42.76	42.45	54.41	38.28	53.26	49.73	45.61	49.68	21.93	24.84	28.86	24.08	25.46	0.0	13.89	54.41	26.91	55.54	64.56	55.32	71.12	41.88	60.93	11.31	22.8	79.4	75.6	31.95	5.83	89.11	52.4	12.65	48.1	68.01	19.7	40.36	40.0
43	19.85	73.11	7.07	28.28	29.0	28.86	21.59	76.92	23.32	20.62	37.0	46.32	58.26	56.08	71.59	85.42	36.07	10.44	60.31	54.45	40.72	42.95	26.93	73.41	56.85	75.0	16.28	68.36	11.18	56.04	55.97	42.06	38.29	67.01	60.3	37.0	62.94	8.25	11.4	16.0	15.0	12.53	13.89	0.0	53.0	40.36	64.76	78.11	59.41	85.0	30.08	60.8	20.02	11.18	85.88	81.88	37.01	8.06	102.55	58.18	16.76	61.85	77.67	6.08	54.04	47.17
44	59.44	60.88	51.86	76.84	25.3	80.96	50.49	42.45	33.96	40.79	29.12	58.52	90.45	93.01	86.41	96.75	70.03	61.22	91.66	83.73	62.65	89.05	38.05	41.79	8.06	32.0	68.82	55.17	58.05	65.39	67.78	48.66	16.28	89.56	50.45	29.12	91.41	56.08	50.21	62.94	67.2	48.08	54.41	53.0	0.0	72.03	46.1	83.76	22.36	97.13	42.54	8.94	44.72	45.34	48.26	44.41	86.33	53.31	124.79	28.6	41.76	74.85	56.08	55.61	80.23	32.25
45	20.52	53.01	47.42	26.02	49.03	37.01	23.77	72.4	40.26	33.53	70.68	21.93	19.31	21.02	33.73	47.54	4.47	46.65	21.02	14.21	12.21	25.81	34.23	67.96	71.25	78.0	44.94	50.99	50.22	26.83	24.7	81.22	56.22	26.93	44.6	70.68	22.8	47.8	51.62	53.34	45.69	52.35	26.91	40.36	72.03	0.0	53.41	44.05	64.56	46.84	68.6	76.24	29.73	49.68	81.27	78.23	30.68	32.53	62.23	58.87	34.93	27.17	62.97	45.61	13.89	46.17
46	55.57	14.87	68.73	73.01	43.42	82.15	46.52	19.92	43.1	44.15	66.73	31.62	65.39	71.59	49.0	55.54	54.49	75.19	65.55	58.18	41.23	78.52	37.85	15.52	39.62	30.15	79.38	9.43	75.13	31.32	34.48	85.87	40.5	56.89	9.49	66.73	62.94	72.18	70.26	80.41	78.75	69.12	55.54	64.76	46.1	53.41	0.0	41.48	25.0	56.29	75.13	43.42	45.22	65.12	28.18	25.63	80.92	59.14	86.7	17.69	48.05	39.46	13.04	70.41	53.31	19.1
47	60.21	29.02	84.5	70.06	70.94	81.06	56.65	59.21	65.46	61.77	96.54	32.2	42.06	50.54	14.21	14.14	48.0	86.83	40.82	37.34	37.85	67.19	57.69	55.44	78.77	71.39	87.13	32.56	89.19	22.36	22.14	112.61	72.92	26.4	34.01	96.54	36.06	86.33	87.85	93.41	87.48	87.73	64.56	78.11	83.76	44.05	41.48	0.0	65.39	15.03	100.17	83.19	59.93	84.1	65.03	64.03	73.98	70.21	46.0	57.78	65.3	17.03	41.05	84.12	33.24	51.61
48	58.25	39.82	60.9	76.84	31.3	83.63	48.26	21.02	36.24	41.04	48.04	46.1	80.75	85.15	70.61	79.12	63.91	69.34	81.5	73.55	53.15	86.31	35.61	19.65	15.0	15.62	75.6	34.41	67.6	50.36	53.24	68.03	23.77	76.16	31.38	48.04	80.1	65.0	60.84	72.95	74.4	59.09	55.32	59.41	22.36	64.56	25.0	65.39	0.0	79.71	59.41	18.44	44.05	55.46	28.44	24.33	85.98	56.59	109.14	7.62	43.86	59.68	33.84	63.81	69.26	18.44
49	65.8	44.05	91.79	72.01	82.13	82.87	64.35	74.24	75.69	71.06	107.49	41.73	38.33	46.69	13.42	1.41	51.24	92.7	36.5	36.06	44.42	66.03	67.9	70.46	92.61	86.31	91.71	47.52	95.71	32.65	31.11	122.29	85.21	22.02	48.38	107.49	31.4	93.02	95.52	99.4	92.36	95.72	71.12	85.0	97.13	46.84	56.29	15.03	79.71	0.0	109.64	97.17	68.6	92.36	80.01	79.06	74.06	76.94	31.02	72.11	74.2	24.08	56.01	90.79	33.54	64.88
50	48.55	87.36	23.77	57.97	31.78	56.14	45.97	80.22	34.89	38.6	14.21	68.24	87.37	85.88	96.54	109.81	64.64	31.02	89.31	82.8	65.8	72.8	42.54	78.03	49.65	73.01	39.01	81.74	26.0	77.94	78.82	12.73	36.01	94.11	74.33	14.21	91.4	26.17	19.42	28.44	37.01	17.72	41.88	30.08	42.54	68.6	75.13	100.17	59.41	109.64	0.0	51.48	41.11	19.24	87.82	83.73	66.1	36.72	130.48	62.0	35.47	85.6	87.82	27.46	81.57	56.09
51	65.46	58.26	60.14	83.38	32.25	88.19	56.04	36.25	40.31	46.82	37.95	60.67	94.01	97.25	87.28	96.66	74.67	69.43	95.05	87.05	66.01	94.92	43.17	36.36	5.0	24.33	76.84	52.8	66.47	66.48	69.12	57.27	22.83	91.59	49.24	37.95	94.34	64.38	58.73	71.45	75.29	56.64	60.93	60.8	8.94	76.24	43.42	83.19	18.44	97.17	51.48	0.0	50.6	53.74	41.0	37.36	92.85	60.42	125.87	25.81	48.33	75.96	51.86	63.78	83.22	32.98
52	14.87	53.08	25.32	33.12	20.0	39.62	6.08	59.08	11.0	4.0	41.18	27.73	49.04	49.82	55.44	68.82	26.68	30.27	50.7	43.38	24.76	44.38	8.49	55.23	45.88	59.46	34.18	48.37	31.02	37.58	38.08	53.81	28.44	53.41	40.31	41.18	51.88	28.02	28.16	36.01	33.53	27.86	11.31	20.02	44.72	29.73	45.22	59.93	44.05	68.6	41.11	50.6	0.0	24.17	68.24	64.4	42.49	13.93	90.0	41.11	5.66	44.65	57.97	26.0	41.34	28.84
53	29.41	75.33	6.71	39.46	24.17	39.32	28.02	74.63	22.02	22.8	26.08	51.89	68.24	66.65	79.06	92.65	45.61	16.12	70.21	63.89	48.01	54.13	28.28	71.57	50.33	70.71	24.17	70.11	12.73	61.74	62.18	31.62	32.45	75.69	62.2	26.08	72.47	10.82	5.39	17.8	22.36	4.0	22.8	11.18	45.34	49.68	65.12	84.1	55.46	92.36	19.24	53.74	24.17	0.0	83.22	79.12	48.09	17.49	111.8	55.66	18.97	68.6	78.16	10.77	62.94	46.39
54	80.81	36.12	88.24	99.04	59.14	107.3	71.06	9.22	62.61	66.04	76.06	59.68	93.52	99.76	75.13	79.0	82.01	96.15	93.62	86.33	69.07	105.89	59.91	13.45	40.2	16.76	101.71	33.96	94.94	59.24	62.39	96.05	52.17	84.2	37.58	76.06	90.82	92.2	88.6	100.32	100.72	86.98	79.4	85.88	48.26	81.27	28.18	65.03	28.44	80.01	87.82	41.0	68.24	83.22	0.0	4.12	107.49	81.84	111.02	27.73	69.46	66.76	24.0	90.8	81.44	39.41
55	77.16	35.01	84.17	95.46	55.03	103.59	67.36	5.83	58.59	62.13	72.03	56.82	91.0	97.05	73.55	78.1	78.82	92.13	91.18	83.77	66.04	102.62	56.04	10.3	36.35	13.42	97.75	32.25	90.87	56.92	60.08	92.02	48.05	82.23	35.11	72.03	88.54	88.14	84.5	96.25	96.75	82.87	75.6	81.88	44.41	78.23	25.63	64.03	24.33	79.06	83.73	37.36	64.4	79.12	4.12	0.0	104.0	77.94	110.02	23.71	65.51	64.76	23.35	86.76	78.92	35.61
56	27.78	82.86	42.43	9.49	61.03	12.04	37.74	98.31	52.55	46.1	74.01	51.11	36.88	30.08	62.07	75.03	27.73	35.74	39.05	38.01	41.18	9.43	50.61	94.05	88.24	101.02	29.07	80.16	40.8	57.38	55.36	76.92	70.23	52.15	73.01	74.01	43.74	40.02	46.69	40.72	30.87	48.51	31.95	37.01	86.33	30.68	80.92	73.98	85.98	74.06	66.1	92.85	42.49	48.09	107.49	104.0	0.0	33.54	80.53	82.01	44.6	57.49	91.84	38.64	41.11	69.03
57	12.04	66.48	15.0	24.19	28.18	27.78	14.04	72.72	20.62	15.81	41.59	38.64	50.8	49.19	63.53	77.37	28.32	17.03	52.8	46.69	32.7	38.05	21.95	68.96	56.08	72.18	20.25	61.98	18.97	48.27	48.08	49.09	37.59	59.03	53.94	41.59	55.23	16.16	19.1	23.35	19.65	19.85	5.83	8.06	53.31	32.53	59.14	70.21	56.59	76.94	36.72	60.42	13.93	17.49	81.84	77.94	33.54	0.0	94.75	54.41	12.73	53.85	71.84	13.93	46.1	42.54
58	82.73	75.01	109.62	82.15	106.68	91.71	84.65	105.12	99.02	93.23	130.92	66.64	45.22	50.54	38.6	32.06	66.48	108.07	43.01	48.1	65.46	71.18	91.59	101.24	121.12	116.84	104.86	78.23	112.04	59.46	57.01	143.18	111.36	36.62	78.26	130.92	39.7	109.79	113.85	114.63	106.02	114.56	89.11	102.55	124.79	62.23	86.7	46.0	109.14	31.02	130.48	125.87	90.0	111.8	111.02	110.02	80.53	94.75	0.0	101.64	95.6	49.98	87.02	107.63	48.92	92.97
59	54.56	32.56	60.54	73.11	31.78	80.62	44.6	18.97	34.89	38.6	51.79	39.46	74.33	79.12	63.15	71.51	58.6	68.43	74.97	67.08	47.13	81.63	32.65	16.12	21.93	19.24	74.09	27.02	67.23	43.1	46.04	71.57	26.02	69.03	23.77	51.79	73.33	64.47	61.03	72.62	73.06	59.48	52.4	58.18	28.6	58.87	17.69	57.78	7.62	72.11	62.0	25.81	41.11	55.66	27.73	23.71	82.01	54.41	101.64	0.0	41.88	52.35	27.73	63.07	62.65	13.04
60	18.03	57.01	21.0	35.11	16.49	40.22	11.18	60.42	8.06	4.0	35.78	33.12	54.23	54.57	61.07	74.4	31.62	27.2	55.95	48.76	30.41	47.52	10.2	56.8	43.83	59.46	32.25	52.04	27.17	42.94	43.57	48.17	25.63	59.03	44.01	35.78	57.31	24.19	23.35	32.39	31.3	22.8	12.65	16.76	41.76	34.93	48.05	65.3	43.86	74.2	35.47	48.33	5.66	18.97	69.46	65.51	44.6	12.73	95.6	41.88	0.0	50.22	61.0	22.36	46.87	30.46
61	43.42	32.25	68.45	53.15	58.26	64.12	40.71	59.23	51.62	47.01	83.49	17.69	29.0	36.88	11.66	24.21	31.02	70.21	28.43	22.8	21.19	51.26	43.84	54.92	71.17	69.07	70.21	32.89	72.8	9.49	7.21	98.23	61.91	17.46	30.15	83.49	24.7	70.01	72.01	76.84	70.61	72.07	48.1	61.85	74.85	27.17	39.46	17.03	59.68	24.08	85.6	75.96	44.65	68.6	66.76	64.76	57.49	53.85	49.98	52.35	50.22	0.0	44.28	67.78	18.03	43.01
62	67.54	12.37	81.74	84.38	56.22	93.94	58.87	19.31	56.14	57.07	78.85	41.11	72.4	79.4	51.66	55.0	64.66	88.07	72.2	65.46	51.09	88.62	50.8	16.64	48.83	33.12	92.05	12.04	88.12	38.01	41.05	98.27	52.63	61.47	18.87	78.85	68.88	85.16	83.29	93.38	91.48	82.15	68.01	77.67	56.08	62.97	13.04	41.05	33.84	56.01	87.82	51.86	57.97	78.16	24.0	23.35	91.84	71.84	87.02	27.73	61.0	44.28	0.0	83.36	60.46	32.02
63	25.24	79.06	4.12	30.68	32.8	29.02	27.66	81.94	28.23	26.31	36.5	52.39	62.97	60.22	77.37	91.24	41.23	5.66	65.07	59.55	46.62	45.54	32.56	78.55	60.11	79.32	13.42	74.24	5.1	62.1	61.98	38.63	41.77	72.42	66.19	36.5	67.94	2.24	8.06	10.05	11.66	10.0	19.7	6.08	55.61	45.61	70.41	84.12	63.81	90.79	27.46	63.78	26.0	10.77	90.8	86.76	38.64	13.93	107.63	63.07	22.36	67.78	83.36	0.0	59.41	52.5
64	34.21	49.04	61.07	38.47	59.24	49.37	35.81	73.16	50.99	44.78	82.49	23.19	12.08	19.1	21.0	34.37	18.36	60.54	12.37	5.0	17.72	33.96	44.01	68.71	78.23	81.02	58.69	48.55	64.07	22.47	19.42	94.26	65.25	13.04	43.86	82.49	11.18	61.61	65.19	67.23	59.51	65.8	40.36	54.04	80.23	13.89	53.31	33.24	69.26	33.54	81.57	83.22	41.34	62.94	81.44	78.92	41.11	46.1	48.92	62.65	46.87	18.03	60.46	59.41	0.0	51.04
65	41.73	31.78	50.45	60.21	24.33	68.01	31.83	30.23	24.52	26.83	48.33	28.02	62.39	66.71	54.42	64.5	45.69	57.58	63.2	55.23	34.71	68.6	20.59	26.42	28.16	32.25	62.61	26.0	57.01	33.53	36.14	67.05	22.47	58.69	19.42	48.33	62.0	54.12	51.62	62.36	61.74	50.36	40.0	47.17	32.25	46.17	19.1	51.61	18.44	64.88	56.09	32.98	28.84	46.39	39.41	35.61	69.03	42.54	92.97	13.04	30.46	43.01	32.02	52.5	51.04	0.0
;
