set K:= 1	2	3	4	5	6	7	8	9;
set C_H:= 1	2	3	4	5	6	7	8	9	10	11	12	13	14	15	16	17	18	19	20	21	22	23	24	25	26	27	28	29	30	31	32	33;
set C_S:= 34	35	36	37	38	39	40	41	42	43	44	45	46	47	48	49;
set C_F:= 50	51	52	53	54;
set M:= 55	56	57	58	59	60;
set L_B:= 61	62	63	64	65	66	67	68	69;
set A1:=
(0,*) 1 2 3 4 5 6 7 8 9 10 11 12 13 14 15 16 17 18 19 20 21 22 23 24 25 26 27 28 29 30 31 32 33 50 51 52 53 54 55 56 57 58 59 60 61 62 63 64 65 66 67 68 69
(1,*) 0 2 3 4 5 6 7 8 9 10 11 12 13 14 15 16 17 18 19 20 21 22 23 24 25 26 27 28 29 30 31 32 33 50 51 52 53 54 55 56 57 58 59 60 61 62 63 64 65 66 67 68 69
(2,*) 0 1 3 4 5 6 7 8 9 10 11 12 13 14 15 16 17 18 19 20 21 22 23 24 25 26 27 28 29 30 31 32 33 50 51 52 53 54 55 56 57 58 59 60 61 62 63 64 65 66 67 68 69
(3,*) 0 1 2 4 5 6 7 8 9 10 11 12 13 14 15 16 17 18 19 20 21 22 23 24 25 26 27 28 29 30 31 32 33 50 51 52 53 54 55 56 57 58 59 60 61 62 63 64 65 66 67 68 69
(4,*) 0 1 2 3 5 6 7 8 9 10 11 12 13 14 15 16 17 18 19 20 21 22 23 24 25 26 27 28 29 30 31 32 33 50 51 52 53 54 55 56 57 58 59 60 61 62 63 64 65 66 67 68 69
(5,*) 0 1 2 3 4 6 7 8 9 10 11 12 13 14 15 16 17 18 19 20 21 22 23 24 25 26 27 28 29 30 31 32 33 50 51 52 53 54 55 56 57 58 59 60 61 62 63 64 65 66 67 68 69
(6,*) 0 1 2 3 4 5 7 8 9 10 11 12 13 14 15 16 17 18 19 20 21 22 23 24 25 26 27 28 29 30 31 32 33 50 51 52 53 54 55 56 57 58 59 60 61 62 63 64 65 66 67 68 69
(7,*) 0 1 2 3 4 5 6 8 9 10 11 12 13 14 15 16 17 18 19 20 21 22 23 24 25 26 27 28 29 30 31 32 33 50 51 52 53 54 55 56 57 58 59 60 61 62 63 64 65 66 67 68 69
(8,*) 0 1 2 3 4 5 6 7 9 10 11 12 13 14 15 16 17 18 19 20 21 22 23 24 25 26 27 28 29 30 31 32 33 50 51 52 53 54 55 56 57 58 59 60 61 62 63 64 65 66 67 68 69
(9,*) 0 1 2 3 4 5 6 7 8 10 11 12 13 14 15 16 17 18 19 20 21 22 23 24 25 26 27 28 29 30 31 32 33 50 51 52 53 54 55 56 57 58 59 60 61 62 63 64 65 66 67 68 69
(10,*) 0 1 2 3 4 5 6 7 8 9 11 12 13 14 15 16 17 18 19 20 21 22 23 24 25 26 27 28 29 30 31 32 33 50 51 52 53 54 55 56 57 58 59 60 61 62 63 64 65 66 67 68 69
(11,*) 0 1 2 3 4 5 6 7 8 9 10 12 13 14 15 16 17 18 19 20 21 22 23 24 25 26 27 28 29 30 31 32 33 50 51 52 53 54 55 56 57 58 59 60 61 62 63 64 65 66 67 68 69
(12,*) 0 1 2 3 4 5 6 7 8 9 10 11 13 14 15 16 17 18 19 20 21 22 23 24 25 26 27 28 29 30 31 32 33 50 51 52 53 54 55 56 57 58 59 60 61 62 63 64 65 66 67 68 69
(13,*) 0 1 2 3 4 5 6 7 8 9 10 11 12 14 15 16 17 18 19 20 21 22 23 24 25 26 27 28 29 30 31 32 33 50 51 52 53 54 55 56 57 58 59 60 61 62 63 64 65 66 67 68 69
(14,*) 0 1 2 3 4 5 6 7 8 9 10 11 12 13 15 16 17 18 19 20 21 22 23 24 25 26 27 28 29 30 31 32 33 50 51 52 53 54 55 56 57 58 59 60 61 62 63 64 65 66 67 68 69
(15,*) 0 1 2 3 4 5 6 7 8 9 10 11 12 13 14 16 17 18 19 20 21 22 23 24 25 26 27 28 29 30 31 32 33 50 51 52 53 54 55 56 57 58 59 60 61 62 63 64 65 66 67 68 69
(16,*) 0 1 2 3 4 5 6 7 8 9 10 11 12 13 14 15 17 18 19 20 21 22 23 24 25 26 27 28 29 30 31 32 33 50 51 52 53 54 55 56 57 58 59 60 61 62 63 64 65 66 67 68 69
(17,*) 0 1 2 3 4 5 6 7 8 9 10 11 12 13 14 15 16 18 19 20 21 22 23 24 25 26 27 28 29 30 31 32 33 50 51 52 53 54 55 56 57 58 59 60 61 62 63 64 65 66 67 68 69
(18,*) 0 1 2 3 4 5 6 7 8 9 10 11 12 13 14 15 16 17 19 20 21 22 23 24 25 26 27 28 29 30 31 32 33 50 51 52 53 54 55 56 57 58 59 60 61 62 63 64 65 66 67 68 69
(19,*) 0 1 2 3 4 5 6 7 8 9 10 11 12 13 14 15 16 17 18 20 21 22 23 24 25 26 27 28 29 30 31 32 33 50 51 52 53 54 55 56 57 58 59 60 61 62 63 64 65 66 67 68 69
(20,*) 0 1 2 3 4 5 6 7 8 9 10 11 12 13 14 15 16 17 18 19 21 22 23 24 25 26 27 28 29 30 31 32 33 50 51 52 53 54 55 56 57 58 59 60 61 62 63 64 65 66 67 68 69
(21,*) 0 1 2 3 4 5 6 7 8 9 10 11 12 13 14 15 16 17 18 19 20 22 23 24 25 26 27 28 29 30 31 32 33 50 51 52 53 54 55 56 57 58 59 60 61 62 63 64 65 66 67 68 69
(22,*) 0 1 2 3 4 5 6 7 8 9 10 11 12 13 14 15 16 17 18 19 20 21 23 24 25 26 27 28 29 30 31 32 33 50 51 52 53 54 55 56 57 58 59 60 61 62 63 64 65 66 67 68 69
(23,*) 0 1 2 3 4 5 6 7 8 9 10 11 12 13 14 15 16 17 18 19 20 21 22 24 25 26 27 28 29 30 31 32 33 50 51 52 53 54 55 56 57 58 59 60 61 62 63 64 65 66 67 68 69
(24,*) 0 1 2 3 4 5 6 7 8 9 10 11 12 13 14 15 16 17 18 19 20 21 22 23 25 26 27 28 29 30 31 32 33 50 51 52 53 54 55 56 57 58 59 60 61 62 63 64 65 66 67 68 69
(25,*) 0 1 2 3 4 5 6 7 8 9 10 11 12 13 14 15 16 17 18 19 20 21 22 23 24 26 27 28 29 30 31 32 33 50 51 52 53 54 55 56 57 58 59 60 61 62 63 64 65 66 67 68 69
(26,*) 0 1 2 3 4 5 6 7 8 9 10 11 12 13 14 15 16 17 18 19 20 21 22 23 24 25 27 28 29 30 31 32 33 50 51 52 53 54 55 56 57 58 59 60 61 62 63 64 65 66 67 68 69
(27,*) 0 1 2 3 4 5 6 7 8 9 10 11 12 13 14 15 16 17 18 19 20 21 22 23 24 25 26 28 29 30 31 32 33 50 51 52 53 54 55 56 57 58 59 60 61 62 63 64 65 66 67 68 69
(28,*) 0 1 2 3 4 5 6 7 8 9 10 11 12 13 14 15 16 17 18 19 20 21 22 23 24 25 26 27 29 30 31 32 33 50 51 52 53 54 55 56 57 58 59 60 61 62 63 64 65 66 67 68 69
(29,*) 0 1 2 3 4 5 6 7 8 9 10 11 12 13 14 15 16 17 18 19 20 21 22 23 24 25 26 27 28 30 31 32 33 50 51 52 53 54 55 56 57 58 59 60 61 62 63 64 65 66 67 68 69
(30,*) 0 1 2 3 4 5 6 7 8 9 10 11 12 13 14 15 16 17 18 19 20 21 22 23 24 25 26 27 28 29 31 32 33 50 51 52 53 54 55 56 57 58 59 60 61 62 63 64 65 66 67 68 69
(31,*) 0 1 2 3 4 5 6 7 8 9 10 11 12 13 14 15 16 17 18 19 20 21 22 23 24 25 26 27 28 29 30 32 33 50 51 52 53 54 55 56 57 58 59 60 61 62 63 64 65 66 67 68 69
(32,*) 0 1 2 3 4 5 6 7 8 9 10 11 12 13 14 15 16 17 18 19 20 21 22 23 24 25 26 27 28 29 30 31 33 50 51 52 53 54 55 56 57 58 59 60 61 62 63 64 65 66 67 68 69
(33,*) 0 1 2 3 4 5 6 7 8 9 10 11 12 13 14 15 16 17 18 19 20 21 22 23 24 25 26 27 28 29 30 31 32 50 51 52 53 54 55 56 57 58 59 60 61 62 63 64 65 66 67 68 69
(50,*) 0 1 2 3 4 5 6 7 8 9 10 11 12 13 14 15 16 17 18 19 20 21 22 23 24 25 26 27 28 29 30 31 32 33 51 52 53 54 55 56 57 58 59 60 61 62 63 64 65 66 67 68 69
(51,*) 0 1 2 3 4 5 6 7 8 9 10 11 12 13 14 15 16 17 18 19 20 21 22 23 24 25 26 27 28 29 30 31 32 33 50 52 53 54 55 56 57 58 59 60 61 62 63 64 65 66 67 68 69
(52,*) 0 1 2 3 4 5 6 7 8 9 10 11 12 13 14 15 16 17 18 19 20 21 22 23 24 25 26 27 28 29 30 31 32 33 50 51 53 54 55 56 57 58 59 60 61 62 63 64 65 66 67 68 69
(53,*) 0 1 2 3 4 5 6 7 8 9 10 11 12 13 14 15 16 17 18 19 20 21 22 23 24 25 26 27 28 29 30 31 32 33 50 51 52 54 55 56 57 58 59 60 61 62 63 64 65 66 67 68 69
(54,*) 0 1 2 3 4 5 6 7 8 9 10 11 12 13 14 15 16 17 18 19 20 21 22 23 24 25 26 27 28 29 30 31 32 33 50 51 52 53 55 56 57 58 59 60 61 62 63 64 65 66 67 68 69
(55,*) 0 1 2 3 4 5 6 7 8 9 10 11 12 13 14 15 16 17 18 19 20 21 22 23 24 25 26 27 28 29 30 31 32 33 50 51 52 53 54 56 57 58 59 60 61 62 63 64 65 66 67 68 69
(56,*) 0 1 2 3 4 5 6 7 8 9 10 11 12 13 14 15 16 17 18 19 20 21 22 23 24 25 26 27 28 29 30 31 32 33 50 51 52 53 54 55 57 58 59 60 61 62 63 64 65 66 67 68 69
(57,*) 0 1 2 3 4 5 6 7 8 9 10 11 12 13 14 15 16 17 18 19 20 21 22 23 24 25 26 27 28 29 30 31 32 33 50 51 52 53 54 55 56 58 59 60 61 62 63 64 65 66 67 68 69
(58,*) 0 1 2 3 4 5 6 7 8 9 10 11 12 13 14 15 16 17 18 19 20 21 22 23 24 25 26 27 28 29 30 31 32 33 50 51 52 53 54 55 56 57 59 60 61 62 63 64 65 66 67 68 69
(59,*) 0 1 2 3 4 5 6 7 8 9 10 11 12 13 14 15 16 17 18 19 20 21 22 23 24 25 26 27 28 29 30 31 32 33 50 51 52 53 54 55 56 57 58 60 61 62 63 64 65 66 67 68 69
(60,*) 0 1 2 3 4 5 6 7 8 9 10 11 12 13 14 15 16 17 18 19 20 21 22 23 24 25 26 27 28 29 30 31 32 33 50 51 52 53 54 55 56 57 58 59 61 62 63 64 65 66 67 68 69
(61,*) 0 1 2 3 4 5 6 7 8 9 10 11 12 13 14 15 16 17 18 19 20 21 22 23 24 25 26 27 28 29 30 31 32 33 50 51 52 53 54 55 56 57 58 59 60 62 63 64 65 66 67 68 69
(62,*) 0 1 2 3 4 5 6 7 8 9 10 11 12 13 14 15 16 17 18 19 20 21 22 23 24 25 26 27 28 29 30 31 32 33 50 51 52 53 54 55 56 57 58 59 60 61 63 64 65 66 67 68 69
(63,*) 0 1 2 3 4 5 6 7 8 9 10 11 12 13 14 15 16 17 18 19 20 21 22 23 24 25 26 27 28 29 30 31 32 33 50 51 52 53 54 55 56 57 58 59 60 61 62 64 65 66 67 68 69
(64,*) 0 1 2 3 4 5 6 7 8 9 10 11 12 13 14 15 16 17 18 19 20 21 22 23 24 25 26 27 28 29 30 31 32 33 50 51 52 53 54 55 56 57 58 59 60 61 62 63 65 66 67 68 69
(65,*) 0 1 2 3 4 5 6 7 8 9 10 11 12 13 14 15 16 17 18 19 20 21 22 23 24 25 26 27 28 29 30 31 32 33 50 51 52 53 54 55 56 57 58 59 60 61 62 63 64 66 67 68 69
(66,*) 0 1 2 3 4 5 6 7 8 9 10 11 12 13 14 15 16 17 18 19 20 21 22 23 24 25 26 27 28 29 30 31 32 33 50 51 52 53 54 55 56 57 58 59 60 61 62 63 64 65 67 68 69
(67,*) 0 1 2 3 4 5 6 7 8 9 10 11 12 13 14 15 16 17 18 19 20 21 22 23 24 25 26 27 28 29 30 31 32 33 50 51 52 53 54 55 56 57 58 59 60 61 62 63 64 65 66 68 69
(68,*) 0 1 2 3 4 5 6 7 8 9 10 11 12 13 14 15 16 17 18 19 20 21 22 23 24 25 26 27 28 29 30 31 32 33 50 51 52 53 54 55 56 57 58 59 60 61 62 63 64 65 66 67 69
(69,*) 0 1 2 3 4 5 6 7 8 9 10 11 12 13 14 15 16 17 18 19 20 21 22 23 24 25 26 27 28 29 30 31 32 33 50 51 52 53 54 55 56 57 58 59 60 61 62 63 64 65 66 67 68
;
set A2:=
(55,*) 56
(56,*) 55
(57,*) 58
(58,*) 57
(59,*) 60
(60,*) 59
;
param BigM:=99999;
param n:= 9;
param d:=
1	4
2	11
3	20
4	21
5	13
6	14
7	17
8	11
9	36
10	6
11	7
12	21
13	17
14	22
15	10
16	21
17	23
18	22
19	11
20	24
21	25
22	2
23	18
24	13
25	3
26	14
27	10
28	66
29	12
30	5
31	18
32	11
33	12
34	3
35	12
36	10
37	20
38	16
39	11
40	19
41	15
42	15
43	22
44	12
45	15
46	20
47	10
48	10
49	24
50	25
51	19
52	7
53	7
54	7
;
param Q:=100;
param w:=
[55,*] 56 1
[56,*] 55 1
[57,*] 58 1
[58,*] 57 1
[59,*] 60 1
[60,*] 59 1
;
param V:=
[55,*] 56 94
[56,*] 55 94
[57,*] 58 80
[58,*] 57 80
[59,*] 60 98
[60,*] 59 98
;
param f:=
55	100
56	100
57	100
58	100
59	100
60	100
61	100
62	100
63	100
64	100
65	100
66	100
67	100
68	100
69	100
;
param e:
	55	56	57	58	59	60	61	62	63	64	65	66	67	68	69:=
34	1	0	0	0	1	1	0	1	1	0	1	1	0	1	1	
35	0	0	0	1	0	0	1	0	0	1	0	0	1	0	0	
36	0	1	1	1	0	0	1	0	0	1	1	1	1	1	0	
37	1	0	0	0	0	1	0	0	1	0	0	1	0	0	1	
38	0	0	0	1	0	1	1	0	0	1	0	1	1	0	1	
39	0	1	1	0	1	0	0	0	0	0	1	0	0	1	0	
40	0	0	1	0	1	0	0	1	0	0	1	0	0	1	0	
41	0	1	1	0	1	0	0	0	0	0	1	0	0	1	0	
42	0	1	0	0	0	0	1	0	0	1	0	0	1	0	0	
43	0	0	0	1	0	1	1	0	0	1	1	1	1	0	1	
44	0	0	0	1	0	0	1	0	0	1	0	0	1	0	0	
45	0	1	0	1	0	0	1	0	0	1	0	0	1	0	0	
46	0	1	1	0	1	0	1	0	0	0	1	0	0	1	0	
47	1	0	0	0	0	1	0	0	1	0	0	1	0	0	1	
48	0	1	0	1	0	0	1	0	0	1	0	0	1	0	0	
49	1	0	0	0	0	1	0	0	1	0	0	1	0	0	1	
50	0	1	0	1	0	0	1	0	0	1	0	0	1	0	0	
51	0	1	0	1	0	0	1	0	0	1	0	0	1	0	0	
52	0	1	1	0	1	0	1	0	0	0	1	1	0	1	0	
53	1	0	0	1	0	1	0	0	1	0	0	1	1	0	1	
54	0	0	1	0	1	0	0	1	0	0	1	0	0	1	0	
;
param p:=
1	1
2	1
3	1
4	1
5	1
6	1
7	1
8	1
9	1
;
param G:=
55	78
56	94
57	79
58	80
59	84
60	98
61	72
62	76
63	92
64	80
65	96
66	98
67	99
68	80
69	77
;
param s:=
0	0
1	15
2	15
3	15
4	15
5	15
6	15
7	15
8	15
9	15
10	15
11	15
12	15
13	15
14	15
15	15
16	15
17	15
18	15
19	15
20	15
21	15
22	15
23	15
24	15
25	15
26	15
27	15
28	15
29	15
30	15
31	15
32	15
33	15
50	15
51	15
52	15
53	15
54	15
55	10
56	10
57	10
58	10
59	10
60	10
61	10
62	10
63	10
64	10
65	10
66	10
67	10
68	10
69	10
;
param t:
	0	1	2	3	4	5	6	7	8	9	10	11	12	13	14	15	16	17	18	19	20	21	22	23	24	25	26	27	28	29	30	31	32	33	34	35	36	37	38	39	40	41	42	43	44	45	46	47	48	49	50	51	52	53	54	55	56	57	58	59	60	61	62	63	64	65	66	67	68	69:=
0	0.0	18.6	34.37	48.85	26.63	25.5	52.2	43.19	27.46	52.2	65.46	31.11	30.07	33.62	14.87	37.7	66.31	16.28	34.66	29.61	31.89	67.48	6.71	60.75	73.41	59.44	27.07	60.21	56.65	39.05	38.33	61.03	43.17	47.2	60.44	48.55	10.0	71.59	18.68	38.83	52.39	40.8	27.29	22.83	29.41	19.85	20.52	55.57	30.02	80.81	26.91	26.93	22.36	58.25	65.8	77.16	27.78	37.64	50.22	47.51	61.61	16.4	79.62	67.48	27.46	36.72	50.99	37.34	45.19	55.32
1	18.6	0.0	51.55	65.51	11.0	43.08	65.12	43.46	32.31	65.12	83.38	38.6	44.38	34.41	33.12	32.02	72.84	22.2	36.4	14.87	40.26	85.63	22.47	78.79	92.01	76.84	23.35	70.06	72.95	51.66	50.01	69.29	60.75	50.7	76.06	57.97	28.6	89.83	36.67	37.12	59.3	39.36	24.84	41.34	39.46	28.28	26.02	73.01	33.54	99.04	34.21	28.65	34.79	76.84	72.01	95.46	9.49	41.0	64.0	52.77	80.21	25.08	89.01	86.05	32.31	43.1	69.53	52.35	52.15	73.88
2	34.37	51.55	0.0	42.72	55.95	9.0	25.61	70.23	33.84	25.61	32.25	29.55	40.61	41.68	20.0	69.58	82.07	46.39	61.98	63.95	27.86	47.85	29.12	28.02	46.65	25.3	45.25	70.94	50.0	49.52	51.09	43.08	9.43	70.24	55.66	31.78	26.02	50.7	16.0	68.15	69.81	69.64	43.86	15.23	24.17	29.0	49.03	43.42	36.36	59.14	29.68	38.42	41.63	31.3	82.13	55.03	61.03	62.77	21.93	68.26	34.89	30.0	88.48	42.05	33.84	58.59	29.27	10.44	64.07	32.02
3	48.85	65.51	42.72	0.0	75.13	40.45	67.54	53.45	68.12	67.54	49.24	67.07	22.67	76.24	40.31	62.27	47.76	46.01	48.75	70.04	66.19	25.0	49.73	44.94	39.0	50.45	73.98	34.01	8.06	21.84	25.0	85.8	41.88	47.52	13.15	74.33	40.52	29.41	40.01	55.95	40.11	56.08	73.55	34.01	62.2	60.3	44.6	9.49	71.11	37.58	65.01	70.58	32.53	31.38	48.38	35.11	73.01	45.88	63.53	43.19	32.28	58.69	48.1	33.06	68.12	39.22	21.95	53.14	38.21	24.7
4	26.63	11.0	55.95	75.13	0.0	48.26	65.38	53.76	30.02	65.38	88.19	37.0	54.71	29.41	39.62	41.18	83.73	33.14	47.07	21.26	39.01	94.02	28.32	83.86	99.09	80.96	17.72	81.06	82.76	62.37	60.83	66.29	65.37	61.39	86.16	56.14	36.24	98.08	42.64	47.17	70.26	49.4	19.65	48.1	39.32	28.86	37.01	82.15	30.27	107.3	33.06	25.18	45.35	83.63	82.87	103.59	12.04	51.79	64.94	63.64	87.11	26.57	100.0	93.35	30.02	54.08	77.1	54.71	63.13	81.32
5	25.5	43.08	9.0	40.45	48.26	0.0	32.02	61.85	29.73	32.02	40.31	27.17	33.97	37.95	11.0	60.67	75.74	37.48	53.49	55.11	26.02	50.33	20.62	35.78	51.86	33.96	39.41	65.46	48.26	43.42	44.6	47.17	17.72	62.43	53.6	34.89	17.03	53.71	7.0	59.48	62.97	61.03	38.28	7.81	22.02	23.32	40.26	43.1	32.57	62.61	25.96	33.54	33.62	36.24	75.69	58.59	52.55	54.56	28.84	60.8	39.82	23.43	83.73	46.62	29.73	50.77	31.78	15.62	56.85	35.36
6	52.2	65.12	25.61	67.54	65.38	32.02	0.0	93.06	35.9	0.0	37.95	28.86	65.8	40.31	41.18	89.81	107.48	67.23	84.53	79.51	26.68	67.36	45.61	36.67	60.53	29.12	49.48	96.54	74.32	74.97	76.38	20.0	26.25	94.3	80.11	14.21	46.96	69.07	37.74	89.96	94.92	91.71	47.54	39.7	26.08	37.0	70.68	66.73	36.69	76.06	32.39	41.23	65.46	48.04	107.49	72.03	74.01	86.09	4.12	92.8	51.0	40.05	114.04	58.03	35.9	82.66	50.45	16.4	88.87	51.62
7	43.19	43.46	70.23	53.45	53.76	61.85	93.06	0.0	70.09	93.06	94.34	74.28	34.01	75.0	51.88	15.3	32.56	26.91	8.6	35.13	75.07	78.45	49.68	89.36	91.41	91.41	65.51	36.06	57.27	31.62	28.46	104.02	76.4	9.85	56.94	91.4	46.14	82.86	55.46	7.0	21.95	5.1	66.57	55.03	72.47	62.94	22.8	62.94	72.35	90.82	70.01	68.41	28.86	80.1	31.4	88.54	43.74	8.0	90.34	14.42	82.3	59.4	51.55	85.16	70.09	14.32	70.18	76.92	17.69	74.33
8	27.46	32.31	33.84	68.12	30.02	29.73	35.9	70.09	0.0	35.9	64.38	7.07	54.57	8.25	28.02	62.2	93.47	43.42	61.72	47.17	9.22	80.06	21.93	60.83	80.45	56.08	13.6	86.33	76.16	64.29	64.2	37.0	42.64	74.63	81.02	26.17	29.83	83.38	28.16	65.07	79.61	67.18	11.7	34.37	10.82	8.25	47.8	72.18	3.0	92.2	4.24	5.39	48.85	65.0	93.02	88.14	40.02	65.0	36.06	74.95	68.6	11.18	105.65	75.66	0.0	64.14	61.47	28.43	72.47	64.88
9	52.2	65.12	25.61	67.54	65.38	32.02	0.0	93.06	35.9	0.0	37.95	28.86	65.8	40.31	41.18	89.81	107.48	67.23	84.53	79.51	26.68	67.36	45.61	36.67	60.53	29.12	49.48	96.54	74.32	74.97	76.38	20.0	26.25	94.3	80.11	14.21	46.96	69.07	37.74	89.96	94.92	91.71	47.54	39.7	26.08	37.0	70.68	66.73	36.69	76.06	32.39	41.23	65.46	48.04	107.49	72.03	74.01	86.09	4.12	92.8	51.0	40.05	114.04	58.03	35.9	82.66	50.45	16.4	88.87	51.62
10	65.46	83.38	32.25	49.24	88.19	40.31	37.95	94.34	64.38	37.95	0.0	58.73	60.67	71.45	50.6	97.25	96.66	74.67	87.05	94.92	56.64	36.36	60.93	5.0	24.33	8.94	76.84	83.19	52.8	66.48	69.12	57.27	22.83	91.59	58.26	51.48	56.04	36.25	46.82	94.01	87.28	95.05	75.29	43.17	53.74	60.8	76.24	43.42	66.47	41.0	60.14	69.43	66.01	18.44	97.17	37.36	92.85	86.37	34.54	88.29	19.21	62.13	96.61	24.17	64.38	80.75	27.29	36.07	83.43	25.0
11	31.11	38.6	29.55	67.07	37.0	27.17	28.86	74.28	7.07	28.86	58.73	0.0	55.71	12.73	28.16	67.42	95.88	47.38	65.76	53.45	2.24	76.92	24.84	55.44	76.06	50.21	20.62	87.85	75.03	65.55	65.8	30.87	37.74	78.1	80.16	19.42	31.3	80.01	27.29	69.66	82.15	71.7	18.68	33.06	5.39	11.4	51.62	70.26	8.06	88.6	4.47	12.37	51.11	60.84	95.52	84.5	46.69	68.68	29.15	78.01	64.4	15.0	106.98	71.59	7.07	67.2	58.24	22.67	75.17	61.35
12	30.07	44.38	40.61	22.67	54.71	33.97	65.8	34.01	54.57	65.8	60.67	55.71	0.0	61.98	27.73	40.31	41.77	23.6	27.66	47.51	55.54	46.53	33.24	55.73	57.97	58.52	57.0	32.2	29.21	9.85	10.63	80.8	44.72	31.05	31.76	68.24	24.74	51.0	29.68	34.93	29.21	35.51	57.04	26.17	51.89	46.32	21.93	31.62	57.49	59.68	52.5	55.58	10.0	46.1	41.73	56.82	51.11	26.02	62.37	28.23	48.37	43.74	51.26	51.66	54.57	20.1	36.22	49.5	23.71	40.45
13	33.62	34.41	41.68	76.24	29.41	37.95	40.31	75.0	8.25	40.31	71.45	12.73	61.98	0.0	36.01	65.8	99.92	48.88	66.85	48.88	14.87	88.26	28.86	68.12	88.32	62.94	11.7	93.41	84.29	71.59	71.31	37.22	50.22	80.26	89.09	28.44	37.34	91.55	36.35	69.53	86.01	71.7	9.85	42.58	17.8	16.0	53.34	80.41	5.39	100.32	12.08	6.71	55.66	72.95	99.4	96.25	40.72	70.49	41.18	80.95	76.54	18.25	112.79	83.65	8.25	70.21	69.64	35.38	78.79	73.01
14	14.87	33.12	20.0	40.31	39.62	11.0	41.18	51.88	28.02	41.18	50.6	28.16	27.73	36.01	0.0	49.82	68.82	26.68	43.38	44.38	27.86	55.23	11.31	45.88	59.46	44.72	34.18	59.93	48.37	37.58	38.08	53.81	28.44	53.41	53.08	41.11	6.08	59.08	4.0	49.04	55.44	50.7	33.53	8.49	24.17	20.02	29.73	45.22	31.02	68.24	25.32	30.27	24.76	44.05	68.6	64.4	42.49	44.94	38.48	52.35	47.51	18.44	78.92	53.74	28.02	41.87	37.64	25.08	48.84	41.77
15	37.7	32.02	69.58	62.27	41.18	60.67	89.81	15.3	62.2	89.81	97.25	67.42	40.31	65.8	49.82	0.0	47.85	23.19	14.14	20.88	68.6	86.76	44.38	92.27	98.03	93.01	55.23	50.54	67.42	41.4	38.42	98.11	77.1	25.0	68.12	85.88	43.74	91.24	53.76	8.54	36.77	10.2	56.59	55.08	66.65	56.08	21.02	71.59	64.03	99.76	62.97	59.55	32.02	85.15	46.69	97.05	30.08	18.6	87.64	29.15	87.8	52.48	66.76	91.71	62.2	24.76	75.69	74.46	31.38	80.08
16	66.31	72.84	82.07	47.76	83.73	75.74	107.48	32.56	93.47	107.48	96.66	95.88	41.77	99.92	68.82	47.85	0.0	51.92	37.01	67.07	96.04	69.58	71.55	92.14	85.51	96.75	92.35	14.14	46.69	32.56	31.14	122.44	85.0	23.09	43.1	109.81	64.66	73.33	71.22	39.46	13.93	37.66	92.97	67.94	92.65	85.42	47.54	55.54	96.18	79.0	92.18	93.23	44.78	79.12	1.41	78.1	75.03	32.06	103.97	20.1	80.01	82.29	19.72	80.05	93.47	30.08	69.46	91.24	21.19	72.45
17	16.28	22.2	46.39	46.01	33.14	37.48	67.23	26.91	43.42	67.23	74.67	47.38	23.6	48.88	26.68	23.19	51.92	0.0	18.38	24.04	48.17	68.6	22.8	69.72	77.82	70.03	40.5	48.0	52.8	29.73	27.89	77.2	54.01	31.38	55.23	64.64	20.62	73.01	30.59	22.83	38.08	24.7	41.23	32.0	45.61	36.07	4.47	54.49	45.8	82.01	43.14	42.19	13.6	63.91	51.24	78.82	27.73	21.63	64.85	32.31	66.85	32.56	67.12	71.55	43.42	21.84	55.04	51.55	30.81	59.51
18	34.66	36.4	61.98	48.75	47.07	53.49	84.53	8.6	61.72	84.53	87.05	65.76	27.66	66.85	43.38	14.14	37.01	18.38	0.0	30.27	66.53	73.54	41.11	82.05	85.62	83.73	57.71	37.34	53.54	27.46	24.41	95.43	68.45	14.32	54.04	82.8	37.59	78.0	47.01	7.28	24.33	8.0	58.67	46.84	63.89	54.45	14.21	58.18	64.03	86.33	61.52	60.22	21.1	73.55	36.06	83.77	38.01	5.1	81.86	17.03	75.95	50.93	54.74	79.31	61.72	10.63	63.79	68.45	18.03	68.07
19	29.61	14.87	63.95	70.04	21.26	55.11	79.51	35.13	47.17	79.51	94.92	53.45	47.51	48.88	44.38	20.88	67.07	24.04	30.27	0.0	55.08	92.46	35.13	90.14	100.85	89.05	37.44	67.19	76.69	52.48	50.12	84.15	72.78	44.01	78.82	72.8	38.9	96.83	48.27	28.16	54.59	30.27	39.12	51.87	54.13	42.95	25.81	78.52	48.33	105.89	49.04	43.38	37.54	86.31	66.03	102.62	9.43	35.36	78.16	47.27	89.47	39.62	85.0	94.67	47.17	39.56	78.03	66.01	48.05	82.49
20	31.89	40.26	27.86	66.19	39.01	26.02	26.68	75.07	9.22	26.68	56.64	2.24	55.54	14.87	27.86	68.6	96.04	48.17	66.53	55.08	0.0	75.43	25.46	53.41	74.24	48.08	22.8	87.73	74.11	65.39	65.74	29.53	35.85	78.64	79.31	17.72	31.38	78.45	26.68	70.6	82.38	72.62	20.88	32.25	4.0	12.53	52.35	69.12	10.3	86.98	6.08	14.56	51.31	59.09	95.72	82.87	48.51	69.31	26.93	78.41	62.65	16.12	106.78	69.86	9.22	67.62	56.75	20.62	75.45	59.77
21	67.48	85.63	47.85	25.0	94.02	50.33	67.36	78.45	80.06	67.36	36.36	76.92	46.53	88.26	55.23	86.76	69.58	68.6	73.54	92.46	75.43	0.0	66.29	34.01	16.55	41.79	89.01	55.44	23.02	46.84	50.0	87.28	42.01	72.37	26.68	78.03	57.8	4.47	53.24	80.78	64.12	80.99	88.1	47.01	71.57	73.41	67.96	15.52	82.87	13.45	76.22	83.77	55.76	19.65	70.46	10.3	94.05	70.84	63.29	67.9	17.46	72.9	64.47	12.73	80.06	64.2	18.68	57.31	62.97	16.03
22	6.71	22.47	29.12	49.73	28.32	20.62	45.61	49.68	21.93	45.61	60.93	24.84	33.24	28.86	11.31	44.38	71.55	22.8	41.11	35.13	25.46	66.29	0.0	56.36	70.77	54.41	24.33	64.56	57.72	42.76	42.45	54.41	38.28	53.26	61.98	41.88	9.22	70.21	14.42	45.49	57.71	47.43	24.08	19.8	22.8	13.89	26.91	55.54	24.7	79.4	20.81	22.36	26.93	55.32	71.12	75.6	31.95	43.86	43.74	53.25	58.8	10.77	83.93	65.05	21.93	42.44	48.92	31.06	50.61	53.08
23	60.75	78.79	28.02	44.94	83.86	35.78	36.67	89.36	60.83	36.67	5.0	55.44	55.73	68.12	45.88	92.27	92.14	69.72	82.05	90.14	53.41	34.01	56.36	0.0	24.02	8.06	73.0	78.77	48.92	61.68	64.29	56.44	18.6	86.68	54.49	49.65	51.24	34.48	42.15	89.01	82.54	90.05	71.51	38.33	50.33	56.85	71.25	39.62	63.03	40.2	56.59	65.76	61.01	15.0	92.61	36.35	88.24	81.39	32.98	83.43	16.55	58.01	92.62	22.56	60.83	75.8	23.02	32.8	78.59	21.21
24	73.41	92.01	46.65	39.0	99.09	51.86	60.53	91.41	80.45	60.53	24.33	76.06	57.97	88.32	59.46	98.03	85.51	77.82	85.62	100.85	74.24	16.55	70.77	24.02	0.0	32.0	91.21	71.39	38.83	60.3	63.39	80.4	38.48	86.28	43.01	73.01	63.41	14.21	56.57	92.89	79.06	93.39	90.0	50.99	70.71	75.0	78.0	30.15	83.01	16.76	76.32	84.88	66.13	15.62	86.31	13.42	101.02	83.55	56.72	82.1	12.04	75.29	81.02	6.32	80.45	77.1	22.83	54.23	77.1	18.36
25	59.44	76.84	25.3	50.45	80.96	33.96	29.12	91.41	56.08	29.12	8.94	50.21	58.52	62.94	44.72	93.01	96.75	70.03	83.73	89.05	48.08	41.79	54.41	8.06	32.0	0.0	68.82	83.76	55.17	65.39	67.78	48.66	16.28	89.56	60.88	42.54	50.49	42.45	40.79	90.45	86.41	91.66	67.2	38.05	45.34	53.0	72.03	46.1	58.05	48.26	51.86	61.22	62.65	22.36	97.13	44.41	86.33	83.55	25.63	86.65	24.35	54.59	98.49	30.59	56.08	78.34	29.0	27.66	81.93	28.02
26	27.07	23.35	45.25	73.98	17.72	39.41	49.48	65.51	13.6	49.48	76.84	20.62	57.0	11.7	34.18	55.23	92.35	40.5	57.71	37.44	22.8	89.01	24.33	73.0	91.21	68.82	0.0	87.13	82.0	66.12	65.38	48.66	54.49	71.59	86.31	39.01	33.54	92.66	35.78	59.64	78.45	61.85	2.0	42.05	24.17	16.28	44.94	79.38	13.04	101.71	17.46	8.25	49.37	75.6	91.71	97.75	29.07	61.74	49.65	72.8	79.2	16.12	106.53	86.02	13.6	62.3	70.83	41.34	71.17	74.63
27	60.21	70.06	70.94	34.01	81.06	65.46	96.54	36.06	86.33	96.54	83.19	87.85	32.2	93.41	59.93	50.54	14.14	48.0	37.34	67.19	87.73	55.44	64.56	78.77	71.39	83.76	87.13	0.0	32.56	22.36	22.14	112.61	72.92	26.4	29.02	100.17	56.65	59.21	61.77	42.06	14.21	40.82	87.48	57.69	84.1	78.11	44.05	41.48	89.19	65.03	84.5	86.83	37.85	65.39	15.03	64.03	73.98	32.31	92.85	21.63	66.13	75.29	19.42	65.97	86.33	27.66	55.9	80.6	19.31	58.69
28	56.65	72.95	50.0	8.06	82.76	48.26	74.32	57.27	76.16	74.32	52.8	75.03	29.21	84.29	48.37	67.42	46.69	52.8	53.54	76.69	74.11	23.02	57.72	48.92	38.83	55.17	82.0	32.56	0.0	26.08	29.15	92.97	48.3	50.29	5.83	81.74	48.51	27.02	48.04	60.54	41.3	60.42	81.58	42.0	70.11	68.36	50.99	9.43	79.16	33.96	73.03	78.64	39.2	34.41	47.52	32.25	80.16	50.12	70.26	45.61	34.48	66.75	43.83	33.53	76.16	43.42	26.17	60.44	40.8	27.8
29	39.05	51.66	49.52	21.84	62.37	43.42	74.97	31.62	64.29	74.97	66.48	65.55	9.85	71.59	37.58	41.4	32.56	29.73	27.46	52.48	65.39	46.84	42.76	61.68	60.3	65.39	66.12	22.36	26.08	0.0	3.16	90.44	52.7	26.02	26.87	77.94	34.48	51.24	39.45	34.48	21.02	34.44	66.27	35.61	61.74	56.04	26.83	31.32	67.19	59.24	62.3	65.12	17.12	50.36	32.65	56.92	57.38	24.17	71.42	22.09	52.09	53.37	41.44	54.15	64.29	17.46	40.31	58.8	17.12	44.1
30	38.33	50.01	51.09	25.0	60.83	44.6	76.38	28.46	64.2	76.38	69.12	65.8	10.63	71.31	38.08	38.42	31.14	27.89	24.41	50.12	65.74	50.0	42.45	64.29	63.39	67.78	65.38	22.14	29.15	3.16	0.0	91.4	54.71	23.0	29.73	78.82	34.54	54.41	40.22	31.38	18.87	31.3	65.62	36.8	62.18	55.97	24.7	34.48	67.05	62.39	62.39	64.76	16.03	53.24	31.11	60.08	55.36	21.02	72.92	19.24	55.04	53.16	41.48	57.22	64.2	14.32	43.19	60.11	14.32	47.04
31	61.03	69.29	43.08	85.8	66.29	47.17	20.0	104.02	37.0	20.0	57.27	30.87	80.8	37.22	53.81	98.11	122.44	77.2	95.43	84.15	29.53	87.28	54.41	56.44	80.4	48.66	48.66	112.61	92.97	90.44	91.4	0.0	45.71	106.83	98.68	12.73	58.69	89.05	51.22	99.86	109.22	101.83	46.69	54.92	31.62	42.06	81.22	85.87	36.14	96.05	35.34	41.23	78.52	68.03	122.29	92.02	76.92	97.84	24.02	106.08	71.0	45.65	130.86	78.03	37.0	95.46	70.04	32.7	102.65	71.45
32	43.17	60.75	9.43	41.88	65.37	17.72	26.25	76.4	42.64	26.25	22.83	37.74	44.72	50.22	28.44	77.1	85.0	54.01	68.45	72.78	35.85	42.01	38.28	18.6	38.48	16.28	54.49	72.92	48.3	52.7	54.71	45.71	0.0	75.39	54.12	36.01	34.23	44.28	24.52	74.97	73.57	76.3	53.04	22.02	32.45	38.29	56.22	40.5	45.0	52.17	38.42	47.42	47.54	23.77	85.21	48.05	70.23	68.68	22.14	72.92	27.2	39.41	89.38	34.48	42.64	63.91	24.33	15.81	68.43	26.0
33	47.2	50.7	70.24	47.52	61.39	62.43	94.3	9.85	74.63	94.3	91.59	78.1	31.05	80.26	53.41	25.0	23.09	31.38	14.32	44.01	78.64	72.37	53.26	86.68	86.28	89.56	71.59	26.4	50.29	26.02	23.0	106.83	75.39	0.0	49.24	94.11	48.17	76.69	56.61	16.49	12.21	14.87	72.45	55.07	75.69	67.01	26.93	56.89	77.1	84.2	74.03	73.57	28.84	76.16	22.02	82.23	52.15	9.85	91.27	5.0	78.03	63.6	41.76	80.16	74.63	11.66	66.12	77.94	9.49	70.03
34	60.44	76.06	55.66	13.15	86.16	53.6	80.11	56.94	81.02	80.11	58.26	80.16	31.76	89.09	53.08	68.12	43.1	55.23	54.04	78.82	79.31	26.68	61.98	54.49	43.01	60.88	86.31	29.02	5.83	26.87	29.73	98.68	54.12	49.24	0.0	87.36	52.77	30.27	53.01	60.8	39.29	60.46	85.99	47.1	75.33	73.11	53.01	14.87	84.02	36.12	78.01	83.29	41.68	39.82	44.05	35.01	82.86	50.22	76.06	44.38	39.66	71.34	38.59	38.08	81.02	43.6	31.89	66.1	39.81	33.3
35	48.55	57.97	31.78	74.33	56.14	34.89	14.21	91.4	26.17	14.21	51.48	19.42	68.24	28.44	41.11	85.88	109.81	64.64	82.8	72.8	17.72	78.03	41.88	49.65	73.01	42.54	39.01	100.17	81.74	77.94	78.82	12.73	36.01	94.11	87.36	0.0	45.97	80.22	38.6	87.37	96.54	89.31	37.01	42.54	19.24	30.08	68.6	75.13	26.0	87.82	23.77	31.02	65.8	59.41	109.64	83.73	66.1	85.15	17.0	93.35	62.65	33.62	118.6	69.87	26.17	82.73	60.07	21.38	89.94	62.01
36	10.0	28.6	26.02	40.52	36.24	17.03	46.96	46.14	29.83	46.96	56.04	31.3	24.74	37.34	6.08	43.74	64.66	20.62	37.59	38.9	31.38	57.8	9.22	51.24	63.41	50.49	33.54	56.65	48.51	34.48	34.54	58.69	34.23	48.17	52.77	45.97	0.0	61.85	10.05	43.08	51.04	44.78	33.24	13.0	28.02	21.59	23.77	46.52	32.76	71.06	27.86	31.06	20.0	48.26	64.35	67.36	37.74	39.41	44.38	47.42	51.61	19.1	75.89	57.49	29.83	36.77	41.04	31.02	44.2	45.34
37	71.59	89.83	50.7	29.41	98.08	53.71	69.07	82.86	83.38	69.07	36.25	80.01	51.0	91.55	59.08	91.24	73.33	73.01	78.0	96.83	78.45	4.47	70.21	34.48	14.21	42.45	92.66	59.21	27.02	51.24	54.41	89.05	44.28	76.69	30.27	80.22	61.85	0.0	56.94	85.23	68.26	85.44	91.71	50.77	74.63	76.92	72.4	19.92	86.16	9.22	79.48	87.24	60.21	21.02	74.24	5.83	98.31	75.27	65.03	72.18	18.25	76.54	67.42	12.08	83.38	68.62	21.93	59.84	67.27	18.68
38	18.68	36.67	16.0	40.01	42.64	7.0	37.74	55.46	28.16	37.74	46.82	27.29	29.68	36.35	4.0	53.76	71.22	30.59	47.01	48.27	26.68	53.24	14.42	42.15	56.57	40.79	35.78	61.77	48.04	39.45	40.22	51.22	24.52	56.61	53.01	38.6	10.05	56.94	0.0	52.81	58.05	54.42	34.93	6.32	22.8	20.62	33.53	44.15	31.14	66.04	25.0	31.05	27.8	41.04	71.06	62.13	46.1	48.37	34.89	55.32	44.55	19.7	80.53	50.99	28.16	45.0	35.23	21.47	51.62	39.2
39	38.83	37.12	68.15	55.95	47.17	59.48	89.96	7.0	65.07	89.96	94.01	69.66	34.93	69.53	49.04	8.54	39.46	22.83	7.28	28.16	70.6	80.78	45.49	89.01	92.89	90.45	59.64	42.06	60.54	34.48	31.38	99.86	74.97	16.49	60.8	87.37	43.08	85.23	52.81	0.0	28.23	2.24	60.8	53.15	68.24	58.26	19.31	65.39	67.18	93.52	65.3	63.03	28.0	80.75	38.33	91.0	36.88	10.63	87.46	20.62	83.19	54.67	58.24	86.59	65.07	17.2	71.02	74.09	23.02	75.31
40	52.39	59.3	69.81	40.11	70.26	62.97	94.92	21.95	79.61	94.92	87.28	82.15	29.21	86.01	55.44	36.77	13.93	38.08	24.33	54.59	82.38	64.12	57.71	82.54	79.06	86.41	78.45	14.21	41.3	21.02	18.87	109.22	73.57	12.21	39.29	96.54	51.04	68.26	58.05	28.23	0.0	26.83	79.06	55.23	79.06	71.59	33.73	49.0	82.29	75.13	78.39	79.31	31.06	70.61	13.42	73.55	62.07	19.24	91.55	7.62	72.01	68.43	30.41	73.17	79.61	16.28	60.64	78.57	7.28	64.13
41	40.8	39.36	69.64	56.08	49.4	61.03	91.71	5.1	67.18	91.71	95.05	71.7	35.51	71.7	50.7	10.2	37.66	24.7	8.0	30.27	72.62	80.99	47.43	90.05	93.39	91.66	61.85	40.82	60.42	34.44	31.3	101.83	76.3	14.87	60.46	89.31	44.78	85.44	54.42	2.24	26.83	0.0	63.01	54.57	70.21	60.31	21.02	65.55	69.31	93.62	67.36	65.19	29.07	81.5	36.5	91.18	39.05	10.3	89.16	19.24	83.86	56.73	56.61	87.1	67.18	17.0	71.7	75.77	22.02	75.95
42	27.29	24.84	43.86	73.55	19.65	38.28	47.54	66.57	11.7	47.54	75.29	18.68	57.04	9.85	33.53	56.59	92.97	41.23	58.67	39.12	20.88	88.1	24.08	71.51	90.0	67.2	2.0	87.48	81.58	66.27	65.62	46.69	53.04	72.45	85.99	37.01	33.24	91.71	34.93	60.8	79.06	63.01	0.0	41.23	22.36	15.0	45.69	78.75	11.05	100.72	15.65	6.32	49.65	74.4	92.36	96.75	30.87	62.61	47.76	73.54	78.01	15.23	106.89	84.88	11.7	62.97	69.84	39.66	71.78	73.57
43	22.83	41.34	15.23	34.01	48.1	7.81	39.7	55.03	34.37	39.7	43.17	33.06	26.17	42.58	8.49	55.08	67.94	32.0	46.84	51.87	32.25	47.01	19.8	38.33	50.99	38.05	42.05	57.69	42.0	35.61	36.8	54.92	22.02	55.07	47.1	42.54	13.0	50.77	6.32	53.15	55.23	54.57	41.23	0.0	28.28	26.93	34.23	37.85	37.34	59.91	31.06	37.36	26.4	35.61	67.9	56.04	50.61	47.54	36.4	53.25	39.05	26.0	76.06	45.25	34.37	43.42	29.21	23.35	49.2	33.3
44	29.41	39.46	24.17	62.2	39.32	22.02	26.08	72.47	10.82	26.08	53.74	5.39	51.89	17.8	24.17	66.65	92.65	45.61	63.89	54.13	4.0	71.57	22.8	50.33	70.71	45.34	24.17	84.1	70.11	61.74	62.18	31.62	32.45	75.69	75.33	19.24	28.02	74.63	22.8	68.24	79.06	70.21	22.36	28.28	0.0	11.18	49.68	65.12	12.73	83.22	6.71	16.12	48.01	55.46	92.36	79.12	48.09	66.48	25.71	75.29	59.03	14.56	103.08	66.21	10.82	64.54	52.89	17.69	72.2	55.97
45	19.85	28.28	29.0	60.3	28.86	23.32	37.0	62.94	8.25	37.0	60.8	11.4	46.32	16.0	20.02	56.08	85.42	36.07	54.45	42.95	12.53	73.41	13.89	56.85	75.0	53.0	16.28	78.11	68.36	56.04	55.97	42.06	38.29	67.01	73.11	30.08	21.59	76.92	20.62	58.26	71.59	60.31	15.0	26.93	11.18	0.0	40.36	64.76	11.18	85.88	7.07	10.44	40.72	59.41	85.0	81.88	37.01	57.49	36.22	67.12	63.01	3.61	97.42	69.89	8.25	56.3	55.01	26.0	64.5	58.67
46	20.52	26.02	49.03	44.6	37.01	40.26	70.68	22.8	47.8	70.68	76.24	51.62	21.93	53.34	29.73	21.02	47.54	4.47	14.21	25.81	52.35	67.96	26.91	71.25	78.0	72.03	44.94	44.05	50.99	26.83	24.7	81.22	56.22	26.93	53.01	68.6	23.77	72.4	33.53	19.31	33.73	21.02	45.69	34.23	49.68	40.36	0.0	53.41	50.22	81.27	47.42	46.65	12.21	64.56	46.84	78.23	30.68	17.2	68.15	27.86	67.36	36.88	63.03	71.69	47.8	17.46	55.36	54.78	26.48	59.81
47	55.57	73.01	43.42	9.49	82.15	43.1	66.73	62.94	72.18	66.73	43.42	70.26	31.62	80.41	45.22	71.59	55.54	54.49	58.18	78.52	69.12	15.52	55.54	39.62	30.15	46.1	79.38	41.48	9.43	31.32	34.48	85.87	40.5	56.89	14.87	75.13	46.52	19.92	44.15	65.39	49.0	65.55	78.75	37.85	65.12	64.76	53.41	0.0	75.13	28.18	68.73	75.19	41.23	25.0	56.29	25.63	80.92	55.36	62.63	52.47	25.06	63.6	53.25	24.52	72.18	48.7	17.2	53.76	47.52	18.44
48	30.02	33.54	36.36	71.11	30.27	32.57	36.69	72.35	3.0	36.69	66.47	8.06	57.49	5.39	31.02	64.03	96.18	45.8	64.03	48.33	10.3	82.87	24.7	63.03	83.01	58.05	13.04	89.19	79.16	67.19	67.05	36.14	45.0	77.1	84.02	26.0	32.76	86.16	31.14	67.18	82.29	69.31	11.05	37.34	12.73	11.18	50.22	75.13	0.0	94.94	6.71	5.1	51.62	67.6	95.71	90.87	40.8	67.42	37.16	77.52	71.2	13.93	108.52	78.29	3.0	66.73	64.26	30.41	75.13	67.62
49	80.81	99.04	59.14	37.58	107.3	62.61	76.06	90.82	92.2	76.06	41.0	88.6	59.68	100.32	68.24	99.76	79.0	82.01	86.33	105.89	86.98	13.45	79.4	40.2	16.76	48.26	101.71	65.03	33.96	59.24	62.39	96.05	52.17	84.2	36.12	87.82	71.06	9.22	66.04	93.52	75.13	93.62	100.72	59.91	83.22	85.88	81.27	28.18	94.94	0.0	88.24	96.15	69.07	28.44	80.01	4.12	107.49	83.38	72.11	79.56	25.18	85.59	71.06	18.03	92.2	76.69	30.89	67.91	74.73	27.31
50	26.91	34.21	29.68	65.01	33.06	25.96	32.39	70.01	4.24	32.39	60.14	4.47	52.5	12.08	25.32	62.97	92.18	43.14	61.52	49.04	6.08	76.22	20.81	56.59	76.32	51.86	17.46	84.5	73.03	62.3	62.39	35.34	38.42	74.03	78.01	23.77	27.86	79.48	25.0	65.3	78.39	67.36	15.65	31.06	6.71	7.07	47.42	68.73	6.71	88.24	0.0	9.43	47.41	60.9	91.79	84.17	42.43	64.54	32.28	74.06	64.5	10.63	103.73	71.59	4.24	63.25	57.58	24.21	71.34	60.93
51	26.93	28.65	38.42	70.58	25.18	33.54	41.23	68.41	5.39	41.23	69.43	12.37	55.58	6.71	30.27	59.55	93.23	42.19	60.22	43.38	14.56	83.77	22.36	65.76	84.88	61.22	8.25	86.83	78.64	65.12	64.76	41.23	47.42	73.57	83.29	31.02	31.06	87.24	31.05	63.03	79.31	65.19	6.32	37.36	16.12	10.44	46.65	75.19	5.1	96.15	9.43	0.0	49.04	69.34	92.7	92.13	35.74	63.81	41.44	74.24	72.95	12.0	106.23	79.92	5.39	63.51	65.31	33.6	72.09	68.88
52	22.36	34.79	41.63	32.53	45.35	33.62	65.46	28.86	48.85	65.46	66.01	51.11	10.0	55.66	24.76	32.02	44.78	13.6	21.1	37.54	51.31	55.76	26.93	61.01	66.13	62.65	49.37	37.85	39.2	17.12	16.03	78.52	47.54	28.84	41.68	65.8	20.0	60.21	27.8	28.0	31.06	29.07	49.65	26.4	48.01	40.72	12.21	41.23	51.62	69.07	47.41	49.04	0.0	53.15	44.42	66.04	41.18	21.19	62.43	27.59	55.79	37.7	57.27	59.81	48.85	17.2	43.68	49.09	24.21	48.08
53	58.25	76.84	31.3	31.38	83.63	36.24	48.04	80.1	65.0	48.04	18.44	60.84	46.1	72.95	44.05	85.15	79.12	63.91	73.55	86.31	59.09	19.65	55.32	15.0	15.62	22.36	75.6	65.39	34.41	50.36	53.24	68.03	23.77	76.16	39.82	59.41	48.26	21.02	41.04	80.75	70.61	81.5	74.4	35.61	55.46	59.41	64.56	25.0	67.6	28.44	60.9	69.34	53.15	0.0	79.71	24.33	85.98	72.11	44.01	72.44	3.61	59.67	78.24	10.77	65.0	66.01	10.05	39.56	67.48	6.71
54	65.8	72.01	82.13	48.38	82.87	75.69	107.49	31.4	93.02	107.49	97.17	95.52	41.73	99.4	68.6	46.69	1.41	51.24	36.06	66.03	95.72	70.46	71.12	92.61	86.31	97.13	91.71	15.03	47.52	32.65	31.11	122.29	85.21	22.02	44.05	109.64	64.35	74.24	71.06	38.33	13.42	36.5	92.36	67.9	92.36	85.0	46.84	56.29	95.71	80.01	91.79	92.7	44.42	79.71	0.0	79.06	74.06	31.14	104.0	19.24	80.65	81.84	21.1	80.81	93.02	29.41	70.01	91.22	20.62	73.05
55	77.16	95.46	55.03	35.11	103.59	58.59	72.03	88.54	88.14	72.03	37.36	84.5	56.82	96.25	64.4	97.05	78.1	78.82	83.77	102.62	82.87	10.3	75.6	36.35	13.42	44.41	97.75	64.03	32.25	56.92	60.08	92.02	48.05	82.23	35.01	83.73	67.36	5.83	62.13	91.0	73.55	91.18	96.75	56.04	79.12	81.88	78.23	25.63	90.87	4.12	84.17	92.13	66.04	24.33	79.06	0.0	104.0	80.99	68.07	77.67	21.1	81.63	71.17	14.0	88.14	74.33	26.93	63.79	72.78	23.26
56	27.78	9.49	61.03	73.01	12.04	52.55	74.01	43.74	40.02	74.01	92.85	46.69	51.11	40.72	42.49	30.08	75.03	27.73	38.01	9.43	48.51	94.05	31.95	88.24	101.02	86.33	29.07	73.98	80.16	57.38	55.36	76.92	70.23	52.15	82.86	66.1	37.74	98.31	46.1	36.88	62.07	39.05	30.87	50.61	48.09	37.01	30.68	80.92	40.8	107.49	42.43	35.74	41.18	85.98	74.06	104.0	0.0	43.0	73.06	55.0	89.31	34.01	92.35	95.0	40.02	46.39	78.41	61.66	55.23	82.8
57	37.64	41.0	62.77	45.88	51.79	54.56	86.09	8.0	65.0	86.09	86.37	68.68	26.02	70.49	44.94	18.6	32.06	21.63	5.1	35.36	69.31	70.84	43.86	81.39	83.55	83.55	61.74	32.31	50.12	24.17	21.02	97.84	68.68	9.85	50.22	85.15	39.41	75.27	48.37	10.63	19.24	10.3	62.61	47.54	66.48	57.49	17.2	55.36	67.42	83.38	64.54	63.81	21.19	72.11	31.14	80.99	43.0	0.0	83.24	12.0	74.33	54.04	49.65	77.28	65.0	6.71	62.2	69.84	13.0	66.37
58	50.22	64.0	21.93	63.53	64.94	28.84	4.12	90.34	36.06	4.12	34.54	29.15	62.37	41.18	38.48	87.64	103.97	64.85	81.86	78.16	26.93	63.29	43.74	32.98	56.72	25.63	49.65	92.85	70.26	71.42	72.92	24.02	22.14	91.27	76.06	17.0	44.38	65.03	34.89	87.46	91.55	89.16	47.76	36.4	25.71	36.22	68.15	62.63	37.16	72.11	32.28	41.44	62.43	44.01	104.0	68.07	73.06	83.24	0.0	89.63	47.01	39.05	110.21	54.08	36.06	79.61	46.32	13.42	85.6	47.52
59	47.51	52.77	68.26	43.19	63.64	60.8	92.8	14.42	74.95	92.8	88.29	78.01	28.23	80.95	52.35	29.15	20.1	32.31	17.03	47.27	78.41	67.9	53.25	83.43	82.1	86.65	72.8	21.63	45.61	22.09	19.24	106.08	72.92	5.0	44.38	93.35	47.42	72.18	55.32	20.62	7.62	19.24	73.54	53.25	75.29	67.12	27.86	52.47	77.52	79.56	74.06	74.24	27.59	72.44	19.24	77.67	55.0	12.0	89.63	0.0	74.17	63.81	37.85	76.03	74.95	10.82	62.39	76.4	5.0	66.19
60	61.61	80.21	34.89	32.28	87.11	39.82	51.0	82.3	68.6	51.0	19.21	64.4	48.37	76.54	47.51	87.8	80.01	66.85	75.95	89.47	62.65	17.46	58.8	16.55	12.04	24.35	79.2	66.13	34.48	52.09	55.04	71.0	27.2	78.03	39.66	62.65	51.61	18.25	44.55	83.19	72.01	83.86	78.01	39.05	59.03	63.01	67.36	25.06	71.2	25.18	64.5	72.95	55.79	3.61	80.65	21.1	89.31	74.33	47.01	74.17	0.0	63.25	78.23	7.28	68.6	68.12	12.17	43.01	69.18	8.0
61	16.4	25.08	30.0	58.69	26.57	23.43	40.05	59.4	11.18	40.05	62.13	15.0	43.74	18.25	18.44	52.48	82.29	32.56	50.93	39.62	16.12	72.9	10.77	58.01	75.29	54.59	16.12	75.29	66.75	53.37	53.16	45.65	39.41	63.6	71.34	33.62	19.1	76.54	19.7	54.67	68.43	56.73	15.23	26.0	14.56	3.61	36.88	63.6	13.93	85.59	10.63	12.0	37.7	59.67	81.84	81.63	34.01	54.04	39.05	63.81	63.25	0.0	94.64	70.0	11.18	53.0	54.71	28.16	61.29	58.52
62	79.62	89.01	88.48	48.1	100.0	83.73	114.04	51.55	105.65	114.04	96.61	106.98	51.26	112.79	78.92	66.76	19.72	67.12	54.74	85.0	106.78	64.47	83.93	92.62	81.02	98.49	106.53	19.42	43.83	41.44	41.48	130.86	89.38	41.76	38.59	118.6	75.89	67.42	80.53	58.24	30.41	56.61	106.89	76.06	103.08	97.42	63.03	53.25	108.52	71.06	103.73	106.23	57.27	78.24	21.1	71.17	92.35	49.65	110.21	37.85	78.23	94.64	0.0	76.48	105.65	46.04	69.66	98.48	37.12	71.61
63	67.48	86.05	42.05	33.06	93.35	46.62	58.03	85.16	75.66	58.03	24.17	71.59	51.66	83.65	53.74	91.71	80.05	71.55	79.31	94.67	69.86	12.73	65.05	22.56	6.32	30.59	86.02	65.97	33.53	54.15	57.22	78.03	34.48	80.16	38.08	69.87	57.49	12.08	50.99	86.59	73.17	87.1	84.88	45.25	66.21	69.89	71.69	24.52	78.29	18.03	71.59	79.92	59.81	10.77	80.81	14.0	95.0	77.28	54.08	76.03	7.28	70.0	76.48	0.0	75.66	70.86	16.64	50.29	71.03	12.21
64	27.46	32.31	33.84	68.12	30.02	29.73	35.9	70.09	0.0	35.9	64.38	7.07	54.57	8.25	28.02	62.2	93.47	43.42	61.72	47.17	9.22	80.06	21.93	60.83	80.45	56.08	13.6	86.33	76.16	64.29	64.2	37.0	42.64	74.63	81.02	26.17	29.83	83.38	28.16	65.07	79.61	67.18	11.7	34.37	10.82	8.25	47.8	72.18	3.0	92.2	4.24	5.39	48.85	65.0	93.02	88.14	40.02	65.0	36.06	74.95	68.6	11.18	105.65	75.66	0.0	64.14	61.47	28.43	72.47	64.88
65	36.72	43.1	58.59	39.22	54.08	50.77	82.66	14.32	64.14	82.66	80.75	67.2	20.1	70.21	41.87	24.76	30.08	21.84	10.63	39.56	67.62	64.2	42.44	75.8	77.1	78.34	62.3	27.66	43.42	17.46	14.32	95.46	63.91	11.66	43.6	82.73	36.77	68.62	45.0	17.2	16.28	17.0	62.97	43.42	64.54	56.3	17.46	48.7	66.73	76.69	63.25	63.51	17.2	66.01	29.41	74.33	46.39	6.71	79.61	10.82	68.12	53.0	46.04	70.86	64.14	0.0	56.04	66.29	9.06	60.13
66	50.99	69.53	29.27	21.95	77.1	31.78	50.45	70.18	61.47	50.45	27.29	58.24	36.22	69.64	37.64	75.69	69.46	55.04	63.79	78.03	56.75	18.68	48.92	23.02	22.83	29.0	70.83	55.9	26.17	40.31	43.19	70.04	24.33	66.12	31.89	60.07	41.04	21.93	35.23	71.02	60.64	71.7	69.84	29.21	52.89	55.01	55.36	17.2	64.26	30.89	57.58	65.31	43.68	10.05	70.01	26.93	78.41	62.2	46.32	62.39	12.17	54.71	69.66	16.64	61.47	56.04	0.0	39.01	57.43	4.47
67	37.34	52.35	10.44	53.14	54.71	15.62	16.4	76.92	28.43	16.4	36.07	22.67	49.5	35.38	25.08	74.46	91.24	51.55	68.45	66.01	20.62	57.31	31.06	32.8	54.23	27.66	41.34	80.6	60.44	58.8	60.11	32.7	15.81	77.94	66.1	21.38	31.02	59.84	21.47	74.09	78.57	75.77	39.66	23.35	17.69	26.0	54.78	53.76	30.41	67.91	24.21	33.6	49.09	39.56	91.22	63.79	61.66	69.84	13.42	76.4	43.01	28.16	98.48	50.29	28.43	66.29	39.01	0.0	72.47	41.3
68	45.19	52.15	64.07	38.21	63.13	56.85	88.87	17.69	72.47	88.87	83.43	75.17	23.71	78.79	48.84	31.38	21.19	30.81	18.03	48.05	75.45	62.97	50.61	78.59	77.1	81.93	71.17	19.31	40.8	17.12	14.32	102.65	68.43	9.49	39.81	89.94	44.2	67.27	51.62	23.02	7.28	22.02	71.78	49.2	72.2	64.5	26.48	47.52	75.13	74.73	71.34	72.09	24.21	67.48	20.62	72.78	55.23	13.0	85.6	5.0	69.18	61.29	37.12	71.03	72.47	9.06	57.43	72.47	0.0	61.2
69	55.32	73.88	32.02	24.7	81.32	35.36	51.62	74.33	64.88	51.62	25.0	61.35	40.45	73.01	41.77	80.08	72.45	59.51	68.07	82.49	59.77	16.03	53.08	21.21	18.36	28.02	74.63	58.69	27.8	44.1	47.04	71.45	26.0	70.03	33.3	62.01	45.34	18.68	39.2	75.31	64.13	75.95	73.57	33.3	55.97	58.67	59.81	18.44	67.62	27.31	60.93	68.88	48.08	6.71	73.05	23.26	82.8	66.37	47.52	66.19	8.0	58.52	71.61	12.21	64.88	60.13	4.47	41.3	61.2	0.0
;
