set K:= 1	2	3	4	5	6	7;
set C_H:= 1	2	3	4	5	6	7	8	9	10	11	12	13	14	15	16	17	18;
set C_S:= 19	20	21	22	23	24	25	26	27	28	29	30	31	32	33	34	35;
set C_F:= 36	37	38	39	40	41	42	43	44	45	46	47	48	49	50	51	52;
set M:= 53	54	55	56;
set L_B:= 57	58	59	60	61	62	63;
set A1:=
(0,*) 1 2 3 4 5 6 7 8 9 10 11 12 13 14 15 16 17 18 36 37 38 39 40 41 42 43 44 45 46 47 48 49 50 51 52 53 54 55 56 57 58 59 60 61 62 63
(1,*) 0 2 3 4 5 6 7 8 9 10 11 12 13 14 15 16 17 18 36 37 38 39 40 41 42 43 44 45 46 47 48 49 50 51 52 53 54 55 56 57 58 59 60 61 62 63
(2,*) 0 1 3 4 5 6 7 8 9 10 11 12 13 14 15 16 17 18 36 37 38 39 40 41 42 43 44 45 46 47 48 49 50 51 52 53 54 55 56 57 58 59 60 61 62 63
(3,*) 0 1 2 4 5 6 7 8 9 10 11 12 13 14 15 16 17 18 36 37 38 39 40 41 42 43 44 45 46 47 48 49 50 51 52 53 54 55 56 57 58 59 60 61 62 63
(4,*) 0 1 2 3 5 6 7 8 9 10 11 12 13 14 15 16 17 18 36 37 38 39 40 41 42 43 44 45 46 47 48 49 50 51 52 53 54 55 56 57 58 59 60 61 62 63
(5,*) 0 1 2 3 4 6 7 8 9 10 11 12 13 14 15 16 17 18 36 37 38 39 40 41 42 43 44 45 46 47 48 49 50 51 52 53 54 55 56 57 58 59 60 61 62 63
(6,*) 0 1 2 3 4 5 7 8 9 10 11 12 13 14 15 16 17 18 36 37 38 39 40 41 42 43 44 45 46 47 48 49 50 51 52 53 54 55 56 57 58 59 60 61 62 63
(7,*) 0 1 2 3 4 5 6 8 9 10 11 12 13 14 15 16 17 18 36 37 38 39 40 41 42 43 44 45 46 47 48 49 50 51 52 53 54 55 56 57 58 59 60 61 62 63
(8,*) 0 1 2 3 4 5 6 7 9 10 11 12 13 14 15 16 17 18 36 37 38 39 40 41 42 43 44 45 46 47 48 49 50 51 52 53 54 55 56 57 58 59 60 61 62 63
(9,*) 0 1 2 3 4 5 6 7 8 10 11 12 13 14 15 16 17 18 36 37 38 39 40 41 42 43 44 45 46 47 48 49 50 51 52 53 54 55 56 57 58 59 60 61 62 63
(10,*) 0 1 2 3 4 5 6 7 8 9 11 12 13 14 15 16 17 18 36 37 38 39 40 41 42 43 44 45 46 47 48 49 50 51 52 53 54 55 56 57 58 59 60 61 62 63
(11,*) 0 1 2 3 4 5 6 7 8 9 10 12 13 14 15 16 17 18 36 37 38 39 40 41 42 43 44 45 46 47 48 49 50 51 52 53 54 55 56 57 58 59 60 61 62 63
(12,*) 0 1 2 3 4 5 6 7 8 9 10 11 13 14 15 16 17 18 36 37 38 39 40 41 42 43 44 45 46 47 48 49 50 51 52 53 54 55 56 57 58 59 60 61 62 63
(13,*) 0 1 2 3 4 5 6 7 8 9 10 11 12 14 15 16 17 18 36 37 38 39 40 41 42 43 44 45 46 47 48 49 50 51 52 53 54 55 56 57 58 59 60 61 62 63
(14,*) 0 1 2 3 4 5 6 7 8 9 10 11 12 13 15 16 17 18 36 37 38 39 40 41 42 43 44 45 46 47 48 49 50 51 52 53 54 55 56 57 58 59 60 61 62 63
(15,*) 0 1 2 3 4 5 6 7 8 9 10 11 12 13 14 16 17 18 36 37 38 39 40 41 42 43 44 45 46 47 48 49 50 51 52 53 54 55 56 57 58 59 60 61 62 63
(16,*) 0 1 2 3 4 5 6 7 8 9 10 11 12 13 14 15 17 18 36 37 38 39 40 41 42 43 44 45 46 47 48 49 50 51 52 53 54 55 56 57 58 59 60 61 62 63
(17,*) 0 1 2 3 4 5 6 7 8 9 10 11 12 13 14 15 16 18 36 37 38 39 40 41 42 43 44 45 46 47 48 49 50 51 52 53 54 55 56 57 58 59 60 61 62 63
(18,*) 0 1 2 3 4 5 6 7 8 9 10 11 12 13 14 15 16 17 36 37 38 39 40 41 42 43 44 45 46 47 48 49 50 51 52 53 54 55 56 57 58 59 60 61 62 63
(36,*) 0 1 2 3 4 5 6 7 8 9 10 11 12 13 14 15 16 17 18 37 38 39 40 41 42 43 44 45 46 47 48 49 50 51 52 53 54 55 56 57 58 59 60 61 62 63
(37,*) 0 1 2 3 4 5 6 7 8 9 10 11 12 13 14 15 16 17 18 36 38 39 40 41 42 43 44 45 46 47 48 49 50 51 52 53 54 55 56 57 58 59 60 61 62 63
(38,*) 0 1 2 3 4 5 6 7 8 9 10 11 12 13 14 15 16 17 18 36 37 39 40 41 42 43 44 45 46 47 48 49 50 51 52 53 54 55 56 57 58 59 60 61 62 63
(39,*) 0 1 2 3 4 5 6 7 8 9 10 11 12 13 14 15 16 17 18 36 37 38 40 41 42 43 44 45 46 47 48 49 50 51 52 53 54 55 56 57 58 59 60 61 62 63
(40,*) 0 1 2 3 4 5 6 7 8 9 10 11 12 13 14 15 16 17 18 36 37 38 39 41 42 43 44 45 46 47 48 49 50 51 52 53 54 55 56 57 58 59 60 61 62 63
(41,*) 0 1 2 3 4 5 6 7 8 9 10 11 12 13 14 15 16 17 18 36 37 38 39 40 42 43 44 45 46 47 48 49 50 51 52 53 54 55 56 57 58 59 60 61 62 63
(42,*) 0 1 2 3 4 5 6 7 8 9 10 11 12 13 14 15 16 17 18 36 37 38 39 40 41 43 44 45 46 47 48 49 50 51 52 53 54 55 56 57 58 59 60 61 62 63
(43,*) 0 1 2 3 4 5 6 7 8 9 10 11 12 13 14 15 16 17 18 36 37 38 39 40 41 42 44 45 46 47 48 49 50 51 52 53 54 55 56 57 58 59 60 61 62 63
(44,*) 0 1 2 3 4 5 6 7 8 9 10 11 12 13 14 15 16 17 18 36 37 38 39 40 41 42 43 45 46 47 48 49 50 51 52 53 54 55 56 57 58 59 60 61 62 63
(45,*) 0 1 2 3 4 5 6 7 8 9 10 11 12 13 14 15 16 17 18 36 37 38 39 40 41 42 43 44 46 47 48 49 50 51 52 53 54 55 56 57 58 59 60 61 62 63
(46,*) 0 1 2 3 4 5 6 7 8 9 10 11 12 13 14 15 16 17 18 36 37 38 39 40 41 42 43 44 45 47 48 49 50 51 52 53 54 55 56 57 58 59 60 61 62 63
(47,*) 0 1 2 3 4 5 6 7 8 9 10 11 12 13 14 15 16 17 18 36 37 38 39 40 41 42 43 44 45 46 48 49 50 51 52 53 54 55 56 57 58 59 60 61 62 63
(48,*) 0 1 2 3 4 5 6 7 8 9 10 11 12 13 14 15 16 17 18 36 37 38 39 40 41 42 43 44 45 46 47 49 50 51 52 53 54 55 56 57 58 59 60 61 62 63
(49,*) 0 1 2 3 4 5 6 7 8 9 10 11 12 13 14 15 16 17 18 36 37 38 39 40 41 42 43 44 45 46 47 48 50 51 52 53 54 55 56 57 58 59 60 61 62 63
(50,*) 0 1 2 3 4 5 6 7 8 9 10 11 12 13 14 15 16 17 18 36 37 38 39 40 41 42 43 44 45 46 47 48 49 51 52 53 54 55 56 57 58 59 60 61 62 63
(51,*) 0 1 2 3 4 5 6 7 8 9 10 11 12 13 14 15 16 17 18 36 37 38 39 40 41 42 43 44 45 46 47 48 49 50 52 53 54 55 56 57 58 59 60 61 62 63
(52,*) 0 1 2 3 4 5 6 7 8 9 10 11 12 13 14 15 16 17 18 36 37 38 39 40 41 42 43 44 45 46 47 48 49 50 51 53 54 55 56 57 58 59 60 61 62 63
(53,*) 0 1 2 3 4 5 6 7 8 9 10 11 12 13 14 15 16 17 18 36 37 38 39 40 41 42 43 44 45 46 47 48 49 50 51 52 55 56 57 58 59 60 61 62 63
(54,*) 0 1 2 3 4 5 6 7 8 9 10 11 12 13 14 15 16 17 18 36 37 38 39 40 41 42 43 44 45 46 47 48 49 50 51 52 55 56 57 58 59 60 61 62 63
(55,*) 0 1 2 3 4 5 6 7 8 9 10 11 12 13 14 15 16 17 18 36 37 38 39 40 41 42 43 44 45 46 47 48 49 50 51 52 53 54 57 58 59 60 61 62 63
(56,*) 0 1 2 3 4 5 6 7 8 9 10 11 12 13 14 15 16 17 18 36 37 38 39 40 41 42 43 44 45 46 47 48 49 50 51 52 53 54 57 58 59 60 61 62 63
(57,*) 0 1 2 3 4 5 6 7 8 9 10 11 12 13 14 15 16 17 18 36 37 38 39 40 41 42 43 44 45 46 47 48 49 50 51 52 53 54 55 56 58 59 60 61 62 63
(58,*) 0 1 2 3 4 5 6 7 8 9 10 11 12 13 14 15 16 17 18 36 37 38 39 40 41 42 43 44 45 46 47 48 49 50 51 52 53 54 55 56 57 59 60 61 62 63
(59,*) 0 1 2 3 4 5 6 7 8 9 10 11 12 13 14 15 16 17 18 36 37 38 39 40 41 42 43 44 45 46 47 48 49 50 51 52 53 54 55 56 57 58 60 61 62 63
(60,*) 0 1 2 3 4 5 6 7 8 9 10 11 12 13 14 15 16 17 18 36 37 38 39 40 41 42 43 44 45 46 47 48 49 50 51 52 53 54 55 56 57 58 59 61 62 63
(61,*) 0 1 2 3 4 5 6 7 8 9 10 11 12 13 14 15 16 17 18 36 37 38 39 40 41 42 43 44 45 46 47 48 49 50 51 52 53 54 55 56 57 58 59 60 62 63
(62,*) 0 1 2 3 4 5 6 7 8 9 10 11 12 13 14 15 16 17 18 36 37 38 39 40 41 42 43 44 45 46 47 48 49 50 51 52 53 54 55 56 57 58 59 60 61 63
(63,*) 0 1 2 3 4 5 6 7 8 9 10 11 12 13 14 15 16 17 18 36 37 38 39 40 41 42 43 44 45 46 47 48 49 50 51 52 53 54 55 56 57 58 59 60 61 62
;
set A2:=
(53,*) 54
(54,*) 53
(55,*) 56
(56,*) 55
;
param BigM:=99999;
param n:= 7;
param d:=
1	12
2	2
3	24
4	20
5	13
6	22
7	3
8	6
9	10
10	10
11	8
12	18
13	22
14	1
15	15
16	25
17	3
18	3
19	2
20	2
21	26
22	23
23	25
24	18
25	7
26	1
27	18
28	18
29	30
30	23
31	2
32	4
33	26
34	2
35	19
36	14
37	17
38	20
39	7
40	13
41	3
42	23
43	6
44	2
45	2
46	9
47	16
48	8
49	21
50	22
51	5
52	13
;
param Q:=100;
param w:=
[53,*] 54 0.5
[54,*] 53 0.5
[55,*] 56 0.5
[56,*] 55 0.5
;
param V:=
[53,*] 54 89
[54,*] 53 89
[55,*] 56 96
[56,*] 55 96
;
param e:
	53	54	55	56	57	58	59	60	61	62	63:=
19	0	0	0	1	0	0	0	0	0	1	0	
20	0	1	0	0	0	0	0	1	0	0	1	
21	1	0	0	0	0	1	0	0	0	0	0	
22	0	1	1	0	1	0	0	0	0	0	0	
23	0	1	0	0	0	0	0	0	0	0	1	
24	0	0	1	0	0	0	0	0	0	1	0	
25	0	1	0	0	0	0	0	1	0	0	0	
26	0	1	0	1	0	0	0	1	0	0	1	
27	1	0	0	0	1	0	0	0	0	0	0	
28	1	0	0	0	0	1	0	0	0	0	0	
29	0	0	0	1	0	0	0	0	1	0	0	
30	1	0	0	0	0	1	0	0	0	0	0	
31	0	0	1	0	0	0	1	0	0	1	0	
32	0	1	0	0	1	0	0	1	0	0	1	
33	0	0	1	0	0	0	1	0	0	0	0	
34	1	0	0	0	0	1	0	0	0	0	0	
35	0	0	1	0	0	0	1	0	0	1	0	
36	0	1	0	0	0	0	1	0	0	0	0	
37	0	1	0	1	0	0	0	1	0	0	0	
38	0	0	0	1	0	1	0	0	1	0	0	
39	0	1	0	0	1	0	0	1	0	0	1	
40	0	1	0	0	1	0	0	0	0	0	0	
41	0	0	1	0	0	0	0	0	0	1	0	
42	0	1	0	0	1	0	0	1	0	0	1	
43	1	0	0	0	0	1	0	0	0	0	0	
44	0	0	1	0	0	0	1	0	0	1	0	
45	1	0	0	0	0	1	0	0	0	0	0	
46	1	0	0	0	0	1	0	0	0	0	0	
47	0	1	0	0	0	0	0	1	0	0	1	
48	1	0	0	0	0	1	0	0	0	0	0	
49	0	0	1	0	0	0	1	0	0	1	0	
50	0	1	0	0	1	0	0	1	0	0	1	
51	1	0	0	0	0	1	0	0	0	0	0	
52	0	1	0	0	0	0	0	1	0	0	1	
;
param p:=
1	3
2	3
3	3
4	3
5	3
6	3
7	3
;
param G:=
53	74
54	89
55	96
56	73
57	85
58	94
59	85
60	72
61	95
62	93
63	81
;
param s:=
0	0
1	10
2	10
3	10
4	10
5	10
6	10
7	10
8	10
9	10
10	10
11	10
12	10
13	10
14	10
15	10
16	10
17	10
18	10
36	10
37	10
38	10
39	10
40	10
41	10
42	10
43	10
44	10
45	10
46	10
47	10
48	10
49	10
50	10
51	10
52	10
53	10
54	10
55	10
56	10
57	10
58	10
59	10
60	10
61	10
62	10
63	10
;
param t:
	0	1	2	3	4	5	6	7	8	9	10	11	12	13	14	15	16	17	18	19	20	21	22	23	24	25	26	27	28	29	30	31	32	33	34	35	36	37	38	39	40	41	42	43	44	45	46	47	48	49	50	51	52	53	54	55	56	57	58	59	60	61	62	63:=
0	0.0	57.57	22.2	63.32	49.65	24.19	48.05	31.3	82.49	27.78	18.03	82.04	54.34	42.8	22.47	55.23	33.53	64.28	74.04	11.4	40.22	33.11	57.31	61.98	73.55	57.31	23.77	63.98	30.53	25.24	37.01	65.12	47.54	72.95	44.18	69.03	27.66	31.14	33.38	35.11	46.01	96.54	42.72	47.2	90.0	58.86	40.01	55.33	52.35	76.49	29.07	21.54	62.29	48.02	48.01	85.8	25.08	32.89	33.3	85.62	40.05	28.44	71.56	46.27
1	57.57	0.0	37.22	40.2	82.54	66.22	71.59	27.17	29.68	31.14	55.22	40.2	5.39	47.85	67.03	14.42	35.47	24.7	16.49	46.17	35.78	39.82	63.25	79.32	36.22	63.25	61.29	44.1	43.93	82.08	47.71	10.3	51.87	23.77	23.71	26.02	76.01	76.24	70.71	45.88	29.41	48.85	46.14	48.1	40.72	27.17	21.93	71.87	42.95	21.26	42.95	43.01	75.8	44.27	62.27	36.77	70.8	46.17	49.2	28.84	61.47	75.0	22.56	57.8
2	22.2	37.22	0.0	54.56	51.4	39.92	44.05	10.05	60.42	6.08	29.12	60.14	35.01	42.15	30.59	33.12	26.93	49.77	53.6	12.21	20.62	29.55	45.61	56.08	51.86	45.61	26.0	56.57	30.08	47.43	37.64	46.01	33.54	50.77	31.06	46.86	39.32	40.26	47.8	20.88	24.7	74.41	27.17	45.62	67.8	46.14	25.06	48.37	47.2	54.78	13.93	21.1	54.56	44.42	38.91	63.6	42.94	19.31	35.69	64.2	33.6	47.01	49.4	35.47
3	63.32	40.2	54.56	0.0	105.89	56.01	98.29	48.27	66.1	50.93	49.65	80.0	35.51	25.18	82.49	53.37	29.97	17.72	45.61	54.59	66.57	30.36	95.96	109.34	76.42	95.96	79.63	4.12	33.73	80.5	30.0	35.36	83.49	63.03	24.21	66.19	89.89	92.28	54.92	73.11	63.51	86.31	76.84	21.59	78.09	13.04	30.61	101.53	13.15	56.89	67.21	41.79	107.0	18.11	91.68	74.67	61.03	72.25	34.01	59.46	87.69	64.2	62.01	87.62
4	49.65	82.54	51.4	105.89	0.0	72.8	13.34	59.17	94.02	55.76	67.6	83.02	82.46	90.27	27.31	71.59	77.08	100.34	96.77	53.26	47.3	78.57	31.78	20.81	74.55	31.78	27.02	107.71	77.47	58.03	84.81	92.7	35.06	84.1	82.42	77.01	26.08	21.1	81.93	36.69	54.92	98.66	38.21	94.37	95.52	97.35	76.28	20.25	97.58	92.66	40.25	67.48	24.76	94.11	24.33	92.27	72.12	36.4	81.61	102.59	21.38	74.22	83.15	28.07
5	24.19	66.22	39.92	56.01	72.8	0.0	72.18	45.49	94.76	43.42	11.4	98.47	61.61	31.06	45.54	68.88	32.2	63.6	81.54	28.16	60.41	28.79	81.06	86.15	90.74	81.06	47.85	55.08	24.35	26.0	26.02	70.83	70.58	86.37	45.62	84.2	48.37	52.77	9.22	57.71	64.4	111.52	65.12	35.23	104.14	56.75	44.65	79.51	43.01	87.21	50.99	23.35	86.47	38.01	72.03	99.9	5.1	55.58	22.09	95.0	64.2	8.94	84.96	70.03
6	48.05	71.59	44.05	98.29	13.34	72.18	0.0	50.33	81.15	47.38	65.15	69.72	72.07	85.23	28.07	59.77	70.8	91.02	85.07	48.75	35.85	72.95	18.87	14.04	61.29	18.87	24.33	100.5	72.56	61.98	80.13	81.86	22.02	71.34	74.28	64.12	31.02	26.4	81.39	26.08	43.01	85.33	25.96	89.04	82.3	88.73	67.94	8.94	91.21	80.23	31.14	62.65	15.52	88.23	11.05	79.1	72.44	26.4	77.37	90.09	10.63	75.17	70.46	15.03
7	31.3	27.17	10.05	48.27	59.17	45.49	50.33	0.0	51.31	4.0	34.13	53.01	25.08	40.45	40.31	24.21	24.33	41.18	43.57	20.25	19.65	28.07	48.3	61.07	45.28	48.3	35.17	50.8	30.07	56.44	37.01	36.06	35.78	42.01	24.08	38.95	49.16	49.82	52.33	24.84	20.22	66.48	29.07	43.17	59.46	38.42	17.69	53.26	42.95	45.19	19.21	23.41	58.82	41.11	43.42	55.23	49.2	24.04	36.12	54.42	39.7	53.41	40.61	39.41
8	82.49	29.68	60.42	66.1	94.02	94.76	81.15	51.31	0.0	54.71	83.49	19.21	34.99	77.41	86.13	27.29	65.0	48.51	21.0	71.56	48.84	69.4	66.71	84.17	22.83	66.71	79.31	70.21	73.41	107.7	77.39	30.81	59.14	10.2	53.34	17.03	95.08	93.94	99.9	59.68	40.79	20.22	56.04	77.39	12.04	53.6	51.4	78.09	71.51	9.22	60.17	71.42	79.56	73.41	70.26	9.22	99.09	61.0	78.82	12.04	73.03	103.32	11.4	66.12
9	27.78	31.14	6.08	50.93	55.76	43.42	47.38	4.0	54.71	0.0	32.2	55.44	29.07	41.23	36.35	27.46	25.3	44.72	47.52	17.03	19.03	28.64	46.62	58.6	47.43	46.62	31.32	53.26	30.07	53.0	37.34	40.05	34.18	45.22	26.91	41.73	45.18	45.89	50.7	22.47	21.19	69.31	27.51	44.27	62.48	41.62	20.62	50.8	44.78	48.85	16.28	22.36	56.6	42.54	41.05	58.26	46.87	21.4	36.01	58.19	36.77	51.04	43.83	37.22
10	18.03	55.22	29.12	49.65	67.6	11.4	65.15	34.13	83.49	32.2	0.0	87.09	50.77	26.4	40.5	57.49	22.56	54.74	70.83	18.03	49.73	20.02	72.11	78.85	79.4	72.11	41.23	49.48	16.03	31.02	20.62	60.37	61.03	75.01	35.74	72.8	45.28	49.04	18.68	48.04	53.31	100.12	55.23	30.87	92.76	48.26	34.0	71.81	37.36	76.06	41.11	12.21	78.64	32.57	63.64	88.53	15.62	46.01	16.55	84.05	56.29	19.85	73.59	61.2
11	82.04	40.2	60.14	80.0	83.02	98.47	69.72	53.01	19.21	55.44	87.09	0.0	45.4	86.68	80.53	30.46	72.24	63.2	37.95	72.25	43.27	76.69	53.0	70.11	8.94	53.0	73.36	84.01	80.11	106.96	85.44	45.28	48.27	17.12	62.82	14.87	89.0	86.93	104.96	52.77	36.24	15.81	47.17	87.56	13.34	67.01	59.14	65.03	83.02	26.0	55.47	75.8	65.19	83.95	58.69	11.66	102.2	54.59	86.01	31.24	63.32	106.4	18.03	55.11
12	54.34	5.39	35.01	35.51	82.46	61.61	72.07	25.08	34.99	29.07	50.77	45.4	0.0	42.49	65.38	18.03	30.41	21.1	20.12	42.95	36.62	34.71	65.07	80.6	41.05	65.07	60.02	39.32	38.9	78.43	42.44	11.0	53.26	29.12	18.36	31.02	74.24	74.81	65.8	46.07	31.11	54.23	47.2	42.72	46.1	22.56	17.03	73.01	37.66	26.4	42.38	38.59	77.34	38.9	63.25	42.15	66.29	46.1	44.05	33.42	61.72	70.46	27.89	58.82
13	42.8	47.85	42.15	25.18	90.27	31.06	85.23	40.45	77.41	41.23	26.4	86.68	42.49	0.0	64.35	56.52	16.12	36.06	59.82	37.01	60.02	12.65	87.6	97.95	80.81	87.6	63.25	24.02	12.81	56.29	5.83	48.41	75.29	71.31	24.17	71.84	70.43	73.66	29.83	62.97	60.07	96.66	68.68	4.47	88.57	28.84	27.66	90.34	12.04	68.6	56.08	22.8	96.66	7.07	81.02	84.58	36.01	61.47	9.85	74.2	75.18	39.05	70.01	77.62
14	22.47	67.03	30.59	82.49	27.31	45.54	28.07	40.31	86.13	36.35	40.5	80.53	65.38	64.35	0.0	59.84	52.7	80.01	83.02	28.02	37.7	53.41	42.05	42.01	71.59	42.05	7.21	83.76	51.66	34.21	58.69	76.32	36.12	75.96	60.54	70.23	9.06	9.85	54.71	27.78	45.54	96.15	34.21	68.62	91.0	75.77	55.03	36.5	72.8	82.2	25.96	41.87	43.42	68.88	31.78	87.09	45.12	25.94	55.23	92.07	23.26	47.52	74.73	31.91
15	55.23	14.42	33.12	53.37	71.59	68.88	59.77	24.21	27.29	27.46	57.49	30.46	18.03	56.52	59.84	0.0	41.79	38.91	25.3	44.41	24.33	46.24	49.65	66.24	24.33	49.65	53.34	57.07	49.66	80.45	55.03	24.04	38.91	17.8	33.14	15.65	68.88	68.26	74.89	35.23	16.76	42.64	33.84	57.71	35.36	40.52	28.86	59.03	54.01	22.36	34.13	45.8	62.43	54.33	49.77	31.11	72.92	36.06	55.54	32.25	50.22	77.16	16.4	45.31
16	33.53	35.47	26.93	29.97	77.08	32.2	70.8	24.33	65.0	25.3	22.56	72.24	30.41	16.12	52.7	41.79	0.0	32.25	49.82	24.7	43.93	4.47	71.87	83.01	65.8	71.87	50.33	31.06	8.49	53.15	13.34	38.83	59.46	57.8	13.42	57.38	59.94	62.43	35.47	47.42	44.01	83.35	52.81	18.97	75.47	26.0	13.6	75.29	20.52	56.73	40.71	12.17	81.41	17.49	65.76	71.34	37.16	46.07	13.89	63.7	60.46	41.15	56.44	62.17
17	64.28	24.7	49.77	17.72	100.34	63.6	91.02	41.18	48.51	44.72	54.74	63.2	21.1	36.06	80.01	38.91	32.25	0.0	27.89	53.76	56.59	34.93	85.63	100.57	60.42	85.63	75.77	21.84	39.29	85.38	38.91	18.0	73.54	46.1	20.1	50.01	88.32	89.81	64.88	65.0	51.86	68.73	67.21	34.06	60.53	7.21	25.0	92.85	26.17	39.32	60.21	44.05	97.59	29.83	82.98	57.22	68.68	64.64	42.15	41.79	80.45	72.42	45.18	78.64
18	74.04	16.49	53.6	45.61	96.77	81.54	85.07	43.57	21.0	47.52	70.83	37.95	20.12	59.82	83.02	25.3	49.82	27.89	0.0	62.64	49.48	53.91	74.3	91.24	37.74	74.3	77.03	49.73	58.26	98.43	60.83	11.4	64.08	21.47	36.8	27.8	92.05	92.02	85.28	60.21	42.06	41.11	59.14	59.08	33.02	33.62	36.89	84.17	52.35	12.17	58.22	58.67	87.24	54.92	75.03	30.07	86.28	60.83	62.97	14.42	75.43	90.43	21.1	70.58
19	11.4	46.17	12.21	54.59	53.26	28.16	48.75	20.25	71.56	17.03	18.03	72.25	42.95	37.01	28.02	44.41	24.7	53.76	62.64	0.0	32.31	25.5	54.23	62.03	64.03	54.23	26.25	55.76	24.21	36.24	31.62	53.76	43.01	62.2	33.73	58.73	35.34	37.74	36.5	30.02	36.89	86.31	37.22	41.11	79.51	48.76	29.07	54.71	44.82	65.3	23.09	14.21	61.4	41.04	46.1	75.29	30.87	28.0	28.65	74.32	39.22	34.89	60.8	43.42
20	40.22	35.78	20.62	66.57	47.3	60.41	35.85	19.65	48.84	19.03	49.73	43.27	36.62	60.02	37.7	24.33	43.93	56.59	49.48	32.31	0.0	47.52	29.41	44.05	34.41	29.41	30.68	69.46	49.09	64.38	56.32	46.07	17.03	38.64	42.54	32.57	46.49	45.12	68.41	11.0	8.06	58.67	10.63	62.82	53.31	55.44	36.24	36.4	62.39	46.0	12.21	41.11	41.01	60.73	26.63	49.4	63.16	12.17	55.04	56.0	25.96	67.12	37.48	22.2
21	33.11	39.82	29.55	30.36	78.57	28.79	72.95	28.07	69.4	28.64	20.02	76.69	34.71	12.65	53.41	46.24	4.47	34.93	53.91	25.5	47.52	0.0	74.95	85.48	70.21	74.95	51.62	30.87	4.47	51.0	9.06	42.8	62.64	62.27	17.2	61.85	60.21	63.01	31.4	50.33	48.01	87.82	56.04	16.12	79.92	28.28	18.03	77.83	19.42	61.07	43.46	11.66	84.1	15.56	68.45	75.8	33.84	48.85	9.43	67.9	62.77	37.7	60.9	65.0
22	57.31	63.25	45.61	95.96	31.78	81.06	18.87	48.3	66.71	46.62	72.11	53.0	65.07	87.6	42.05	49.65	71.87	85.63	74.3	54.23	29.41	74.95	0.0	17.46	45.18	0.0	36.06	98.79	75.69	75.96	83.24	73.41	12.53	57.57	71.87	50.0	47.43	43.42	90.01	24.74	33.97	68.18	19.24	90.82	66.07	84.81	65.51	12.17	91.24	67.42	31.78	66.49	13.0	89.16	10.3	63.29	82.39	26.48	81.25	76.84	18.79	85.71	56.92	11.05
23	61.98	79.32	56.08	109.34	20.81	86.15	14.04	61.07	84.17	58.6	78.85	70.11	80.6	97.95	42.01	66.24	83.01	100.57	91.24	62.03	44.05	85.48	17.46	0.0	62.51	17.46	38.33	111.83	85.43	75.66	93.04	89.59	27.46	75.0	85.15	67.45	44.15	39.29	95.35	36.24	49.93	85.01	33.42	101.6	83.29	99.01	78.75	7.81	103.17	84.76	42.44	75.64	5.1	100.5	17.69	80.62	86.47	37.2	90.47	94.25	22.85	89.2	74.33	21.93
24	73.55	36.22	51.86	76.42	74.55	90.74	61.29	45.28	22.83	47.43	79.4	8.94	41.05	80.81	71.59	24.33	65.8	60.42	37.74	64.03	34.41	70.21	45.18	62.51	0.0	45.18	64.41	80.31	73.39	98.35	79.12	43.01	39.62	16.4	57.43	10.44	80.06	78.0	97.53	43.83	27.59	24.7	38.28	82.04	21.02	63.39	53.15	57.04	78.16	26.91	46.62	68.43	57.71	78.64	50.25	18.11	94.3	45.65	79.38	34.41	54.57	98.47	16.64	46.53
25	57.31	63.25	45.61	95.96	31.78	81.06	18.87	48.3	66.71	46.62	72.11	53.0	65.07	87.6	42.05	49.65	71.87	85.63	74.3	54.23	29.41	74.95	0.0	17.46	45.18	0.0	36.06	98.79	75.69	75.96	83.24	73.41	12.53	57.57	71.87	50.0	47.43	43.42	90.01	24.74	33.97	68.18	19.24	90.82	66.07	84.81	65.51	12.17	91.24	67.42	31.78	66.49	13.0	89.16	10.3	63.29	82.39	26.48	81.25	76.84	18.79	85.71	56.92	11.05
26	23.77	61.29	26.0	79.63	27.02	47.85	24.33	35.17	79.31	31.32	41.23	73.36	60.02	63.25	7.21	53.34	50.33	75.77	77.03	26.25	30.68	51.62	36.06	38.33	64.41	36.06	0.0	81.22	50.45	39.92	57.8	70.86	29.21	69.12	56.82	63.25	15.81	15.0	57.07	20.59	38.6	89.0	27.02	67.36	83.93	72.01	50.99	32.0	70.77	75.66	19.24	40.46	39.0	67.18	25.96	80.06	48.17	18.79	54.64	85.59	17.46	51.01	67.91	25.5
27	63.98	44.1	56.57	4.12	107.71	55.08	100.5	50.8	70.21	53.26	49.48	84.01	39.32	24.02	83.76	57.07	31.06	21.84	49.73	55.76	69.46	30.87	98.79	111.83	80.31	98.79	81.22	0.0	33.84	80.06	29.27	39.46	86.28	67.07	26.93	70.11	90.92	93.49	53.34	75.6	66.71	90.43	79.61	20.02	82.2	17.0	33.29	104.02	12.17	61.0	69.53	42.49	109.62	17.12	94.2	78.77	60.03	74.65	33.38	63.57	89.94	63.01	66.03	90.21
28	30.53	43.93	30.08	33.73	77.47	24.35	72.56	30.07	73.41	30.07	16.03	80.11	38.9	12.81	51.66	49.66	8.49	39.29	58.26	24.21	49.09	4.47	75.69	85.43	73.39	75.69	50.45	33.84	0.0	47.04	7.62	47.2	63.56	66.04	21.63	65.31	58.01	61.07	27.02	50.96	50.25	91.59	57.07	16.97	83.76	32.56	22.02	77.88	21.93	65.19	43.97	10.0	84.31	17.49	68.71	79.61	29.41	49.34	6.08	72.18	62.61	33.24	64.66	65.46
29	25.24	82.08	47.43	80.5	58.03	26.0	61.98	56.44	107.7	53.0	31.02	106.96	78.43	56.29	34.21	80.45	53.15	85.38	98.43	36.24	64.38	51.0	75.96	75.66	98.35	75.96	39.92	80.06	47.04	0.0	50.8	88.89	68.48	98.18	65.76	94.2	32.0	37.0	32.2	57.43	70.77	121.66	64.9	60.64	115.21	79.1	62.82	70.61	67.9	101.53	52.5	41.44	77.47	62.97	65.79	111.02	21.95	55.22	46.69	110.49	57.25	21.26	96.8	65.39
30	37.01	47.71	37.64	30.0	84.81	26.02	80.13	37.01	77.39	37.34	20.62	85.44	42.44	5.83	58.69	55.03	13.34	38.91	60.83	31.62	56.32	9.06	83.24	93.04	79.12	83.24	57.8	29.27	7.62	50.8	0.0	49.5	71.06	70.66	24.21	70.58	64.66	67.94	26.0	58.52	57.04	96.18	64.54	10.3	88.19	31.78	26.4	85.49	17.12	68.82	51.55	17.49	91.92	12.17	76.32	84.12	31.06	56.92	4.12	75.07	70.21	34.37	69.32	73.05
31	65.12	10.3	46.01	35.36	92.7	70.83	81.86	36.06	30.81	40.05	60.37	45.28	11.0	48.41	76.32	24.04	38.83	18.0	11.4	53.76	46.07	42.8	73.41	89.59	43.01	73.41	70.86	39.46	47.2	88.89	49.5	0.0	62.13	28.16	25.61	32.57	85.21	85.71	74.2	56.08	39.66	50.99	56.44	47.71	42.76	22.8	26.4	82.15	41.15	21.59	52.89	48.33	86.02	43.57	72.56	39.32	75.66	56.3	51.74	25.81	71.69	79.76	27.29	68.1
32	47.54	51.87	33.54	83.49	35.06	70.58	22.02	35.78	59.14	34.18	61.03	48.27	53.26	75.29	36.12	38.91	59.46	73.54	64.08	43.01	17.03	62.64	12.53	27.46	39.62	12.53	29.21	86.28	63.56	68.48	71.06	62.13	0.0	49.37	59.36	42.11	43.28	40.22	79.31	13.0	22.47	64.03	6.71	78.43	60.53	72.47	53.0	20.12	78.72	58.46	20.02	54.59	24.08	76.69	11.18	57.22	72.37	15.03	69.23	68.25	15.23	75.93	48.51	7.0
33	72.95	23.77	50.77	63.03	84.1	86.37	71.34	42.01	10.2	45.22	75.01	17.12	29.12	71.31	75.96	17.8	57.8	46.1	21.47	62.2	38.64	62.27	57.57	75.0	16.4	57.57	69.12	67.07	66.04	98.18	70.66	28.16	49.37	0.0	47.17	7.62	84.9	83.74	92.01	49.5	30.59	25.55	46.0	71.78	17.8	50.09	44.29	68.66	66.71	10.63	50.0	63.13	70.52	68.01	60.53	13.6	90.52	50.8	71.69	19.31	63.0	94.76	1.41	56.32
34	44.18	23.71	31.06	24.21	82.42	45.62	74.28	24.08	53.34	26.91	35.74	62.82	18.36	24.17	60.54	33.14	13.42	20.1	36.8	33.73	42.54	17.2	71.87	85.15	57.43	71.87	56.82	26.93	21.63	65.76	24.21	25.61	59.36	47.17	0.0	48.05	68.62	70.38	48.6	48.92	40.16	72.5	52.7	24.74	64.4	15.23	6.4	77.34	21.1	44.65	43.14	24.33	82.8	21.21	67.48	60.42	50.57	48.1	26.17	50.93	63.66	54.56	45.88	63.41
35	69.03	26.02	46.86	66.19	77.01	84.2	64.12	38.95	17.03	41.73	72.8	14.87	31.02	71.84	70.23	15.65	57.38	50.01	27.8	58.73	32.57	61.85	50.0	67.45	10.44	50.0	63.25	70.11	65.31	94.2	70.58	32.57	42.11	7.62	48.05	0.0	79.06	77.62	90.43	43.17	24.7	27.59	39.12	72.78	21.1	53.15	44.27	61.19	68.47	18.03	44.38	61.29	62.94	69.23	53.24	17.0	88.09	44.64	71.18	26.93	56.08	92.31	7.21	49.09
36	27.66	76.01	39.32	89.89	26.08	48.37	31.02	49.16	95.08	45.18	45.28	89.0	74.24	70.43	9.06	68.88	59.94	88.32	92.05	35.34	46.49	60.21	47.43	44.15	80.06	47.43	15.81	90.92	58.01	32.0	64.66	85.21	43.28	84.9	68.62	79.06	0.0	5.0	57.25	36.25	54.41	104.69	42.19	74.81	99.72	83.82	63.32	39.92	79.61	91.24	34.93	48.55	46.49	75.45	37.2	95.86	47.01	34.54	60.96	101.12	29.07	48.7	83.68	38.21
37	31.14	76.24	40.26	92.28	21.1	52.77	26.4	49.82	93.94	45.89	49.04	86.93	74.81	73.66	9.85	68.26	62.43	89.81	92.02	37.74	45.12	63.01	43.42	39.29	78.0	43.42	15.0	93.49	61.07	37.0	67.94	85.71	40.22	83.74	70.38	77.62	5.0	0.0	61.74	34.48	53.15	102.69	39.81	77.99	98.03	85.62	64.85	35.34	82.42	90.55	34.13	51.4	41.79	78.41	33.3	94.25	51.62	32.98	64.35	100.5	25.5	53.45	82.57	34.71
38	33.38	70.71	47.8	54.92	81.93	9.22	81.39	52.33	99.9	50.7	18.68	104.96	65.8	29.83	54.71	74.89	35.47	64.88	85.28	36.5	68.41	31.4	90.01	95.35	97.53	90.01	57.07	53.34	27.02	32.2	26.0	74.2	79.31	92.01	48.6	90.43	57.25	61.74	0.0	66.37	71.87	117.41	73.68	33.38	109.81	57.78	48.8	88.68	41.77	91.93	59.54	29.15	95.63	36.88	81.1	105.6	10.63	64.28	22.83	99.16	73.33	11.18	90.6	79.0
39	35.11	45.88	20.88	73.11	36.69	57.71	26.08	24.84	59.68	22.47	48.04	52.77	46.07	62.97	27.78	35.23	47.42	65.0	60.21	30.02	11.0	50.33	24.74	36.24	43.83	24.74	20.59	75.6	50.96	57.43	58.52	56.08	13.0	49.5	48.92	43.17	36.25	34.48	66.37	0.0	19.03	68.45	7.62	66.31	63.57	62.97	42.52	28.43	67.23	57.0	7.07	41.77	34.13	64.85	18.6	59.77	59.67	2.24	56.52	67.0	15.65	63.32	48.37	14.76
40	46.01	29.41	24.7	63.51	54.92	64.4	43.01	20.22	40.79	21.19	53.31	36.24	31.11	60.07	45.54	16.76	44.01	51.86	42.06	36.89	8.06	48.01	33.97	49.93	27.59	33.97	38.6	66.71	50.25	70.77	57.04	39.66	22.47	30.59	40.16	24.7	54.41	53.15	71.87	19.03	0.0	51.31	17.09	62.39	45.62	51.62	34.21	42.54	60.88	38.01	19.7	43.42	46.4	59.84	33.11	41.63	67.6	20.22	56.32	48.01	33.54	71.69	29.43	28.64
41	96.54	48.85	74.41	86.31	98.66	111.52	85.33	66.48	20.22	69.31	100.12	15.81	54.23	96.66	96.15	42.64	83.35	68.73	41.11	86.31	58.67	87.82	68.18	85.01	24.7	68.18	89.0	90.43	91.59	121.66	96.18	50.99	64.03	25.55	72.5	27.59	104.69	102.69	117.41	68.45	51.31	0.0	62.97	96.93	8.25	73.76	69.84	80.31	91.39	29.43	70.83	88.41	80.0	93.05	74.33	12.08	115.52	70.21	97.25	29.43	79.12	119.75	26.93	70.83
42	42.72	46.14	27.17	76.84	38.21	65.12	25.96	29.07	56.04	27.51	55.23	47.17	47.2	68.68	34.21	33.84	52.81	67.21	59.14	37.22	10.63	56.04	19.24	33.42	38.28	19.24	27.02	79.61	57.07	64.9	64.54	56.44	6.71	46.0	52.7	39.12	42.19	39.81	73.68	7.62	17.09	62.97	0.0	71.78	58.69	65.95	46.32	25.81	72.01	54.45	14.14	48.26	30.41	70.01	16.12	55.11	67.19	9.85	62.8	64.38	17.0	70.88	45.01	11.66
43	47.2	48.1	45.62	21.59	94.37	35.23	89.04	43.17	77.39	44.27	30.87	87.56	42.72	4.47	68.62	57.71	18.97	34.06	59.08	41.11	62.82	16.12	90.82	101.6	82.04	90.82	67.36	20.02	16.97	60.64	10.3	47.71	78.43	71.78	24.74	72.78	74.81	77.99	33.38	66.31	62.39	96.93	71.78	0.0	88.77	26.91	29.07	93.94	8.54	68.43	59.51	26.91	100.18	4.24	84.53	84.86	40.11	64.88	14.32	73.5	78.89	43.0	70.52	81.02
44	90.0	40.72	67.8	78.09	95.52	104.14	82.3	59.46	12.04	62.48	92.76	13.34	46.1	88.57	91.0	35.36	75.47	60.53	33.02	79.51	53.31	79.92	66.07	83.29	21.02	66.07	83.93	82.2	83.76	115.21	88.19	42.76	60.53	17.8	64.4	21.1	99.72	98.03	109.81	63.57	45.62	8.25	58.69	88.77	0.0	65.51	61.91	78.01	83.17	21.21	65.31	80.92	78.41	84.86	71.25	4.24	108.25	65.19	89.36	22.14	75.31	112.49	19.21	67.48
45	58.86	27.17	46.14	13.04	97.35	56.75	88.73	38.42	53.6	41.62	48.26	67.01	22.56	28.84	75.77	40.52	26.0	7.21	33.62	48.76	55.44	28.28	84.81	99.01	63.39	84.81	72.01	17.0	32.56	79.1	31.78	22.8	72.47	50.09	15.23	53.15	83.82	85.62	57.78	62.97	51.62	73.76	65.95	26.91	65.51	0.0	21.1	91.22	19.21	44.38	57.63	38.05	96.33	22.67	81.32	61.98	61.85	62.37	35.11	47.85	78.1	65.52	49.04	77.1
46	40.01	21.93	25.06	30.61	76.28	44.65	67.94	17.69	51.4	20.62	34.0	59.14	17.03	27.66	55.03	28.86	13.6	25.0	36.89	29.07	36.24	18.03	65.51	78.75	53.15	65.51	50.99	33.29	22.02	62.82	26.4	26.4	53.0	44.29	6.4	44.27	63.32	64.85	48.8	42.52	34.21	69.84	46.32	29.07	61.91	21.1	0.0	70.94	26.68	43.19	36.8	21.93	76.4	26.02	61.07	57.8	49.4	41.73	27.46	50.45	57.31	53.54	42.94	57.01
47	55.33	71.87	48.37	101.53	20.25	79.51	8.94	53.26	78.09	50.8	71.81	65.03	73.01	90.34	36.5	59.03	75.29	92.85	84.17	54.71	36.4	77.83	12.17	7.81	57.04	12.17	32.0	104.02	77.88	70.61	85.49	82.15	20.12	68.66	77.34	61.19	39.92	35.34	88.68	28.43	42.54	80.31	25.81	93.94	78.01	91.22	70.94	0.0	95.41	78.16	34.67	68.15	7.0	92.78	9.9	75.11	80.1	29.41	83.01	87.8	15.52	83.01	67.91	14.21
48	52.35	42.95	47.2	13.15	97.58	43.01	91.21	42.95	71.51	44.78	37.36	83.02	37.66	12.04	72.8	54.01	20.52	26.17	52.35	44.82	62.39	19.42	91.24	103.17	78.16	91.24	70.77	12.17	21.93	67.9	17.12	41.15	78.72	66.71	21.1	68.47	79.61	82.42	41.77	67.23	60.88	91.39	72.01	8.54	83.17	19.21	26.68	95.41	0.0	62.39	60.75	31.06	101.36	5.0	85.76	79.4	48.0	66.04	21.21	66.73	80.8	51.09	65.51	81.99
49	76.49	21.26	54.78	56.89	92.66	87.21	80.23	45.19	9.22	48.85	76.06	26.0	26.4	68.6	82.2	22.36	56.73	39.32	12.17	65.3	46.0	61.07	67.42	84.76	26.91	67.42	75.66	61.0	65.19	101.53	68.82	21.59	58.46	10.63	44.65	18.03	91.24	90.55	91.93	57.0	38.01	29.43	54.45	68.43	21.21	44.38	43.19	78.16	62.39	0.0	56.44	63.89	80.41	64.4	69.63	18.0	91.68	58.03	70.43	10.0	71.34	95.9	10.82	65.31
50	29.07	42.95	13.93	67.21	40.25	50.99	31.14	19.21	60.17	16.28	41.11	55.47	42.38	56.08	25.96	34.13	40.71	60.21	58.22	23.09	12.21	43.46	31.78	42.44	46.62	31.78	19.24	69.53	43.97	52.5	51.55	52.89	20.02	50.0	43.14	44.38	34.93	34.13	59.54	7.07	19.7	70.83	14.14	59.51	65.31	57.63	36.8	34.67	60.75	56.44	0.0	34.71	40.71	58.18	25.06	61.33	53.16	5.39	49.48	66.37	20.52	56.92	48.76	21.54
51	21.54	43.01	21.1	41.79	67.48	23.35	62.65	23.41	71.42	22.36	12.21	75.8	38.59	22.8	41.87	45.8	12.17	44.05	58.67	14.21	41.11	11.66	66.49	75.64	68.43	66.49	40.46	42.49	10.0	41.44	17.49	48.33	54.59	63.13	24.33	61.29	48.55	51.4	29.15	41.77	43.42	88.41	48.26	26.91	80.92	38.05	21.93	68.15	31.06	63.89	34.71	0.0	74.67	27.02	59.14	76.69	27.8	40.02	14.87	71.85	52.8	32.02	61.72	56.04
52	62.29	75.8	54.56	107.0	24.76	86.47	15.52	58.82	79.56	56.6	78.64	65.19	77.34	96.66	43.42	62.43	81.41	97.59	87.24	61.4	41.01	84.1	13.0	5.1	57.71	13.0	39.0	109.62	84.31	77.47	91.92	86.02	24.08	70.52	82.8	62.94	46.49	41.79	95.63	34.13	46.4	80.0	30.41	100.18	78.41	96.33	76.4	7.0	101.36	80.41	40.71	74.67	0.0	98.88	15.65	75.8	87.09	35.36	89.54	89.81	22.36	90.01	69.89	19.42
53	48.02	44.27	44.42	18.11	94.11	38.01	88.23	41.11	73.41	42.54	32.57	83.95	38.9	7.07	68.88	54.33	17.49	29.83	54.92	41.04	60.73	15.56	89.16	100.5	78.64	89.16	67.18	17.12	17.49	62.97	12.17	43.57	76.69	68.01	21.21	69.23	75.45	78.41	36.88	64.85	59.84	93.05	70.01	4.24	84.86	22.67	26.02	92.78	5.0	64.4	58.18	27.02	98.88	0.0	83.24	80.99	43.0	63.53	16.28	69.34	77.94	46.1	66.76	79.61
54	48.01	62.27	38.91	91.68	24.33	72.03	11.05	43.42	70.26	41.05	63.64	58.69	63.25	81.02	31.78	49.77	65.76	82.98	75.03	46.1	26.63	68.45	10.3	17.69	50.25	10.3	25.96	94.2	68.71	65.79	76.32	72.56	11.18	60.53	67.48	53.24	37.2	33.3	81.1	18.6	33.11	74.33	16.12	84.53	71.25	81.32	61.07	9.9	85.76	69.63	25.06	59.14	15.65	83.24	0.0	68.07	73.06	19.72	74.0	79.43	8.54	76.24	59.68	4.47
55	85.8	36.77	63.6	74.67	92.27	99.9	79.1	55.23	9.22	58.26	88.53	11.66	42.15	84.58	87.09	31.11	71.34	57.22	30.07	75.29	49.4	75.8	63.29	80.62	18.11	63.29	80.06	78.77	79.61	111.02	84.12	39.32	57.22	13.6	60.42	17.0	95.86	94.25	105.6	59.77	41.63	12.08	55.11	84.86	4.24	61.98	57.8	75.11	79.4	18.0	61.33	76.69	75.8	80.99	68.07	0.0	104.0	61.35	85.23	20.59	71.85	108.25	15.0	64.2
56	25.08	70.8	42.94	61.03	72.12	5.1	72.44	49.2	99.09	46.87	15.62	102.2	66.29	36.01	45.12	72.92	37.16	68.68	86.28	30.87	63.16	33.84	82.39	86.47	94.3	82.39	48.17	60.03	29.41	21.95	31.06	75.66	72.37	90.52	50.57	88.09	47.01	51.62	10.63	59.67	67.6	115.52	67.19	40.11	108.25	61.85	49.4	80.1	48.0	91.68	53.16	27.8	87.09	43.0	73.06	104.0	0.0	57.49	27.17	99.62	65.0	4.24	89.11	71.34
57	32.89	46.17	19.31	72.25	36.4	55.58	26.4	24.04	61.0	21.4	46.01	54.59	46.1	61.47	25.94	36.06	46.07	64.64	60.83	28.0	12.17	48.85	26.48	37.2	45.65	26.48	18.79	74.65	49.34	55.22	56.92	56.3	15.03	50.8	48.1	44.64	34.54	32.98	64.28	2.24	20.22	70.21	9.85	64.88	65.19	62.37	41.73	29.41	66.04	58.03	5.39	40.02	35.36	63.53	19.72	61.35	57.49	0.0	54.82	68.03	15.81	61.13	49.65	16.16
58	33.3	49.2	35.69	34.01	81.61	22.09	77.37	36.12	78.82	36.01	16.55	86.01	44.05	9.85	55.23	55.54	13.89	42.15	62.97	28.65	55.04	9.43	81.25	90.47	79.38	81.25	54.64	33.38	6.08	46.69	4.12	51.74	69.23	71.69	26.17	71.18	60.96	64.35	22.83	56.52	56.32	97.25	62.8	14.32	89.36	35.11	27.46	83.01	21.21	70.43	49.48	14.87	89.54	16.28	74.0	85.23	27.17	54.82	0.0	77.08	67.62	30.59	70.33	70.88
59	85.62	28.84	64.2	59.46	102.59	95.0	90.09	54.42	12.04	58.19	84.05	31.24	33.42	74.2	92.07	32.25	63.7	41.79	14.42	74.32	56.0	67.9	76.84	94.25	34.41	76.84	85.59	63.57	72.18	110.49	75.07	25.81	68.25	19.31	50.93	26.93	101.12	100.5	99.16	67.0	48.01	29.43	64.38	73.5	22.14	47.85	50.45	87.8	66.73	10.0	66.37	71.85	89.81	69.34	79.43	20.59	99.62	68.03	77.08	0.0	81.3	103.81	19.92	75.13
60	40.05	61.47	33.6	87.69	21.38	64.2	10.63	39.7	73.03	36.77	56.29	63.32	61.72	75.18	23.26	50.22	60.46	80.45	75.43	39.22	25.96	62.77	18.79	22.85	54.57	18.79	17.46	89.94	62.61	57.25	70.21	71.69	15.23	63.0	63.66	56.08	29.07	25.5	73.33	15.65	33.54	79.12	17.0	78.89	75.31	78.1	57.31	15.52	80.8	71.34	20.52	52.8	22.36	77.94	8.54	71.85	65.0	15.81	67.62	81.3	0.0	68.07	62.01	9.22
61	28.44	75.0	47.01	64.2	74.22	8.94	75.17	53.41	103.32	51.04	19.85	106.4	70.46	39.05	47.52	77.16	41.15	72.42	90.43	34.89	67.12	37.7	85.71	89.2	98.47	85.71	51.01	63.01	33.24	21.26	34.37	79.76	75.93	94.76	54.56	92.31	48.7	53.45	11.18	63.32	71.69	119.75	70.88	43.0	112.49	65.52	53.54	83.01	51.09	95.9	56.92	32.02	90.01	46.1	76.24	108.25	4.24	61.13	30.59	103.81	68.07	0.0	93.35	74.67
62	71.56	22.56	49.4	62.01	83.15	84.96	70.46	40.61	11.4	43.83	73.59	18.03	27.89	70.01	74.73	16.4	56.44	45.18	21.1	60.8	37.48	60.9	56.92	74.33	16.64	56.92	67.91	66.03	64.66	96.8	69.32	27.29	48.51	1.41	45.88	7.21	83.68	82.57	90.6	48.37	29.43	26.93	45.01	70.52	19.21	49.04	42.94	67.91	65.51	10.82	48.76	61.72	69.89	66.76	59.68	15.0	89.11	49.65	70.33	19.92	62.01	93.35	0.0	55.44
63	46.27	57.8	35.47	87.62	28.07	70.03	15.03	39.41	66.12	37.22	61.2	55.11	58.82	77.62	31.91	45.31	62.17	78.64	70.58	43.42	22.2	65.0	11.05	21.93	46.53	11.05	25.5	90.21	65.46	65.39	73.05	68.1	7.0	56.32	63.41	49.09	38.21	34.71	79.0	14.76	28.64	70.83	11.66	81.02	67.48	77.1	57.01	14.21	81.99	65.31	21.54	56.04	19.42	79.61	4.47	64.2	71.34	16.16	70.88	75.13	9.22	74.67	55.44	0.0
;
