set K:= 1	2	3	4	5	6	7	8	9;
set C_H:= 1	2	3	4	5	6	7	8	9	10	11	12	13	14	15	16	17	18	19	20	21	22	23	24	25	26	27	28	29	30	31	32	33	34	35	36	37	38	39;
set C_S:= 40	41	42	43	44	45	46	47	48	49	50	51	52	53	54	55	56	57	58;
set C_F:= 59	60	61	62	63	64;
set M:= 65	66	67	68	69	70;
set L_B:= 71	72	73	74	75	76	77	78	79;
set A1:=
(0,*) 1 2 3 4 5 6 7 8 9 10 11 12 13 14 15 16 17 18 19 20 21 22 23 24 25 26 27 28 29 30 31 32 33 34 35 36 37 38 39 59 60 61 62 63 64 65 66 67 68 69 70 71 72 73 74 75 76 77 78 79
(1,*) 0 2 3 4 5 6 7 8 9 10 11 12 13 14 15 16 17 18 19 20 21 22 23 24 25 26 27 28 29 30 31 32 33 34 35 36 37 38 39 59 60 61 62 63 64 65 66 67 68 69 70 71 72 73 74 75 76 77 78 79
(2,*) 0 1 3 4 5 6 7 8 9 10 11 12 13 14 15 16 17 18 19 20 21 22 23 24 25 26 27 28 29 30 31 32 33 34 35 36 37 38 39 59 60 61 62 63 64 65 66 67 68 69 70 71 72 73 74 75 76 77 78 79
(3,*) 0 1 2 4 5 6 7 8 9 10 11 12 13 14 15 16 17 18 19 20 21 22 23 24 25 26 27 28 29 30 31 32 33 34 35 36 37 38 39 59 60 61 62 63 64 65 66 67 68 69 70 71 72 73 74 75 76 77 78 79
(4,*) 0 1 2 3 5 6 7 8 9 10 11 12 13 14 15 16 17 18 19 20 21 22 23 24 25 26 27 28 29 30 31 32 33 34 35 36 37 38 39 59 60 61 62 63 64 65 66 67 68 69 70 71 72 73 74 75 76 77 78 79
(5,*) 0 1 2 3 4 6 7 8 9 10 11 12 13 14 15 16 17 18 19 20 21 22 23 24 25 26 27 28 29 30 31 32 33 34 35 36 37 38 39 59 60 61 62 63 64 65 66 67 68 69 70 71 72 73 74 75 76 77 78 79
(6,*) 0 1 2 3 4 5 7 8 9 10 11 12 13 14 15 16 17 18 19 20 21 22 23 24 25 26 27 28 29 30 31 32 33 34 35 36 37 38 39 59 60 61 62 63 64 65 66 67 68 69 70 71 72 73 74 75 76 77 78 79
(7,*) 0 1 2 3 4 5 6 8 9 10 11 12 13 14 15 16 17 18 19 20 21 22 23 24 25 26 27 28 29 30 31 32 33 34 35 36 37 38 39 59 60 61 62 63 64 65 66 67 68 69 70 71 72 73 74 75 76 77 78 79
(8,*) 0 1 2 3 4 5 6 7 9 10 11 12 13 14 15 16 17 18 19 20 21 22 23 24 25 26 27 28 29 30 31 32 33 34 35 36 37 38 39 59 60 61 62 63 64 65 66 67 68 69 70 71 72 73 74 75 76 77 78 79
(9,*) 0 1 2 3 4 5 6 7 8 10 11 12 13 14 15 16 17 18 19 20 21 22 23 24 25 26 27 28 29 30 31 32 33 34 35 36 37 38 39 59 60 61 62 63 64 65 66 67 68 69 70 71 72 73 74 75 76 77 78 79
(10,*) 0 1 2 3 4 5 6 7 8 9 11 12 13 14 15 16 17 18 19 20 21 22 23 24 25 26 27 28 29 30 31 32 33 34 35 36 37 38 39 59 60 61 62 63 64 65 66 67 68 69 70 71 72 73 74 75 76 77 78 79
(11,*) 0 1 2 3 4 5 6 7 8 9 10 12 13 14 15 16 17 18 19 20 21 22 23 24 25 26 27 28 29 30 31 32 33 34 35 36 37 38 39 59 60 61 62 63 64 65 66 67 68 69 70 71 72 73 74 75 76 77 78 79
(12,*) 0 1 2 3 4 5 6 7 8 9 10 11 13 14 15 16 17 18 19 20 21 22 23 24 25 26 27 28 29 30 31 32 33 34 35 36 37 38 39 59 60 61 62 63 64 65 66 67 68 69 70 71 72 73 74 75 76 77 78 79
(13,*) 0 1 2 3 4 5 6 7 8 9 10 11 12 14 15 16 17 18 19 20 21 22 23 24 25 26 27 28 29 30 31 32 33 34 35 36 37 38 39 59 60 61 62 63 64 65 66 67 68 69 70 71 72 73 74 75 76 77 78 79
(14,*) 0 1 2 3 4 5 6 7 8 9 10 11 12 13 15 16 17 18 19 20 21 22 23 24 25 26 27 28 29 30 31 32 33 34 35 36 37 38 39 59 60 61 62 63 64 65 66 67 68 69 70 71 72 73 74 75 76 77 78 79
(15,*) 0 1 2 3 4 5 6 7 8 9 10 11 12 13 14 16 17 18 19 20 21 22 23 24 25 26 27 28 29 30 31 32 33 34 35 36 37 38 39 59 60 61 62 63 64 65 66 67 68 69 70 71 72 73 74 75 76 77 78 79
(16,*) 0 1 2 3 4 5 6 7 8 9 10 11 12 13 14 15 17 18 19 20 21 22 23 24 25 26 27 28 29 30 31 32 33 34 35 36 37 38 39 59 60 61 62 63 64 65 66 67 68 69 70 71 72 73 74 75 76 77 78 79
(17,*) 0 1 2 3 4 5 6 7 8 9 10 11 12 13 14 15 16 18 19 20 21 22 23 24 25 26 27 28 29 30 31 32 33 34 35 36 37 38 39 59 60 61 62 63 64 65 66 67 68 69 70 71 72 73 74 75 76 77 78 79
(18,*) 0 1 2 3 4 5 6 7 8 9 10 11 12 13 14 15 16 17 19 20 21 22 23 24 25 26 27 28 29 30 31 32 33 34 35 36 37 38 39 59 60 61 62 63 64 65 66 67 68 69 70 71 72 73 74 75 76 77 78 79
(19,*) 0 1 2 3 4 5 6 7 8 9 10 11 12 13 14 15 16 17 18 20 21 22 23 24 25 26 27 28 29 30 31 32 33 34 35 36 37 38 39 59 60 61 62 63 64 65 66 67 68 69 70 71 72 73 74 75 76 77 78 79
(20,*) 0 1 2 3 4 5 6 7 8 9 10 11 12 13 14 15 16 17 18 19 21 22 23 24 25 26 27 28 29 30 31 32 33 34 35 36 37 38 39 59 60 61 62 63 64 65 66 67 68 69 70 71 72 73 74 75 76 77 78 79
(21,*) 0 1 2 3 4 5 6 7 8 9 10 11 12 13 14 15 16 17 18 19 20 22 23 24 25 26 27 28 29 30 31 32 33 34 35 36 37 38 39 59 60 61 62 63 64 65 66 67 68 69 70 71 72 73 74 75 76 77 78 79
(22,*) 0 1 2 3 4 5 6 7 8 9 10 11 12 13 14 15 16 17 18 19 20 21 23 24 25 26 27 28 29 30 31 32 33 34 35 36 37 38 39 59 60 61 62 63 64 65 66 67 68 69 70 71 72 73 74 75 76 77 78 79
(23,*) 0 1 2 3 4 5 6 7 8 9 10 11 12 13 14 15 16 17 18 19 20 21 22 24 25 26 27 28 29 30 31 32 33 34 35 36 37 38 39 59 60 61 62 63 64 65 66 67 68 69 70 71 72 73 74 75 76 77 78 79
(24,*) 0 1 2 3 4 5 6 7 8 9 10 11 12 13 14 15 16 17 18 19 20 21 22 23 25 26 27 28 29 30 31 32 33 34 35 36 37 38 39 59 60 61 62 63 64 65 66 67 68 69 70 71 72 73 74 75 76 77 78 79
(25,*) 0 1 2 3 4 5 6 7 8 9 10 11 12 13 14 15 16 17 18 19 20 21 22 23 24 26 27 28 29 30 31 32 33 34 35 36 37 38 39 59 60 61 62 63 64 65 66 67 68 69 70 71 72 73 74 75 76 77 78 79
(26,*) 0 1 2 3 4 5 6 7 8 9 10 11 12 13 14 15 16 17 18 19 20 21 22 23 24 25 27 28 29 30 31 32 33 34 35 36 37 38 39 59 60 61 62 63 64 65 66 67 68 69 70 71 72 73 74 75 76 77 78 79
(27,*) 0 1 2 3 4 5 6 7 8 9 10 11 12 13 14 15 16 17 18 19 20 21 22 23 24 25 26 28 29 30 31 32 33 34 35 36 37 38 39 59 60 61 62 63 64 65 66 67 68 69 70 71 72 73 74 75 76 77 78 79
(28,*) 0 1 2 3 4 5 6 7 8 9 10 11 12 13 14 15 16 17 18 19 20 21 22 23 24 25 26 27 29 30 31 32 33 34 35 36 37 38 39 59 60 61 62 63 64 65 66 67 68 69 70 71 72 73 74 75 76 77 78 79
(29,*) 0 1 2 3 4 5 6 7 8 9 10 11 12 13 14 15 16 17 18 19 20 21 22 23 24 25 26 27 28 30 31 32 33 34 35 36 37 38 39 59 60 61 62 63 64 65 66 67 68 69 70 71 72 73 74 75 76 77 78 79
(30,*) 0 1 2 3 4 5 6 7 8 9 10 11 12 13 14 15 16 17 18 19 20 21 22 23 24 25 26 27 28 29 31 32 33 34 35 36 37 38 39 59 60 61 62 63 64 65 66 67 68 69 70 71 72 73 74 75 76 77 78 79
(31,*) 0 1 2 3 4 5 6 7 8 9 10 11 12 13 14 15 16 17 18 19 20 21 22 23 24 25 26 27 28 29 30 32 33 34 35 36 37 38 39 59 60 61 62 63 64 65 66 67 68 69 70 71 72 73 74 75 76 77 78 79
(32,*) 0 1 2 3 4 5 6 7 8 9 10 11 12 13 14 15 16 17 18 19 20 21 22 23 24 25 26 27 28 29 30 31 33 34 35 36 37 38 39 59 60 61 62 63 64 65 66 67 68 69 70 71 72 73 74 75 76 77 78 79
(33,*) 0 1 2 3 4 5 6 7 8 9 10 11 12 13 14 15 16 17 18 19 20 21 22 23 24 25 26 27 28 29 30 31 32 34 35 36 37 38 39 59 60 61 62 63 64 65 66 67 68 69 70 71 72 73 74 75 76 77 78 79
(34,*) 0 1 2 3 4 5 6 7 8 9 10 11 12 13 14 15 16 17 18 19 20 21 22 23 24 25 26 27 28 29 30 31 32 33 35 36 37 38 39 59 60 61 62 63 64 65 66 67 68 69 70 71 72 73 74 75 76 77 78 79
(35,*) 0 1 2 3 4 5 6 7 8 9 10 11 12 13 14 15 16 17 18 19 20 21 22 23 24 25 26 27 28 29 30 31 32 33 34 36 37 38 39 59 60 61 62 63 64 65 66 67 68 69 70 71 72 73 74 75 76 77 78 79
(36,*) 0 1 2 3 4 5 6 7 8 9 10 11 12 13 14 15 16 17 18 19 20 21 22 23 24 25 26 27 28 29 30 31 32 33 34 35 37 38 39 59 60 61 62 63 64 65 66 67 68 69 70 71 72 73 74 75 76 77 78 79
(37,*) 0 1 2 3 4 5 6 7 8 9 10 11 12 13 14 15 16 17 18 19 20 21 22 23 24 25 26 27 28 29 30 31 32 33 34 35 36 38 39 59 60 61 62 63 64 65 66 67 68 69 70 71 72 73 74 75 76 77 78 79
(38,*) 0 1 2 3 4 5 6 7 8 9 10 11 12 13 14 15 16 17 18 19 20 21 22 23 24 25 26 27 28 29 30 31 32 33 34 35 36 37 39 59 60 61 62 63 64 65 66 67 68 69 70 71 72 73 74 75 76 77 78 79
(39,*) 0 1 2 3 4 5 6 7 8 9 10 11 12 13 14 15 16 17 18 19 20 21 22 23 24 25 26 27 28 29 30 31 32 33 34 35 36 37 38 59 60 61 62 63 64 65 66 67 68 69 70 71 72 73 74 75 76 77 78 79
(59,*) 0 1 2 3 4 5 6 7 8 9 10 11 12 13 14 15 16 17 18 19 20 21 22 23 24 25 26 27 28 29 30 31 32 33 34 35 36 37 38 39 60 61 62 63 64 65 66 67 68 69 70 71 72 73 74 75 76 77 78 79
(60,*) 0 1 2 3 4 5 6 7 8 9 10 11 12 13 14 15 16 17 18 19 20 21 22 23 24 25 26 27 28 29 30 31 32 33 34 35 36 37 38 39 59 61 62 63 64 65 66 67 68 69 70 71 72 73 74 75 76 77 78 79
(61,*) 0 1 2 3 4 5 6 7 8 9 10 11 12 13 14 15 16 17 18 19 20 21 22 23 24 25 26 27 28 29 30 31 32 33 34 35 36 37 38 39 59 60 62 63 64 65 66 67 68 69 70 71 72 73 74 75 76 77 78 79
(62,*) 0 1 2 3 4 5 6 7 8 9 10 11 12 13 14 15 16 17 18 19 20 21 22 23 24 25 26 27 28 29 30 31 32 33 34 35 36 37 38 39 59 60 61 63 64 65 66 67 68 69 70 71 72 73 74 75 76 77 78 79
(63,*) 0 1 2 3 4 5 6 7 8 9 10 11 12 13 14 15 16 17 18 19 20 21 22 23 24 25 26 27 28 29 30 31 32 33 34 35 36 37 38 39 59 60 61 62 64 65 66 67 68 69 70 71 72 73 74 75 76 77 78 79
(64,*) 0 1 2 3 4 5 6 7 8 9 10 11 12 13 14 15 16 17 18 19 20 21 22 23 24 25 26 27 28 29 30 31 32 33 34 35 36 37 38 39 59 60 61 62 63 65 66 67 68 69 70 71 72 73 74 75 76 77 78 79
(65,*) 0 1 2 3 4 5 6 7 8 9 10 11 12 13 14 15 16 17 18 19 20 21 22 23 24 25 26 27 28 29 30 31 32 33 34 35 36 37 38 39 59 60 61 62 63 64 66 67 68 69 70 71 72 73 74 75 76 77 78 79
(66,*) 0 1 2 3 4 5 6 7 8 9 10 11 12 13 14 15 16 17 18 19 20 21 22 23 24 25 26 27 28 29 30 31 32 33 34 35 36 37 38 39 59 60 61 62 63 64 65 67 68 69 70 71 72 73 74 75 76 77 78 79
(67,*) 0 1 2 3 4 5 6 7 8 9 10 11 12 13 14 15 16 17 18 19 20 21 22 23 24 25 26 27 28 29 30 31 32 33 34 35 36 37 38 39 59 60 61 62 63 64 65 66 68 69 70 71 72 73 74 75 76 77 78 79
(68,*) 0 1 2 3 4 5 6 7 8 9 10 11 12 13 14 15 16 17 18 19 20 21 22 23 24 25 26 27 28 29 30 31 32 33 34 35 36 37 38 39 59 60 61 62 63 64 65 66 67 69 70 71 72 73 74 75 76 77 78 79
(69,*) 0 1 2 3 4 5 6 7 8 9 10 11 12 13 14 15 16 17 18 19 20 21 22 23 24 25 26 27 28 29 30 31 32 33 34 35 36 37 38 39 59 60 61 62 63 64 65 66 67 68 70 71 72 73 74 75 76 77 78 79
(70,*) 0 1 2 3 4 5 6 7 8 9 10 11 12 13 14 15 16 17 18 19 20 21 22 23 24 25 26 27 28 29 30 31 32 33 34 35 36 37 38 39 59 60 61 62 63 64 65 66 67 68 69 71 72 73 74 75 76 77 78 79
(71,*) 0 1 2 3 4 5 6 7 8 9 10 11 12 13 14 15 16 17 18 19 20 21 22 23 24 25 26 27 28 29 30 31 32 33 34 35 36 37 38 39 59 60 61 62 63 64 65 66 67 68 69 70 72 73 74 75 76 77 78 79
(72,*) 0 1 2 3 4 5 6 7 8 9 10 11 12 13 14 15 16 17 18 19 20 21 22 23 24 25 26 27 28 29 30 31 32 33 34 35 36 37 38 39 59 60 61 62 63 64 65 66 67 68 69 70 71 73 74 75 76 77 78 79
(73,*) 0 1 2 3 4 5 6 7 8 9 10 11 12 13 14 15 16 17 18 19 20 21 22 23 24 25 26 27 28 29 30 31 32 33 34 35 36 37 38 39 59 60 61 62 63 64 65 66 67 68 69 70 71 72 74 75 76 77 78 79
(74,*) 0 1 2 3 4 5 6 7 8 9 10 11 12 13 14 15 16 17 18 19 20 21 22 23 24 25 26 27 28 29 30 31 32 33 34 35 36 37 38 39 59 60 61 62 63 64 65 66 67 68 69 70 71 72 73 75 76 77 78 79
(75,*) 0 1 2 3 4 5 6 7 8 9 10 11 12 13 14 15 16 17 18 19 20 21 22 23 24 25 26 27 28 29 30 31 32 33 34 35 36 37 38 39 59 60 61 62 63 64 65 66 67 68 69 70 71 72 73 74 76 77 78 79
(76,*) 0 1 2 3 4 5 6 7 8 9 10 11 12 13 14 15 16 17 18 19 20 21 22 23 24 25 26 27 28 29 30 31 32 33 34 35 36 37 38 39 59 60 61 62 63 64 65 66 67 68 69 70 71 72 73 74 75 77 78 79
(77,*) 0 1 2 3 4 5 6 7 8 9 10 11 12 13 14 15 16 17 18 19 20 21 22 23 24 25 26 27 28 29 30 31 32 33 34 35 36 37 38 39 59 60 61 62 63 64 65 66 67 68 69 70 71 72 73 74 75 76 78 79
(78,*) 0 1 2 3 4 5 6 7 8 9 10 11 12 13 14 15 16 17 18 19 20 21 22 23 24 25 26 27 28 29 30 31 32 33 34 35 36 37 38 39 59 60 61 62 63 64 65 66 67 68 69 70 71 72 73 74 75 76 77 79
(79,*) 0 1 2 3 4 5 6 7 8 9 10 11 12 13 14 15 16 17 18 19 20 21 22 23 24 25 26 27 28 29 30 31 32 33 34 35 36 37 38 39 59 60 61 62 63 64 65 66 67 68 69 70 71 72 73 74 75 76 77 78
;
set A2:=
(65,*) 66
(66,*) 65
(67,*) 68
(68,*) 67
(69,*) 70
(70,*) 69
;
param BigM:=99999;
param n:= 9;
param d:=
1	16
2	9
3	20
4	10
5	18
6	2
7	11
8	12
9	11
10	10
11	9
12	22
13	21
14	17
15	15
16	16
17	14
18	23
19	24
20	12
21	5
22	19
23	8
24	6
25	25
26	2
27	8
28	2
29	10
30	6
31	6
32	20
33	24
34	4
35	19
36	14
37	16
38	23
39	14
40	12
41	24
42	7
43	26
44	12
45	7
46	26
47	2
48	18
49	15
50	14
51	13
52	5
53	24
54	14
55	24
56	21
57	23
58	2
59	17
60	9
61	23
62	1
63	2
64	13
;
param Q:=100;
param w:=
[65,*] 66 1
[66,*] 65 1
[67,*] 68 1
[68,*] 67 1
[69,*] 70 1
[70,*] 69 1
;
param V:=
[65,*] 66 84
[66,*] 65 84
[67,*] 68 79
[68,*] 67 79
[69,*] 70 80
[70,*] 69 80
;
param f:=
65	100
66	100
67	100
68	100
69	100
70	100
71	100
72	100
73	100
74	100
75	100
76	100
77	100
78	100
79	100
;
param e:
	65	66	67	68	69	70	71	72	73	74	75	76	77	78	79:=
40	0	0	0	1	0	1	1	0	0	0	0	0	1	0	0	
41	0	0	1	0	1	0	0	1	0	0	1	0	0	1	0	
42	0	1	1	0	1	0	0	1	0	0	1	1	0	1	1	
43	0	1	0	0	0	0	0	0	1	0	0	1	0	0	1	
44	0	0	1	0	1	0	0	1	0	0	1	0	0	1	0	
45	0	0	0	1	0	1	1	0	0	1	0	0	1	0	0	
46	1	0	0	0	0	1	0	0	0	1	1	0	1	0	0	
47	1	0	0	0	0	1	1	0	0	1	1	0	1	0	0	
48	0	1	0	0	0	0	0	0	1	0	0	1	0	0	1	
49	0	0	1	0	1	0	0	1	0	0	1	0	0	1	0	
50	1	0	0	0	0	1	0	0	0	1	0	0	0	0	0	
51	0	0	1	0	1	0	0	1	0	0	1	0	0	1	0	
52	0	0	0	0	1	0	0	1	0	1	1	0	0	0	0	
53	0	1	1	0	0	0	0	0	1	0	1	1	1	1	1	
54	0	1	0	0	0	0	0	0	1	0	0	1	0	0	1	
55	1	0	0	0	0	1	1	0	0	1	0	0	1	0	0	
56	0	0	0	1	0	0	0	0	0	0	0	0	0	0	0	
57	0	0	1	0	1	0	0	1	0	0	1	0	1	1	0	
58	1	0	0	0	1	0	0	0	0	1	1	0	0	0	0	
59	1	0	0	0	0	1	1	0	0	1	0	0	0	0	0	
60	0	0	0	1	0	1	1	0	0	1	0	0	1	0	0	
61	0	1	0	0	0	0	0	0	1	0	0	1	1	0	1	
62	1	0	0	1	0	1	1	0	0	1	0	0	1	0	0	
63	0	1	0	0	0	0	0	0	1	0	0	1	0	0	1	
64	0	1	1	0	0	0	0	0	1	0	1	1	1	1	1	
;
param p:=
1	1
2	1
3	1
4	1
5	1
6	1
7	1
8	1
9	1
;
param G:=
65	81
66	84
67	79
68	78
69	80
70	75
71	93
72	94
73	93
74	91
75	86
76	90
77	97
78	78
79	98
;
param s:=
0	0
1	15
2	15
3	15
4	15
5	15
6	15
7	15
8	15
9	15
10	15
11	15
12	15
13	15
14	15
15	15
16	15
17	15
18	15
19	15
20	15
21	15
22	15
23	15
24	15
25	15
26	15
27	15
28	15
29	15
30	15
31	15
32	15
33	15
34	15
35	15
36	15
37	15
38	15
39	15
59	15
60	15
61	15
62	15
63	15
64	15
65	10
66	10
67	10
68	10
69	10
70	10
71	10
72	10
73	10
74	10
75	10
76	10
77	10
78	10
79	10
;
param t:
	0	1	2	3	4	5	6	7	8	9	10	11	12	13	14	15	16	17	18	19	20	21	22	23	24	25	26	27	28	29	30	31	32	33	34	35	36	37	38	39	40	41	42	43	44	45	46	47	48	49	50	51	52	53	54	55	56	57	58	59	60	61	62	63	64	65	66	67	68	69	70	71	72	73	74	75	76	77	78	79:=
0	0.0	52.15	26.31	28.84	32.25	66.6	35.78	51.92	46.69	32.06	39.7	40.2	38.21	65.3	45.34	34.93	30.0	29.73	46.04	35.38	41.23	50.91	52.5	73.76	17.09	62.13	38.47	25.06	45.69	59.36	10.2	63.66	31.24	62.13	45.12	67.08	63.81	18.0	35.78	26.08	45.12	72.11	39.7	47.07	64.4	38.83	62.8	52.95	30.53	47.2	74.32	61.35	70.26	18.97	22.8	50.12	37.74	48.37	68.0	70.94	54.63	11.31	52.8	33.94	18.44	78.39	37.12	54.49	36.0	63.82	59.82	39.2	68.6	31.38	57.27	41.59	12.0	29.55	50.45	20.62
1	52.15	0.0	40.05	59.06	84.38	90.71	87.82	95.04	20.1	28.64	70.03	32.25	88.02	95.04	74.24	22.36	79.12	66.48	20.59	55.03	85.91	11.31	7.21	52.15	66.6	81.61	39.29	59.36	97.53	25.06	56.64	91.41	64.12	81.61	95.85	67.68	82.22	68.03	87.82	58.31	89.82	44.72	14.14	38.05	34.0	76.24	63.81	59.09	47.54	18.87	84.12	38.42	56.64	34.06	49.4	69.86	89.89	24.41	59.46	93.68	94.19	50.91	86.09	55.71	34.0	92.14	31.78	13.89	84.76	25.0	83.2	75.11	27.17	47.17	72.11	26.57	42.52	56.01	6.4	43.83
2	26.31	40.05	0.0	51.42	52.8	53.67	55.32	55.32	45.69	36.88	30.27	46.86	51.61	56.32	34.93	34.99	42.8	26.68	25.06	54.63	46.82	33.53	36.88	47.54	43.17	46.04	12.17	48.66	63.66	36.88	36.06	53.14	24.08	46.04	60.0	43.08	47.2	34.06	55.32	49.03	50.6	46.52	26.0	55.32	40.0	36.22	38.63	29.53	47.41	26.83	54.04	35.78	44.05	24.41	42.38	33.29	58.41	25.61	42.19	57.31	54.15	34.23	46.39	53.85	17.2	60.11	43.93	35.85	47.71	42.01	46.07	35.06	47.01	47.89	38.21	18.6	27.2	16.03	35.51	37.16
3	28.84	59.06	51.42	0.0	44.72	95.27	48.66	76.16	43.86	30.53	68.41	31.24	57.58	93.34	74.03	36.72	51.88	58.14	62.8	10.0	65.51	63.25	62.77	96.0	23.41	90.97	62.8	4.47	58.31	75.71	19.8	92.02	60.0	90.97	61.61	94.25	92.65	41.62	48.66	2.83	68.96	92.35	51.92	33.11	82.87	66.48	89.84	80.32	12.81	63.15	102.86	82.1	94.53	30.07	10.2	78.89	48.17	66.48	93.38	99.64	80.45	17.89	80.62	8.0	36.06	107.19	29.7	67.36	57.27	78.85	88.6	67.18	82.86	13.6	85.88	61.07	24.33	58.18	60.54	16.28
4	32.25	84.38	52.8	44.72	0.0	67.91	4.0	37.2	77.79	62.64	46.04	69.05	15.62	62.03	50.04	66.48	16.12	36.5	76.37	54.59	28.64	82.46	84.4	98.39	22.0	68.26	63.81	40.45	14.14	89.2	30.59	62.64	40.79	68.26	17.09	83.55	70.26	18.87	4.0	42.43	30.53	98.79	71.61	74.24	92.8	38.21	80.05	70.34	54.0	77.79	84.02	88.2	92.48	50.99	46.04	60.13	5.66	77.9	88.54	72.28	43.91	36.88	50.0	52.61	50.48	84.72	66.29	85.8	17.89	94.07	63.64	40.11	99.01	55.0	68.12	70.84	43.08	45.88	82.42	47.68
5	66.6	90.71	53.67	95.27	67.91	0.0	67.08	36.5	99.32	89.89	26.91	99.86	54.33	10.0	21.26	88.59	51.92	37.2	71.02	101.86	40.2	81.22	85.51	63.91	76.16	10.2	51.42	91.21	68.03	76.0	75.6	6.32	35.38	10.2	60.0	35.78	10.77	56.36	67.08	92.46	40.0	70.34	77.79	108.17	72.44	30.46	36.06	34.06	96.21	72.99	22.8	64.5	53.85	76.03	89.11	20.88	71.02	68.47	47.54	4.47	28.64	77.9	18.11	100.5	69.34	18.68	96.8	81.61	50.64	81.02	7.62	29.07	85.15	96.94	20.1	64.33	75.07	39.41	84.93	85.63
6	35.78	87.82	55.32	48.66	4.0	67.08	0.0	34.99	81.61	66.48	46.39	72.99	13.42	60.73	50.04	70.23	16.12	37.36	79.25	58.55	27.2	85.6	87.66	100.24	26.0	68.03	66.03	44.41	10.2	91.93	34.53	61.61	41.76	68.03	13.42	84.4	70.03	21.26	0.0	46.39	28.64	100.96	74.89	78.23	95.27	38.0	81.04	71.47	58.0	80.72	84.02	90.44	94.02	54.63	50.04	60.53	4.0	80.62	89.89	71.39	42.05	40.79	49.03	56.57	53.85	84.29	70.21	88.87	16.49	96.88	63.2	40.01	101.83	59.0	68.47	73.55	46.82	47.42	85.7	51.62
7	51.92	95.04	55.32	76.16	37.2	36.5	34.99	0.0	96.19	82.87	28.84	91.78	21.63	28.0	28.28	84.21	24.41	28.64	79.7	84.97	10.77	88.77	92.2	87.86	53.25	41.23	60.93	71.69	32.98	89.55	57.27	30.27	31.62	41.23	24.74	64.4	43.08	34.93	34.99	73.43	7.21	91.61	80.89	98.95	89.55	19.7	62.48	55.17	81.71	81.61	57.58	82.68	79.2	68.47	73.54	39.7	38.47	79.12	73.59	40.2	8.0	62.03	19.7	83.19	64.03	55.11	88.65	90.8	19.8	94.94	35.47	21.47	99.81	82.64	46.04	72.73	63.56	40.16	90.8	72.42
8	46.69	20.1	45.69	43.86	77.79	99.32	81.61	96.19	0.0	15.23	75.29	13.42	84.85	101.84	80.32	12.0	76.42	69.05	36.06	37.74	86.02	29.73	26.68	70.68	57.27	91.3	50.0	45.34	91.76	44.27	47.54	98.79	67.91	91.3	91.78	82.02	92.28	64.5	81.61	43.86	90.02	63.91	24.08	18.0	53.14	79.25	77.79	71.22	31.24	34.99	96.83	56.36	73.78	28.07	35.61	78.71	82.87	40.5	75.6	102.86	97.02	41.23	91.21	38.83	32.25	104.04	14.21	33.24	82.39	44.91	91.71	78.64	47.27	30.61	82.68	39.62	34.93	61.03	25.0	31.38
9	32.06	28.64	36.88	30.53	62.64	89.89	66.48	82.87	15.23	0.0	64.4	10.0	70.26	91.24	69.77	6.32	62.03	56.92	36.5	26.68	72.44	34.23	32.98	71.81	42.05	82.8	44.41	31.24	76.66	48.0	32.31	88.59	56.46	82.8	76.94	77.67	84.02	50.04	66.48	30.0	76.42	66.48	24.08	18.44	56.14	67.05	73.24	65.3	18.97	36.22	90.55	57.27	72.8	14.56	21.26	70.0	67.68	40.79	73.35	93.74	84.4	26.0	79.85	27.2	20.59	96.94	7.07	38.33	68.03	50.25	82.38	66.73	53.76	18.68	75.07	37.34	20.1	50.61	30.81	16.4
10	39.7	70.03	30.27	68.41	46.04	26.91	46.39	28.84	75.29	64.4	0.0	74.24	36.06	26.83	5.66	63.91	30.27	10.77	52.61	74.97	24.41	62.29	66.12	59.4	50.16	23.41	32.98	64.4	50.6	61.35	48.83	24.41	8.49	23.41	43.86	38.63	25.3	31.05	46.39	65.6	26.91	62.8	56.14	82.37	60.83	10.0	35.78	27.2	69.43	54.59	38.21	53.85	51.22	50.12	62.23	14.14	50.36	51.42	46.04	31.24	25.3	50.99	16.12	73.59	43.86	40.16	71.12	63.79	31.62	66.73	20.25	7.81	71.51	70.18	22.09	45.54	48.41	14.32	65.03	58.9
11	40.2	32.25	46.86	31.24	69.05	99.86	72.99	91.78	13.42	10.0	74.24	0.0	78.0	101.07	79.65	13.42	70.11	66.48	44.27	24.41	81.22	40.2	38.0	79.7	47.54	92.8	54.04	33.29	83.19	54.59	38.47	98.49	66.21	92.8	84.21	87.2	94.02	58.14	72.99	31.62	85.16	73.76	31.62	8.49	63.15	76.55	82.8	75.07	18.44	43.68	100.42	65.15	81.44	24.17	24.17	80.0	73.76	48.7	82.37	103.73	93.68	32.25	89.55	25.61	30.53	106.89	3.16	44.1	76.11	56.08	92.36	76.32	59.01	17.69	85.04	46.07	28.28	60.54	36.01	21.38
12	38.21	88.02	51.61	57.58	15.62	54.33	13.42	21.63	84.85	70.26	36.06	78.0	0.0	47.54	38.83	72.99	8.94	28.84	76.55	67.05	14.14	84.12	86.76	93.23	34.18	56.14	60.83	53.14	14.56	88.41	40.45	48.66	33.29	56.14	8.49	74.67	58.14	20.4	13.42	55.03	15.23	95.02	74.32	84.21	90.55	26.68	71.69	62.61	65.12	78.23	72.44	84.9	86.09	56.89	56.89	50.0	17.09	77.2	81.41	58.55	28.64	46.17	36.22	65.15	54.41	72.01	75.01	86.95	4.47	93.6	51.01	28.86	98.6	66.1	57.72	70.21	50.16	40.46	85.0	57.14
13	65.3	95.04	56.32	93.34	62.03	10.0	60.73	28.0	101.84	91.24	26.83	101.07	47.54	0.0	21.54	90.62	46.52	35.61	76.11	100.66	33.53	86.21	90.35	72.5	72.8	18.87	56.14	89.11	60.53	82.39	73.54	4.47	34.99	18.87	52.35	44.94	20.0	52.8	60.73	90.51	32.56	78.43	81.58	109.18	79.62	26.91	44.72	41.23	95.6	78.1	32.8	71.81	62.61	76.94	88.09	26.08	64.56	74.0	56.36	12.65	20.0	76.58	12.81	99.16	70.68	28.23	97.95	87.02	44.27	87.57	13.93	26.17	91.92	96.4	27.86	69.18	74.89	40.85	89.56	85.21
14	45.34	74.24	34.93	74.03	50.04	21.26	50.04	28.28	80.32	69.77	5.66	79.65	38.83	21.54	0.0	69.08	34.0	16.12	56.14	80.62	26.0	66.03	70.0	59.67	55.46	18.44	36.22	70.0	53.37	64.03	54.41	18.87	14.14	18.44	46.17	36.72	20.4	36.06	50.04	71.22	27.78	63.81	60.53	87.82	62.77	12.17	34.41	26.91	75.07	58.14	34.0	55.46	50.91	55.57	67.88	11.66	54.04	54.59	45.34	25.61	23.32	56.64	12.17	79.25	49.19	35.17	76.54	67.27	34.53	69.38	14.76	10.05	74.04	75.82	18.97	49.09	54.04	19.31	69.03	64.54
15	34.93	22.36	34.99	36.72	66.48	88.59	70.23	84.21	12.0	6.32	63.91	13.42	72.99	90.62	69.08	0.0	64.5	57.27	31.05	32.98	74.03	28.07	26.68	66.48	46.65	80.99	41.04	37.2	80.32	42.05	36.72	87.73	56.32	80.99	80.05	74.03	82.1	52.61	70.23	36.06	78.03	60.83	18.44	21.63	50.36	67.47	69.66	62.23	25.3	30.59	87.73	51.92	68.03	16.12	27.2	68.26	71.69	35.44	68.96	92.28	85.16	30.53	79.7	33.53	20.4	94.49	11.4	32.14	70.46	44.1	81.01	66.94	47.52	25.0	72.8	32.65	23.41	49.77	24.52	21.93
16	30.0	79.12	42.8	51.88	16.12	51.92	16.12	24.41	76.42	62.03	30.27	70.11	8.94	46.52	34.0	64.5	0.0	21.54	67.68	60.93	14.14	75.18	77.82	85.44	28.84	52.15	52.35	47.41	21.63	79.65	33.53	46.82	26.0	52.15	17.2	68.41	54.15	12.0	16.12	49.19	17.2	86.83	65.39	76.66	82.02	22.09	65.15	55.71	58.24	69.34	68.0	76.58	78.71	48.37	50.0	44.41	20.1	68.41	74.32	56.32	29.73	38.83	34.18	59.09	45.61	68.59	67.07	78.03	6.0	84.81	47.52	24.02	89.81	59.2	52.35	61.4	42.0	32.45	76.06	49.65
17	29.73	66.48	26.68	58.14	36.5	37.2	37.36	28.64	69.05	56.92	10.77	66.48	28.84	35.61	16.12	57.27	21.54	0.0	51.26	65.12	20.59	60.17	63.56	64.4	39.4	34.18	33.29	54.04	42.94	61.77	38.42	33.94	4.47	34.18	37.2	47.07	36.06	20.4	37.36	55.32	24.17	66.48	52.35	74.32	62.8	10.2	43.68	34.18	60.0	53.14	48.66	56.64	57.31	42.38	52.5	24.08	41.23	50.99	52.8	41.62	28.07	41.04	23.32	63.66	36.88	50.92	63.32	62.3	24.41	67.12	30.89	9.85	72.07	60.8	32.06	44.38	39.45	12.21	62.17	49.65
18	46.04	20.59	25.06	62.8	76.37	71.02	79.25	79.7	36.06	36.5	52.61	44.27	76.55	76.11	56.14	31.05	67.68	51.26	0.0	62.0	71.69	10.2	14.56	35.44	62.77	61.61	20.0	61.61	88.09	13.42	53.67	72.25	48.08	61.61	84.88	47.2	62.1	58.14	79.25	61.19	75.39	30.07	12.65	52.0	20.1	60.17	43.27	38.63	54.0	2.0	63.53	20.88	37.74	32.98	52.61	50.36	82.02	4.47	39.7	73.76	77.67	49.4	68.26	62.03	28.64	71.59	42.45	11.18	72.72	17.8	63.64	58.69	22.67	54.01	51.92	7.07	40.5	39.56	14.32	46.53
19	35.38	55.03	54.63	10.0	54.59	101.86	58.55	84.97	37.74	26.68	74.97	24.41	67.05	100.66	80.62	32.98	60.93	65.12	62.0	0.0	74.24	60.83	59.67	96.52	32.98	96.83	65.15	14.14	68.26	74.24	27.78	99.04	66.48	96.83	71.39	97.69	98.41	50.12	58.55	12.17	77.82	92.02	50.16	24.41	82.02	74.03	93.23	84.1	8.0	62.03	107.7	82.22	96.1	31.05	12.81	84.4	58.14	66.03	95.6	106.15	88.84	24.08	88.09	2.0	37.95	112.65	23.71	64.94	66.48	76.79	94.92	74.52	80.41	8.06	90.97	61.4	27.78	63.6	57.49	17.46
20	41.23	85.91	46.82	65.51	28.64	40.2	27.2	10.77	86.02	72.44	24.41	81.22	14.14	33.53	26.0	74.03	14.14	20.59	71.69	74.24	0.0	80.32	83.52	83.55	42.8	42.43	53.85	61.06	28.07	82.37	46.52	34.53	24.41	42.43	20.4	62.61	44.41	24.17	27.2	62.77	4.0	86.37	71.81	88.29	83.23	14.42	60.03	51.61	70.94	73.54	58.86	76.84	75.6	58.14	62.77	37.58	31.05	71.55	70.46	44.41	15.62	51.26	22.09	72.47	54.04	58.01	78.09	82.64	10.77	87.71	37.12	16.64	92.66	71.87	44.94	64.88	52.95	32.76	82.01	61.68
21	50.91	11.31	33.53	63.25	82.46	81.22	85.6	88.77	29.73	34.23	62.29	40.2	84.12	86.21	66.03	28.07	75.18	60.17	10.2	60.83	80.32	0.0	4.47	41.18	66.84	71.81	30.07	62.77	94.87	14.56	57.2	82.39	57.27	71.81	92.28	56.6	72.28	64.9	85.6	62.03	84.12	34.18	11.66	47.07	23.41	69.43	52.84	48.7	52.95	8.25	73.35	27.2	45.34	34.99	53.14	60.53	88.09	13.42	48.17	83.95	87.13	52.15	78.1	61.19	32.56	81.54	39.01	4.12	80.5	16.03	73.82	68.07	19.65	52.77	62.1	17.03	43.27	48.84	5.0	47.17
22	52.5	7.21	36.88	62.77	84.4	85.51	87.66	92.2	26.68	32.98	66.12	38.0	86.76	90.35	70.0	26.68	77.82	63.56	14.56	59.67	83.52	4.47	0.0	44.94	67.94	76.16	34.23	62.61	97.1	17.89	58.14	86.58	60.83	76.16	94.83	61.06	76.66	67.23	87.66	61.74	87.36	37.58	12.81	44.41	26.83	72.99	57.31	53.14	51.92	12.65	77.82	31.24	49.52	35.61	52.8	64.78	90.0	17.89	52.5	88.29	90.8	52.8	82.02	60.17	34.06	86.01	37.12	6.71	83.26	18.25	78.09	71.7	21.02	51.66	66.48	21.21	44.05	52.47	2.24	46.96
23	73.76	52.15	47.54	96.0	98.39	63.91	100.24	87.86	70.68	71.81	59.4	79.7	93.23	72.5	59.67	66.48	85.44	64.4	35.44	96.52	83.55	41.18	44.94	0.0	90.71	53.85	35.44	94.09	107.07	27.2	83.19	68.03	60.0	53.85	101.61	28.64	53.14	79.62	100.24	94.02	86.28	8.94	48.08	87.32	18.44	69.31	27.86	32.8	88.57	36.06	46.17	14.56	10.2	66.03	86.02	48.83	103.77	31.05	16.49	64.56	82.8	80.4	70.46	96.33	60.03	55.15	77.88	38.28	88.81	29.0	58.6	67.18	30.23	88.68	44.72	35.13	72.11	53.0	46.14	80.06
24	17.09	66.6	43.17	23.41	22.0	76.16	26.0	53.25	57.27	42.05	50.16	47.54	34.18	72.8	55.46	46.65	28.84	39.4	62.77	32.98	42.8	66.84	67.94	90.71	0.0	73.54	55.32	18.97	36.06	76.16	10.0	72.11	42.38	73.54	38.47	82.22	75.39	20.0	26.0	20.88	46.04	89.2	55.32	52.35	81.44	46.04	78.1	68.12	32.0	63.81	87.36	78.43	86.83	32.56	24.08	62.64	26.31	65.3	84.21	80.62	58.14	16.12	60.0	31.05	34.41	90.25	44.92	70.6	34.0	80.45	70.21	47.17	85.15	33.0	70.34	58.6	24.08	43.42	65.8	26.25
25	62.13	81.61	46.04	90.97	68.26	10.2	68.03	41.23	91.3	82.8	23.41	92.8	56.14	18.87	18.44	80.99	52.15	34.18	61.61	96.83	42.43	71.81	76.16	53.85	73.54	0.0	42.38	87.13	70.46	66.03	71.69	14.42	31.3	0.0	62.8	26.08	2.0	54.41	68.03	88.2	43.17	60.17	69.08	101.21	62.29	30.07	26.0	24.0	90.69	63.56	16.49	54.33	43.86	69.43	84.02	12.81	72.03	58.86	37.58	12.17	34.0	73.24	21.54	95.6	62.48	16.76	89.81	72.01	52.04	71.0	5.83	28.16	75.06	91.35	10.0	55.08	69.43	33.3	75.69	80.06
26	38.47	39.29	12.17	62.8	63.81	51.42	66.03	60.93	50.0	44.41	32.98	54.04	60.83	56.14	36.22	41.04	52.35	33.29	20.0	65.15	53.85	30.07	34.23	35.44	55.32	42.38	0.0	60.3	73.76	28.64	48.17	52.35	29.53	42.38	69.31	33.29	43.08	44.94	66.03	60.53	57.31	34.99	26.83	62.48	29.73	41.23	28.84	21.26	57.58	22.0	46.86	24.41	32.0	34.18	53.37	30.59	69.34	18.44	30.59	54.41	58.24	46.04	48.37	64.56	27.2	54.08	51.4	31.06	56.64	34.01	43.93	39.56	38.91	57.94	33.11	13.04	38.47	21.1	33.54	47.8
27	25.06	59.36	48.66	4.47	40.45	91.21	44.41	71.69	45.34	31.24	64.4	33.29	53.14	89.11	70.0	37.2	47.41	54.04	61.61	14.14	61.06	62.77	62.61	94.09	18.97	87.13	60.3	0.0	54.15	74.73	15.62	87.86	56.04	87.13	57.27	91.21	88.84	37.2	44.41	2.0	64.5	90.8	51.26	36.06	81.58	62.23	86.83	77.2	15.23	62.1	99.32	80.4	92.2	28.64	10.0	75.18	44.05	65.12	90.8	95.6	76.03	14.56	76.37	12.17	34.06	103.45	31.4	66.85	52.8	78.11	84.63	62.97	82.28	16.16	82.29	59.41	22.0	54.56	60.37	15.65
28	45.69	97.53	63.66	58.31	14.14	68.03	10.2	32.98	91.76	76.66	50.6	83.19	14.56	60.53	53.37	80.32	21.63	42.94	88.09	68.26	28.07	94.87	97.1	107.07	36.06	70.46	73.76	54.15	0.0	100.5	44.72	62.13	47.41	70.46	8.25	89.2	72.44	30.0	10.2	56.14	28.07	108.41	84.38	88.36	103.32	41.23	86.16	76.97	68.03	89.64	86.83	98.08	100.24	64.62	60.13	64.56	10.2	89.2	95.71	72.11	40.79	50.99	50.0	66.27	63.53	86.05	80.41	98.01	18.97	105.55	65.19	43.42	110.54	69.03	72.28	82.13	56.92	54.08	95.19	61.81
29	59.36	25.06	36.88	75.71	89.2	76.0	91.93	89.55	44.27	48.0	61.35	54.59	88.41	82.39	64.03	42.05	79.65	61.77	13.42	74.24	82.37	14.56	17.89	27.2	76.16	66.03	28.64	74.73	100.5	0.0	67.08	78.23	58.14	66.03	96.83	46.82	66.12	70.71	91.93	74.22	85.88	19.7	24.08	61.61	8.94	69.86	43.68	42.05	66.27	12.65	64.56	14.42	32.8	46.17	65.51	56.32	94.85	11.31	36.72	78.1	86.65	62.77	76.16	74.43	42.05	73.25	53.24	11.18	84.4	5.39	69.07	68.15	10.3	66.19	56.04	18.38	53.85	49.65	19.31	59.44
30	10.2	56.64	36.06	19.8	30.59	75.6	34.53	57.27	47.54	32.31	48.83	38.47	40.45	73.54	54.41	36.72	33.53	38.42	53.67	27.78	46.52	57.2	58.14	83.19	10.0	71.69	48.17	15.62	44.72	67.08	0.0	72.25	40.5	71.69	46.0	77.28	73.43	22.36	34.53	16.97	50.16	81.04	45.61	44.0	72.8	46.69	72.99	63.15	24.74	54.59	84.31	70.34	80.1	22.63	16.49	59.93	35.44	56.46	78.03	80.0	61.06	6.32	60.83	26.08	25.06	88.12	35.69	61.03	39.29	71.2	69.07	47.38	75.8	25.71	67.23	49.98	14.14	39.56	55.97	17.12
31	63.66	91.41	53.14	92.02	62.64	6.32	61.61	30.27	98.79	88.59	24.41	98.49	48.66	4.47	18.87	87.73	46.82	33.94	72.25	99.04	34.53	82.39	86.58	68.03	72.11	14.42	52.35	87.86	62.13	78.23	72.25	0.0	32.8	14.42	54.04	40.5	15.62	52.15	61.61	89.2	34.06	74.0	78.1	106.68	75.31	26.08	40.25	36.88	93.72	74.24	28.84	67.47	58.14	74.43	86.37	22.0	65.51	70.03	51.88	10.0	22.36	74.97	12.65	97.59	68.0	25.0	95.38	83.1	45.12	83.38	9.49	25.0	87.69	94.49	23.41	65.38	72.8	38.01	85.84	83.24
32	31.24	64.12	24.08	60.0	40.79	35.38	41.76	31.62	67.91	56.46	8.49	66.21	33.29	34.99	14.14	56.32	26.0	4.47	48.08	66.48	24.41	57.27	60.83	60.0	42.38	31.3	29.53	56.04	47.41	58.14	40.5	32.8	0.0	31.3	41.62	42.76	33.11	24.08	41.76	57.2	27.78	62.23	50.04	74.24	58.82	12.17	39.29	29.73	60.96	50.0	45.12	52.5	52.84	42.05	53.74	20.4	45.61	47.54	48.33	39.7	30.07	42.52	23.41	65.12	36.06	47.93	63.07	59.2	28.84	63.51	28.6	11.0	68.43	61.72	28.28	41.11	40.0	8.54	59.54	50.45
33	62.13	81.61	46.04	90.97	68.26	10.2	68.03	41.23	91.3	82.8	23.41	92.8	56.14	18.87	18.44	80.99	52.15	34.18	61.61	96.83	42.43	71.81	76.16	53.85	73.54	0.0	42.38	87.13	70.46	66.03	71.69	14.42	31.3	0.0	62.8	26.08	2.0	54.41	68.03	88.2	43.17	60.17	69.08	101.21	62.29	30.07	26.0	24.0	90.69	63.56	16.49	54.33	43.86	69.43	84.02	12.81	72.03	58.86	37.58	12.17	34.0	73.24	21.54	95.6	62.48	16.76	89.81	72.01	52.04	71.0	5.83	28.16	75.06	91.35	10.0	55.08	69.43	33.3	75.69	80.06
34	45.12	95.85	60.0	61.61	17.09	60.0	13.42	24.74	91.78	76.94	43.86	84.21	8.49	52.35	46.17	80.05	17.2	37.2	84.88	71.39	20.4	92.28	94.83	101.61	38.47	62.8	69.31	57.27	8.25	96.83	46.0	54.04	41.62	62.8	0.0	82.46	64.78	27.86	13.42	59.23	20.0	103.48	82.29	90.0	99.04	34.18	79.62	70.71	70.26	86.53	79.25	93.38	94.34	64.03	62.13	57.58	15.62	85.6	89.55	64.03	32.56	52.04	42.05	69.43	62.03	78.16	81.3	95.19	12.81	102.0	57.43	36.4	107.0	71.25	65.15	78.6	56.89	48.92	93.02	63.03
35	67.08	67.68	43.08	94.25	83.55	35.78	84.4	64.4	82.02	77.67	38.63	87.2	74.67	44.94	36.72	74.03	68.41	47.07	47.2	97.69	62.61	56.6	61.06	28.64	82.22	26.08	33.29	91.21	89.2	46.82	77.28	40.5	42.76	26.08	82.46	0.0	25.06	66.27	84.4	91.76	64.5	36.06	58.0	95.6	40.79	48.33	4.47	14.14	90.38	48.83	18.11	32.98	18.44	67.08	85.44	25.06	88.29	43.27	12.17	36.06	58.14	76.66	45.34	96.93	59.93	27.07	84.63	55.47	70.23	50.96	31.4	46.1	54.13	90.8	18.44	42.45	70.23	39.0	61.29	80.23
36	63.81	82.22	47.2	92.65	70.26	10.77	70.03	43.08	92.28	84.02	25.3	94.02	58.14	20.0	20.4	82.1	54.15	36.06	62.1	98.41	44.41	72.28	76.66	53.14	75.39	2.0	43.08	88.84	72.44	66.12	73.43	15.62	33.11	2.0	64.78	25.06	0.0	56.32	70.03	89.89	45.12	59.67	69.86	102.45	62.13	32.06	25.3	24.08	92.2	64.03	14.56	54.15	43.08	70.77	85.6	14.14	74.03	59.23	36.77	12.0	35.78	74.89	23.41	97.2	63.78	14.87	91.05	72.37	54.04	71.03	7.62	30.15	75.01	92.85	10.2	55.66	70.94	34.83	76.24	81.57
37	18.0	68.03	34.06	41.62	18.87	56.36	21.26	34.93	64.5	50.04	31.05	58.14	20.4	52.8	36.06	52.61	12.0	20.4	58.14	50.12	24.17	64.9	67.23	79.62	20.0	54.41	44.94	37.2	30.0	70.71	22.36	52.15	24.08	54.41	27.86	66.27	56.32	0.0	21.26	38.83	27.86	79.92	54.59	64.78	74.03	26.08	62.51	52.61	46.82	59.67	69.05	69.34	74.0	36.5	38.63	44.41	24.41	59.4	70.34	60.83	38.83	27.2	40.0	48.37	34.18	71.17	55.08	68.01	18.0	75.69	50.7	27.29	80.66	47.76	52.35	52.33	30.0	27.66	65.37	37.85
38	35.78	87.82	55.32	48.66	4.0	67.08	0.0	34.99	81.61	66.48	46.39	72.99	13.42	60.73	50.04	70.23	16.12	37.36	79.25	58.55	27.2	85.6	87.66	100.24	26.0	68.03	66.03	44.41	10.2	91.93	34.53	61.61	41.76	68.03	13.42	84.4	70.03	21.26	0.0	46.39	28.64	100.96	74.89	78.23	95.27	38.0	81.04	71.47	58.0	80.72	84.02	90.44	94.02	54.63	50.04	60.53	4.0	80.62	89.89	71.39	42.05	40.79	49.03	56.57	53.85	84.29	70.21	88.87	16.49	96.88	63.2	40.01	101.83	59.0	68.47	73.55	46.82	47.42	85.7	51.62
39	26.08	58.31	49.03	2.83	42.43	92.46	46.39	73.43	43.86	30.0	65.6	31.62	55.03	90.51	71.22	36.06	49.19	55.32	61.19	12.17	62.77	62.03	61.74	94.02	20.88	88.2	60.53	2.0	56.14	74.22	16.97	89.2	57.2	88.2	59.23	91.76	89.89	38.83	46.39	0.0	66.24	90.55	50.6	34.18	81.22	63.66	87.36	77.79	13.42	61.61	100.18	80.22	92.35	28.28	8.94	76.16	46.04	64.78	91.08	96.83	77.67	15.23	77.79	10.2	34.0	104.45	29.83	66.13	54.63	77.49	85.8	64.35	81.6	14.32	83.19	59.21	22.09	55.47	59.51	14.87
40	45.12	89.82	50.6	68.96	30.53	40.0	28.64	7.21	90.02	76.42	26.91	85.16	15.23	32.56	27.78	78.03	17.2	24.17	75.39	77.82	4.0	84.12	87.36	86.28	46.04	43.17	57.31	64.5	28.07	85.88	50.16	34.06	27.78	43.17	20.0	64.5	45.12	27.86	28.64	66.24	0.0	89.38	75.71	92.2	86.53	16.97	62.13	54.04	74.67	77.25	59.67	80.0	78.1	62.13	66.48	39.45	32.31	75.15	72.8	44.05	13.42	55.03	22.09	76.03	58.03	58.22	82.04	86.38	12.81	91.24	37.66	19.1	96.18	75.61	46.52	68.54	56.89	36.24	85.87	65.52
41	72.11	44.72	46.52	92.35	98.79	70.34	100.96	91.61	63.91	66.48	62.8	73.76	95.02	78.43	63.81	60.83	86.83	66.48	30.07	92.02	86.37	34.18	37.58	8.94	89.2	60.17	34.99	90.8	108.41	19.7	81.04	74.0	62.23	60.17	103.48	36.06	59.67	79.92	100.96	90.55	89.38	0.0	42.43	81.04	10.77	72.47	34.53	37.58	84.02	30.27	54.0	10.77	18.11	62.29	82.22	53.67	104.31	26.0	24.0	71.39	87.13	77.67	75.18	92.0	56.89	63.0	72.18	30.87	90.69	20.62	64.51	70.43	21.4	84.05	50.6	31.4	69.05	54.56	39.0	76.16
42	39.7	14.14	26.0	51.92	71.61	77.79	74.89	80.89	24.08	24.08	56.14	31.62	74.32	81.58	60.53	18.44	65.39	52.35	12.65	50.16	71.81	11.66	12.81	48.08	55.32	69.08	26.83	51.26	84.38	24.08	45.61	78.1	50.04	69.08	82.29	58.0	69.86	54.59	74.89	50.6	75.71	42.43	0.0	39.4	32.06	62.13	53.81	47.71	42.19	12.17	73.24	33.53	50.12	23.32	41.76	56.92	77.2	17.09	51.61	80.99	80.1	40.5	72.25	50.36	21.26	80.78	29.83	15.65	70.94	26.93	70.21	61.03	31.02	42.11	59.93	15.56	31.62	42.01	10.82	35.74
43	47.07	38.05	55.32	33.11	74.24	108.17	78.23	98.95	18.0	18.44	82.37	8.49	84.21	109.18	87.82	21.63	76.66	74.32	52.0	24.41	88.29	47.07	44.41	87.32	52.35	101.21	62.48	36.06	88.36	61.61	44.0	106.68	74.24	101.21	90.0	95.6	102.45	64.78	78.23	34.18	92.2	81.04	39.4	0.0	70.34	84.31	91.21	83.55	20.88	51.26	108.9	72.8	89.44	32.25	28.28	88.41	78.64	56.46	90.55	112.07	101.19	38.05	97.51	26.08	38.83	115.36	11.4	50.8	82.61	62.65	100.69	84.17	65.19	19.92	93.51	54.2	35.44	68.8	42.58	27.07
44	64.4	34.0	40.0	82.87	92.8	72.44	95.27	89.55	53.14	56.14	60.83	63.15	90.55	79.62	62.77	50.36	82.02	62.8	20.1	82.02	83.23	23.41	26.83	18.44	81.44	62.29	29.73	81.58	103.32	8.94	72.8	75.31	58.82	62.29	99.04	40.79	62.13	74.03	95.27	81.22	86.53	10.77	32.06	70.34	0.0	69.97	38.21	38.47	74.03	20.0	58.86	8.0	25.06	52.95	72.69	53.85	98.41	16.49	29.73	74.11	85.91	68.96	74.67	82.1	48.08	67.74	61.66	20.12	86.37	10.82	65.92	68.1	13.34	74.01	52.35	22.85	60.17	50.61	28.23	66.61
45	38.83	76.24	36.22	66.48	38.21	30.46	38.0	19.7	79.25	67.05	10.0	76.55	26.68	26.91	12.17	67.47	22.09	10.2	60.17	74.03	14.42	69.43	72.99	69.31	46.04	30.07	41.23	62.23	41.23	69.86	46.69	26.08	12.17	30.07	34.18	48.33	32.06	26.08	38.0	63.66	16.97	72.47	62.13	84.31	69.97	0.0	45.65	37.2	69.34	62.1	46.04	63.25	61.22	52.5	61.61	23.41	42.0	59.46	56.04	34.93	18.0	50.0	14.14	72.47	47.07	46.53	73.39	71.31	22.36	75.24	25.5	2.24	80.11	70.18	31.05	53.16	49.19	20.62	71.7	59.17
46	62.8	63.81	38.63	89.84	80.05	36.06	81.04	62.48	77.79	73.24	35.78	82.8	71.69	44.72	34.41	69.66	65.15	43.68	43.27	93.23	60.03	52.84	57.31	27.86	78.1	26.0	28.84	86.83	86.16	43.68	72.99	40.25	39.29	26.0	79.62	4.47	25.3	62.51	81.04	87.36	62.13	34.53	53.81	91.21	38.21	45.65	0.0	10.0	85.91	44.94	20.88	30.27	17.89	62.61	80.99	22.8	84.9	39.45	11.66	36.88	56.57	72.28	43.86	92.48	55.46	29.61	80.21	51.89	67.23	48.05	30.89	43.42	51.48	86.33	17.2	38.29	65.79	35.06	57.45	75.77
47	52.95	59.09	29.53	80.32	70.34	34.06	71.47	55.17	71.22	65.3	27.2	75.07	62.61	41.23	26.91	62.23	55.71	34.18	38.63	84.1	51.61	48.7	53.14	32.8	68.12	24.0	21.26	77.2	76.97	42.05	63.15	36.88	29.73	24.0	70.71	14.14	24.08	52.61	71.47	77.79	54.04	37.58	47.71	83.55	38.47	37.2	10.0	0.0	76.94	40.5	25.61	30.59	24.08	53.85	71.69	16.12	75.29	35.44	18.87	36.06	50.0	62.64	37.74	83.26	46.65	33.12	72.35	48.51	58.14	47.0	27.46	35.0	51.09	77.41	14.0	32.65	56.46	25.08	52.92	66.64
48	30.53	47.54	47.41	12.81	54.0	96.21	58.0	81.71	31.24	18.97	69.43	18.44	65.12	95.6	75.07	25.3	58.24	60.0	54.0	8.0	70.94	52.95	51.92	88.57	32.0	90.69	57.58	15.23	68.03	66.27	24.74	93.72	60.96	90.69	70.26	90.38	92.2	46.82	58.0	13.42	74.67	84.02	42.19	20.88	74.03	69.34	85.91	76.94	0.0	54.04	100.96	74.24	88.29	23.41	8.25	78.1	58.14	58.03	87.93	100.42	84.97	19.7	83.23	8.25	30.46	106.21	17.03	57.07	64.03	68.88	89.1	69.63	72.57	1.0	84.4	53.46	21.26	57.38	49.73	10.63
49	47.2	18.87	26.83	63.15	77.79	72.99	80.72	81.61	34.99	36.22	54.59	43.68	78.23	78.1	58.14	30.59	69.34	53.14	2.0	62.03	73.54	8.25	12.65	36.06	63.81	63.56	22.0	62.1	89.64	12.65	54.59	74.24	50.0	63.56	86.53	48.83	64.03	59.67	80.72	61.61	77.25	30.27	12.17	51.26	20.0	62.1	44.94	40.5	54.04	0.0	65.3	21.54	38.83	33.53	52.95	52.35	83.45	5.66	41.04	75.71	79.62	50.16	70.26	62.13	29.53	73.41	41.98	9.22	74.43	16.64	65.62	60.64	21.4	54.01	53.85	9.06	41.23	41.48	12.53	46.87
50	74.32	84.12	54.04	102.86	84.02	22.8	84.02	57.58	96.83	90.55	38.21	100.42	72.44	32.8	34.0	87.73	68.0	48.66	63.53	107.7	58.86	73.35	77.82	46.17	87.36	16.49	46.86	99.32	86.83	64.56	84.31	28.84	45.12	16.49	79.25	18.11	14.56	69.05	84.02	100.18	59.67	54.0	73.24	108.9	58.86	46.04	20.88	25.61	100.96	65.3	0.0	50.99	36.06	78.41	95.02	24.74	88.02	59.93	30.0	21.26	50.16	84.97	37.95	106.68	71.22	9.0	97.62	72.62	68.26	68.88	22.14	44.01	72.18	101.51	17.09	57.98	79.92	44.78	77.83	90.43
51	61.35	38.42	35.78	82.1	88.2	64.5	90.44	82.68	56.36	57.27	53.85	65.15	84.9	71.81	55.46	51.92	76.58	56.64	20.88	82.22	76.84	27.2	31.24	14.56	78.43	54.33	24.41	80.4	98.08	14.42	70.34	67.47	52.5	54.33	93.38	32.98	54.15	69.34	90.44	80.22	80.0	10.77	33.53	72.8	8.0	63.25	30.27	30.59	74.24	21.54	50.99	0.0	18.44	52.04	72.03	46.17	93.74	16.49	22.36	66.12	78.71	67.08	67.23	82.1	46.39	59.84	63.32	24.76	80.62	18.03	58.05	61.29	21.21	74.33	44.41	21.02	58.55	44.55	32.2	66.01
52	70.26	56.64	44.05	94.53	92.48	53.85	94.02	79.2	73.78	72.8	51.22	81.44	86.09	62.61	50.91	68.03	78.71	57.31	37.74	96.1	75.6	45.34	49.52	10.2	86.83	43.86	32.0	92.2	100.24	32.8	80.1	58.14	52.84	43.86	94.34	18.44	43.08	74.0	94.02	92.35	78.1	18.11	50.12	89.44	25.06	61.22	17.89	24.08	88.29	38.83	36.06	18.44	0.0	65.12	84.85	39.7	97.69	33.29	6.32	54.41	73.76	78.03	61.22	95.71	58.55	45.04	79.31	43.14	81.63	35.85	48.76	59.03	38.08	88.53	34.99	35.47	70.26	46.62	50.33	79.08
53	18.97	34.06	24.41	30.07	50.99	76.03	54.63	68.47	28.07	14.56	50.12	24.17	56.89	76.94	55.57	16.12	48.37	42.38	32.98	31.05	58.14	34.99	35.61	66.03	32.56	69.43	34.18	28.64	64.62	46.17	22.63	74.43	42.05	69.43	64.03	67.08	70.77	36.5	54.63	28.28	62.13	62.29	23.32	32.25	52.95	52.5	62.61	53.85	23.41	33.53	78.41	52.04	65.12	0.0	20.0	56.64	56.36	36.5	64.56	80.0	69.86	17.2	65.39	30.59	7.21	84.22	21.02	38.95	54.33	49.77	68.6	52.2	54.13	23.77	62.29	31.02	8.49	36.62	33.42	14.04
54	22.8	49.4	42.38	10.2	46.04	89.11	50.04	73.54	35.61	21.26	62.23	24.17	56.89	88.09	67.88	27.2	50.0	52.5	52.61	12.81	62.77	53.14	52.8	86.02	24.08	84.02	53.37	10.0	60.13	65.51	16.49	86.37	53.74	84.02	62.13	85.44	85.6	38.63	50.04	8.94	66.48	82.22	41.76	28.28	72.69	61.61	80.99	71.69	8.25	52.95	95.02	72.03	84.85	20.0	0.0	71.61	50.36	56.32	83.95	93.38	76.94	11.66	75.6	11.66	26.31	99.86	21.95	57.25	55.79	68.68	82.13	62.01	72.73	9.22	78.23	51.01	15.23	50.8	50.57	6.08
55	50.12	69.86	33.29	78.89	60.13	20.88	60.53	39.7	78.71	70.0	14.14	80.0	50.0	26.08	11.66	68.26	44.41	24.08	50.36	84.4	37.58	60.53	64.78	48.83	62.64	12.81	30.59	75.18	64.56	56.32	59.93	22.0	20.4	12.81	57.58	25.06	14.14	44.41	60.53	76.16	39.45	53.67	56.92	88.41	53.85	23.41	22.8	16.12	78.1	52.35	24.74	46.17	39.7	56.64	71.61	0.0	64.5	48.04	33.94	24.17	34.06	61.06	21.63	83.23	49.68	28.3	77.01	61.13	45.61	61.52	13.34	21.19	65.92	78.75	8.0	43.57	56.85	20.81	64.13	67.48
