set K:= 1	2	3	4	5	6	7	8	9;
set C_H:= 1	2	3	4	5	6	7	8	9	10	11	12	13	14	15	16	17	18	19	20	21;
set C_S:= 22	23	24	25	26	27	28	29	30	31	32	33	34	35	36	37	38	39	40	41	42;
set C_F:= 43	44	45	46	47	48	49	50	51	52	53	54	55	56	57	58	59	60	61	62	63;
set M:= 64	65;
set L_B:= 66	67	68	69	70	71	72	73	74;
set A1:=
(0,*) 1 2 3 4 5 6 7 8 9 10 11 12 13 14 15 16 17 18 19 20 21 43 44 45 46 47 48 49 50 51 52 53 54 55 56 57 58 59 60 61 62 63 64 65 66 67 68 69 70 71 72 73 74
(1,*) 0 2 3 4 5 6 7 8 9 10 11 12 13 14 15 16 17 18 19 20 21 43 44 45 46 47 48 49 50 51 52 53 54 55 56 57 58 59 60 61 62 63 64 65 66 67 68 69 70 71 72 73 74
(2,*) 0 1 3 4 5 6 7 8 9 10 11 12 13 14 15 16 17 18 19 20 21 43 44 45 46 47 48 49 50 51 52 53 54 55 56 57 58 59 60 61 62 63 64 65 66 67 68 69 70 71 72 73 74
(3,*) 0 1 2 4 5 6 7 8 9 10 11 12 13 14 15 16 17 18 19 20 21 43 44 45 46 47 48 49 50 51 52 53 54 55 56 57 58 59 60 61 62 63 64 65 66 67 68 69 70 71 72 73 74
(4,*) 0 1 2 3 5 6 7 8 9 10 11 12 13 14 15 16 17 18 19 20 21 43 44 45 46 47 48 49 50 51 52 53 54 55 56 57 58 59 60 61 62 63 64 65 66 67 68 69 70 71 72 73 74
(5,*) 0 1 2 3 4 6 7 8 9 10 11 12 13 14 15 16 17 18 19 20 21 43 44 45 46 47 48 49 50 51 52 53 54 55 56 57 58 59 60 61 62 63 64 65 66 67 68 69 70 71 72 73 74
(6,*) 0 1 2 3 4 5 7 8 9 10 11 12 13 14 15 16 17 18 19 20 21 43 44 45 46 47 48 49 50 51 52 53 54 55 56 57 58 59 60 61 62 63 64 65 66 67 68 69 70 71 72 73 74
(7,*) 0 1 2 3 4 5 6 8 9 10 11 12 13 14 15 16 17 18 19 20 21 43 44 45 46 47 48 49 50 51 52 53 54 55 56 57 58 59 60 61 62 63 64 65 66 67 68 69 70 71 72 73 74
(8,*) 0 1 2 3 4 5 6 7 9 10 11 12 13 14 15 16 17 18 19 20 21 43 44 45 46 47 48 49 50 51 52 53 54 55 56 57 58 59 60 61 62 63 64 65 66 67 68 69 70 71 72 73 74
(9,*) 0 1 2 3 4 5 6 7 8 10 11 12 13 14 15 16 17 18 19 20 21 43 44 45 46 47 48 49 50 51 52 53 54 55 56 57 58 59 60 61 62 63 64 65 66 67 68 69 70 71 72 73 74
(10,*) 0 1 2 3 4 5 6 7 8 9 11 12 13 14 15 16 17 18 19 20 21 43 44 45 46 47 48 49 50 51 52 53 54 55 56 57 58 59 60 61 62 63 64 65 66 67 68 69 70 71 72 73 74
(11,*) 0 1 2 3 4 5 6 7 8 9 10 12 13 14 15 16 17 18 19 20 21 43 44 45 46 47 48 49 50 51 52 53 54 55 56 57 58 59 60 61 62 63 64 65 66 67 68 69 70 71 72 73 74
(12,*) 0 1 2 3 4 5 6 7 8 9 10 11 13 14 15 16 17 18 19 20 21 43 44 45 46 47 48 49 50 51 52 53 54 55 56 57 58 59 60 61 62 63 64 65 66 67 68 69 70 71 72 73 74
(13,*) 0 1 2 3 4 5 6 7 8 9 10 11 12 14 15 16 17 18 19 20 21 43 44 45 46 47 48 49 50 51 52 53 54 55 56 57 58 59 60 61 62 63 64 65 66 67 68 69 70 71 72 73 74
(14,*) 0 1 2 3 4 5 6 7 8 9 10 11 12 13 15 16 17 18 19 20 21 43 44 45 46 47 48 49 50 51 52 53 54 55 56 57 58 59 60 61 62 63 64 65 66 67 68 69 70 71 72 73 74
(15,*) 0 1 2 3 4 5 6 7 8 9 10 11 12 13 14 16 17 18 19 20 21 43 44 45 46 47 48 49 50 51 52 53 54 55 56 57 58 59 60 61 62 63 64 65 66 67 68 69 70 71 72 73 74
(16,*) 0 1 2 3 4 5 6 7 8 9 10 11 12 13 14 15 17 18 19 20 21 43 44 45 46 47 48 49 50 51 52 53 54 55 56 57 58 59 60 61 62 63 64 65 66 67 68 69 70 71 72 73 74
(17,*) 0 1 2 3 4 5 6 7 8 9 10 11 12 13 14 15 16 18 19 20 21 43 44 45 46 47 48 49 50 51 52 53 54 55 56 57 58 59 60 61 62 63 64 65 66 67 68 69 70 71 72 73 74
(18,*) 0 1 2 3 4 5 6 7 8 9 10 11 12 13 14 15 16 17 19 20 21 43 44 45 46 47 48 49 50 51 52 53 54 55 56 57 58 59 60 61 62 63 64 65 66 67 68 69 70 71 72 73 74
(19,*) 0 1 2 3 4 5 6 7 8 9 10 11 12 13 14 15 16 17 18 20 21 43 44 45 46 47 48 49 50 51 52 53 54 55 56 57 58 59 60 61 62 63 64 65 66 67 68 69 70 71 72 73 74
(20,*) 0 1 2 3 4 5 6 7 8 9 10 11 12 13 14 15 16 17 18 19 21 43 44 45 46 47 48 49 50 51 52 53 54 55 56 57 58 59 60 61 62 63 64 65 66 67 68 69 70 71 72 73 74
(21,*) 0 1 2 3 4 5 6 7 8 9 10 11 12 13 14 15 16 17 18 19 20 43 44 45 46 47 48 49 50 51 52 53 54 55 56 57 58 59 60 61 62 63 64 65 66 67 68 69 70 71 72 73 74
(43,*) 0 1 2 3 4 5 6 7 8 9 10 11 12 13 14 15 16 17 18 19 20 21 44 45 46 47 48 49 50 51 52 53 54 55 56 57 58 59 60 61 62 63 64 65 66 67 68 69 70 71 72 73 74
(44,*) 0 1 2 3 4 5 6 7 8 9 10 11 12 13 14 15 16 17 18 19 20 21 43 45 46 47 48 49 50 51 52 53 54 55 56 57 58 59 60 61 62 63 64 65 66 67 68 69 70 71 72 73 74
(45,*) 0 1 2 3 4 5 6 7 8 9 10 11 12 13 14 15 16 17 18 19 20 21 43 44 46 47 48 49 50 51 52 53 54 55 56 57 58 59 60 61 62 63 64 65 66 67 68 69 70 71 72 73 74
(46,*) 0 1 2 3 4 5 6 7 8 9 10 11 12 13 14 15 16 17 18 19 20 21 43 44 45 47 48 49 50 51 52 53 54 55 56 57 58 59 60 61 62 63 64 65 66 67 68 69 70 71 72 73 74
(47,*) 0 1 2 3 4 5 6 7 8 9 10 11 12 13 14 15 16 17 18 19 20 21 43 44 45 46 48 49 50 51 52 53 54 55 56 57 58 59 60 61 62 63 64 65 66 67 68 69 70 71 72 73 74
(48,*) 0 1 2 3 4 5 6 7 8 9 10 11 12 13 14 15 16 17 18 19 20 21 43 44 45 46 47 49 50 51 52 53 54 55 56 57 58 59 60 61 62 63 64 65 66 67 68 69 70 71 72 73 74
(49,*) 0 1 2 3 4 5 6 7 8 9 10 11 12 13 14 15 16 17 18 19 20 21 43 44 45 46 47 48 50 51 52 53 54 55 56 57 58 59 60 61 62 63 64 65 66 67 68 69 70 71 72 73 74
(50,*) 0 1 2 3 4 5 6 7 8 9 10 11 12 13 14 15 16 17 18 19 20 21 43 44 45 46 47 48 49 51 52 53 54 55 56 57 58 59 60 61 62 63 64 65 66 67 68 69 70 71 72 73 74
(51,*) 0 1 2 3 4 5 6 7 8 9 10 11 12 13 14 15 16 17 18 19 20 21 43 44 45 46 47 48 49 50 52 53 54 55 56 57 58 59 60 61 62 63 64 65 66 67 68 69 70 71 72 73 74
(52,*) 0 1 2 3 4 5 6 7 8 9 10 11 12 13 14 15 16 17 18 19 20 21 43 44 45 46 47 48 49 50 51 53 54 55 56 57 58 59 60 61 62 63 64 65 66 67 68 69 70 71 72 73 74
(53,*) 0 1 2 3 4 5 6 7 8 9 10 11 12 13 14 15 16 17 18 19 20 21 43 44 45 46 47 48 49 50 51 52 54 55 56 57 58 59 60 61 62 63 64 65 66 67 68 69 70 71 72 73 74
(54,*) 0 1 2 3 4 5 6 7 8 9 10 11 12 13 14 15 16 17 18 19 20 21 43 44 45 46 47 48 49 50 51 52 53 55 56 57 58 59 60 61 62 63 64 65 66 67 68 69 70 71 72 73 74
(55,*) 0 1 2 3 4 5 6 7 8 9 10 11 12 13 14 15 16 17 18 19 20 21 43 44 45 46 47 48 49 50 51 52 53 54 56 57 58 59 60 61 62 63 64 65 66 67 68 69 70 71 72 73 74
(56,*) 0 1 2 3 4 5 6 7 8 9 10 11 12 13 14 15 16 17 18 19 20 21 43 44 45 46 47 48 49 50 51 52 53 54 55 57 58 59 60 61 62 63 64 65 66 67 68 69 70 71 72 73 74
(57,*) 0 1 2 3 4 5 6 7 8 9 10 11 12 13 14 15 16 17 18 19 20 21 43 44 45 46 47 48 49 50 51 52 53 54 55 56 58 59 60 61 62 63 64 65 66 67 68 69 70 71 72 73 74
(58,*) 0 1 2 3 4 5 6 7 8 9 10 11 12 13 14 15 16 17 18 19 20 21 43 44 45 46 47 48 49 50 51 52 53 54 55 56 57 59 60 61 62 63 64 65 66 67 68 69 70 71 72 73 74
(59,*) 0 1 2 3 4 5 6 7 8 9 10 11 12 13 14 15 16 17 18 19 20 21 43 44 45 46 47 48 49 50 51 52 53 54 55 56 57 58 60 61 62 63 64 65 66 67 68 69 70 71 72 73 74
(60,*) 0 1 2 3 4 5 6 7 8 9 10 11 12 13 14 15 16 17 18 19 20 21 43 44 45 46 47 48 49 50 51 52 53 54 55 56 57 58 59 61 62 63 64 65 66 67 68 69 70 71 72 73 74
(61,*) 0 1 2 3 4 5 6 7 8 9 10 11 12 13 14 15 16 17 18 19 20 21 43 44 45 46 47 48 49 50 51 52 53 54 55 56 57 58 59 60 62 63 64 65 66 67 68 69 70 71 72 73 74
(62,*) 0 1 2 3 4 5 6 7 8 9 10 11 12 13 14 15 16 17 18 19 20 21 43 44 45 46 47 48 49 50 51 52 53 54 55 56 57 58 59 60 61 63 64 65 66 67 68 69 70 71 72 73 74
(63,*) 0 1 2 3 4 5 6 7 8 9 10 11 12 13 14 15 16 17 18 19 20 21 43 44 45 46 47 48 49 50 51 52 53 54 55 56 57 58 59 60 61 62 64 65 66 67 68 69 70 71 72 73 74
(64,*) 0 1 2 3 4 5 6 7 8 9 10 11 12 13 14 15 16 17 18 19 20 21 43 44 45 46 47 48 49 50 51 52 53 54 55 56 57 58 59 60 61 62 63 65 66 67 68 69 70 71 72 73 74
(65,*) 0 1 2 3 4 5 6 7 8 9 10 11 12 13 14 15 16 17 18 19 20 21 43 44 45 46 47 48 49 50 51 52 53 54 55 56 57 58 59 60 61 62 63 64 66 67 68 69 70 71 72 73 74
(66,*) 0 1 2 3 4 5 6 7 8 9 10 11 12 13 14 15 16 17 18 19 20 21 43 44 45 46 47 48 49 50 51 52 53 54 55 56 57 58 59 60 61 62 63 64 65 67 68 69 70 71 72 73 74
(67,*) 0 1 2 3 4 5 6 7 8 9 10 11 12 13 14 15 16 17 18 19 20 21 43 44 45 46 47 48 49 50 51 52 53 54 55 56 57 58 59 60 61 62 63 64 65 66 68 69 70 71 72 73 74
(68,*) 0 1 2 3 4 5 6 7 8 9 10 11 12 13 14 15 16 17 18 19 20 21 43 44 45 46 47 48 49 50 51 52 53 54 55 56 57 58 59 60 61 62 63 64 65 66 67 69 70 71 72 73 74
(69,*) 0 1 2 3 4 5 6 7 8 9 10 11 12 13 14 15 16 17 18 19 20 21 43 44 45 46 47 48 49 50 51 52 53 54 55 56 57 58 59 60 61 62 63 64 65 66 67 68 70 71 72 73 74
(70,*) 0 1 2 3 4 5 6 7 8 9 10 11 12 13 14 15 16 17 18 19 20 21 43 44 45 46 47 48 49 50 51 52 53 54 55 56 57 58 59 60 61 62 63 64 65 66 67 68 69 71 72 73 74
(71,*) 0 1 2 3 4 5 6 7 8 9 10 11 12 13 14 15 16 17 18 19 20 21 43 44 45 46 47 48 49 50 51 52 53 54 55 56 57 58 59 60 61 62 63 64 65 66 67 68 69 70 72 73 74
(72,*) 0 1 2 3 4 5 6 7 8 9 10 11 12 13 14 15 16 17 18 19 20 21 43 44 45 46 47 48 49 50 51 52 53 54 55 56 57 58 59 60 61 62 63 64 65 66 67 68 69 70 71 73 74
(73,*) 0 1 2 3 4 5 6 7 8 9 10 11 12 13 14 15 16 17 18 19 20 21 43 44 45 46 47 48 49 50 51 52 53 54 55 56 57 58 59 60 61 62 63 64 65 66 67 68 69 70 71 72 74
(74,*) 0 1 2 3 4 5 6 7 8 9 10 11 12 13 14 15 16 17 18 19 20 21 43 44 45 46 47 48 49 50 51 52 53 54 55 56 57 58 59 60 61 62 63 64 65 66 67 68 69 70 71 72 73
;
param BigM:=99999;
param n:= 9;
param d:=
1	10
2	2
3	9
4	8
5	16
6	26
7	5
8	2
9	21
10	8
11	26
12	12
13	8
14	3
15	7
16	8
17	19
18	5
19	9
20	5
21	12
22	23
23	24
24	1
25	18
26	23
27	4
28	26
29	16
30	23
31	16
32	23
33	8
34	3
35	19
36	2
37	17
38	12
39	26
40	24
41	18
42	15
43	15
44	23
45	17
46	4
47	5
48	13
49	18
50	4
51	8
52	5
53	8
54	16
55	5
56	4
57	19
58	8
59	22
60	19
61	11
62	54
63	8
;
param Q:=100;
param e:
	64	65	66	67	68	69	70	71	72	73	74:=
22	0	0	0	0	0	0	0	1	0	0	0	
23	0	0	0	0	0	0	0	0	0	0	1	
24	1	0	0	0	0	0	0	0	0	0	0	
25	0	0	0	0	0	0	1	0	0	0	0	
26	1	0	0	0	0	0	0	0	0	0	0	
27	0	1	0	0	0	0	0	0	0	0	0	
28	0	0	0	1	0	0	0	1	0	1	0	
29	0	0	0	1	0	0	0	0	0	0	0	
30	1	0	0	0	0	0	0	0	0	0	0	
31	0	0	0	0	1	0	0	0	0	0	0	
32	0	0	0	0	1	0	0	0	0	0	0	
33	0	0	0	0	1	0	0	0	1	0	0	
34	0	0	0	0	0	0	0	0	1	0	0	
35	0	0	0	0	1	0	0	0	0	0	0	
36	0	0	0	0	0	0	0	0	1	0	0	
37	0	0	0	1	0	0	0	0	0	1	0	
38	0	1	0	0	0	0	0	0	0	0	0	
39	0	0	0	0	0	0	0	0	1	0	0	
40	0	0	0	1	0	0	0	0	0	0	0	
41	0	0	0	0	0	1	0	0	0	0	0	
42	0	1	0	0	0	0	0	0	0	0	0	
43	0	1	0	0	0	0	0	0	0	0	0	
44	0	1	0	0	0	0	0	1	0	1	0	
45	1	0	0	0	0	1	0	0	0	0	0	
46	0	1	0	0	0	0	0	0	0	0	0	
47	0	0	0	0	0	1	0	0	0	0	0	
48	0	0	1	0	1	0	0	0	0	0	0	
49	1	0	0	0	1	0	1	0	0	0	0	
50	0	0	0	0	0	0	0	0	1	0	0	
51	0	1	1	0	0	0	1	1	0	1	1	
52	0	0	1	0	0	0	1	0	1	0	1	
53	0	0	0	0	0	0	0	0	1	0	0	
54	0	0	0	0	0	0	0	0	1	0	1	
55	0	0	0	0	0	0	0	0	1	0	1	
56	0	1	0	0	0	0	0	0	0	0	0	
57	0	0	0	0	1	1	0	1	0	1	0	
58	0	0	1	0	1	0	1	1	0	0	0	
59	0	1	0	0	0	0	0	0	0	0	0	
60	0	0	1	0	1	0	1	0	0	0	0	
61	0	1	0	0	0	0	0	0	0	0	0	
62	0	0	1	0	0	0	1	1	0	1	1	
63	0	1	0	0	0	0	0	0	0	0	0	
;
param p:=
1	3
2	3
3	3
4	3
5	3
6	3
7	3
8	3
9	3
;
param G:=
64	85
65	83
66	85
67	88
68	83
69	99
70	84
71	92
72	80
73	72
74	91
;
param s:=
0	0
1	10
2	10
3	10
4	10
5	10
6	10
7	10
8	10
9	10
10	10
11	10
12	10
13	10
14	10
15	10
16	10
17	10
18	10
19	10
20	10
21	10
43	10
44	10
45	10
46	10
47	10
48	10
49	10
50	10
51	10
52	10
53	10
54	10
55	10
56	10
57	10
58	10
59	10
60	10
61	10
62	10
63	10
64	10
65	10
66	10
67	10
68	10
69	10
70	10
71	10
72	10
73	10
74	10
;
param t:
	0	1	2	3	4	5	6	7	8	9	10	11	12	13	14	15	16	17	18	19	20	21	22	23	24	25	26	27	28	29	30	31	32	33	34	35	36	37	38	39	40	41	42	43	44	45	46	47	48	49	50	51	52	53	54	55	56	57	58	59	60	61	62	63	64	65	66	67	68	69	70	71	72	73	74:=
0	0.0	62.48	50.16	61.74	34.99	50.16	58.14	86.28	67.94	69.34	47.54	29.73	60.53	61.61	22.63	63.81	31.62	78.0	31.24	74.67	75.29	49.19	48.37	76.24	108.76	43.86	69.43	75.15	50.64	46.69	62.8	21.63	22.8	57.69	99.54	42.38	99.54	38.0	91.76	87.36	50.99	27.78	88.02	96.0	68.12	5.66	75.29	12.81	35.38	59.67	95.27	59.23	79.12	86.28	88.57	87.82	77.67	33.53	45.65	76.0	49.52	70.68	48.7	88.57	63.63	74.22	58.67	48.51	42.2	25.3	60.54	53.15	79.92	47.27	72.62
1	62.48	0.0	45.12	16.12	66.75	36.06	74.97	25.06	10.2	10.2	60.3	39.85	44.72	39.45	68.35	8.49	33.11	36.72	74.73	37.2	41.23	70.11	24.08	55.32	52.95	18.87	12.17	84.76	41.23	40.45	33.11	41.04	39.7	17.89	52.95	27.2	52.95	48.04	88.2	50.12	39.29	76.55	66.48	73.76	52.15	56.85	76.97	63.53	27.78	2.83	36.06	40.25	44.41	24.41	41.23	36.22	73.43	38.83	26.0	60.0	13.42	81.61	32.56	75.29	10.63	73.35	21.95	60.41	20.52	58.24	20.81	45.88	28.64	53.46	33.6
2	50.16	45.12	0.0	57.27	29.73	65.05	30.07	57.27	42.0	55.32	16.49	22.8	10.77	14.14	39.45	52.5	27.78	34.06	41.04	29.73	28.43	26.68	21.54	26.08	68.41	34.41	42.05	40.25	4.0	5.66	70.46	40.5	38.63	28.07	54.04	50.91	54.04	12.65	48.41	39.45	6.0	45.61	38.05	46.17	18.0	46.0	34.06	41.76	31.24	43.68	60.93	11.31	31.62	58.86	45.34	47.71	32.8	18.97	20.59	26.31	35.78	36.77	12.65	40.5	54.08	31.11	25.02	16.28	39.05	28.64	27.07	3.0	42.05	9.49	29.41
3	61.74	16.12	57.27	0.0	74.11	22.8	86.02	36.22	26.0	12.17	70.88	46.04	58.82	54.04	72.69	8.25	38.0	52.84	80.22	53.25	57.2	80.05	35.78	70.71	66.03	24.33	27.86	97.51	53.67	52.0	17.09	40.5	39.85	32.56	68.41	20.0	68.41	57.27	102.8	66.24	51.88	80.89	82.22	89.64	66.84	56.46	90.55	65.97	32.0	15.62	48.17	54.41	60.46	34.53	56.92	51.42	87.66	46.39	36.77	75.07	21.54	94.02	44.72	90.55	6.08	87.13	36.8	71.17	22.02	64.03	36.07	58.59	44.27	64.51	49.65
4	34.99	66.75	29.73	74.11	0.0	72.8	23.41	84.31	67.05	76.42	17.09	28.07	39.7	43.86	14.14	72.11	36.22	63.78	11.66	59.46	58.0	14.56	43.68	51.88	98.08	50.0	67.68	40.5	32.8	30.53	82.46	40.25	39.4	53.14	83.55	60.17	83.55	19.7	58.55	68.41	34.41	17.09	61.35	68.41	43.91	34.06	42.19	22.36	42.19	64.5	89.55	41.04	60.96	85.44	75.07	77.2	46.04	28.07	41.23	49.4	54.15	36.06	37.58	58.55	73.03	42.0	51.48	18.03	52.24	11.66	53.71	31.83	71.02	21.4	59.03
5	50.16	36.06	65.05	22.8	72.8	0.0	89.89	58.86	46.17	34.93	74.89	46.65	70.0	66.57	67.08	30.27	38.83	70.88	75.71	70.23	73.54	82.37	46.04	84.38	88.36	31.62	48.17	104.02	62.29	59.4	13.42	32.98	33.53	47.54	88.81	14.14	88.81	60.46	113.28	84.12	60.96	74.67	96.75	104.71	78.82	46.0	99.04	58.31	34.06	34.23	70.71	66.03	77.25	57.27	76.94	72.25	97.67	48.83	45.61	87.66	33.11	100.0	54.04	103.23	28.44	96.17	51.48	75.45	26.4	61.35	51.62	67.21	64.5	69.81	66.73
6	58.14	74.97	30.07	86.02	23.41	89.89	0.0	86.58	72.03	85.16	15.23	43.27	34.93	40.79	37.36	82.0	51.11	59.46	32.06	55.03	52.0	8.94	50.99	40.0	93.04	62.03	72.0	17.09	34.06	34.53	97.51	59.46	58.14	58.14	75.47	76.16	75.47	29.53	36.0	59.36	36.06	38.05	45.61	51.11	34.0	56.6	20.4	45.69	56.36	73.35	88.77	38.47	53.67	88.36	69.86	74.0	26.0	41.18	49.48	35.38	64.56	12.65	42.43	39.4	83.43	21.54	55.01	14.87	65.8	33.29	57.0	30.02	69.86	21.59	56.04
7	86.28	25.06	57.27	36.22	84.31	58.86	86.58	0.0	18.44	24.08	73.76	60.46	52.04	46.04	88.84	28.64	55.32	31.62	93.91	34.93	39.29	83.95	41.18	55.79	30.07	42.52	17.2	92.2	53.37	54.41	52.04	65.3	63.78	31.3	37.2	52.0	37.2	64.62	89.84	42.19	51.42	96.75	63.56	68.96	56.32	80.62	82.61	85.6	50.91	27.78	12.0	48.17	40.5	2.83	28.43	21.26	77.28	58.31	43.91	61.61	36.88	90.02	46.82	74.67	30.41	78.64	32.89	73.55	45.22	77.9	30.68	56.72	18.97	66.71	32.39
8	67.94	10.2	42.0	26.0	67.05	46.17	72.03	18.44	0.0	16.97	58.14	42.19	39.29	33.53	70.71	17.89	36.88	27.2	76.16	28.28	32.56	68.26	23.41	47.71	43.68	24.41	2.0	80.05	38.0	38.21	43.08	47.2	45.61	14.14	42.76	36.5	42.76	47.54	81.41	40.5	36.0	78.71	58.14	65.05	45.69	62.29	71.47	67.2	32.56	12.0	27.78	34.93	35.38	18.87	31.05	26.08	67.23	40.25	26.0	52.84	18.87	77.28	30.27	67.68	20.12	67.68	17.03	58.08	27.73	59.93	15.13	42.11	18.44	51.09	24.76
9	69.34	10.2	55.32	12.17	76.42	34.93	85.16	24.08	16.97	0.0	70.46	49.03	54.63	49.19	77.2	5.66	41.76	44.05	83.95	45.25	49.52	80.22	34.23	64.4	54.0	27.2	18.44	94.87	51.42	50.64	28.28	47.71	46.65	27.86	57.58	30.0	57.58	58.0	97.75	57.2	49.48	85.44	75.07	82.02	61.77	63.81	86.93	71.69	36.06	12.0	36.06	50.16	52.35	22.36	46.52	40.5	83.19	48.37	36.06	69.34	22.36	91.76	42.76	84.4	6.71	83.26	31.78	70.58	27.29	67.47	30.41	56.04	34.0	63.64	41.73
10	47.54	60.3	16.49	70.88	17.09	74.89	15.23	73.76	58.14	70.46	0.0	28.43	24.41	29.53	30.27	67.08	36.06	49.4	28.64	44.94	42.8	10.2	36.22	34.99	83.76	46.82	58.31	29.73	20.4	20.0	82.29	45.34	43.86	44.05	67.94	61.06	67.94	14.42	44.27	52.35	22.36	34.18	44.27	51.42	27.2	44.94	27.86	36.22	41.18	58.55	77.25	26.83	45.34	75.31	60.46	63.53	30.27	26.08	34.53	32.31	49.48	25.46	28.0	42.05	68.45	26.68	41.3	1.0	50.57	22.36	43.42	17.46	58.31	7.07	45.18
11	29.73	39.85	22.8	46.04	28.07	46.65	43.27	60.46	42.19	49.03	28.43	0.0	32.06	32.25	28.64	44.41	8.25	48.33	34.93	44.94	45.61	35.78	19.8	48.17	80.0	22.09	43.27	58.0	22.09	18.11	55.03	17.89	16.12	29.73	69.86	33.11	69.86	14.14	69.97	57.72	22.0	36.77	60.53	68.73	40.45	24.74	54.41	25.46	14.14	37.36	67.94	30.07	49.48	61.06	59.06	58.82	54.59	4.0	16.97	49.03	26.68	53.81	18.97	63.25	45.18	52.15	29.83	29.07	24.19	18.44	31.89	25.71	51.22	24.21	42.95
12	60.53	44.72	10.77	58.82	39.7	70.0	34.93	52.04	39.29	54.63	24.41	32.06	0.0	6.0	50.12	52.84	35.44	25.06	51.22	20.59	18.44	34.0	24.08	16.12	59.36	38.42	38.83	40.79	10.0	14.0	73.59	49.03	47.07	26.83	43.86	56.04	43.86	23.41	44.05	28.84	10.2	56.04	28.64	36.88	8.94	56.14	32.31	52.5	37.58	43.91	53.85	4.47	21.26	54.0	36.06	39.4	28.84	28.07	24.41	17.89	38.21	38.21	16.12	33.29	54.71	28.64	22.85	23.85	43.6	39.4	24.35	8.06	34.93	18.38	21.19
13	61.61	39.45	14.14	54.04	43.86	66.57	40.79	46.04	33.53	49.19	29.53	32.25	6.0	0.0	53.25	47.71	34.23	20.0	55.17	15.62	14.42	39.4	20.59	17.89	54.41	34.99	32.98	46.69	11.66	15.23	69.31	48.17	46.17	21.63	40.0	52.84	40.0	26.08	48.83	26.0	10.77	59.67	30.46	38.63	12.81	56.89	37.95	54.63	35.44	38.83	48.08	2.83	17.89	48.0	31.24	34.0	34.0	28.28	21.54	21.26	34.06	44.18	14.14	36.88	49.65	34.18	17.49	29.07	40.31	42.19	18.79	12.21	29.12	23.02	15.65
14	22.63	68.35	39.45	72.69	14.14	67.08	37.36	88.84	70.71	77.2	30.27	28.64	50.12	53.25	0.0	72.28	35.44	72.47	8.94	68.41	67.68	28.64	47.71	63.91	106.08	50.0	71.69	54.41	41.62	38.42	78.23	34.23	34.06	57.69	93.23	56.04	93.23	27.2	72.69	78.89	42.8	8.25	74.22	81.58	55.71	23.32	56.32	10.0	41.23	65.79	95.6	50.48	71.02	89.55	83.74	84.85	60.0	30.53	44.94	62.1	55.03	50.0	43.86	72.25	72.78	56.04	57.01	31.26	50.8	11.31	59.2	42.06	77.9	32.89	67.36
15	63.81	8.49	52.5	8.25	72.11	30.27	82.0	28.64	17.89	5.66	67.08	44.41	52.84	47.71	72.28	0.0	36.88	44.94	79.25	45.61	49.68	76.66	31.05	63.78	58.14	22.36	19.7	92.48	48.7	47.54	25.3	42.19	41.18	26.08	60.17	24.41	60.17	54.15	96.52	58.31	46.82	80.52	74.97	82.22	60.46	58.31	84.97	66.48	31.05	8.94	40.45	48.37	52.8	27.2	48.7	43.17	81.63	44.05	32.56	68.41	18.0	89.2	39.85	83.74	2.24	81.41	30.23	67.27	21.93	62.8	29.21	53.49	36.06	60.42	42.01
16	31.62	33.11	27.78	38.0	36.22	38.83	51.11	55.32	36.88	41.76	36.06	8.25	35.44	34.23	35.44	36.88	0.0	47.54	42.43	44.72	46.17	43.86	17.09	51.42	77.18	14.56	38.21	65.3	26.0	22.36	46.82	14.0	12.0	26.08	68.96	25.06	68.96	21.63	76.03	58.31	25.3	43.68	64.03	72.28	44.27	26.08	60.96	30.53	6.0	30.46	63.78	32.56	50.16	55.61	57.58	56.36	60.46	10.0	14.56	53.14	19.7	61.22	20.1	68.03	37.48	58.41	27.31	36.62	16.03	26.08	29.07	30.41	48.37	31.14	42.2
17	78.0	36.72	34.06	52.84	63.78	70.88	59.46	31.62	27.2	44.05	49.4	48.33	25.06	20.0	72.47	44.94	47.54	0.0	74.97	4.47	8.0	59.06	30.59	24.33	34.41	42.05	25.61	62.13	31.11	34.06	69.77	61.19	59.23	24.08	21.54	58.86	21.54	45.34	58.24	13.42	29.73	79.25	32.25	38.42	26.31	72.8	52.0	72.72	46.39	37.58	30.07	22.8	8.94	34.18	11.31	14.56	46.17	44.72	32.98	30.27	38.47	60.53	29.53	43.08	47.17	48.0	21.02	48.88	47.17	61.22	20.02	32.2	12.65	43.01	5.39
18	31.24	74.73	41.04	80.22	11.66	75.71	32.06	93.91	76.16	83.95	28.64	34.93	51.22	55.17	8.94	79.25	42.43	74.97	0.0	70.71	69.43	24.08	52.8	63.53	109.12	56.89	76.97	48.66	43.86	41.23	86.58	42.76	42.43	62.61	95.02	64.28	95.02	30.0	68.03	80.0	45.34	6.0	72.8	79.7	55.57	32.25	52.04	18.87	48.37	72.28	99.86	52.35	72.47	94.85	86.28	88.09	56.57	36.06	50.16	60.93	61.61	44.41	47.71	69.43	79.91	52.35	61.4	29.55	58.22	16.49	63.63	43.28	81.61	33.02	70.09
19	74.67	37.2	29.73	53.25	59.46	70.23	55.03	34.93	28.28	45.25	44.94	44.94	20.59	15.62	68.41	45.61	44.72	4.47	70.71	0.0	4.47	54.59	28.07	20.88	38.83	40.45	26.91	58.03	26.91	30.0	69.97	58.55	56.57	22.8	25.06	57.72	25.06	41.23	55.03	14.14	25.61	75.07	30.0	36.77	22.09	69.57	48.04	68.96	44.05	37.74	34.23	18.44	7.21	37.36	15.62	18.97	42.43	41.23	30.27	26.68	37.36	56.32	26.0	40.25	47.8	44.05	19.24	44.42	45.71	57.2	18.68	27.8	16.12	38.6	3.61
20	75.29	41.23	28.43	57.2	58.0	73.54	52.0	39.29	32.56	49.52	42.8	45.61	18.44	14.42	67.68	49.68	46.17	8.0	69.43	4.47	0.0	52.15	30.07	16.49	41.18	43.17	31.24	54.15	26.08	29.53	73.78	60.13	58.14	26.0	25.61	60.73	25.61	40.5	50.6	12.17	25.06	74.03	25.61	32.56	18.44	70.34	44.0	68.88	46.04	41.62	38.05	17.2	4.0	41.76	17.89	22.36	38.21	41.76	32.0	22.36	40.5	52.61	26.68	35.78	51.86	40.0	22.14	42.2	48.51	56.6	21.93	26.17	20.4	36.8	7.81
21	49.19	70.11	26.68	80.05	14.56	82.37	8.94	83.95	68.26	80.22	10.2	35.78	34.0	39.4	28.64	76.66	43.86	59.06	24.08	54.59	52.15	0.0	46.04	42.52	93.3	55.79	68.47	26.0	30.59	30.07	90.62	51.22	50.0	54.15	76.84	68.88	76.84	22.8	44.18	60.96	32.56	30.07	50.12	56.46	35.38	47.71	28.0	36.77	49.4	68.26	87.32	36.77	54.41	85.51	69.97	73.35	32.56	34.18	44.18	38.83	58.86	21.54	38.05	45.61	77.93	28.28	51.48	10.44	59.14	24.41	53.6	27.51	68.35	17.26	55.04
22	48.37	24.08	21.54	35.78	43.68	46.04	50.99	41.18	23.41	34.23	36.22	19.8	24.08	20.59	47.71	31.05	17.09	30.59	52.8	28.07	30.07	46.04	0.0	38.47	60.46	14.42	24.17	61.74	17.89	16.49	49.68	30.59	28.64	10.0	51.92	32.25	51.92	24.33	67.94	42.0	16.12	55.57	50.99	59.09	32.8	42.94	54.92	45.25	16.0	22.36	48.17	20.0	34.06	42.05	40.5	39.45	52.5	17.2	2.83	41.62	14.42	58.31	8.94	57.2	32.57	51.61	10.3	36.35	19.72	36.72	12.21	22.83	31.62	29.43	25.32
23	76.24	55.32	26.08	70.71	51.88	84.38	40.0	55.79	47.71	64.4	34.99	48.17	16.12	17.89	63.91	63.78	51.42	24.33	63.53	20.88	16.49	42.52	38.47	0.0	54.41	52.84	46.65	38.83	26.08	30.07	86.56	65.12	63.15	38.21	35.78	70.71	35.78	38.47	34.18	19.7	26.31	68.88	12.65	20.88	8.25	72.03	28.28	67.47	53.14	55.17	54.04	18.97	16.0	58.24	32.25	38.0	22.0	44.18	39.4	6.0	51.61	37.95	31.62	20.0	65.86	24.33	33.97	34.13	58.18	53.85	34.66	23.09	36.88	31.02	23.77
24	108.76	52.95	68.41	66.03	98.08	88.36	93.04	30.07	43.68	54.0	83.76	80.0	59.36	54.41	106.08	58.14	77.18	34.41	109.12	38.83	41.18	93.3	60.46	54.41	0.0	67.23	41.76	93.15	65.3	67.94	82.1	89.44	87.66	51.11	20.0	80.05	20.0	79.25	84.1	34.93	63.78	113.17	56.14	58.14	59.09	103.25	82.46	105.26	74.24	55.32	18.11	57.2	39.4	32.25	23.32	21.26	75.71	76.84	63.25	60.17	62.03	92.35	62.29	68.12	60.07	78.59	50.22	83.22	71.17	94.76	48.26	66.61	28.84	77.42	39.05
25	43.86	18.87	34.41	24.33	50.0	31.62	62.03	42.52	24.41	27.2	46.82	22.09	38.42	34.99	50.0	22.36	14.56	42.05	56.89	40.45	43.17	55.79	14.42	52.84	67.23	0.0	26.08	74.43	31.24	28.84	36.06	22.8	21.26	18.0	62.29	17.89	62.29	32.98	82.02	54.59	29.73	58.24	65.3	73.35	47.2	38.21	68.41	44.72	8.94	16.12	52.15	34.41	47.07	42.43	50.36	47.54	66.48	22.09	14.14	56.04	5.66	70.71	22.63	71.61	23.09	65.3	21.21	47.17	5.39	40.45	22.02	36.24	39.29	40.72	37.22
26	69.43	12.17	42.05	27.86	67.68	48.17	72.0	17.2	2.0	18.44	58.31	43.27	38.83	32.98	71.69	19.7	38.21	25.61	76.97	26.91	31.24	68.47	24.17	46.65	41.76	26.08	0.0	79.62	38.05	38.47	44.94	48.83	47.2	14.56	40.79	38.47	40.79	48.08	80.5	38.83	36.06	79.65	56.85	63.66	44.94	63.78	70.88	68.41	34.06	14.0	26.08	34.53	33.94	17.89	29.12	24.08	66.48	41.18	26.83	51.88	20.59	76.94	30.59	66.57	21.93	67.05	17.03	58.22	29.55	60.83	15.0	42.01	16.49	51.24	23.43
27	75.15	84.76	40.25	97.51	40.5	104.02	17.09	92.2	80.05	94.87	29.73	58.0	40.79	46.69	54.41	92.48	65.3	62.13	48.66	58.03	54.15	26.0	61.74	38.83	93.15	74.43	79.62	0.0	43.86	45.65	110.45	75.07	73.59	67.05	74.0	90.0	74.0	43.86	20.88	58.24	45.69	54.59	39.45	42.52	36.0	73.43	10.77	62.77	70.0	83.57	92.2	45.12	54.59	94.34	71.02	76.42	17.89	55.32	60.83	32.98	76.03	4.47	52.8	29.73	94.15	14.56	63.32	29.0	78.77	50.12	65.0	39.0	74.0	34.21	60.01
28	50.64	41.23	4.0	53.67	32.8	62.29	34.06	53.37	38.0	51.42	20.4	22.09	10.0	11.66	41.62	48.7	26.0	31.11	43.86	26.91	26.08	30.59	17.89	26.08	65.3	31.24	38.05	43.86	0.0	4.0	67.2	39.29	37.36	24.08	51.61	48.17	51.61	14.42	50.99	37.58	2.0	48.17	38.47	46.69	18.44	46.17	37.2	43.08	28.84	39.85	57.27	8.94	29.53	54.92	42.43	44.41	35.38	18.11	17.2	27.2	32.25	40.5	8.94	42.05	50.33	34.06	21.02	20.22	36.07	30.53	23.09	5.0	38.47	13.34	26.25
29	46.69	40.45	5.66	52.0	30.53	59.4	34.53	54.41	38.21	50.64	20.0	18.11	14.0	15.23	38.42	47.54	22.36	34.06	41.23	30.0	29.53	30.07	16.49	30.07	67.94	28.84	38.47	45.65	4.0	0.0	64.9	35.44	33.53	24.08	54.92	45.25	54.92	11.31	54.04	41.23	4.47	45.25	42.43	50.64	22.36	42.19	39.7	39.4	25.61	38.83	59.06	12.65	33.11	55.79	45.34	46.86	38.42	14.14	15.23	31.05	30.46	42.05	8.0	45.69	49.04	36.77	21.59	20.02	33.42	27.2	23.77	8.06	40.5	13.04	29.0
30	62.8	33.11	70.46	17.09	82.46	13.42	97.51	52.04	43.08	28.28	82.29	55.03	73.59	69.31	78.23	25.3	46.82	69.77	86.58	69.97	73.78	90.62	49.68	86.56	82.1	36.06	44.94	110.45	67.2	64.9	0.0	44.05	44.18	48.41	85.44	22.36	85.44	68.03	117.59	83.19	65.6	86.09	98.41	106.02	82.02	58.31	104.4	70.0	41.23	32.25	64.03	69.31	77.18	50.0	74.0	68.41	102.18	56.46	50.0	90.55	35.38	106.68	58.41	106.15	23.09	101.21	52.63	82.73	31.76	71.39	52.2	72.2	61.35	76.54	66.37
31	21.63	41.04	40.5	40.5	40.25	32.98	59.46	65.3	47.2	47.71	45.34	17.89	49.03	48.17	34.23	42.19	14.0	61.19	42.76	58.55	60.13	51.22	30.59	65.12	89.44	22.8	48.83	75.07	39.29	35.44	44.05	0.0	2.0	38.63	82.46	22.09	82.46	31.62	87.82	72.25	38.83	42.05	77.67	85.91	57.72	16.12	72.11	26.08	15.23	38.21	74.89	46.39	64.12	65.12	70.88	69.08	72.47	21.54	28.28	66.48	28.43	70.77	34.06	80.99	42.06	69.97	40.52	46.1	20.62	28.64	42.06	43.32	60.93	41.88	55.9
32	22.8	39.7	38.63	39.85	39.4	33.53	58.14	63.78	45.61	46.65	43.86	16.12	47.07	46.17	34.06	41.18	12.0	59.23	42.43	56.57	58.14	50.0	28.64	63.15	87.66	21.26	47.2	73.59	37.36	33.53	44.18	2.0	0.0	36.77	80.52	22.0	80.52	30.0	86.09	70.26	36.88	42.0	75.71	83.95	55.79	17.2	70.46	26.31	13.42	36.88	73.24	44.41	62.13	63.66	68.96	67.23	70.71	19.7	26.31	64.56	26.91	69.31	32.06	79.12	41.15	68.26	38.6	44.6	19.42	27.86	40.16	41.44	59.09	40.22	53.94
33	57.69	17.89	28.07	32.56	53.14	47.54	58.14	31.3	14.14	27.86	44.05	29.73	26.83	21.63	57.69	26.08	26.08	24.08	62.61	22.8	26.0	54.15	10.0	38.21	51.11	18.0	14.56	67.05	24.08	24.08	48.41	38.63	36.77	0.0	44.41	34.93	44.41	33.53	70.46	36.88	22.09	65.51	50.0	57.69	34.41	52.15	59.09	55.17	23.41	17.2	38.21	22.36	29.73	32.31	32.56	30.46	55.57	27.2	12.81	42.52	14.56	64.03	16.12	58.0	28.02	55.46	4.24	44.01	23.09	46.65	4.12	28.44	22.36	37.01	19.42
34	99.54	52.95	54.04	68.41	83.55	88.81	75.47	37.2	42.76	57.58	67.94	69.86	43.86	40.0	93.23	60.17	68.96	21.54	95.02	25.06	25.61	76.84	51.92	35.78	20.0	62.29	40.79	74.0	51.61	54.92	85.44	82.46	80.52	44.41	0.0	78.03	0.0	66.03	64.12	16.12	50.48	99.64	36.22	38.21	41.62	94.34	63.25	94.02	67.47	54.59	28.43	42.8	22.63	40.0	12.0	17.09	56.32	66.21	54.41	41.23	58.03	73.54	50.99	48.17	62.36	59.46	41.98	67.27	67.12	82.1	40.61	51.74	24.33	62.24	26.93
35	42.38	27.2	50.91	20.0	60.17	14.14	76.16	52.0	36.5	30.0	61.06	33.11	56.04	52.84	56.04	24.41	25.06	58.86	64.28	57.72	60.73	68.88	32.25	70.71	80.05	17.89	38.47	90.0	48.17	45.25	22.36	22.09	22.0	34.93	78.03	0.0	78.03	46.65	99.16	71.81	46.86	64.0	83.19	91.24	64.9	37.36	84.9	48.17	20.0	24.74	63.25	52.15	64.56	50.99	66.03	62.13	83.55	34.99	31.62	73.78	20.4	86.02	40.0	89.31	23.43	82.02	38.6	61.59	12.53	49.03	39.05	53.08	54.04	55.8	54.34
36	99.54	52.95	54.04	68.41	83.55	88.81	75.47	37.2	42.76	57.58	67.94	69.86	43.86	40.0	93.23	60.17	68.96	21.54	95.02	25.06	25.61	76.84	51.92	35.78	20.0	62.29	40.79	74.0	51.61	54.92	85.44	82.46	80.52	44.41	0.0	78.03	0.0	66.03	64.12	16.12	50.48	99.64	36.22	38.21	41.62	94.34	63.25	94.02	67.47	54.59	28.43	42.8	22.63	40.0	12.0	17.09	56.32	66.21	54.41	41.23	58.03	73.54	50.99	48.17	62.36	59.46	41.98	67.27	67.12	82.1	40.61	51.74	24.33	62.24	26.93
37	38.0	48.04	12.65	57.27	19.7	60.46	29.53	64.62	47.54	58.0	14.42	14.14	23.41	26.08	27.2	54.15	21.63	45.34	30.0	41.23	40.5	22.8	24.33	38.47	79.25	32.98	48.08	43.86	14.42	11.31	68.03	31.62	30.0	33.53	66.03	46.65	66.03	0.0	56.36	51.88	15.62	33.94	50.04	58.0	30.27	34.23	40.5	29.12	26.83	46.0	69.97	23.32	43.91	65.79	56.64	58.14	41.23	11.66	22.09	38.0	36.22	39.7	17.89	50.99	55.33	38.47	31.78	15.0	36.4	16.12	34.01	15.52	51.61	10.3	40.31
38	91.76	88.2	48.41	102.8	58.55	113.28	36.0	89.84	81.41	97.75	44.27	69.97	44.05	48.83	72.69	96.52	76.03	58.24	68.03	55.03	50.6	44.18	67.94	34.18	84.1	82.02	80.5	20.88	50.99	54.04	117.59	87.82	86.09	70.46	64.12	99.16	64.12	56.36	0.0	50.16	52.35	74.03	28.0	27.2	36.06	89.2	16.49	80.05	79.65	87.66	87.13	48.41	49.48	92.35	64.5	71.02	15.62	66.57	67.88	28.64	82.22	24.33	59.4	16.0	98.47	17.89	66.29	43.32	87.0	66.48	67.42	46.1	70.88	46.07	57.94
39	87.36	50.12	39.45	66.24	68.41	84.12	59.36	42.19	40.5	57.2	52.35	57.72	28.84	26.0	78.89	58.31	58.31	13.42	80.0	14.14	12.17	60.96	42.0	19.7	34.93	54.59	38.83	58.24	37.58	41.23	83.19	72.25	70.26	36.88	16.12	71.81	16.12	51.88	50.16	0.0	36.77	84.88	22.36	26.83	25.61	82.46	47.54	80.62	58.0	50.99	37.36	28.64	8.25	44.94	14.56	21.54	40.79	53.85	44.05	25.3	51.42	57.58	38.83	34.23	60.54	43.68	33.38	51.62	59.84	68.0	32.76	36.89	24.08	47.01	17.46
40	50.99	39.29	6.0	51.88	34.41	60.96	36.06	51.42	36.0	49.48	22.36	22.0	10.2	10.77	42.8	46.82	25.3	29.73	45.34	25.61	25.06	32.56	16.12	26.31	63.78	29.73	36.06	45.69	2.0	4.47	65.6	38.83	36.88	22.09	50.48	46.86	50.48	15.62	52.35	36.77	0.0	49.52	38.83	47.07	18.97	46.39	38.83	43.86	27.78	37.95	55.46	8.25	28.64	52.95	41.04	42.8	36.77	18.0	15.62	27.86	30.53	42.38	7.21	42.94	48.47	35.61	19.03	22.2	34.66	31.62	21.1	6.71	36.72	15.3	24.76
41	27.78	76.55	45.61	80.89	17.09	74.67	38.05	96.75	78.71	85.44	34.18	36.77	56.04	59.67	8.25	80.52	43.68	79.25	6.0	75.07	74.03	30.07	55.57	68.88	113.17	58.24	79.65	54.59	48.17	45.25	86.09	42.05	42.0	65.51	99.64	64.0	99.64	33.94	74.03	84.88	49.52	0.0	78.43	85.44	60.83	29.73	58.03	16.49	49.48	74.0	103.23	56.85	77.2	97.53	90.55	92.02	62.51	38.47	52.84	66.48	63.25	50.36	51.22	75.31	81.02	58.31	64.64	35.11	59.03	18.87	66.85	48.01	85.28	38.08	74.25
42	88.02	66.48	38.05	82.22	61.35	96.75	45.61	63.56	58.14	75.07	44.27	60.53	28.64	30.46	74.22	74.97	64.03	32.25	72.8	30.0	25.61	50.12	50.99	12.65	56.14	65.3	56.85	39.45	38.47	42.43	98.41	77.67	75.71	50.0	36.22	83.19	36.22	50.04	28.0	22.36	38.83	78.43	0.0	8.25	20.1	84.02	28.84	78.64	65.79	66.6	59.67	31.62	23.32	66.21	36.88	43.68	21.63	56.57	52.0	12.17	63.81	40.0	44.27	12.0	77.1	25.61	45.8	43.32	70.66	64.78	46.23	35.06	44.72	41.59	33.42
43	96.0	73.76	46.17	89.64	68.41	104.71	51.11	68.96	65.05	82.02	51.42	68.73	36.88	38.63	81.58	82.22	72.28	38.42	79.7	36.77	32.56	56.46	59.09	20.88	58.14	73.35	63.66	42.52	46.69	50.64	106.02	85.91	83.95	57.69	38.21	91.24	38.21	58.0	27.2	26.83	47.07	85.44	8.25	0.0	28.28	92.09	32.56	86.37	74.0	74.03	63.91	39.85	29.73	71.69	41.23	48.33	25.61	64.78	60.17	20.0	71.69	43.86	52.5	12.81	84.39	30.0	53.54	50.45	78.72	72.44	53.82	43.19	50.48	49.25	40.31
44	68.12	52.15	18.0	66.84	43.91	78.82	34.0	56.32	45.69	61.77	27.2	40.45	8.94	12.81	55.71	60.46	44.27	26.31	55.57	22.09	18.44	35.38	32.8	8.25	59.09	47.2	44.94	36.0	18.44	22.36	82.02	57.72	55.79	34.41	41.62	64.9	41.62	30.27	36.06	25.61	18.97	60.83	20.1	28.28	0.0	64.0	26.31	59.23	46.52	51.61	56.32	12.81	19.7	58.55	36.06	40.79	21.54	36.5	33.29	8.94	46.69	34.23	25.06	24.41	62.43	22.36	30.23	26.4	52.43	45.61	31.38	15.0	38.0	22.85	24.02
45	5.66	56.85	46.0	56.46	34.06	46.0	56.6	80.62	62.29	63.81	44.94	24.74	56.14	56.89	23.32	58.31	26.08	72.8	32.25	69.57	70.34	47.71	42.94	72.03	103.25	38.21	63.78	73.43	46.17	42.19	58.31	16.12	17.2	52.15	94.34	37.36	94.34	34.23	89.2	82.46	46.39	29.73	84.02	92.09	64.0	0.0	72.8	13.42	29.73	54.04	89.64	54.59	74.22	80.62	83.26	82.37	74.73	28.64	40.25	72.11	43.86	68.96	43.68	85.16	58.18	71.47	53.24	45.88	36.62	23.32	55.07	49.0	74.43	43.93	67.42
46	75.29	76.97	34.06	90.55	42.19	99.04	20.4	82.61	71.47	86.93	27.86	54.41	32.31	37.95	56.32	84.97	60.96	52.0	52.04	48.04	44.0	28.0	54.92	28.28	82.46	68.41	70.88	10.77	37.2	39.7	104.4	72.11	70.46	59.09	63.25	84.9	63.25	40.5	16.49	47.54	38.83	58.03	28.84	32.56	26.31	72.8	0.0	63.56	65.05	76.03	82.02	36.77	44.18	84.85	60.53	66.12	7.21	51.22	54.41	22.36	69.34	11.31	46.04	20.0	86.77	4.0	55.15	26.93	73.11	50.0	56.65	32.2	64.12	30.23	50.25
47	12.81	63.53	41.76	65.97	22.36	58.31	45.69	85.6	67.2	71.69	36.22	25.46	52.5	54.63	10.0	66.48	30.53	72.72	18.87	68.96	68.88	36.77	45.25	67.47	105.26	44.72	68.41	62.77	43.08	39.4	70.0	26.08	26.31	55.17	94.02	48.17	94.02	29.12	80.05	80.62	43.86	16.49	78.64	86.37	59.23	13.42	63.56	0.0	35.78	60.83	93.38	52.0	72.5	86.02	83.76	84.02	66.48	28.43	42.43	66.48	50.12	58.31	43.27	78.03	66.73	62.8	55.23	37.22	44.6	14.0	57.31	44.64	76.58	37.12	67.42
48	35.38	27.78	31.24	32.0	42.19	34.06	56.36	50.91	32.56	36.06	41.18	14.14	37.58	35.44	41.23	31.05	6.0	46.39	48.37	44.05	46.04	49.4	16.0	53.14	74.24	8.94	34.06	70.0	28.84	25.61	41.23	15.23	13.42	23.41	67.47	20.0	67.47	26.83	79.65	58.0	27.78	49.48	65.79	74.0	46.52	29.73	65.05	35.78	0.0	25.06	60.0	34.18	50.04	50.99	55.79	53.85	64.03	15.23	14.14	55.46	14.42	66.03	21.54	70.71	31.58	62.29	25.5	41.68	10.05	32.06	26.93	33.6	45.69	35.81	41.19
49	59.67	2.83	43.68	15.62	64.5	34.23	73.35	27.78	12.0	12.0	58.55	37.36	43.91	38.83	65.79	8.94	30.46	37.58	72.28	37.74	41.62	68.26	22.36	55.17	55.32	16.12	14.0	83.57	39.85	38.83	32.25	38.21	36.88	17.2	54.59	24.74	54.59	46.0	87.66	50.99	37.95	74.0	66.6	74.03	51.61	54.04	76.03	60.83	25.06	0.0	38.63	39.45	44.94	27.2	42.76	38.05	72.72	36.5	24.08	59.67	10.77	80.32	31.05	75.07	10.82	72.47	21.4	58.69	17.69	55.79	20.52	44.6	30.27	51.79	34.13
50	95.27	36.06	60.93	48.17	89.55	70.71	88.77	12.0	27.78	36.06	77.25	67.94	53.85	48.08	95.6	40.45	63.78	30.07	99.86	34.23	38.05	87.32	48.17	54.04	18.11	52.15	26.08	92.2	57.27	59.06	64.03	74.89	73.24	38.21	28.43	63.25	28.43	69.97	87.13	37.36	55.46	103.23	59.67	63.91	56.32	89.64	82.02	93.38	60.0	38.63	0.0	50.6	38.05	14.14	22.8	16.12	76.03	65.3	50.99	60.03	46.65	90.55	52.15	71.39	42.3	78.03	38.6	76.9	55.47	84.4	36.4	59.81	18.97	70.38	32.76
51	59.23	40.25	11.31	54.41	41.04	66.03	38.47	48.17	34.93	50.16	26.83	30.07	4.47	2.83	50.48	48.37	32.56	22.8	52.35	18.44	17.2	36.77	20.0	18.97	57.2	34.41	34.53	45.12	8.94	12.65	69.31	46.39	44.41	22.36	42.8	52.15	42.8	23.32	48.41	28.64	8.25	56.85	31.62	39.85	12.81	54.59	36.77	52.0	34.18	39.45	50.6	0.0	20.59	50.04	34.06	36.72	33.29	26.08	20.59	21.63	33.94	42.43	12.65	37.2	50.25	33.11	18.38	26.4	39.66	39.45	19.92	9.43	31.62	20.25	18.36
52	79.12	44.41	31.62	60.46	60.96	77.25	53.67	40.5	35.38	52.35	45.34	49.48	21.26	17.89	71.02	52.8	50.16	8.94	72.47	7.21	4.0	54.41	34.06	16.0	39.4	47.07	33.94	54.59	29.53	33.11	77.18	64.12	62.13	29.73	22.63	64.56	22.63	43.91	49.48	8.25	28.64	77.2	23.32	29.73	19.7	74.22	44.18	72.5	50.04	44.94	38.05	20.59	0.0	43.08	16.49	22.0	38.0	45.61	36.0	22.0	44.27	53.37	30.59	34.18	55.0	40.2	25.96	44.69	52.39	60.03	25.63	29.21	21.54	39.62	10.82
53	86.28	24.41	58.86	34.53	85.44	57.27	88.36	2.83	18.87	22.36	75.31	61.06	54.0	48.0	89.55	27.2	55.61	34.18	94.85	37.36	41.76	85.51	42.05	58.24	32.25	42.43	17.89	94.34	54.92	55.79	50.0	65.12	63.66	32.31	40.0	50.99	40.0	65.79	92.35	44.94	52.95	97.53	66.21	71.69	58.55	80.62	84.85	86.02	50.99	27.2	14.14	50.04	43.08	0.0	31.24	24.08	79.62	59.06	44.72	64.03	36.77	92.09	48.08	77.25	28.86	80.89	34.21	75.13	44.82	78.71	32.02	58.42	21.54	68.25	34.71
54	88.57	41.23	45.34	56.92	75.07	76.94	69.86	28.43	31.05	46.52	60.46	59.06	36.06	31.24	83.74	48.7	57.58	11.31	86.28	15.62	17.89	69.97	40.5	32.25	23.32	50.36	29.12	71.02	42.43	45.34	74.0	70.88	68.96	32.56	12.0	66.03	12.0	56.64	64.5	14.56	41.04	90.55	36.88	41.23	36.06	83.26	60.53	83.76	55.79	42.76	22.8	34.06	16.49	31.24	0.0	7.21	54.15	55.57	43.08	38.21	46.04	69.86	40.5	48.66	50.92	56.57	30.36	59.91	55.15	72.47	28.86	43.42	12.65	54.2	16.4
55	87.82	36.22	47.71	51.42	77.2	72.25	74.0	21.26	26.08	40.5	63.53	58.82	39.4	34.0	84.85	43.17	56.36	14.56	88.09	18.97	22.36	73.35	39.45	38.0	21.26	47.54	24.08	76.42	44.41	46.86	68.41	69.08	67.23	30.46	17.09	62.13	17.09	58.14	71.02	21.54	42.8	92.02	43.68	48.33	40.79	82.37	66.12	84.02	53.85	38.05	16.12	36.72	22.0	24.08	7.21	0.0	60.0	55.61	42.19	44.0	42.76	74.97	41.04	55.32	45.35	62.13	29.15	63.06	51.97	73.54	27.29	46.14	8.25	56.94	18.36
56	77.67	73.43	32.8	87.66	46.04	97.67	26.0	77.28	67.23	83.19	30.27	54.59	28.84	34.0	60.0	81.63	60.46	46.17	56.57	42.43	38.21	32.56	52.5	22.0	75.71	66.48	66.48	17.89	35.38	38.42	102.18	72.47	70.71	55.57	56.32	83.55	56.32	41.23	15.62	40.79	36.77	62.51	21.63	25.61	21.54	74.73	7.21	66.48	64.03	72.72	76.03	33.29	38.0	79.62	54.15	60.0	0.0	51.11	52.35	16.0	66.84	18.44	43.86	13.42	83.53	4.47	51.48	29.27	71.42	52.61	52.77	30.48	58.55	31.02	44.91
57	33.53	38.83	18.97	46.39	28.07	48.83	41.18	58.31	40.25	48.37	26.08	4.0	28.07	28.28	30.53	44.05	10.0	44.72	36.06	41.23	41.76	34.18	17.2	44.18	76.84	22.09	41.18	55.32	18.11	14.14	56.46	21.54	19.7	27.2	66.21	34.99	66.21	11.66	66.57	53.85	18.0	38.47	56.57	64.78	36.5	28.64	51.22	28.43	15.23	36.5	65.3	26.08	45.61	59.06	55.57	55.61	51.11	0.0	14.42	45.12	26.08	51.22	15.23	59.46	45.0	48.83	26.87	26.63	25.0	19.7	29.0	21.84	48.17	21.21	39.36
58	45.65	26.0	20.59	36.77	41.23	45.61	49.48	43.91	26.0	36.06	34.53	16.97	24.41	21.54	44.94	32.56	14.56	32.98	50.16	30.27	32.0	44.18	2.83	39.4	63.25	14.14	26.83	60.83	17.2	15.23	50.0	28.28	26.31	12.81	54.41	31.62	54.41	22.09	67.88	44.05	15.62	52.84	52.0	60.17	33.29	40.25	54.41	42.43	14.14	24.08	50.99	20.59	36.0	44.72	43.08	42.19	52.35	14.42	0.0	42.19	15.23	57.27	8.49	57.69	33.96	51.22	13.04	34.71	19.21	34.0	15.0	22.2	34.41	27.89	27.66
59	76.0	60.0	26.31	75.07	49.4	87.66	35.38	61.61	52.84	69.34	32.31	49.03	17.89	21.26	62.1	68.41	53.14	30.27	60.93	26.68	22.36	38.83	41.62	6.0	60.17	56.04	51.88	32.98	27.2	31.05	90.55	66.48	64.56	42.52	41.23	73.78	41.23	38.0	28.64	25.3	27.86	66.48	12.17	20.0	8.94	72.11	22.36	66.48	55.46	59.67	60.03	21.63	22.0	64.03	38.21	44.0	16.0	45.12	42.19	0.0	55.32	32.31	34.0	15.62	70.43	18.44	38.29	31.38	61.29	52.61	39.2	23.35	42.76	29.43	29.41
60	49.52	13.42	35.78	21.54	54.15	33.11	64.56	36.88	18.87	22.36	49.48	26.68	38.21	34.06	55.03	18.0	19.7	38.47	61.61	37.36	40.5	58.86	14.42	51.61	62.03	5.66	20.59	76.03	32.25	30.46	35.38	28.43	26.91	14.56	58.03	20.4	58.03	36.22	82.22	51.42	30.53	63.25	63.81	71.69	46.69	43.86	69.34	50.12	14.42	10.77	46.65	33.94	44.27	36.77	46.04	42.76	66.84	26.08	15.23	55.32	0.0	72.5	23.32	70.94	19.1	66.03	18.38	49.73	9.22	45.12	18.68	37.22	34.53	43.01	33.96
61	70.68	81.61	36.77	94.02	36.06	100.0	12.65	90.02	77.28	91.76	25.46	53.81	38.21	44.18	50.0	89.2	61.22	60.53	44.41	56.32	52.61	21.54	58.31	37.95	92.35	70.71	76.94	4.47	40.5	42.05	106.68	70.77	69.31	64.03	73.54	86.02	73.54	39.7	24.33	57.58	42.38	50.36	40.0	43.86	34.23	68.96	11.31	58.31	66.03	80.32	90.55	42.43	53.37	92.09	69.86	74.97	18.44	51.22	57.27	32.31	72.5	0.0	49.4	31.24	90.82	14.42	60.42	24.76	74.95	45.65	62.17	35.74	72.11	30.23	58.08
62	48.7	32.56	12.65	44.72	37.58	54.04	42.43	46.82	30.27	42.76	28.0	18.97	16.12	14.14	43.86	39.85	20.1	29.53	47.71	26.0	26.68	38.05	8.94	31.62	62.29	22.63	30.59	52.8	8.94	8.0	58.41	34.06	32.06	16.12	50.99	40.0	50.99	17.89	59.4	38.83	7.21	51.22	44.27	52.5	25.06	43.68	46.04	43.27	21.54	31.05	52.15	12.65	30.59	48.08	40.5	41.04	43.86	15.23	8.49	34.0	23.32	49.4	0.0	49.4	41.44	42.8	13.93	28.02	27.66	32.56	16.16	13.89	34.06	21.02	24.19
63	88.57	75.29	40.5	90.55	58.55	103.23	39.4	74.67	67.68	84.4	42.05	63.25	33.29	36.88	72.25	83.74	68.03	43.08	69.43	40.25	35.78	45.61	57.2	20.0	68.12	71.61	66.57	29.73	42.05	45.69	106.15	80.99	79.12	58.0	48.17	89.31	48.17	50.99	16.0	34.23	42.94	75.31	12.0	12.81	24.41	85.16	20.0	78.03	70.71	75.07	71.39	37.2	34.18	77.25	48.66	55.32	13.42	59.46	57.69	15.62	70.94	31.24	49.4	0.0	85.8	17.89	53.76	41.05	76.84	64.03	54.56	37.7	55.71	41.3	43.42
64	63.63	10.63	54.08	6.08	73.03	28.44	83.43	30.41	20.12	6.71	68.45	45.18	54.71	49.65	72.78	2.24	37.48	47.17	79.91	47.8	51.86	77.93	32.57	65.86	60.07	23.09	21.93	94.15	50.33	49.04	23.09	42.06	41.15	28.02	62.36	23.43	62.36	55.33	98.47	60.54	48.47	81.02	77.1	84.39	62.43	58.18	86.77	66.73	31.58	10.82	42.3	50.25	55.0	28.86	50.92	45.35	83.53	45.0	33.96	70.43	19.1	90.82	41.44	85.8	0.0	83.24	32.2	68.66	22.14	63.51	31.24	55.15	38.28	61.85	44.2
65	74.22	73.35	31.11	87.13	42.0	96.17	21.54	78.64	67.68	83.26	26.68	52.15	28.64	34.18	56.04	81.41	58.41	48.0	52.35	44.05	40.0	28.28	51.61	24.33	78.59	65.3	67.05	14.56	34.06	36.77	101.21	69.97	68.26	55.46	59.46	82.02	59.46	38.47	17.89	43.68	35.61	58.31	25.61	30.0	22.36	71.47	4.0	62.8	62.29	72.47	78.03	33.11	40.2	80.89	56.57	62.13	4.47	48.83	51.22	18.44	66.03	14.42	42.8	17.89	83.24	0.0	51.48	25.71	70.09	49.03	52.92	29.07	60.13	28.18	46.27
