set K:= 1	2	3	4	5	6	7	8	9;
set C_H:= 1	2	3	4	5	6	7	8	9	10	11	12	13	14	15	16	17	18	19	20	21	22	23	24	25	26	27	28	29	30	31	32	33	34	35	36	37	38;
set C_S:= 39	40	41	42	43	44	45	46	47	48	49	50	51	52	53	54	55	56;
set C_F:= 57	58	59	60	61	62;
set M:= 63	64;
set L_B:= 65	66	67	68	69	70	71	72	73;
set A1:=
(0,*) 1 2 3 4 5 6 7 8 9 10 11 12 13 14 15 16 17 18 19 20 21 22 23 24 25 26 27 28 29 30 31 32 33 34 35 36 37 38 57 58 59 60 61 62 63 64 65 66 67 68 69 70 71 72 73
(1,*) 0 2 3 4 5 6 7 8 9 10 11 12 13 14 15 16 17 18 19 20 21 22 23 24 25 26 27 28 29 30 31 32 33 34 35 36 37 38 57 58 59 60 61 62 63 64 65 66 67 68 69 70 71 72 73
(2,*) 0 1 3 4 5 6 7 8 9 10 11 12 13 14 15 16 17 18 19 20 21 22 23 24 25 26 27 28 29 30 31 32 33 34 35 36 37 38 57 58 59 60 61 62 63 64 65 66 67 68 69 70 71 72 73
(3,*) 0 1 2 4 5 6 7 8 9 10 11 12 13 14 15 16 17 18 19 20 21 22 23 24 25 26 27 28 29 30 31 32 33 34 35 36 37 38 57 58 59 60 61 62 63 64 65 66 67 68 69 70 71 72 73
(4,*) 0 1 2 3 5 6 7 8 9 10 11 12 13 14 15 16 17 18 19 20 21 22 23 24 25 26 27 28 29 30 31 32 33 34 35 36 37 38 57 58 59 60 61 62 63 64 65 66 67 68 69 70 71 72 73
(5,*) 0 1 2 3 4 6 7 8 9 10 11 12 13 14 15 16 17 18 19 20 21 22 23 24 25 26 27 28 29 30 31 32 33 34 35 36 37 38 57 58 59 60 61 62 63 64 65 66 67 68 69 70 71 72 73
(6,*) 0 1 2 3 4 5 7 8 9 10 11 12 13 14 15 16 17 18 19 20 21 22 23 24 25 26 27 28 29 30 31 32 33 34 35 36 37 38 57 58 59 60 61 62 63 64 65 66 67 68 69 70 71 72 73
(7,*) 0 1 2 3 4 5 6 8 9 10 11 12 13 14 15 16 17 18 19 20 21 22 23 24 25 26 27 28 29 30 31 32 33 34 35 36 37 38 57 58 59 60 61 62 63 64 65 66 67 68 69 70 71 72 73
(8,*) 0 1 2 3 4 5 6 7 9 10 11 12 13 14 15 16 17 18 19 20 21 22 23 24 25 26 27 28 29 30 31 32 33 34 35 36 37 38 57 58 59 60 61 62 63 64 65 66 67 68 69 70 71 72 73
(9,*) 0 1 2 3 4 5 6 7 8 10 11 12 13 14 15 16 17 18 19 20 21 22 23 24 25 26 27 28 29 30 31 32 33 34 35 36 37 38 57 58 59 60 61 62 63 64 65 66 67 68 69 70 71 72 73
(10,*) 0 1 2 3 4 5 6 7 8 9 11 12 13 14 15 16 17 18 19 20 21 22 23 24 25 26 27 28 29 30 31 32 33 34 35 36 37 38 57 58 59 60 61 62 63 64 65 66 67 68 69 70 71 72 73
(11,*) 0 1 2 3 4 5 6 7 8 9 10 12 13 14 15 16 17 18 19 20 21 22 23 24 25 26 27 28 29 30 31 32 33 34 35 36 37 38 57 58 59 60 61 62 63 64 65 66 67 68 69 70 71 72 73
(12,*) 0 1 2 3 4 5 6 7 8 9 10 11 13 14 15 16 17 18 19 20 21 22 23 24 25 26 27 28 29 30 31 32 33 34 35 36 37 38 57 58 59 60 61 62 63 64 65 66 67 68 69 70 71 72 73
(13,*) 0 1 2 3 4 5 6 7 8 9 10 11 12 14 15 16 17 18 19 20 21 22 23 24 25 26 27 28 29 30 31 32 33 34 35 36 37 38 57 58 59 60 61 62 63 64 65 66 67 68 69 70 71 72 73
(14,*) 0 1 2 3 4 5 6 7 8 9 10 11 12 13 15 16 17 18 19 20 21 22 23 24 25 26 27 28 29 30 31 32 33 34 35 36 37 38 57 58 59 60 61 62 63 64 65 66 67 68 69 70 71 72 73
(15,*) 0 1 2 3 4 5 6 7 8 9 10 11 12 13 14 16 17 18 19 20 21 22 23 24 25 26 27 28 29 30 31 32 33 34 35 36 37 38 57 58 59 60 61 62 63 64 65 66 67 68 69 70 71 72 73
(16,*) 0 1 2 3 4 5 6 7 8 9 10 11 12 13 14 15 17 18 19 20 21 22 23 24 25 26 27 28 29 30 31 32 33 34 35 36 37 38 57 58 59 60 61 62 63 64 65 66 67 68 69 70 71 72 73
(17,*) 0 1 2 3 4 5 6 7 8 9 10 11 12 13 14 15 16 18 19 20 21 22 23 24 25 26 27 28 29 30 31 32 33 34 35 36 37 38 57 58 59 60 61 62 63 64 65 66 67 68 69 70 71 72 73
(18,*) 0 1 2 3 4 5 6 7 8 9 10 11 12 13 14 15 16 17 19 20 21 22 23 24 25 26 27 28 29 30 31 32 33 34 35 36 37 38 57 58 59 60 61 62 63 64 65 66 67 68 69 70 71 72 73
(19,*) 0 1 2 3 4 5 6 7 8 9 10 11 12 13 14 15 16 17 18 20 21 22 23 24 25 26 27 28 29 30 31 32 33 34 35 36 37 38 57 58 59 60 61 62 63 64 65 66 67 68 69 70 71 72 73
(20,*) 0 1 2 3 4 5 6 7 8 9 10 11 12 13 14 15 16 17 18 19 21 22 23 24 25 26 27 28 29 30 31 32 33 34 35 36 37 38 57 58 59 60 61 62 63 64 65 66 67 68 69 70 71 72 73
(21,*) 0 1 2 3 4 5 6 7 8 9 10 11 12 13 14 15 16 17 18 19 20 22 23 24 25 26 27 28 29 30 31 32 33 34 35 36 37 38 57 58 59 60 61 62 63 64 65 66 67 68 69 70 71 72 73
(22,*) 0 1 2 3 4 5 6 7 8 9 10 11 12 13 14 15 16 17 18 19 20 21 23 24 25 26 27 28 29 30 31 32 33 34 35 36 37 38 57 58 59 60 61 62 63 64 65 66 67 68 69 70 71 72 73
(23,*) 0 1 2 3 4 5 6 7 8 9 10 11 12 13 14 15 16 17 18 19 20 21 22 24 25 26 27 28 29 30 31 32 33 34 35 36 37 38 57 58 59 60 61 62 63 64 65 66 67 68 69 70 71 72 73
(24,*) 0 1 2 3 4 5 6 7 8 9 10 11 12 13 14 15 16 17 18 19 20 21 22 23 25 26 27 28 29 30 31 32 33 34 35 36 37 38 57 58 59 60 61 62 63 64 65 66 67 68 69 70 71 72 73
(25,*) 0 1 2 3 4 5 6 7 8 9 10 11 12 13 14 15 16 17 18 19 20 21 22 23 24 26 27 28 29 30 31 32 33 34 35 36 37 38 57 58 59 60 61 62 63 64 65 66 67 68 69 70 71 72 73
(26,*) 0 1 2 3 4 5 6 7 8 9 10 11 12 13 14 15 16 17 18 19 20 21 22 23 24 25 27 28 29 30 31 32 33 34 35 36 37 38 57 58 59 60 61 62 63 64 65 66 67 68 69 70 71 72 73
(27,*) 0 1 2 3 4 5 6 7 8 9 10 11 12 13 14 15 16 17 18 19 20 21 22 23 24 25 26 28 29 30 31 32 33 34 35 36 37 38 57 58 59 60 61 62 63 64 65 66 67 68 69 70 71 72 73
(28,*) 0 1 2 3 4 5 6 7 8 9 10 11 12 13 14 15 16 17 18 19 20 21 22 23 24 25 26 27 29 30 31 32 33 34 35 36 37 38 57 58 59 60 61 62 63 64 65 66 67 68 69 70 71 72 73
(29,*) 0 1 2 3 4 5 6 7 8 9 10 11 12 13 14 15 16 17 18 19 20 21 22 23 24 25 26 27 28 30 31 32 33 34 35 36 37 38 57 58 59 60 61 62 63 64 65 66 67 68 69 70 71 72 73
(30,*) 0 1 2 3 4 5 6 7 8 9 10 11 12 13 14 15 16 17 18 19 20 21 22 23 24 25 26 27 28 29 31 32 33 34 35 36 37 38 57 58 59 60 61 62 63 64 65 66 67 68 69 70 71 72 73
(31,*) 0 1 2 3 4 5 6 7 8 9 10 11 12 13 14 15 16 17 18 19 20 21 22 23 24 25 26 27 28 29 30 32 33 34 35 36 37 38 57 58 59 60 61 62 63 64 65 66 67 68 69 70 71 72 73
(32,*) 0 1 2 3 4 5 6 7 8 9 10 11 12 13 14 15 16 17 18 19 20 21 22 23 24 25 26 27 28 29 30 31 33 34 35 36 37 38 57 58 59 60 61 62 63 64 65 66 67 68 69 70 71 72 73
(33,*) 0 1 2 3 4 5 6 7 8 9 10 11 12 13 14 15 16 17 18 19 20 21 22 23 24 25 26 27 28 29 30 31 32 34 35 36 37 38 57 58 59 60 61 62 63 64 65 66 67 68 69 70 71 72 73
(34,*) 0 1 2 3 4 5 6 7 8 9 10 11 12 13 14 15 16 17 18 19 20 21 22 23 24 25 26 27 28 29 30 31 32 33 35 36 37 38 57 58 59 60 61 62 63 64 65 66 67 68 69 70 71 72 73
(35,*) 0 1 2 3 4 5 6 7 8 9 10 11 12 13 14 15 16 17 18 19 20 21 22 23 24 25 26 27 28 29 30 31 32 33 34 36 37 38 57 58 59 60 61 62 63 64 65 66 67 68 69 70 71 72 73
(36,*) 0 1 2 3 4 5 6 7 8 9 10 11 12 13 14 15 16 17 18 19 20 21 22 23 24 25 26 27 28 29 30 31 32 33 34 35 37 38 57 58 59 60 61 62 63 64 65 66 67 68 69 70 71 72 73
(37,*) 0 1 2 3 4 5 6 7 8 9 10 11 12 13 14 15 16 17 18 19 20 21 22 23 24 25 26 27 28 29 30 31 32 33 34 35 36 38 57 58 59 60 61 62 63 64 65 66 67 68 69 70 71 72 73
(38,*) 0 1 2 3 4 5 6 7 8 9 10 11 12 13 14 15 16 17 18 19 20 21 22 23 24 25 26 27 28 29 30 31 32 33 34 35 36 37 57 58 59 60 61 62 63 64 65 66 67 68 69 70 71 72 73
(57,*) 0 1 2 3 4 5 6 7 8 9 10 11 12 13 14 15 16 17 18 19 20 21 22 23 24 25 26 27 28 29 30 31 32 33 34 35 36 37 38 58 59 60 61 62 63 64 65 66 67 68 69 70 71 72 73
(58,*) 0 1 2 3 4 5 6 7 8 9 10 11 12 13 14 15 16 17 18 19 20 21 22 23 24 25 26 27 28 29 30 31 32 33 34 35 36 37 38 57 59 60 61 62 63 64 65 66 67 68 69 70 71 72 73
(59,*) 0 1 2 3 4 5 6 7 8 9 10 11 12 13 14 15 16 17 18 19 20 21 22 23 24 25 26 27 28 29 30 31 32 33 34 35 36 37 38 57 58 60 61 62 63 64 65 66 67 68 69 70 71 72 73
(60,*) 0 1 2 3 4 5 6 7 8 9 10 11 12 13 14 15 16 17 18 19 20 21 22 23 24 25 26 27 28 29 30 31 32 33 34 35 36 37 38 57 58 59 61 62 63 64 65 66 67 68 69 70 71 72 73
(61,*) 0 1 2 3 4 5 6 7 8 9 10 11 12 13 14 15 16 17 18 19 20 21 22 23 24 25 26 27 28 29 30 31 32 33 34 35 36 37 38 57 58 59 60 62 63 64 65 66 67 68 69 70 71 72 73
(62,*) 0 1 2 3 4 5 6 7 8 9 10 11 12 13 14 15 16 17 18 19 20 21 22 23 24 25 26 27 28 29 30 31 32 33 34 35 36 37 38 57 58 59 60 61 63 64 65 66 67 68 69 70 71 72 73
(63,*) 0 1 2 3 4 5 6 7 8 9 10 11 12 13 14 15 16 17 18 19 20 21 22 23 24 25 26 27 28 29 30 31 32 33 34 35 36 37 38 57 58 59 60 61 62 64 65 66 67 68 69 70 71 72 73
(64,*) 0 1 2 3 4 5 6 7 8 9 10 11 12 13 14 15 16 17 18 19 20 21 22 23 24 25 26 27 28 29 30 31 32 33 34 35 36 37 38 57 58 59 60 61 62 63 65 66 67 68 69 70 71 72 73
(65,*) 0 1 2 3 4 5 6 7 8 9 10 11 12 13 14 15 16 17 18 19 20 21 22 23 24 25 26 27 28 29 30 31 32 33 34 35 36 37 38 57 58 59 60 61 62 63 64 66 67 68 69 70 71 72 73
(66,*) 0 1 2 3 4 5 6 7 8 9 10 11 12 13 14 15 16 17 18 19 20 21 22 23 24 25 26 27 28 29 30 31 32 33 34 35 36 37 38 57 58 59 60 61 62 63 64 65 67 68 69 70 71 72 73
(67,*) 0 1 2 3 4 5 6 7 8 9 10 11 12 13 14 15 16 17 18 19 20 21 22 23 24 25 26 27 28 29 30 31 32 33 34 35 36 37 38 57 58 59 60 61 62 63 64 65 66 68 69 70 71 72 73
(68,*) 0 1 2 3 4 5 6 7 8 9 10 11 12 13 14 15 16 17 18 19 20 21 22 23 24 25 26 27 28 29 30 31 32 33 34 35 36 37 38 57 58 59 60 61 62 63 64 65 66 67 69 70 71 72 73
(69,*) 0 1 2 3 4 5 6 7 8 9 10 11 12 13 14 15 16 17 18 19 20 21 22 23 24 25 26 27 28 29 30 31 32 33 34 35 36 37 38 57 58 59 60 61 62 63 64 65 66 67 68 70 71 72 73
(70,*) 0 1 2 3 4 5 6 7 8 9 10 11 12 13 14 15 16 17 18 19 20 21 22 23 24 25 26 27 28 29 30 31 32 33 34 35 36 37 38 57 58 59 60 61 62 63 64 65 66 67 68 69 71 72 73
(71,*) 0 1 2 3 4 5 6 7 8 9 10 11 12 13 14 15 16 17 18 19 20 21 22 23 24 25 26 27 28 29 30 31 32 33 34 35 36 37 38 57 58 59 60 61 62 63 64 65 66 67 68 69 70 72 73
(72,*) 0 1 2 3 4 5 6 7 8 9 10 11 12 13 14 15 16 17 18 19 20 21 22 23 24 25 26 27 28 29 30 31 32 33 34 35 36 37 38 57 58 59 60 61 62 63 64 65 66 67 68 69 70 71 73
(73,*) 0 1 2 3 4 5 6 7 8 9 10 11 12 13 14 15 16 17 18 19 20 21 22 23 24 25 26 27 28 29 30 31 32 33 34 35 36 37 38 57 58 59 60 61 62 63 64 65 66 67 68 69 70 71 72
;
set A2:=
(63,*) 64
(64,*) 63
;
param BigM:=99999;
param n:= 9;
param d:=
1	18
2	20
3	7
4	18
5	20
6	2
7	10
8	5
9	21
10	15
11	15
12	14
13	19
14	22
15	6
16	24
17	14
18	14
19	15
20	21
21	15
22	6
23	23
24	26
25	7
26	22
27	26
28	20
29	2
30	2
31	12
32	10
33	23
34	24
35	17
36	2
37	20
38	8
39	22
40	14
41	5
42	19
43	11
44	20
45	1
46	22
47	21
48	2
49	14
50	15
51	15
52	23
53	15
54	21
55	4
56	18
57	4
58	9
59	7
60	3
61	4
62	19
;
param Q:=100;
param w:=
[63,*] 64 1
[64,*] 63 1
;
param V:=
[63,*] 64 91
[64,*] 63 91
;
param f:=
63	100
64	100
65	100
66	100
67	100
68	100
69	100
70	100
71	100
72	100
73	100
;
param e:
	63	64	65	66	67	68	69	70	71	72	73:=
39	0	1	0	0	1	1	1	0	1	1	0	
40	0	0	1	0	1	0	1	0	1	0	1	
41	0	1	0	1	0	0	0	1	0	1	0	
42	0	0	1	0	1	0	1	0	1	0	1	
43	1	0	1	0	0	0	0	0	0	0	1	
44	0	0	1	0	0	0	1	0	1	0	1	
45	0	0	0	1	0	1	0	1	0	0	0	
46	0	1	0	0	0	0	0	0	0	1	0	
47	0	1	0	1	0	1	0	1	0	1	0	
48	0	0	1	0	1	0	1	0	1	0	1	
49	1	0	1	0	1	0	1	0	1	0	1	
50	0	0	1	0	1	0	1	0	1	0	1	
51	1	0	1	0	0	0	0	0	0	0	1	
52	0	0	0	0	1	0	1	0	1	0	1	
53	0	1	0	0	1	1	1	1	0	1	0	
54	1	0	1	0	1	0	1	0	1	0	1	
55	0	0	1	0	1	0	1	0	1	0	1	
56	0	1	0	1	1	1	0	1	0	1	0	
57	0	0	0	0	0	0	1	0	0	0	0	
58	1	0	1	0	1	0	1	0	1	0	1	
59	0	0	0	1	0	1	0	1	0	1	0	
60	0	0	0	0	1	0	1	0	1	0	1	
61	1	0	1	0	1	0	0	0	1	0	1	
62	0	1	1	1	1	1	1	1	1	1	1	
;
param p:=
1	1
2	1
3	1
4	1
5	1
6	1
7	1
8	1
9	1
;
param G:=
63	86
64	91
65	77
66	79
67	94
68	75
69	84
70	89
71	78
72	82
73	84
;
param s:=
0	0
1	15
2	15
3	15
4	15
5	15
6	15
7	15
8	15
9	15
10	15
11	15
12	15
13	15
14	15
15	15
16	15
17	15
18	15
19	15
20	15
21	15
22	15
23	15
24	15
25	15
26	15
27	15
28	15
29	15
30	15
31	15
32	15
33	15
34	15
35	15
36	15
37	15
38	15
57	15
58	15
59	15
60	15
61	15
62	15
63	10
64	10
65	10
66	10
67	10
68	10
69	10
70	10
71	10
72	10
73	10
;
param t:
	0	1	2	3	4	5	6	7	8	9	10	11	12	13	14	15	16	17	18	19	20	21	22	23	24	25	26	27	28	29	30	31	32	33	34	35	36	37	38	39	40	41	42	43	44	45	46	47	48	49	50	51	52	53	54	55	56	57	58	59	60	61	62	63	64	65	66	67	68	69	70	71	72	73:=
0	0.0	64.03	82.46	57.69	14.42	50.16	39.29	28.64	42.52	75.89	32.25	70.11	70.34	84.4	8.94	86.58	61.35	54.15	62.0	80.4	26.68	60.83	80.32	78.0	100.5	86.83	99.04	32.98	80.0	99.3	74.0	84.76	62.51	50.16	24.41	98.08	82.39	91.78	92.28	83.76	100.44	72.25	90.91	92.09	112.07	10.0	92.35	33.53	101.82	76.97	80.45	86.02	88.81	77.82	82.46	83.35	50.99	121.66	75.15	26.08	110.45	78.23	62.8	81.02	69.18	76.06	46.01	70.21	45.49	83.6	42.95	81.12	51.42	87.71
1	64.03	0.0	24.08	56.04	72.69	62.23	27.2	57.27	41.23	80.62	32.06	96.17	80.45	67.47	56.32	23.41	71.22	11.66	2.83	96.02	74.0	8.94	83.19	29.12	66.75	52.15	70.11	63.53	16.12	80.4	22.8	85.91	82.07	15.23	53.14	94.87	97.65	30.53	80.05	44.41	80.22	11.31	56.32	108.17	90.0	54.04	35.38	32.98	70.46	75.15	66.48	104.4	50.64	32.56	89.55	73.38	26.91	88.29	73.35	43.68	80.62	95.6	38.63	102.94	5.83	74.25	18.25	59.62	34.71	66.49	23.09	71.78	17.2	78.16
2	82.46	24.08	0.0	55.57	88.36	65.39	43.17	68.26	48.66	76.42	50.6	97.75	78.41	56.6	75.89	11.66	71.02	35.38	26.91	93.72	86.21	22.36	77.79	12.81	48.37	36.06	53.37	72.99	20.0	66.48	10.77	79.4	83.35	38.42	66.0	85.44	95.02	10.2	68.96	27.86	65.79	27.2	39.29	104.69	73.76	72.8	11.31	49.03	52.61	69.31	57.2	102.18	32.98	17.2	84.85	64.4	34.06	68.12	67.88	58.31	62.29	94.02	34.99	102.2	18.6	68.59	39.96	53.76	42.3	55.76	39.56	63.41	31.05	68.51
3	57.69	56.04	55.57	0.0	53.81	12.17	38.47	29.73	20.0	25.3	44.0	42.19	24.41	26.91	57.27	66.03	15.62	56.46	56.6	40.0	43.91	47.2	28.64	43.86	46.52	36.5	43.27	28.84	67.88	41.62	44.94	32.25	27.78	55.03	33.29	44.05	41.62	65.3	34.93	38.05	42.8	67.2	39.29	52.15	54.41	52.8	59.46	38.0	46.65	22.0	22.8	48.41	40.2	40.5	34.18	26.0	29.53	65.6	20.0	35.44	54.04	39.7	20.59	47.38	56.73	21.0	50.96	12.73	23.77	26.17	40.26	23.77	40.25	30.68
4	14.42	72.69	88.36	53.81	0.0	44.05	46.04	24.41	43.08	68.0	40.79	58.14	61.74	80.62	22.63	94.02	53.85	64.03	71.02	69.86	14.14	68.03	72.47	82.0	99.3	86.83	96.83	25.61	88.81	94.85	78.92	76.94	52.5	60.17	23.41	90.35	71.81	98.18	86.83	85.09	96.21	82.0	90.55	80.89	107.63	21.63	97.32	40.05	100.0	70.46	76.37	74.67	89.44	81.04	73.54	78.1	54.92	119.33	68.82	30.07	107.81	67.47	63.56	69.26	77.32	69.63	55.54	66.53	47.8	79.93	50.09	75.93	58.0	82.01
5	50.16	62.23	65.39	12.17	44.05	0.0	40.25	21.54	21.63	26.31	43.68	33.94	22.09	37.2	51.42	75.18	12.0	60.46	62.29	36.06	32.8	53.81	30.59	54.41	58.31	48.66	54.59	18.44	75.6	50.91	54.63	34.93	20.0	58.31	26.68	48.08	37.95	75.39	42.8	50.0	52.35	73.54	51.42	48.7	63.66	47.07	70.34	37.95	58.14	26.83	32.8	43.86	52.35	51.42	34.0	34.06	35.38	76.55	25.06	32.06	64.9	34.93	31.05	41.34	63.89	25.94	53.71	23.71	27.66	36.62	43.05	31.89	45.34	38.01
6	39.29	27.2	43.17	38.47	46.04	40.25	0.0	30.53	18.97	63.56	8.49	73.24	61.35	59.23	33.11	48.0	51.26	21.26	26.0	76.16	46.82	22.0	67.08	39.45	68.26	53.25	68.88	37.2	43.17	74.22	34.93	70.71	60.03	18.44	26.0	82.1	78.0	52.61	70.46	48.17	74.73	37.58	57.69	88.77	86.02	29.73	53.14	6.0	70.71	60.3	56.57	84.1	54.04	40.0	72.28	62.13	14.42	90.55	58.31	16.49	80.5	75.15	30.46	81.49	31.4	59.3	13.6	47.1	15.0	58.25	4.12	60.07	12.17	67.12
7	28.64	57.27	68.26	29.73	24.41	21.54	30.53	0.0	20.1	47.54	29.73	46.82	42.43	56.64	30.27	75.71	32.98	51.61	56.36	54.15	18.0	50.6	51.92	60.13	74.89	62.61	72.47	7.21	72.8	71.22	58.03	56.32	36.22	48.41	6.32	69.57	56.14	78.41	63.81	61.35	72.47	68.0	66.24	66.48	84.02	26.08	76.03	25.61	75.6	48.33	52.5	60.83	65.39	58.55	54.59	54.92	34.23	95.02	46.52	15.62	83.55	52.35	39.85	56.75	60.75	47.42	43.42	42.45	26.02	55.9	34.48	52.7	40.5	59.17
8	42.52	41.23	48.66	20.0	43.08	21.63	18.97	20.1	0.0	44.72	24.0	55.32	42.38	43.86	40.0	56.92	32.31	38.83	41.04	57.27	38.05	33.29	48.37	40.05	58.0	44.41	56.85	24.33	55.57	59.09	38.21	52.15	41.62	36.72	19.7	64.03	59.09	58.86	53.85	42.05	59.93	52.5	48.41	69.86	71.55	35.61	56.0	18.0	59.46	42.0	40.5	65.3	46.65	38.47	53.37	45.12	15.23	79.4	40.0	17.2	68.41	56.36	20.59	62.97	43.57	41.0	32.2	30.36	6.71	42.95	21.47	42.95	24.08	50.01
9	75.89	80.62	76.42	25.3	68.0	26.31	63.56	47.54	44.72	0.0	68.47	28.07	7.21	26.31	77.67	87.68	14.56	81.71	81.41	17.89	54.92	71.69	4.47	63.78	50.16	47.54	44.0	43.08	91.21	33.53	66.48	8.94	18.87	80.32	52.95	22.36	18.87	85.28	23.41	52.84	35.44	91.59	48.08	28.28	44.72	73.35	77.67	62.51	48.0	8.25	22.8	26.08	52.0	59.67	8.94	18.0	54.63	62.1	8.94	58.03	50.99	18.97	42.8	27.51	80.71	8.54	76.24	22.67	49.04	26.48	65.52	17.12	65.39	18.68
10	32.25	32.06	50.6	44.0	40.79	43.68	8.49	29.73	24.0	68.47	0.0	75.18	65.51	66.48	25.3	54.33	55.32	23.41	30.27	79.7	43.91	28.64	72.25	47.71	76.55	61.61	76.94	36.88	48.17	81.61	42.94	76.11	62.77	19.7	24.08	88.02	81.61	59.67	77.28	56.64	82.22	41.23	66.03	92.35	93.64	22.36	60.93	6.0	78.89	66.0	63.56	87.32	62.48	48.41	76.94	68.73	22.8	98.79	64.0	14.14	88.59	78.43	38.47	84.17	37.01	65.0	14.87	53.76	21.84	65.52	11.18	66.61	19.7	73.68
11	70.11	96.17	97.75	42.19	58.14	33.94	73.24	46.82	55.32	28.07	75.18	0.0	22.09	54.04	74.97	108.17	26.83	94.02	96.21	15.62	44.05	87.73	30.59	85.88	78.03	73.76	72.03	39.85	109.34	61.19	87.13	33.53	14.42	91.61	53.14	43.91	16.97	107.42	50.99	77.79	63.15	107.48	74.97	23.41	71.47	71.39	101.13	69.97	76.03	36.0	50.16	17.09	78.1	82.29	26.0	46.04	69.31	89.82	36.06	61.74	78.92	12.81	62.77	11.18	97.74	36.01	86.84	46.84	61.55	54.08	76.4	45.0	79.25	46.53
12	70.34	80.45	78.41	24.41	61.74	22.09	61.35	42.43	42.38	7.21	65.51	22.09	0.0	32.0	72.69	89.38	10.2	80.5	80.99	15.62	48.37	71.61	11.31	66.03	56.0	51.92	50.16	37.36	92.02	40.5	68.12	15.62	11.66	78.79	48.17	28.84	17.2	87.66	30.46	56.46	42.38	91.61	52.95	27.78	51.88	68.47	80.62	59.67	54.15	14.14	28.07	24.08	56.32	62.13	12.17	24.33	53.85	68.96	14.0	54.15	57.72	15.62	43.86	23.85	81.06	14.04	74.46	25.5	47.42	32.02	63.69	23.09	64.5	25.63
13	84.4	67.47	56.6	26.91	80.62	37.2	59.23	56.64	43.86	26.31	66.48	54.04	32.0	0.0	83.35	68.26	31.62	72.11	69.05	43.68	70.0	58.86	25.3	43.91	24.0	22.8	18.44	55.32	74.32	15.23	48.33	25.06	42.43	72.0	60.0	28.84	44.27	64.03	12.65	29.73	16.12	77.2	22.36	51.88	27.78	78.89	55.17	60.73	22.36	18.11	4.47	51.26	27.2	39.45	32.31	8.94	46.17	39.45	18.0	60.83	27.78	45.12	30.0	53.6	65.8	18.03	69.12	14.21	44.64	1.0	59.54	9.22	56.0	12.04
14	8.94	56.32	75.89	57.27	22.63	51.42	33.11	30.27	40.0	77.67	25.3	74.97	72.69	83.35	0.0	79.25	63.15	46.0	54.15	84.0	33.11	53.85	82.0	72.47	97.67	83.45	96.83	36.0	72.11	98.49	68.03	86.35	66.0	42.0	24.74	99.46	86.0	84.9	92.2	79.65	99.48	64.03	87.68	96.08	111.14	4.47	86.16	27.78	99.36	77.79	79.65	90.2	85.04	72.72	84.85	83.26	46.04	119.33	75.89	22.8	108.41	82.02	59.4	85.59	61.66	76.84	38.12	69.35	41.73	82.49	36.4	81.02	44.94	87.85
15	86.58	23.41	11.66	66.03	94.02	75.18	48.0	75.71	56.92	87.68	54.33	108.17	89.38	68.26	79.25	0.0	81.61	34.93	26.0	104.8	93.38	26.0	89.2	24.41	59.23	47.54	64.56	81.04	11.66	78.0	21.26	90.91	93.74	38.63	72.69	97.1	106.15	8.94	80.62	39.4	77.25	21.26	50.6	115.97	84.9	76.66	18.11	54.0	63.56	80.72	68.82	113.28	44.27	28.84	96.21	76.03	41.76	78.03	79.25	64.12	72.99	105.0	45.61	113.07	17.72	79.98	41.48	65.07	50.29	67.42	44.01	75.0	36.06	80.16
16	61.35	71.22	71.02	15.62	53.85	12.0	51.26	32.98	32.31	14.56	55.32	26.83	10.2	31.62	63.15	81.61	0.0	70.71	71.61	25.06	41.23	62.48	18.97	59.06	54.92	48.17	50.0	28.64	83.45	43.27	60.46	23.41	12.65	68.88	38.47	36.77	26.83	80.62	34.06	51.42	44.94	82.46	50.0	37.58	55.61	58.86	74.32	49.48	53.85	16.97	27.2	33.29	52.35	55.46	22.0	26.08	44.41	70.68	15.62	44.05	59.09	24.41	36.06	31.83	72.18	16.28	64.47	21.02	37.59	31.32	53.71	24.19	54.92	29.07
17	54.15	11.66	35.38	56.46	64.03	60.46	21.26	51.61	38.83	81.71	23.41	94.02	80.5	72.11	46.0	34.93	70.71	0.0	8.94	95.77	67.08	15.23	84.76	38.47	74.73	59.67	77.28	58.41	26.31	86.02	32.25	87.93	80.45	4.0	46.65	98.06	97.53	42.19	84.38	52.5	86.09	18.11	64.03	108.24	96.52	44.18	46.69	26.08	78.1	77.2	70.46	103.94	58.82	41.23	90.62	76.94	27.2	96.77	75.29	36.72	88.29	95.02	42.19	101.79	17.49	76.24	8.54	62.37	33.12	71.11	17.69	75.13	16.49	81.88
18	62.0	2.83	26.91	56.6	71.02	62.29	26.0	56.36	41.04	81.41	30.27	96.21	80.99	69.05	54.15	26.0	71.61	8.94	0.0	96.52	72.8	10.2	84.1	31.62	69.05	54.33	72.25	62.77	18.0	82.22	25.3	86.93	82.22	12.65	52.0	96.17	98.18	33.29	81.58	46.69	82.1	11.66	58.55	108.76	92.02	52.0	38.21	31.62	72.69	76.16	67.91	104.86	52.95	34.93	90.35	74.73	27.2	90.71	74.32	42.38	82.87	96.02	39.85	103.23	8.6	75.24	16.03	60.75	34.66	68.07	21.93	73.08	16.97	79.56
19	80.4	96.02	93.72	40.0	69.86	36.06	76.16	54.15	57.27	17.89	79.7	15.62	15.62	43.68	84.0	104.8	25.06	95.77	96.52	0.0	55.79	87.2	18.44	81.22	67.08	65.39	60.53	48.0	107.63	48.04	83.55	20.0	18.0	93.91	60.3	28.64	2.0	102.8	38.0	70.71	50.04	107.2	65.79	12.65	57.27	80.02	95.41	74.0	64.5	26.0	40.5	8.49	69.86	77.2	12.0	34.93	69.34	76.42	26.83	67.47	66.03	2.83	59.4	10.05	96.67	26.4	89.47	40.22	62.65	43.97	78.72	34.48	79.92	34.13
20	26.68	74.0	86.21	43.91	14.14	32.8	46.82	18.0	38.05	54.92	43.91	44.05	48.37	70.0	33.11	93.38	41.23	67.08	72.8	55.79	0.0	67.91	59.36	78.1	90.35	79.12	87.13	15.23	89.84	83.55	76.03	63.81	38.63	63.53	20.88	77.18	57.72	96.33	74.97	78.59	85.04	84.31	82.46	66.75	96.21	30.53	94.02	41.23	90.55	58.14	65.6	60.53	82.22	76.42	59.93	66.48	52.15	109.29	56.64	30.46	97.65	53.37	57.27	55.15	77.88	57.38	58.59	56.3	44.01	69.4	50.92	64.38	57.72	70.04
21	60.83	8.94	22.36	47.2	68.03	53.81	22.0	50.6	33.29	71.69	28.64	87.73	71.61	58.86	53.85	26.0	62.48	15.23	10.2	87.2	67.91	0.0	74.24	23.32	59.67	44.72	62.51	56.46	22.36	72.11	17.2	76.97	73.54	17.2	47.07	86.02	88.81	31.05	71.39	37.36	72.03	20.0	49.03	99.3	82.1	50.99	33.29	28.0	63.15	66.21	57.72	95.6	43.68	26.0	80.62	64.56	18.44	81.61	64.4	38.21	73.35	86.83	29.73	94.26	10.3	65.31	17.8	50.7	26.63	57.87	18.03	62.94	10.2	69.38
22	80.32	83.19	77.79	28.64	72.47	30.59	67.08	51.92	48.37	4.47	72.25	30.59	11.31	25.3	82.0	89.2	18.97	84.76	84.1	18.44	59.36	74.24	0.0	65.05	48.66	47.41	42.19	47.54	93.23	30.59	68.12	4.47	22.8	83.52	57.27	17.89	18.97	86.37	20.4	53.25	32.56	94.02	47.54	27.2	41.23	77.67	78.41	66.27	46.17	8.49	22.36	26.0	51.88	60.83	7.21	16.49	57.58	59.23	10.0	62.13	48.37	20.1	44.94	28.44	83.01	9.22	79.56	24.21	52.39	25.63	68.88	16.16	68.35	16.03
23	78.0	29.12	12.81	43.86	82.0	54.41	39.45	60.13	40.05	63.78	47.71	85.88	66.03	43.91	72.47	24.41	59.06	38.47	31.62	81.22	78.1	23.32	65.05	0.0	38.05	24.33	42.19	64.03	31.05	54.41	6.32	66.6	71.55	40.5	58.86	72.72	82.46	21.63	56.36	16.12	53.85	36.0	28.07	92.02	62.51	68.88	16.12	44.72	42.0	56.57	44.41	89.64	22.0	4.47	72.14	51.61	27.2	59.23	55.17	52.5	52.04	81.61	23.41	89.87	25.18	55.87	40.46	41.11	34.37	43.05	36.62	50.61	28.43	55.76
24	100.5	66.75	48.37	46.52	99.3	58.31	68.26	74.89	58.0	50.16	76.55	78.03	56.0	24.0	97.67	59.23	54.92	74.73	69.05	67.08	90.35	59.67	48.66	38.05	0.0	15.23	7.21	75.18	68.26	22.8	44.18	47.54	66.27	75.89	76.84	46.65	67.47	52.5	30.46	22.36	21.26	74.03	10.77	74.0	26.0	93.38	42.38	71.61	4.47	42.05	28.07	74.22	16.12	34.23	55.32	32.25	53.85	22.36	42.0	74.97	14.0	68.73	38.42	77.1	63.2	42.01	74.46	34.79	56.08	24.02	67.12	33.06	60.93	33.24
25	86.83	52.15	36.06	36.5	86.83	48.66	53.25	62.61	44.41	47.54	61.61	73.76	51.92	22.8	83.45	47.54	48.17	59.67	54.33	65.39	79.12	44.72	47.41	24.33	15.23	0.0	18.0	63.91	55.32	30.46	30.07	47.71	60.53	60.73	63.81	50.99	66.21	42.19	34.06	8.25	29.73	60.13	4.47	74.43	38.21	79.25	32.8	56.85	18.44	39.4	25.06	73.35	4.47	20.1	54.59	31.62	38.83	37.58	38.63	60.96	28.64	66.48	24.08	75.03	49.01	39.0	59.24	27.17	41.73	22.2	51.97	31.38	45.69	34.71
26	99.04	70.11	53.37	43.27	96.83	54.59	68.88	72.47	56.85	44.0	76.94	72.03	50.16	18.44	96.83	64.56	50.0	77.28	72.25	60.53	87.13	62.51	42.19	42.19	7.21	18.0	0.0	72.11	72.99	15.62	48.04	40.79	60.83	78.1	74.97	39.45	60.83	58.31	23.41	26.08	14.14	78.1	14.14	67.05	20.4	92.46	48.33	71.69	4.0	36.06	22.8	67.47	20.4	38.05	48.66	26.0	54.63	22.63	36.22	74.03	11.66	62.29	38.47	70.58	67.01	36.12	76.24	30.89	55.76	18.68	68.15	27.07	62.64	26.48
27	32.98	63.53	72.99	28.84	25.61	18.44	37.2	7.21	24.33	43.08	36.88	39.85	37.36	55.32	36.0	81.04	28.64	58.41	62.77	48.0	15.23	56.46	47.54	64.03	75.18	63.91	72.11	0.0	78.79	69.31	62.51	52.0	30.0	55.32	13.42	65.39	50.0	83.19	61.22	63.56	70.71	74.43	67.23	60.13	82.07	32.06	80.1	32.56	75.47	44.94	50.99	54.33	67.05	62.03	49.48	52.5	39.29	94.4	43.27	22.8	82.8	46.04	42.43	50.01	66.71	44.1	50.33	41.4	30.81	54.67	41.05	50.33	46.52	56.4
28	80.0	16.12	20.0	67.88	88.81	75.6	43.17	72.8	55.57	91.21	48.17	109.34	92.02	74.32	72.11	11.66	83.45	26.31	18.0	107.63	89.84	22.36	93.23	31.05	68.26	55.32	72.99	78.79	0.0	85.44	26.0	95.41	95.02	30.27	68.96	102.86	109.12	20.59	86.93	47.07	84.9	10.0	58.86	119.33	93.38	70.0	29.12	49.03	72.44	84.88	74.24	116.1	52.61	35.44	100.0	81.41	40.5	88.09	83.23	59.67	82.22	107.52	48.41	115.26	12.08	84.05	34.01	69.07	48.88	73.41	39.05	80.13	32.31	85.87
29	99.3	80.4	66.48	41.62	94.85	50.91	74.22	71.22	59.09	33.53	81.61	61.19	40.5	15.23	98.49	78.0	43.27	86.02	82.22	48.04	83.55	72.11	30.59	54.41	22.8	30.46	15.62	69.31	85.44	0.0	59.67	28.07	52.0	86.21	74.89	24.17	48.0	72.47	10.2	38.63	2.0	89.44	27.78	52.95	12.81	94.02	62.77	75.89	18.87	26.83	18.87	54.15	34.0	50.0	36.06	17.2	60.83	28.64	27.78	76.03	18.0	50.16	44.41	58.01	78.09	27.29	83.6	29.15	59.77	16.16	74.33	19.21	70.26	14.87
30	74.0	22.8	10.77	44.94	78.92	54.63	34.93	58.03	38.21	66.48	42.94	87.13	68.12	48.33	68.03	21.26	60.46	32.25	25.3	83.55	76.03	17.2	68.12	6.32	44.18	30.07	48.04	62.51	26.0	59.67	0.0	70.0	72.72	34.41	56.14	76.94	84.9	20.88	60.93	22.0	59.23	30.07	34.0	94.76	68.26	64.62	18.44	40.5	48.04	59.67	48.37	92.02	28.07	10.0	75.07	55.57	24.08	65.51	58.14	49.03	58.14	83.74	24.41	91.83	19.03	58.9	34.66	43.93	32.02	47.42	31.76	54.38	23.32	59.94
31	84.76	85.91	79.4	32.25	76.94	34.93	70.71	56.32	52.15	8.94	76.11	33.53	15.62	25.06	86.35	90.91	23.41	87.93	86.93	20.0	63.81	76.97	4.47	66.6	47.54	47.71	40.79	52.0	95.41	28.07	70.0	0.0	26.91	86.83	61.61	13.42	20.1	87.68	18.0	54.04	30.07	96.6	47.41	26.83	37.95	82.0	79.4	70.11	44.72	10.77	22.8	26.68	52.15	62.29	8.0	16.12	60.73	56.57	12.65	66.27	46.04	22.09	47.41	30.02	85.48	11.7	82.98	26.42	55.9	25.55	72.37	16.4	71.47	14.32
32	62.51	82.07	83.35	27.78	52.5	20.0	60.03	36.22	41.62	18.87	62.77	14.42	11.66	42.43	66.0	93.74	12.65	80.45	82.22	18.0	38.63	73.54	22.8	71.55	66.27	60.53	60.83	30.0	95.02	52.0	72.72	26.91	0.0	78.23	42.43	39.7	20.0	93.06	42.05	64.03	53.85	93.38	62.13	30.27	63.53	62.03	86.93	57.27	64.78	25.3	38.21	24.74	64.78	68.03	21.63	35.44	55.17	80.32	24.74	50.0	68.96	16.12	48.37	21.47	83.49	25.0	73.57	33.38	47.63	42.3	62.97	33.96	65.3	37.16
33	50.16	15.23	38.42	55.03	60.17	58.31	18.44	48.41	36.72	80.32	19.7	91.61	78.79	72.0	42.0	38.63	68.88	4.0	12.65	93.91	63.53	17.2	83.52	40.5	75.89	60.73	78.1	55.32	30.27	86.21	34.41	86.83	78.23	0.0	43.27	97.32	95.71	45.65	84.1	53.85	86.37	22.09	65.15	106.45	97.02	40.2	49.68	22.8	79.12	76.16	70.11	102.0	60.17	42.94	89.2	76.42	26.31	98.08	74.22	33.29	89.29	93.06	42.0	99.64	21.02	75.19	5.0	61.66	31.38	71.0	15.26	74.55	16.0	81.39
34	24.41	53.14	66.0	33.29	23.41	26.68	26.0	6.32	19.7	52.95	24.08	53.14	48.17	60.0	24.74	72.69	38.47	46.65	52.0	60.3	20.88	47.07	57.27	58.86	76.84	63.81	74.97	13.42	68.96	74.89	56.14	61.61	42.43	43.27	0.0	74.73	62.29	76.03	68.0	61.74	76.03	63.56	67.68	72.69	87.66	20.4	74.43	20.59	77.9	53.14	56.04	67.08	66.24	57.72	60.3	59.06	32.06	97.59	51.26	10.0	86.28	58.55	40.25	63.06	57.01	52.2	38.28	45.8	24.52	59.2	30.08	56.82	36.88	63.51
35	98.08	94.87	85.44	44.05	90.35	48.08	82.1	69.57	64.03	22.36	88.02	43.91	28.84	28.84	99.46	97.1	36.77	98.06	96.17	28.64	77.18	86.02	17.89	72.72	46.65	50.99	39.45	65.39	102.86	24.17	76.94	13.42	39.7	97.32	74.73	0.0	27.86	92.8	16.97	58.41	26.0	105.11	49.52	30.0	30.0	95.08	83.74	82.02	42.94	22.09	28.64	32.56	55.17	68.26	18.44	21.54	71.02	50.16	24.08	78.92	41.23	31.3	56.32	37.64	93.78	23.09	93.77	35.69	67.12	29.68	83.38	23.09	81.58	17.0
36	82.39	97.65	95.02	41.62	71.81	37.95	78.0	56.14	59.09	18.87	81.61	16.97	17.2	44.27	86.0	106.15	26.83	97.53	98.18	2.0	57.72	88.81	18.97	82.46	67.47	66.21	60.83	50.0	109.12	48.0	84.9	20.1	20.0	95.71	62.29	27.86	0.0	104.02	38.05	71.69	50.0	108.81	66.48	10.77	56.89	82.02	96.52	75.89	64.78	26.83	41.23	7.21	70.68	78.41	12.17	35.44	71.02	76.24	27.78	69.43	66.0	4.47	60.83	10.05	98.23	27.29	91.29	41.4	64.41	44.6	80.53	35.11	81.63	34.37
37	91.78	30.53	10.2	65.3	98.18	75.39	52.61	78.41	58.86	85.28	59.67	107.42	87.66	64.03	84.9	8.94	80.62	42.19	33.29	102.8	96.33	31.05	86.37	21.63	52.5	42.19	58.31	83.19	20.59	72.47	20.88	87.68	93.06	45.65	76.03	92.8	104.02	0.0	76.03	34.41	71.55	30.0	44.72	113.45	78.43	82.0	10.2	58.55	56.92	77.9	65.12	111.21	38.47	25.61	93.51	72.25	44.18	70.26	76.58	68.12	65.97	103.23	44.72	111.5	24.7	77.23	47.93	62.63	52.47	63.25	48.84	71.45	40.45	76.06
38	92.28	80.05	68.96	34.93	86.83	42.8	70.46	63.81	53.85	23.41	77.28	50.99	30.46	12.65	92.2	80.62	34.06	84.38	81.58	38.0	74.97	71.39	20.4	56.36	30.46	34.06	23.41	61.22	86.93	10.2	60.93	18.0	42.05	84.1	68.0	16.97	38.05	76.03	0.0	41.62	12.17	89.84	32.56	43.68	21.63	87.73	66.84	71.39	27.2	17.2	14.0	44.41	38.21	51.88	26.0	8.94	58.0	38.83	18.44	70.23	28.07	40.05	42.19	48.01	78.45	17.8	81.0	23.54	55.58	13.6	71.11	11.18	68.12	5.0
39	83.76	44.41	27.86	38.05	85.09	50.0	48.17	61.35	42.05	52.84	56.64	77.79	56.46	29.73	79.65	39.4	51.42	52.5	46.69	70.71	78.59	37.36	53.25	16.12	22.36	8.25	26.08	63.56	47.07	38.63	22.0	54.04	64.03	53.85	61.74	58.41	71.69	34.41	41.62	0.0	37.95	52.04	12.0	80.45	46.39	75.6	25.46	52.35	26.08	44.94	31.24	78.89	6.32	12.0	60.46	38.21	33.94	44.27	43.91	57.69	36.22	71.55	21.54	80.06	41.01	44.42	52.77	31.02	38.28	29.0	46.4	37.64	39.45	41.77
40	100.44	80.22	65.79	42.8	96.21	52.35	74.73	72.47	59.93	35.44	82.22	63.15	42.38	16.12	99.48	77.25	44.94	86.09	82.1	50.04	85.04	72.03	32.56	53.85	21.26	29.73	14.14	70.71	84.9	2.0	59.23	30.07	53.85	86.37	76.03	26.0	50.0	71.55	12.17	37.95	0.0	89.11	26.83	54.92	11.66	95.02	61.77	76.55	17.2	28.64	20.0	56.14	33.11	49.48	38.05	18.87	61.19	26.68	29.53	76.94	16.0	52.15	44.72	60.01	77.78	29.07	83.86	30.23	60.41	17.0	74.73	20.81	70.46	16.76
41	72.25	11.31	27.2	67.2	82.0	73.54	37.58	68.0	52.5	91.59	41.23	107.48	91.61	77.2	64.03	21.26	82.46	18.11	11.66	107.2	84.31	20.0	94.02	36.0	74.03	60.13	78.1	74.43	10.0	89.44	30.07	96.6	93.38	22.09	63.56	105.11	108.81	30.0	89.84	52.04	89.11	0.0	64.03	119.28	98.33	62.29	37.58	43.08	78.0	85.88	76.55	115.6	58.0	40.05	100.5	83.57	38.21	94.76	84.12	53.85	88.02	106.83	49.19	114.21	11.4	85.0	26.48	70.21	46.01	76.24	33.54	82.08	28.43	88.26
42	90.91	56.32	39.29	39.29	90.55	51.42	57.69	66.24	48.41	48.08	66.03	74.97	52.95	22.36	87.68	50.6	50.0	64.03	58.55	65.79	82.46	49.03	47.54	28.07	10.77	4.47	14.14	67.23	58.86	27.78	34.0	47.41	62.13	65.15	67.68	49.52	66.48	44.72	32.56	12.0	26.83	64.03	0.0	74.24	34.53	83.45	34.99	61.22	14.14	39.85	25.3	73.54	6.32	24.0	54.63	31.3	43.27	33.11	39.29	65.12	24.33	67.05	28.28	75.58	53.01	39.56	63.69	29.02	45.97	21.93	56.44	31.38	50.16	33.84
43	92.09	108.17	104.69	52.15	80.89	48.7	88.77	66.48	69.86	28.28	92.35	23.41	27.78	51.88	96.08	115.97	37.58	108.24	108.76	12.65	66.75	99.3	27.2	92.02	74.0	74.43	67.05	60.13	119.33	52.95	94.76	26.83	30.27	106.45	72.69	30.0	10.77	113.45	43.68	80.45	54.92	119.28	74.24	0.0	60.0	92.2	105.6	86.65	70.88	35.61	49.4	6.32	78.89	87.86	20.0	42.94	81.63	80.1	36.88	80.05	70.71	14.14	70.94	12.53	108.6	36.24	102.04	50.93	75.13	52.35	91.29	43.05	92.28	40.85
44	112.07	90.0	73.76	54.41	107.63	63.66	86.02	84.02	71.55	44.72	93.64	71.47	51.88	27.78	111.14	84.9	55.61	96.52	92.02	57.27	96.21	82.1	41.23	62.51	26.0	38.21	20.4	82.07	93.38	12.81	68.26	37.95	63.53	97.02	87.66	30.0	56.89	78.43	21.63	46.39	11.66	98.33	34.53	60.0	0.0	106.68	68.35	88.02	21.54	38.83	31.62	62.29	40.79	58.31	45.61	29.73	72.28	20.4	40.0	88.59	14.14	59.67	55.79	66.91	87.14	39.41	94.73	41.88	71.87	28.65	85.87	31.83	81.22	26.63
45	10.0	54.04	72.8	52.8	21.63	47.07	29.73	26.08	35.61	73.35	22.36	71.39	68.47	78.89	4.47	76.66	58.86	44.18	52.0	80.02	30.53	50.99	77.67	68.88	93.38	79.25	92.46	32.06	70.0	94.02	64.62	82.0	62.03	40.2	20.4	95.08	82.02	82.0	87.73	75.6	95.02	62.29	83.45	92.2	106.68	0.0	82.87	24.17	95.02	73.38	75.18	86.37	80.92	68.96	80.62	78.79	42.19	114.98	71.47	18.44	104.02	78.1	55.17	81.88	59.21	72.42	36.01	64.88	37.54	78.03	33.24	76.56	41.76	83.38
46	92.35	35.38	11.31	59.46	97.32	70.34	53.14	76.03	56.0	77.67	60.93	101.13	80.62	55.17	86.16	18.11	74.32	46.69	38.21	95.41	94.02	33.29	78.41	16.12	42.38	32.8	48.33	80.1	29.12	62.77	18.44	79.4	86.93	49.68	74.43	83.74	96.52	10.2	66.84	25.46	61.77	37.58	34.99	105.6	68.35	82.87	0.0	58.82	46.82	70.0	56.64	103.73	28.84	18.97	85.6	63.66	42.43	60.13	68.82	67.47	55.79	96.04	39.29	104.45	29.83	69.4	51.04	55.23	50.09	54.45	49.77	63.03	41.23	67.21
47	33.53	32.98	49.03	38.0	40.05	37.95	6.0	25.61	18.0	62.51	6.0	69.97	59.67	60.73	27.78	54.0	49.48	26.08	31.62	74.0	41.23	28.0	66.27	44.72	71.61	56.85	71.69	32.56	49.03	75.89	40.5	70.11	57.27	22.8	20.59	82.02	75.89	58.55	71.39	52.35	76.55	43.08	61.22	86.65	88.02	24.17	58.82	0.0	73.78	60.0	57.72	81.71	58.0	44.94	71.02	62.8	18.44	93.74	58.0	10.77	83.35	72.8	33.29	78.72	37.34	59.0	17.8	47.85	16.16	59.77	10.05	60.67	18.11	67.74
48	101.82	70.46	52.61	46.65	100.0	58.14	70.71	75.6	59.46	48.0	78.89	76.03	54.15	22.36	99.36	63.56	53.85	78.1	72.69	64.5	90.55	63.15	46.17	42.0	4.47	18.44	4.0	75.47	72.44	18.87	48.04	44.72	64.78	79.12	77.9	42.94	64.78	56.92	27.2	26.08	17.2	78.0	14.14	70.88	21.54	95.02	46.82	73.78	0.0	40.05	26.68	71.39	20.0	38.05	52.61	30.0	56.36	20.0	40.2	76.58	10.2	66.27	40.5	74.55	67.07	40.11	77.49	34.44	58.01	22.56	69.78	31.06	63.91	30.41
49	76.97	75.15	69.31	22.0	70.46	26.83	60.3	48.33	42.0	8.25	66.0	36.0	14.14	18.11	77.79	80.72	16.97	77.2	76.16	26.0	58.14	66.21	8.49	56.57	42.05	39.4	36.06	44.94	84.88	26.83	59.67	10.77	25.3	76.16	53.14	22.09	26.83	77.9	17.2	44.94	28.64	85.88	39.85	35.61	38.83	73.38	70.0	60.0	40.05	0.0	14.56	34.0	43.86	52.35	15.62	10.2	50.0	55.03	2.0	56.89	43.68	27.2	36.72	35.74	74.79	1.0	72.37	15.81	45.4	18.25	61.81	9.0	60.73	12.21
50	80.45	66.48	57.2	22.8	76.37	32.8	56.57	52.5	40.5	22.8	63.56	50.16	28.07	4.47	79.65	68.82	27.2	70.46	67.91	40.5	65.6	57.72	22.36	44.41	28.07	25.06	22.8	50.99	74.24	18.87	48.37	22.8	38.21	70.11	56.04	28.64	41.23	65.12	14.0	31.24	20.0	76.55	25.3	49.4	31.62	75.18	56.64	57.72	26.68	14.56	0.0	48.33	29.53	40.0	29.53	7.21	44.0	43.91	14.14	57.27	32.25	41.76	28.28	50.29	65.19	14.32	67.0	10.3	41.77	4.12	57.14	6.4	54.15	11.7
51	86.02	104.4	102.18	48.41	74.67	43.86	84.1	60.83	65.3	26.08	87.32	17.09	24.08	51.26	90.2	113.28	33.29	103.94	104.86	8.49	60.53	95.6	26.0	89.64	74.22	73.35	67.47	54.33	116.1	54.15	92.02	26.68	24.74	102.0	67.08	32.56	7.21	111.21	44.41	78.89	56.14	115.6	73.54	6.32	62.29	86.37	103.73	81.71	71.39	34.0	48.33	0.0	77.82	85.6	18.97	42.38	77.67	82.02	34.99	74.73	72.11	8.94	67.88	6.4	105.12	34.48	97.49	48.6	70.83	51.62	86.77	42.15	88.2	41.0
52	88.81	50.64	32.98	40.2	89.44	52.35	54.04	65.39	46.65	52.0	62.48	78.1	56.32	27.2	85.04	44.27	52.35	58.82	52.95	69.86	82.22	43.68	51.88	22.0	16.12	4.47	20.4	67.05	52.61	34.0	28.07	52.15	64.78	60.17	66.24	55.17	70.68	38.47	38.21	6.32	33.11	58.0	6.32	78.89	40.79	80.92	28.84	58.0	20.0	43.86	29.53	77.82	0.0	18.11	59.06	36.06	39.7	37.95	43.08	62.8	30.07	70.94	26.08	79.48	47.1	43.46	59.03	31.4	43.42	26.63	52.43	35.85	45.65	39.05
53	77.82	32.56	17.2	40.5	81.04	51.42	40.0	58.55	38.47	59.67	48.41	82.29	62.13	39.45	72.72	28.84	55.46	41.23	34.93	77.2	76.42	26.0	60.83	4.47	34.23	20.1	38.05	62.03	35.44	50.0	10.0	62.29	68.03	42.94	57.72	68.26	78.41	25.61	51.88	12.0	49.48	40.05	24.0	87.86	58.31	68.96	18.97	44.94	38.05	52.35	40.0	85.6	18.11	0.0	67.94	47.2	26.83	55.79	50.99	52.0	48.17	77.67	20.4	85.98	29.02	51.66	42.44	37.01	33.24	38.59	37.54	46.23	29.73	51.31
54	82.46	89.55	84.85	34.18	73.54	34.0	72.28	54.59	53.37	8.94	76.94	26.0	12.17	32.31	84.85	96.21	22.0	90.62	90.35	12.0	59.93	80.62	7.21	72.14	55.32	54.59	48.66	49.48	100.0	36.06	75.07	8.0	21.63	89.2	60.3	18.44	12.17	93.51	26.0	60.46	38.05	100.5	54.63	20.0	45.61	80.62	85.6	71.02	52.61	15.62	29.53	18.97	59.06	67.94	0.0	23.41	63.56	64.5	16.97	66.03	54.04	14.14	51.61	22.02	89.59	16.28	85.07	31.14	57.87	32.7	74.33	23.26	74.32	22.2
55	83.35	73.38	64.4	26.0	78.1	34.06	62.13	54.92	45.12	18.0	68.73	46.04	24.33	8.94	83.26	76.03	26.08	76.94	74.73	34.93	66.48	64.56	16.49	51.61	32.25	31.62	26.0	52.5	81.41	17.2	55.57	16.12	35.44	76.42	59.06	21.54	35.44	72.25	8.94	38.21	18.87	83.57	31.3	42.94	29.73	78.79	63.66	62.8	30.0	10.2	7.21	42.38	36.06	47.2	23.41	0.0	50.16	44.94	10.77	61.35	33.53	36.5	34.93	44.91	72.24	10.44	73.11	15.03	47.17	9.43	63.0	2.24	60.53	5.0
56	50.99	26.91	34.06	29.53	54.92	35.38	14.42	34.23	15.23	54.63	22.8	69.31	53.85	46.17	46.04	41.76	44.41	27.2	27.2	69.34	52.15	18.44	57.58	27.2	53.85	38.83	54.63	39.29	40.5	60.83	24.08	60.73	55.17	26.31	32.06	71.02	71.02	44.18	58.0	33.94	61.19	38.21	43.27	81.63	72.28	42.19	42.43	18.44	56.36	50.0	44.0	77.67	39.7	26.83	63.56	50.16	0.0	76.16	48.08	25.3	66.21	68.82	16.49	76.06	28.6	49.04	23.0	35.36	8.54	45.18	13.6	48.26	10.77	55.15
57	121.66	88.29	68.12	65.6	119.33	76.55	90.55	95.02	79.4	62.1	98.79	89.82	68.96	39.45	119.33	78.03	70.68	96.77	90.71	76.42	109.29	81.61	59.23	59.23	22.36	37.58	22.63	94.4	88.09	28.64	65.51	56.57	80.32	98.08	97.59	50.16	76.24	70.26	38.83	44.27	26.68	94.76	33.11	80.1	20.4	114.98	60.13	93.74	20.0	55.03	43.91	82.02	37.95	55.79	64.5	44.94	76.16	0.0	55.71	96.54	11.66	78.64	60.46	86.28	84.34	55.36	96.77	53.01	78.01	39.96	89.47	46.62	83.26	43.42
58	75.15	73.35	67.88	20.0	68.82	25.06	58.31	46.52	40.0	8.94	64.0	36.06	14.0	18.0	75.89	79.25	15.62	75.29	74.32	26.83	56.64	64.4	10.0	55.17	42.0	38.63	36.22	43.27	83.23	27.78	58.14	12.65	24.74	74.22	51.26	24.08	27.78	76.58	18.44	43.91	29.53	84.12	39.29	36.88	40.0	71.47	68.82	58.0	40.2	2.0	14.14	34.99	43.08	50.99	16.97	10.77	48.08	55.71	0.0	54.92	44.27	27.86	34.99	36.4	73.06	1.0	70.41	14.21	43.42	18.03	59.84	9.22	58.82	13.45
59	26.08	43.68	58.31	35.44	30.07	32.06	16.49	15.62	17.2	58.03	14.14	61.74	54.15	60.83	22.8	64.12	44.05	36.72	42.38	67.47	30.46	38.21	62.13	52.5	74.97	60.96	74.03	22.8	59.67	76.03	49.03	66.27	50.0	33.29	10.0	78.92	69.43	68.12	70.23	57.69	76.94	53.85	65.12	80.05	88.59	18.44	67.47	10.77	76.58	56.89	57.27	74.73	62.8	52.0	66.03	61.35	25.3	96.54	54.92	0.0	85.6	65.97	36.88	71.17	47.85	55.9	28.3	47.01	19.42	59.94	20.62	59.14	28.07	66.1
60	110.45	80.62	62.29	54.04	107.81	64.9	80.5	83.55	68.41	50.99	88.59	78.92	57.72	27.78	108.41	72.99	59.09	88.29	82.87	66.03	97.65	73.35	48.37	52.04	14.0	28.64	11.66	82.8	82.22	18.0	58.14	46.04	68.96	89.29	86.28	41.23	66.0	65.97	28.07	36.22	16.0	88.02	24.33	70.71	14.14	104.02	55.79	83.35	10.2	43.68	32.25	72.11	30.07	48.17	54.04	33.53	66.21	11.66	44.27	85.6	0.0	68.12	50.12	76.01	77.16	43.97	87.6	41.4	67.42	28.3	79.71	35.11	74.0	32.39
61	78.23	95.6	94.02	39.7	67.47	34.93	75.15	52.35	56.36	18.97	78.43	12.81	15.62	45.12	82.02	105.0	24.41	95.02	96.02	2.83	53.37	86.83	20.1	81.61	68.73	66.48	62.29	46.04	107.52	50.16	83.74	22.09	16.12	93.06	58.55	31.3	4.47	103.23	40.05	71.55	52.15	106.83	67.05	14.14	59.67	78.1	96.04	72.8	66.27	27.2	41.76	8.94	70.94	77.67	14.14	36.5	68.82	78.64	27.86	65.97	68.12	0.0	59.46	8.54	96.43	27.51	88.55	40.82	61.91	45.35	77.83	35.9	79.32	36.01
62	62.8	38.63	34.99	20.59	63.56	31.05	30.46	39.85	20.59	42.8	38.47	62.77	43.86	30.0	59.4	45.61	36.06	42.19	39.85	59.4	57.27	29.73	44.94	23.41	38.42	24.08	38.47	42.43	48.41	44.41	24.41	47.41	48.37	42.0	40.25	56.32	60.83	44.72	42.19	21.54	44.72	49.19	28.28	70.94	55.79	55.17	39.29	33.29	40.5	36.72	28.28	67.88	26.08	20.4	51.61	34.93	16.49	60.46	34.99	36.88	50.12	59.46	0.0	67.48	38.08	35.85	39.2	21.02	17.69	29.0	30.08	33.24	26.0	39.81
63	81.02	102.94	102.2	47.38	69.26	41.34	81.49	56.75	62.97	27.51	84.17	11.18	23.85	53.6	85.59	113.07	31.83	101.79	103.23	10.05	55.15	94.26	28.44	89.87	77.1	75.03	70.58	50.01	115.26	58.01	91.83	30.02	21.47	99.64	63.06	37.64	10.05	111.5	48.01	80.06	60.01	114.21	75.58	12.53	66.91	81.88	104.45	78.72	74.55	35.74	50.29	6.4	79.48	85.98	22.02	44.91	76.06	86.28	36.4	71.17	76.01	8.54	67.48	0.0	104.0	36.06	95.02	49.24	68.82	53.85	84.38	44.38	86.4	44.18
64	69.18	5.83	18.6	56.73	77.32	63.89	31.4	60.75	43.57	80.71	37.01	97.74	81.06	65.8	61.66	17.72	72.18	17.49	8.6	96.67	77.88	10.3	83.01	25.18	63.2	49.01	67.01	66.71	12.08	78.09	19.03	85.48	83.49	21.02	57.01	93.78	98.23	24.7	78.45	41.01	77.78	11.4	53.01	108.6	87.14	59.21	29.83	37.34	67.07	74.79	65.19	105.12	47.1	29.02	89.59	72.24	28.6	84.34	73.06	47.85	77.16	96.43	38.08	104.0	0.0	73.93	23.77	59.06	36.89	64.85	27.29	70.77	20.25	76.9
65	76.06	74.25	68.59	21.0	69.63	25.94	59.3	47.42	41.0	8.54	65.0	36.01	14.04	18.03	76.84	79.98	16.28	76.24	75.24	26.4	57.38	65.31	9.22	55.87	42.01	39.0	36.12	44.1	84.05	27.29	58.9	11.7	25.0	75.19	52.2	23.09	27.29	77.23	17.8	44.42	29.07	85.0	39.56	36.24	39.41	72.42	69.4	59.0	40.11	1.0	14.32	34.48	43.46	51.66	16.28	10.44	49.04	55.36	1.0	55.9	43.97	27.51	35.85	36.06	73.93	0.0	71.39	15.0	44.41	18.11	60.83	9.06	59.77	12.81
