vehicles
vehicle_idx, capacity, cost_per_unit_distance
1,100,1
2,100,1
3,100,1
4,100,1
5,100,1
6,100,1
7,100,1
8,100,1
9,100,1
depot
node_idx,x,y
0,61,37
home delivery customers
node_idx,x,y,service_time,demand
1,15,67,15,17
2,53,5,15,6
3,29,73,15,3
4,47,37,15,24
5,23,71,15,24
6,21,49,15,7
7,53,35,15,20
8,85,69,15,16
9,81,27,15,4
10,77,79,15,9
11,31,75,15,14
12,49,99,15,10
13,63,9,15,19
14,39,69,15,9
15,49,3,15,18
16,87,39,15,18
17,19,33,15,19
18,31,5,15,15
19,79,61,15,12
20,73,73,15,8
21,35,95,15,18
22,19,45,15,72
23,35,63,15,5
24,31,21,15,11
25,47,9,15,19
26,87,45,15,16
27,1,49,15,19
28,79,71,15,10
29,65,23,15,7
30,97,23,15,16
31,23,71,15,23
32,5,81,15,22
33,89,23,15,12
34,51,65,15,27
35,13,49,15,9
36,91,41,15,15
self pickup customers
node_idx,x,y,service_time,demand,locker_idxs
37,23,43,15,12,67-69-66-70-68-64
38,13,75,15,22,62-64-68-66-70
39,93,43,15,12,61-71-63-67-65
40,67,13,15,8,61-71-65-63-67-69
41,69,25,15,14,61-71-63-67-65-69
42,25,39,15,16,63-67-66-69-64-68-70
43,45,43,15,18,68-66-70-71-65-69-63-67
44,47,37,15,22,68-69-70-66-63-67-65-71
45,33,47,15,19,64-68-66-70-69-65-67-63
46,49,87,15,2,68-62-70-66-65
47,35,25,15,4,63-67-69-65-70
48,27,73,15,14,64-70-68-66-62
49,1,77,15,3,62-64-68-66-70
50,63,73,15,12,71-63-67-65-70-66
51,21,55,15,20,62-64-68-66-70-69
52,65,47,15,13,66-70-69-65-67-63-71
53,53,27,15,18,71-65-63-67-70-69
54,57,85,15,6,62-66-68-65-70
flexible customers
node_idx,x,y,service_time,demand,locker_idxs
55,93,57,15,23,63-67-65-71
56,67,45,15,11,69-70-63-67-71-65
57,37,91,15,11,70-64-68-66-62
58,97,35,15,18,61-71-65-63-67
59,5,43,15,12,69-64-68-70
60,71,39,15,2,61-71-65-67-63-69
lockers
node_idx,x,y,service_time,capacity,cost_per_unit_good
61,93,12,10,74,100
62,22,88,10,94,100
63,64,37,10,93,100
64,11,68,10,79,100
65,65,52,10,73,100
66,35,71,10,81,100
67,63,39,10,97,100
68,22,69,10,82,100
69,40,33,10,89,100
70,30,59,10,72,100
71,81,47,10,78,100
mrt lines
start_node_idx,end_node_idx,freight_capacity,cost_per_unit_good
61,62,94,1
62,61,94,1
distance matrix
,0,1,2,3,4,5,6,7,8,9,10,11,12,13,14,15,16,17,18,19,20,21,22,23,24,25,26,27,28,29,30,31,32,33,34,35,36,37,38,39,40,41,42,43,44,45,46,47,48,49,50,51,52,53,54,55,56,57,58,59,60,61,62,63,64,65,66,67,68,69,70,71,
0,0.0,54.92,32.98,48.17,14.0,50.99,41.76,8.25,40.0,22.36,44.94,48.41,63.15,28.07,38.83,36.06,26.08,42.19,43.86,30.0,37.95,63.56,42.76,36.77,34.0,31.3,27.2,61.19,38.47,14.56,38.63,50.99,71.22,31.3,29.73,49.48,30.27,38.47,61.22,32.56,24.74,14.42,36.06,17.09,14.0,29.73,51.42,28.64,49.52,72.11,36.06,43.86,10.77,12.81,48.17,37.74,10.0,59.09,36.06,56.32,10.2,40.61,64.2,3.0,58.83,15.52,42.8,2.83,50.45,21.38,38.01,22.36
1,54.92,0.0,72.72,15.23,43.86,8.94,18.97,49.68,70.03,77.18,63.15,17.89,46.69,75.29,24.08,72.47,77.25,34.23,64.03,64.28,58.31,34.41,22.36,20.4,48.7,66.24,75.29,22.8,64.12,66.6,93.06,8.94,17.2,86.09,36.06,18.11,80.32,25.3,8.25,81.61,74.97,68.41,29.73,38.42,43.86,26.91,39.45,46.52,13.42,17.2,48.37,13.42,53.85,55.17,45.69,78.64,56.46,32.56,88.02,26.0,62.61,95.44,22.14,57.45,4.12,52.2,20.4,55.57,7.28,42.2,17.0,68.96
2,32.98,72.72,0.0,72.11,32.56,72.5,54.41,30.0,71.55,35.61,77.79,73.38,94.09,10.77,65.51,4.47,48.08,44.05,22.0,61.74,70.88,91.78,52.5,60.73,27.2,7.21,52.5,68.12,70.94,21.63,47.54,72.5,89.89,40.25,60.03,59.46,52.35,48.41,80.62,55.17,16.12,25.61,44.05,38.83,32.56,46.52,82.1,26.91,72.8,88.81,68.73,59.36,43.68,22.0,80.1,65.6,42.38,87.48,53.25,61.22,38.47,40.61,88.6,33.84,75.72,48.51,68.41,35.44,71.11,30.87,58.69,50.48
3,48.17,15.23,72.11,0.0,40.25,6.32,25.3,44.94,56.14,69.43,48.37,2.83,32.8,72.47,10.77,72.8,67.23,41.23,68.03,51.42,44.0,22.8,29.73,11.66,52.04,66.48,64.4,36.88,50.04,61.61,84.4,6.32,25.3,78.1,23.41,28.84,69.77,30.59,16.12,70.68,71.02,62.48,34.23,34.0,40.25,26.31,24.41,48.37,2.0,28.28,34.0,19.7,44.41,51.88,30.46,65.97,47.2,19.7,77.9,38.42,54.04,88.41,16.55,50.21,18.68,41.68,6.32,48.08,8.06,41.48,14.04,58.14
4,14.0,43.86,32.56,40.25,0.0,41.62,28.64,6.32,49.68,35.44,51.61,41.23,62.03,32.25,32.98,34.06,40.05,28.28,35.78,40.0,44.41,59.23,29.12,28.64,22.63,28.0,40.79,47.54,46.69,22.8,51.92,41.62,60.83,44.27,28.28,36.06,44.18,24.74,50.99,46.39,31.24,25.06,22.09,6.32,0.0,17.2,50.04,16.97,41.18,60.96,39.4,31.62,20.59,11.66,49.03,50.16,21.54,54.92,50.04,42.43,24.08,52.35,56.8,17.0,47.51,23.43,36.06,16.12,40.61,8.06,27.8,35.44
5,50.99,8.94,72.5,6.32,41.62,0.0,22.09,46.86,62.03,72.8,54.59,8.94,38.21,73.78,16.12,72.8,71.55,38.21,66.48,56.89,50.04,26.83,26.31,14.42,50.64,66.48,69.08,31.11,56.0,63.78,88.2,0.0,20.59,81.61,28.64,24.17,74.32,28.0,10.77,75.39,72.8,65.05,32.06,35.61,41.62,26.0,30.53,47.54,4.47,22.8,40.05,16.12,48.37,53.25,36.77,71.39,51.11,24.41,82.29,33.29,57.69,91.55,17.03,53.26,12.37,46.1,12.0,51.22,2.24,41.63,13.89,62.77
6,41.76,18.97,54.41,25.3,28.64,22.09,0.0,34.93,67.05,63.91,63.53,27.86,57.31,58.0,26.91,53.85,66.75,16.12,45.12,59.23,57.27,48.08,4.47,19.8,29.73,47.71,66.12,20.0,62.03,51.11,80.32,22.09,35.78,72.8,34.0,8.0,70.46,6.32,27.2,72.25,58.41,53.67,10.77,24.74,28.64,12.17,47.2,27.78,24.74,34.41,48.37,6.0,44.05,38.83,50.91,72.44,46.17,44.94,77.28,17.09,50.99,80.95,39.01,44.64,21.47,44.1,26.08,43.17,20.02,24.84,13.45,60.03
7,8.25,49.68,30.0,44.94,6.32,46.86,34.93,0.0,46.69,29.12,50.12,45.65,64.12,27.86,36.77,32.25,34.23,34.06,37.2,36.77,42.94,62.64,35.44,33.29,26.08,26.68,35.44,53.85,44.41,16.97,45.61,46.86,66.48,37.95,30.07,42.38,38.47,31.05,56.57,40.79,26.08,18.87,28.28,11.31,6.32,23.32,52.15,20.59,46.04,66.84,39.29,37.74,16.97,8.0,50.16,45.65,17.2,58.24,44.0,48.66,18.44,46.14,61.4,11.18,53.41,20.81,40.25,10.77,46.01,13.15,33.24,30.46
8,40.0,70.03,71.55,56.14,49.68,62.03,67.05,46.69,0.0,42.19,12.81,54.33,46.86,63.91,46.0,75.18,30.07,75.18,83.74,10.0,12.65,56.36,70.23,50.36,72.25,71.02,24.08,86.35,6.32,50.16,47.54,62.03,80.89,46.17,34.23,74.73,28.64,67.23,72.25,27.2,58.82,46.82,67.08,47.71,49.68,56.46,40.25,66.6,58.14,84.38,22.36,65.51,29.73,52.8,32.25,14.42,30.0,52.8,36.06,84.12,33.11,57.56,65.8,38.28,74.01,26.25,50.04,37.2,63.0,57.63,55.9,22.36
9,22.36,77.18,35.61,69.43,35.44,72.8,63.91,29.12,42.19,0.0,52.15,69.31,78.79,25.46,59.4,40.0,13.42,62.29,54.63,34.06,46.69,82.1,64.56,58.41,50.36,38.47,18.97,82.97,44.05,16.49,16.49,72.8,93.23,8.94,48.41,71.47,17.2,60.17,83.23,20.0,19.8,12.17,57.27,39.4,35.44,52.0,68.0,46.04,70.94,94.34,49.4,66.21,25.61,28.0,62.77,32.31,22.8,77.67,17.89,77.67,15.62,19.21,84.86,19.72,81.12,29.68,63.66,21.63,72.42,41.44,60.21,20.0
10,44.94,63.15,77.79,48.37,51.61,54.59,63.53,50.12,12.81,52.15,0.0,46.17,34.41,71.39,39.29,80.99,41.23,74.03,87.13,18.11,7.21,44.94,67.23,44.94,74.03,76.16,35.44,81.71,8.25,57.27,59.46,54.59,72.03,57.27,29.53,70.68,40.5,64.9,64.12,39.4,66.75,54.59,65.6,48.17,51.61,54.41,29.12,68.41,50.36,76.03,15.23,60.93,34.18,57.27,20.88,27.2,35.44,41.76,48.33,80.5,40.45,68.88,55.73,43.97,66.91,29.55,42.76,42.38,55.9,59.03,51.08,32.25
11,48.41,17.89,73.38,2.83,41.23,8.94,27.86,45.65,54.33,69.31,46.17,0.0,30.0,73.35,10.0,74.22,66.57,43.68,70.0,50.0,42.05,20.4,32.31,12.65,54.0,67.91,63.53,39.7,48.17,62.13,84.02,8.94,26.68,77.9,22.36,31.62,68.96,32.98,18.0,69.77,71.69,62.8,36.5,34.93,41.23,28.07,21.63,50.16,4.47,30.07,32.06,22.36,44.05,52.8,27.86,64.56,46.86,17.09,77.18,41.23,53.81,88.39,15.81,50.33,21.19,41.05,5.66,48.17,10.82,42.95,16.03,57.31
12,63.15,46.69,94.09,32.8,62.03,38.21,57.31,64.12,46.86,78.79,34.41,30.0,0.0,91.08,31.62,96.0,71.02,72.5,95.71,48.41,35.38,14.56,61.77,38.63,80.05,90.02,66.03,69.31,41.04,77.67,89.89,38.21,47.54,85.88,34.06,61.61,71.61,61.74,43.27,71.22,87.86,76.66,64.62,56.14,62.03,54.41,12.0,75.31,34.06,52.8,29.53,52.15,54.41,72.11,16.12,60.83,56.92,14.42,80.0,71.22,63.91,97.49,29.15,63.79,49.04,49.65,31.3,61.61,40.36,66.61,44.28,61.06
13,28.07,75.29,10.77,72.47,32.25,73.78,58.0,27.86,63.91,25.46,71.39,73.35,91.08,0.0,64.62,15.23,38.42,50.12,32.25,54.41,64.78,90.44,56.85,60.83,34.18,16.0,43.27,73.78,64.03,14.14,36.77,73.78,92.46,29.53,57.27,64.03,42.52,52.5,82.8,45.34,5.66,17.09,48.41,38.47,32.25,48.41,79.25,32.25,73.43,92.02,64.0,62.29,38.05,20.59,76.24,56.6,36.22,86.02,42.8,67.23,31.05,30.15,89.01,28.02,78.64,43.05,68.03,30.0,72.67,33.24,59.91,42.05
14,38.83,24.08,65.51,10.77,32.98,16.12,26.91,36.77,46.0,59.4,39.29,10.0,31.62,64.62,0.0,66.75,56.6,41.18,64.5,40.79,34.23,26.31,31.24,7.21,48.66,60.53,53.67,42.94,40.05,52.84,74.03,16.12,36.06,67.94,12.65,32.8,59.06,30.53,26.68,59.93,62.61,53.25,33.11,26.68,32.98,22.8,20.59,44.18,12.65,38.83,24.33,22.8,34.06,44.27,24.08,55.32,36.88,22.09,67.23,42.8,43.86,78.52,25.5,40.61,28.02,31.06,4.47,38.42,17.0,36.01,13.45,47.41
15,36.06,72.47,4.47,72.8,34.06,72.8,53.85,32.25,75.18,40.0,80.99,74.22,96.0,15.23,66.75,0.0,52.35,42.43,18.11,65.3,74.0,93.06,51.61,61.61,25.46,6.32,56.64,66.48,74.32,25.61,52.0,72.8,89.55,44.72,62.03,58.41,56.64,47.71,80.5,59.46,20.59,29.73,43.27,40.2,34.06,46.82,84.0,26.08,73.38,88.2,71.39,59.06,46.82,24.33,82.39,69.66,45.69,88.81,57.69,59.46,42.19,44.91,89.19,37.16,75.29,51.55,69.43,38.63,71.31,31.32,59.14,54.41
16,26.08,77.25,48.08,67.23,40.05,71.55,66.75,34.23,30.07,13.42,41.23,66.57,71.02,38.42,56.6,52.35,0.0,68.26,65.51,23.41,36.77,76.42,68.26,57.27,58.82,50.0,6.0,86.58,32.98,27.2,18.87,71.55,92.13,16.12,44.41,74.67,4.47,64.12,82.29,7.21,32.8,22.8,62.0,42.19,40.05,54.59,61.22,53.85,68.96,94.02,41.62,67.91,23.41,36.06,54.92,18.97,20.88,72.14,10.77,82.1,16.0,27.66,81.4,23.09,81.34,25.55,61.06,24.0,71.59,47.38,60.41,10.0
17,42.19,34.23,44.05,41.23,28.28,38.21,16.12,34.06,75.18,62.29,74.03,43.68,72.5,50.12,41.18,42.43,68.26,0.0,30.46,66.21,67.2,64.03,12.0,34.0,16.97,36.88,69.05,24.08,71.02,47.07,78.64,38.21,50.0,70.71,45.25,17.09,72.44,10.77,42.43,74.67,52.0,50.64,8.49,27.86,28.28,19.8,61.77,17.89,40.79,47.54,59.46,22.09,48.08,34.53,64.4,77.79,49.48,60.73,78.03,17.2,52.35,76.92,55.08,45.18,35.9,49.77,41.23,44.41,36.12,21.0,28.23,63.56
18,43.86,64.03,22.0,68.03,35.78,66.48,45.12,37.2,83.74,54.63,87.13,70.0,95.71,32.25,64.5,18.11,65.51,30.46,0.0,73.76,79.92,90.09,41.76,58.14,16.0,16.49,68.82,53.25,81.61,38.47,68.41,66.48,80.32,60.73,63.25,47.54,69.97,38.83,72.28,72.72,36.88,42.94,34.53,40.5,35.78,42.05,83.95,20.4,68.12,78.0,75.15,50.99,54.04,31.11,84.12,80.92,53.81,86.21,72.5,46.04,52.5,62.39,83.49,45.97,66.1,58.01,66.12,46.69,64.63,29.41,54.01,65.3
19,30.0,64.28,61.74,51.42,40.0,56.89,59.23,36.77,10.0,34.06,18.11,50.0,48.41,54.41,40.79,65.3,23.41,66.21,73.76,0.0,13.42,55.61,62.1,44.05,62.48,61.06,17.89,78.92,10.0,40.5,42.05,56.89,76.66,39.29,28.28,67.08,23.32,58.82,67.47,22.8,49.48,37.36,58.31,38.47,40.0,48.08,39.7,56.85,53.37,79.62,20.0,58.31,19.8,42.8,32.56,14.56,20.0,51.61,31.62,76.16,23.41,50.96,63.07,28.3,68.36,16.64,45.12,27.2,57.56,48.01,49.04,14.14
20,37.95,58.31,70.88,44.0,44.41,50.04,57.27,42.94,12.65,46.69,7.21,42.05,35.38,64.78,34.23,74.0,36.77,67.2,79.92,13.42,0.0,43.91,60.83,39.29,66.84,69.08,31.3,75.89,6.32,50.64,55.46,50.04,68.47,52.5,23.41,64.62,36.72,58.31,60.03,36.06,60.3,48.17,58.82,41.04,44.41,47.71,27.78,61.22,46.0,72.11,10.0,55.03,27.2,50.16,20.0,25.61,28.64,40.25,44.94,74.32,34.06,64.2,53.16,37.11,62.2,22.47,38.05,35.44,51.16,51.86,45.22,27.2
21,63.56,34.41,91.78,22.8,59.23,26.83,48.08,62.64,56.36,82.1,44.94,20.4,14.56,90.44,26.31,93.06,76.42,64.03,90.09,55.61,43.91,0.0,52.5,32.0,74.11,86.83,72.14,57.2,50.12,78.0,95.02,26.83,33.11,90.0,34.0,50.99,77.79,53.37,29.73,77.9,88.02,77.82,56.89,52.95,59.23,48.04,16.12,70.0,23.41,38.47,35.61,42.38,56.6,70.34,24.17,69.34,59.36,4.47,86.28,60.03,66.57,101.26,14.76,64.85,36.12,52.43,24.0,62.61,29.07,62.2,36.35,66.48
22,42.76,22.36,52.5,29.73,29.12,26.31,4.47,35.44,70.23,64.56,67.23,32.31,61.77,56.85,31.24,51.61,68.26,12.0,41.76,62.1,60.83,52.5,0.0,24.08,26.83,45.61,68.0,18.44,65.39,50.99,81.04,26.31,38.63,73.38,37.74,7.21,72.11,4.47,30.59,74.03,57.69,53.85,8.49,26.08,29.12,14.14,51.61,25.61,29.12,36.72,52.15,10.2,46.04,38.47,55.17,74.97,48.0,49.4,78.64,14.14,52.35,81.02,43.1,45.71,24.35,46.53,30.53,44.41,24.19,24.19,17.8,62.03
23,36.77,20.4,60.73,11.66,28.64,14.42,19.8,33.29,50.36,58.41,44.94,12.65,38.63,60.83,7.21,61.61,57.27,34.0,58.14,44.05,39.29,32.0,24.08,0.0,42.19,55.32,55.03,36.77,44.72,50.0,73.78,14.42,34.99,67.2,16.12,26.08,60.17,23.32,25.06,61.35,59.36,50.99,26.0,22.36,28.64,16.12,27.78,38.0,12.81,36.77,29.73,16.12,34.0,40.25,31.11,58.31,36.72,28.07,68.03,36.06,43.27,77.23,28.18,38.95,24.52,31.95,8.0,36.88,14.32,30.41,6.4,48.7
24,34.0,48.7,27.2,52.04,22.63,50.64,29.73,26.08,72.25,50.36,74.03,54.0,80.05,34.18,48.66,25.46,58.82,16.97,16.0,62.48,66.84,74.11,26.83,42.19,0.0,20.0,60.93,41.04,69.31,34.06,66.03,50.64,65.39,58.03,48.33,33.29,63.25,23.41,56.92,65.79,36.88,38.21,18.97,26.08,22.63,26.08,68.41,5.66,52.15,63.53,61.06,35.44,42.8,22.8,69.08,71.69,43.27,70.26,67.47,34.06,43.86,62.65,67.6,36.67,51.08,46.01,50.16,36.72,48.84,15.0,38.01,56.36
25,31.3,66.24,7.21,66.48,28.0,66.48,47.71,26.68,71.02,38.47,76.16,67.91,90.02,16.0,60.53,6.32,50.0,36.88,16.49,61.06,69.08,86.83,45.61,55.32,20.0,0.0,53.81,60.96,69.77,22.8,51.92,66.48,83.35,44.27,56.14,52.5,54.41,41.62,74.24,57.2,20.4,27.2,37.2,34.06,28.0,40.5,78.03,20.0,67.05,82.1,65.97,52.84,42.05,18.97,76.66,66.48,41.18,82.61,56.36,54.04,38.42,46.1,82.86,32.76,69.12,46.62,63.15,34.0,65.0,25.0,52.81,50.99
26,27.2,75.29,52.5,64.4,40.79,69.08,66.12,35.44,24.08,18.97,35.44,63.53,66.03,43.27,53.67,56.64,6.0,69.05,68.82,17.89,31.3,72.14,68.0,55.03,60.93,53.81,0.0,86.09,27.2,31.11,24.17,69.08,89.55,22.09,41.18,74.11,5.66,64.03,79.85,6.32,37.74,26.91,62.29,42.05,40.79,54.04,56.64,55.71,66.21,91.76,36.88,66.75,22.09,38.47,50.0,13.42,20.0,67.94,14.14,82.02,17.09,33.54,77.94,24.35,79.4,23.09,58.14,24.74,69.29,48.51,58.69,6.32
27,61.19,22.8,68.12,36.88,47.54,31.11,20.0,53.85,86.35,82.97,81.71,39.7,69.31,73.78,42.94,66.48,86.58,24.08,53.25,78.92,75.89,57.2,18.44,36.77,41.04,60.96,86.09,0.0,81.04,69.08,99.46,31.11,32.25,91.76,52.5,12.0,90.35,22.8,28.64,92.2,75.18,72.11,26.0,44.41,47.54,32.06,61.22,41.62,35.38,28.0,66.48,20.88,64.03,56.46,66.57,92.35,66.12,55.32,97.02,7.21,70.71,99.16,44.29,64.13,21.47,64.07,40.5,62.8,29.0,42.15,30.68,80.02
28,38.47,64.12,70.94,50.04,46.69,56.0,62.03,44.41,6.32,44.05,8.25,48.17,41.04,64.03,40.05,74.32,32.98,71.02,81.61,10.0,6.32,50.12,65.39,44.72,69.31,69.77,27.2,81.04,0.0,50.0,51.26,56.0,74.67,49.03,28.64,69.57,32.31,62.61,66.12,31.3,59.23,47.07,62.77,44.05,46.69,51.88,34.0,63.66,52.04,78.23,16.12,60.17,27.78,51.11,26.08,19.8,28.64,46.52,40.25,79.12,32.98,60.64,59.48,37.16,68.07,23.6,44.0,35.78,57.04,54.45,50.45,24.08
29,14.56,66.6,21.63,61.61,22.8,63.78,51.11,16.97,50.16,16.49,57.27,62.13,77.67,14.14,52.84,25.61,27.2,47.07,38.47,40.5,50.64,78.0,50.99,50.0,34.06,22.8,31.11,69.08,50.0,0.0,32.0,63.78,83.45,24.0,44.27,58.14,31.62,46.52,73.54,34.41,10.2,4.47,43.08,28.28,22.8,40.0,65.97,30.07,62.8,83.74,50.04,54.41,24.0,12.65,62.51,44.05,22.09,73.54,34.18,63.25,17.09,30.08,77.94,14.04,70.29,29.0,56.6,16.12,62.97,26.93,50.21,28.84
30,38.63,93.06,47.54,84.4,51.92,88.2,80.32,45.61,47.54,16.49,59.46,84.02,89.89,36.77,74.03,52.0,18.87,78.64,68.41,42.05,55.46,95.02,81.04,73.78,66.03,51.92,24.17,99.46,51.26,32.0,0.0,88.2,108.76,8.0,62.29,87.93,18.97,76.66,98.79,20.4,31.62,28.07,73.76,55.71,51.92,68.35,80.0,62.03,86.02,110.15,60.46,82.46,40.0,44.18,73.78,34.23,37.2,90.69,12.0,94.15,30.53,11.7,99.25,35.85,97.06,43.19,78.41,37.58,87.98,57.87,76.06,28.84
31,50.99,8.94,72.5,6.32,41.62,0.0,22.09,46.86,62.03,72.8,54.59,8.94,38.21,73.78,16.12,72.8,71.55,38.21,66.48,56.89,50.04,26.83,26.31,14.42,50.64,66.48,69.08,31.11,56.0,63.78,88.2,0.0,20.59,81.61,28.64,24.17,74.32,28.0,10.77,75.39,72.8,65.05,32.06,35.61,41.62,26.0,30.53,47.54,4.47,22.8,40.05,16.12,48.37,53.25,36.77,71.39,51.11,24.41,82.29,33.29,57.69,91.55,17.03,53.26,12.37,46.1,12.0,51.22,2.24,41.63,13.89,62.77
32,71.22,17.2,89.89,25.3,60.83,20.59,35.78,66.48,80.89,93.23,72.03,26.68,47.54,92.46,36.06,89.55,92.13,50.0,80.32,76.66,68.47,33.11,38.63,34.99,65.39,83.35,89.55,32.25,74.67,83.45,108.76,20.59,0.0,102.08,48.7,32.98,94.85,42.05,10.0,95.85,92.02,85.04,46.52,55.17,60.83,44.05,44.41,63.53,23.41,5.66,58.55,30.53,68.96,72.25,52.15,91.21,71.69,33.53,102.86,38.0,78.23,111.83,18.38,73.6,14.32,66.64,31.62,71.61,20.81,59.41,33.3,83.26
33,31.3,86.09,40.25,78.1,44.27,81.61,72.8,37.95,46.17,8.94,57.27,77.9,85.88,29.53,67.94,44.72,16.12,70.71,60.73,39.29,52.5,90.0,73.38,67.2,58.03,44.27,22.09,91.76,49.03,24.0,8.0,81.61,102.08,0.0,56.64,80.32,18.11,68.96,92.09,20.4,24.17,20.1,65.97,48.33,44.27,60.93,75.47,54.04,79.65,103.25,56.36,75.15,33.94,36.22,69.77,34.23,31.11,85.6,14.42,86.35,24.08,11.7,93.35,28.65,90.05,37.64,72.25,30.53,81.27,50.01,69.12,25.3
34,29.73,36.06,60.03,23.41,28.28,28.64,34.0,30.07,34.23,48.41,29.53,22.36,34.06,57.27,12.65,62.03,44.41,45.25,63.25,28.28,23.41,34.0,37.74,16.12,48.33,56.14,41.18,52.5,28.64,44.27,62.29,28.64,48.7,56.64,0.0,41.23,46.65,35.61,39.29,47.41,54.41,43.86,36.77,22.8,28.28,25.46,22.09,43.08,25.3,51.42,14.42,31.62,22.8,38.05,20.88,42.76,25.61,29.53,54.92,50.99,32.8,67.62,37.01,30.87,40.11,19.1,17.09,28.64,29.27,33.84,21.84,34.99
35,49.48,18.11,59.46,28.84,36.06,24.17,8.0,42.38,74.73,71.47,70.68,31.62,61.61,64.03,32.8,58.41,74.67,17.09,47.54,67.08,64.62,50.99,7.21,26.08,33.29,52.5,74.11,12.0,69.57,58.14,87.93,24.17,32.98,80.32,41.23,0.0,78.41,11.66,26.0,80.22,64.9,60.93,15.62,32.56,36.06,20.1,52.35,32.56,27.78,30.46,55.46,10.0,52.04,45.65,56.85,80.4,54.15,48.37,85.16,10.0,58.86,88.14,40.02,52.39,19.1,52.09,31.11,50.99,21.93,31.38,19.72,68.03
36,30.27,80.32,52.35,69.77,44.18,74.32,70.46,38.47,28.64,17.2,40.5,68.96,71.61,42.52,59.06,56.64,4.47,72.44,69.97,23.32,36.72,77.79,72.11,60.17,63.25,54.41,5.66,90.35,32.31,31.62,18.97,74.32,94.85,18.11,46.65,78.41,0.0,68.03,85.09,2.83,36.88,27.2,66.03,46.04,44.18,58.31,62.29,58.24,71.55,96.93,42.52,71.39,26.68,40.5,55.61,16.12,24.33,73.59,8.49,86.02,20.1,29.07,83.49,27.29,84.43,28.23,63.53,28.07,74.46,51.62,63.6,11.66
37,38.47,25.3,48.41,30.59,24.74,28.0,6.32,31.05,67.23,60.17,64.9,32.98,61.74,52.5,30.53,47.71,64.12,10.77,38.83,58.82,58.31,53.37,4.47,23.32,23.41,41.62,64.03,22.8,62.61,46.52,76.66,28.0,42.05,68.96,35.61,11.66,68.03,0.0,33.53,70.0,53.25,49.4,4.47,22.0,24.74,10.77,51.11,21.63,30.27,40.5,50.0,12.17,42.19,34.0,54.04,71.39,44.05,50.0,74.43,18.0,48.17,76.56,45.01,41.44,27.73,42.95,30.46,40.2,26.02,19.72,17.46,58.14
38,61.22,8.25,80.62,16.12,50.99,10.77,27.2,56.57,72.25,83.23,64.12,18.0,43.27,82.8,26.68,80.5,82.29,42.43,72.28,67.47,60.03,29.73,30.59,25.06,56.92,74.24,79.85,28.64,66.12,73.54,98.79,10.77,10.0,92.09,39.29,26.0,85.09,33.53,0.0,86.16,82.22,75.07,37.95,45.25,50.99,34.41,37.95,54.63,14.14,12.17,50.04,21.54,59.06,62.48,45.12,82.0,61.77,28.84,93.04,32.98,68.26,101.83,15.81,63.6,7.28,56.86,22.36,61.61,10.82,49.93,23.35,73.54
39,32.56,81.61,55.17,70.68,46.39,75.39,72.25,40.79,27.2,20.0,39.4,69.77,71.22,45.34,59.93,59.46,7.21,74.67,72.72,22.8,36.06,77.9,74.03,61.35,65.79,57.2,6.32,92.2,31.3,34.41,20.4,75.39,95.85,20.4,47.41,80.22,2.83,70.0,86.16,0.0,39.7,30.0,68.12,48.0,46.39,60.13,62.23,60.73,72.5,98.08,42.43,72.99,28.28,43.08,55.32,14.0,26.08,73.76,8.94,88.0,22.36,31.0,84.06,29.61,85.73,29.41,64.4,30.27,75.61,53.94,65.0,12.65
40,24.74,74.97,16.12,71.02,31.24,72.8,58.41,26.08,58.82,19.8,66.75,71.69,87.86,5.66,62.61,20.59,32.8,52.0,36.88,49.48,60.3,88.02,57.69,59.36,36.88,20.4,37.74,75.18,59.23,10.2,31.62,72.8,92.02,24.17,54.41,64.9,36.88,53.25,82.22,39.7,0.0,12.17,49.4,37.2,31.24,48.08,76.16,34.18,72.11,91.93,60.13,62.29,34.06,19.8,72.69,51.11,32.0,83.57,37.2,68.88,26.31,26.02,87.46,24.19,78.49,39.05,66.24,26.31,71.84,33.6,59.03,36.77
41,14.42,68.41,25.61,62.48,25.06,65.05,53.67,18.87,46.82,12.17,54.59,62.8,76.66,17.09,53.25,29.73,22.8,50.64,42.94,37.36,48.17,77.82,53.85,50.99,38.21,27.2,26.91,72.11,47.07,4.47,28.07,65.05,85.04,20.1,43.86,60.93,27.2,49.4,75.07,30.0,12.17,0.0,46.17,30.0,25.06,42.19,65.15,34.0,63.78,85.6,48.37,56.6,22.36,16.12,61.19,40.0,20.1,73.35,29.73,66.48,14.14,27.29,78.6,13.0,72.2,27.29,57.2,15.23,64.38,30.08,51.74,25.06
42,36.06,29.73,44.05,34.23,22.09,32.06,10.77,28.28,67.08,57.27,65.6,36.5,64.62,48.41,33.11,43.27,62.0,8.49,34.53,58.31,58.82,56.89,8.49,26.0,18.97,37.2,62.29,26.0,62.77,43.08,73.76,32.06,46.52,65.97,36.77,15.62,66.03,4.47,37.95,68.12,49.4,46.17,0.0,20.4,22.09,11.31,53.67,17.2,34.06,44.94,50.99,16.49,40.79,30.46,56.04,70.34,42.43,53.37,72.11,20.4,46.0,73.16,49.09,39.05,32.2,42.06,33.53,38.0,30.15,16.16,20.62,56.57
43,17.09,38.42,38.83,34.0,6.32,35.61,24.74,11.31,47.71,39.4,48.17,34.93,56.14,38.47,26.68,40.2,42.19,27.86,40.5,38.47,41.04,52.95,26.08,22.36,26.08,34.06,42.05,44.41,44.05,28.28,55.71,35.61,55.17,48.33,22.8,32.56,46.04,22.0,45.25,48.0,37.2,30.0,20.4,0.0,6.32,12.65,44.18,20.59,34.99,55.61,34.99,26.83,20.4,17.89,43.68,50.0,22.09,48.66,52.61,40.0,26.31,57.14,50.54,19.92,42.2,21.93,29.73,18.44,34.71,11.18,21.93,36.22
44,14.0,43.86,32.56,40.25,0.0,41.62,28.64,6.32,49.68,35.44,51.61,41.23,62.03,32.25,32.98,34.06,40.05,28.28,35.78,40.0,44.41,59.23,29.12,28.64,22.63,28.0,40.79,47.54,46.69,22.8,51.92,41.62,60.83,44.27,28.28,36.06,44.18,24.74,50.99,46.39,31.24,25.06,22.09,6.32,0.0,17.2,50.04,16.97,41.18,60.96,39.4,31.62,20.59,11.66,49.03,50.16,21.54,54.92,50.04,42.43,24.08,52.35,56.8,17.0,47.51,23.43,36.06,16.12,40.61,8.06,27.8,35.44
45,29.73,26.91,46.52,26.31,17.2,26.0,12.17,23.32,56.46,52.0,54.41,28.07,54.41,48.41,22.8,46.82,54.59,19.8,42.05,48.08,47.71,48.04,14.14,16.12,26.08,40.5,54.04,32.06,51.88,40.0,68.35,26.0,44.05,60.93,25.46,20.1,58.31,10.77,34.41,60.13,48.08,42.19,11.31,12.65,17.2,0.0,43.08,22.09,26.68,43.86,39.7,14.42,32.0,28.28,44.94,60.83,34.06,44.18,65.12,28.28,38.83,69.46,42.45,32.57,30.41,32.39,24.08,31.05,24.6,15.65,12.37,48.0
46,51.42,39.45,82.1,24.41,50.04,30.53,47.2,52.15,40.25,68.0,29.12,21.63,12.0,79.25,20.59,84.0,61.22,61.77,83.95,39.7,27.78,16.12,51.61,27.78,68.41,78.03,56.64,61.22,34.0,65.97,80.0,30.53,44.41,75.47,22.09,52.35,62.29,51.11,37.95,62.23,76.16,65.15,53.67,44.18,50.04,43.08,0.0,63.56,26.08,49.03,19.8,42.52,43.08,60.13,8.25,53.25,45.69,12.65,70.77,62.23,52.8,86.95,27.02,52.2,42.49,38.48,21.26,50.0,32.45,54.74,33.84,51.22
47,28.64,46.52,26.91,48.37,16.97,47.54,27.78,20.59,66.6,46.04,68.41,50.16,75.31,32.25,44.18,26.08,53.85,17.89,20.4,56.85,61.22,70.0,25.61,38.0,5.66,20.0,55.71,41.62,63.66,30.07,62.03,47.54,63.53,54.04,43.08,32.56,58.24,21.63,54.63,60.73,34.18,34.0,17.2,20.59,16.97,22.09,63.56,0.0,48.66,62.13,55.57,33.11,37.2,18.11,63.91,66.24,37.74,66.03,62.8,34.99,38.63,59.44,64.33,31.38,49.24,40.36,46.0,31.3,45.88,9.43,34.37,50.99
48,49.52,13.42,72.8,2.0,41.18,4.47,24.74,46.04,58.14,70.94,50.36,4.47,34.06,73.43,12.65,73.38,68.96,40.79,68.12,53.37,46.0,23.41,29.12,12.81,52.15,67.05,66.21,35.38,52.04,62.8,86.02,4.47,23.41,79.65,25.3,27.78,71.55,30.27,14.14,72.5,72.11,63.78,34.06,34.99,41.18,26.68,26.08,48.66,0.0,26.31,36.0,18.97,46.04,52.84,32.31,67.91,48.83,20.59,79.65,37.2,55.61,89.87,15.81,51.62,16.76,43.42,8.25,49.52,6.4,42.06,14.32,59.93
49,72.11,17.2,88.81,28.28,60.96,22.8,34.41,66.84,84.38,94.34,76.03,30.07,52.8,92.02,38.83,88.2,94.02,47.54,78.0,79.62,72.11,38.47,36.72,36.77,63.53,82.1,91.76,28.0,78.23,83.74,110.15,22.8,5.66,103.25,51.42,30.46,96.93,40.5,12.17,98.08,91.93,85.6,44.94,55.61,60.96,43.86,49.03,62.13,26.31,0.0,62.13,29.73,70.68,72.14,56.57,94.15,73.35,38.63,104.79,34.23,79.65,112.65,23.71,74.63,13.45,68.71,34.53,72.72,22.47,58.8,34.13,85.44
50,36.06,48.37,68.73,34.0,39.4,40.05,48.37,39.29,22.36,49.4,15.23,32.06,29.53,64.0,24.33,71.39,41.62,59.46,75.15,20.0,10.0,35.61,52.15,29.73,61.06,65.97,36.88,66.48,16.12,50.04,60.46,40.05,58.55,56.36,14.42,55.46,42.52,50.0,50.04,42.43,60.13,48.37,50.99,34.99,39.4,39.7,19.8,55.57,36.0,62.13,0.0,45.69,26.08,47.07,13.42,34.0,28.28,31.62,50.99,65.3,34.93,67.98,43.66,36.01,52.24,21.1,28.07,34.0,41.19,46.14,35.85,31.62
51,43.86,13.42,59.36,19.7,31.62,16.12,6.0,37.74,65.51,66.21,60.93,22.36,52.15,62.29,22.8,59.06,67.91,22.09,50.99,58.31,55.03,42.38,10.2,16.12,35.44,52.84,66.75,20.88,60.17,54.41,82.46,16.12,30.53,75.15,31.62,10.0,71.39,12.17,21.54,72.99,62.29,56.6,16.49,26.83,31.62,14.42,42.52,33.11,18.97,29.73,45.69,0.0,44.72,42.52,46.86,72.03,47.07,39.4,78.59,20.0,52.5,83.86,33.02,46.62,16.4,44.1,21.26,44.94,14.04,29.07,9.85,60.53
52,10.77,53.85,43.68,44.41,20.59,48.37,44.05,16.97,29.73,25.61,34.18,44.05,54.41,38.05,34.06,46.82,23.41,48.08,54.04,19.8,27.2,56.6,46.04,34.0,42.8,42.05,22.09,64.03,27.78,24.0,40.0,48.37,68.96,33.94,22.8,52.04,26.68,42.19,59.06,28.28,34.06,22.36,40.79,20.4,20.59,32.0,43.08,37.2,46.04,70.68,26.08,44.72,0.0,23.32,38.83,29.73,2.83,52.15,34.18,60.13,10.0,44.82,59.41,10.05,57.94,5.0,38.42,8.25,48.3,28.65,37.0,16.0
53,12.81,55.17,22.0,51.88,11.66,53.25,38.83,8.0,52.8,28.0,57.27,52.8,72.11,20.59,44.27,24.33,36.06,34.53,31.11,42.8,50.16,70.34,38.47,40.25,22.8,18.97,38.47,56.46,51.11,12.65,44.18,53.25,72.25,36.22,38.05,45.65,40.5,34.0,62.48,43.08,19.8,16.12,30.46,17.89,11.66,28.28,60.13,18.11,52.84,72.14,47.07,42.52,23.32,0.0,58.14,50.0,22.8,65.97,44.72,50.6,21.63,42.72,68.43,14.87,58.69,27.73,47.54,15.62,52.2,14.32,39.41,34.41
54,48.17,45.69,80.1,30.46,49.03,36.77,50.91,50.16,32.25,62.77,20.88,27.86,16.12,76.24,24.08,82.39,54.92,64.4,84.12,32.56,20.0,24.17,55.17,31.11,69.08,76.66,50.0,66.57,26.08,62.51,73.78,36.77,52.15,69.77,20.88,56.85,55.61,54.04,45.12,55.32,72.69,61.19,56.04,43.68,49.03,44.94,8.25,63.91,32.31,56.57,13.42,46.86,38.83,58.14,0.0,45.61,41.23,20.88,64.03,66.84,48.08,81.39,35.13,48.51,49.04,33.96,26.08,46.39,38.48,54.71,37.48,44.94
55,37.74,78.64,65.6,65.97,50.16,71.39,72.44,45.65,14.42,32.31,27.2,64.56,60.83,56.6,55.32,69.66,18.97,77.79,80.92,14.56,25.61,69.34,74.97,58.31,71.69,66.48,13.42,92.35,19.8,44.05,34.23,71.39,91.21,34.23,42.76,80.4,16.12,71.39,82.0,14.0,51.11,40.0,70.34,50.0,50.16,60.83,53.25,66.24,67.91,94.15,34.0,72.03,29.73,50.0,45.61,0.0,28.64,65.51,22.36,89.11,28.43,45.0,77.47,35.23,82.73,28.44,59.67,34.99,72.01,58.18,63.03,15.62
56,10.0,56.46,42.38,47.2,21.54,51.11,46.17,17.2,30.0,22.8,35.44,46.86,56.92,36.22,36.88,45.69,20.88,49.48,53.81,20.0,28.64,59.36,48.0,36.72,43.27,41.18,20.0,66.12,28.64,22.09,37.2,51.11,71.69,31.11,25.61,54.15,24.33,44.05,61.77,26.08,32.0,20.1,42.43,22.09,21.54,34.06,45.69,37.74,48.83,73.35,28.28,47.07,2.83,22.8,41.23,28.64,0.0,54.92,31.62,62.03,7.21,42.01,62.24,8.54,60.54,7.28,41.23,7.21,51.0,29.55,39.56,14.14
57,59.09,32.56,87.48,19.7,54.92,24.41,44.94,58.24,52.8,77.67,41.76,17.09,14.42,86.02,22.09,88.81,72.14,60.73,86.21,51.61,40.25,4.47,49.4,28.07,70.26,82.61,67.94,55.32,46.52,73.54,90.69,24.41,33.53,85.6,29.53,48.37,73.59,50.0,28.84,73.76,83.57,73.35,53.37,48.66,54.92,44.18,12.65,66.03,20.59,38.63,31.62,39.4,52.15,65.97,20.88,65.51,54.92,0.0,82.07,57.69,62.13,96.83,15.3,60.37,34.71,48.01,20.1,58.14,26.63,58.08,32.76,62.23
58,36.06,88.02,53.25,77.9,50.04,82.29,77.28,44.0,36.06,17.89,48.33,77.18,80.0,42.8,67.23,57.69,10.77,78.03,72.5,31.62,44.94,86.28,78.64,68.03,67.47,56.36,14.14,97.02,40.25,34.18,12.0,82.29,102.86,14.42,54.92,85.16,8.49,74.43,93.04,8.94,37.2,29.73,72.11,52.61,50.04,65.12,70.77,62.8,79.65,104.79,50.99,78.59,34.18,44.72,64.03,22.36,31.62,82.07,0.0,92.35,26.31,23.35,91.84,33.06,92.11,36.24,71.69,34.23,82.35,57.04,71.17,20.0
59,56.32,26.0,61.22,38.42,42.43,33.29,17.09,48.66,84.12,77.67,80.5,41.23,71.22,67.23,42.8,59.46,82.1,17.2,46.04,76.16,74.32,60.03,14.14,36.06,34.06,54.04,82.02,7.21,79.12,63.25,94.15,33.29,38.0,86.35,50.99,10.0,86.02,18.0,32.98,88.0,68.88,66.48,20.4,40.0,42.43,28.28,62.23,34.99,37.2,34.23,65.3,20.0,60.13,50.6,66.84,89.11,62.03,57.69,92.35,0.0,66.12,93.3,48.1,59.3,25.71,60.67,41.04,58.14,31.06,36.4,29.68,76.11
60,10.2,62.61,38.47,54.04,24.08,57.69,50.99,18.44,33.11,15.62,40.45,53.81,63.91,31.05,43.86,42.19,16.0,52.35,52.5,23.41,34.06,66.57,52.35,43.27,43.86,38.42,17.09,70.71,32.98,17.09,30.53,57.69,78.23,24.08,32.8,58.86,20.1,48.17,68.26,22.36,26.31,14.14,46.0,26.31,24.08,38.83,52.8,38.63,55.61,79.65,34.93,52.5,10.0,21.63,48.08,28.43,7.21,62.13,26.31,66.12,0.0,34.83,69.3,7.28,66.64,14.32,48.17,8.0,57.45,31.58,45.62,12.81
61,40.61,95.44,40.61,88.41,52.35,91.55,80.95,46.14,57.56,19.21,68.88,88.39,97.49,30.15,78.52,44.91,27.66,76.92,62.39,50.96,64.2,101.26,81.02,77.23,62.65,46.1,33.54,99.16,60.64,30.08,11.7,91.55,111.83,11.7,67.62,88.14,29.07,76.56,101.83,31.0,26.02,27.29,73.16,57.14,52.35,69.46,86.95,59.44,89.87,112.65,67.98,83.86,44.82,42.72,81.39,45.0,42.01,96.83,23.35,93.3,34.83,0.0,104.0,38.29,99.3,48.83,82.73,40.36,91.05,57.01,78.6,37.0
62,64.2,22.14,88.6,16.55,56.8,17.03,39.01,61.4,65.8,84.86,55.73,15.81,29.15,89.01,25.5,89.19,81.4,55.08,83.49,63.07,53.16,14.76,43.1,28.18,67.6,82.86,77.94,44.29,59.48,77.94,99.25,17.03,18.38,93.35,37.01,40.02,83.49,45.01,15.81,84.06,87.46,78.6,49.09,50.54,56.8,42.45,27.02,64.33,15.81,23.71,43.66,33.02,59.41,68.43,35.13,77.47,62.24,15.3,91.84,48.1,69.3,104.0,0.0,66.07,22.83,56.08,21.4,63.89,19.0,57.87,30.08,71.85
63,3.0,57.45,33.84,50.21,17.0,53.26,44.64,11.18,38.28,19.72,43.97,50.33,63.79,28.02,40.61,37.16,23.09,45.18,45.97,28.3,37.11,64.85,45.71,38.95,36.67,32.76,24.35,64.13,37.16,14.04,35.85,53.26,73.6,28.65,30.87,52.39,27.29,41.44,63.6,29.61,24.19,13.0,39.05,19.92,17.0,32.57,52.2,31.38,51.62,74.63,36.01,46.62,10.05,14.87,48.51,35.23,8.54,60.37,33.06,59.3,7.28,38.29,66.07,0.0,61.4,15.03,44.69,2.24,52.8,24.33,40.5,19.72
64,58.83,4.12,75.72,18.68,47.51,12.37,21.47,53.41,74.01,81.12,66.91,21.19,49.04,78.64,28.02,75.29,81.34,35.9,66.1,68.36,62.2,36.12,24.35,24.52,51.08,69.12,79.4,21.47,68.07,70.29,97.06,12.37,14.32,90.05,40.11,19.1,84.43,27.73,7.28,85.73,78.49,72.2,32.2,42.2,47.51,30.41,42.49,49.24,16.76,13.45,52.24,16.4,57.94,58.69,49.04,82.73,60.54,34.71,92.11,25.71,66.64,99.3,22.83,61.4,0.0,56.32,24.19,59.54,11.05,45.45,21.02,73.08
65,15.52,52.2,48.51,41.68,23.43,46.1,44.1,20.81,26.25,29.68,29.55,41.05,49.65,43.05,31.06,51.55,25.55,49.77,58.01,16.64,22.47,52.43,46.53,31.95,46.01,46.62,23.09,64.07,23.6,29.0,43.19,46.1,66.64,37.64,19.1,52.09,28.23,42.95,56.86,29.41,39.05,27.29,42.06,21.93,23.43,32.39,38.48,40.36,43.42,68.71,21.1,44.1,5.0,27.73,33.96,28.44,7.28,48.01,36.24,60.67,14.32,48.83,56.08,15.03,56.32,0.0,35.51,13.15,46.24,31.4,35.69,16.76
66,42.8,20.4,68.41,6.32,36.06,12.0,26.08,40.25,50.04,63.66,42.76,5.66,31.3,68.03,4.47,69.43,61.06,41.23,66.12,45.12,38.05,24.0,30.53,8.0,50.16,63.15,58.14,40.5,44.0,56.6,78.41,12.0,31.62,72.25,17.09,31.11,63.53,30.46,22.36,64.4,66.24,57.2,33.53,29.73,36.06,24.08,21.26,46.0,8.25,34.53,28.07,21.26,38.42,47.54,26.08,59.67,41.23,20.1,71.69,41.04,48.17,82.73,21.4,44.69,24.19,35.51,0.0,42.52,13.15,38.33,13.0,51.88
67,2.83,55.57,35.44,48.08,16.12,51.22,43.17,10.77,37.2,21.63,42.38,48.17,61.61,30.0,38.42,38.63,24.0,44.41,46.69,27.2,35.44,62.61,44.41,36.88,36.72,34.0,24.74,62.8,35.78,16.12,37.58,51.22,71.61,30.53,28.64,50.99,28.07,40.2,61.61,30.27,26.31,15.23,38.0,18.44,16.12,31.05,50.0,31.3,49.52,72.72,34.0,44.94,8.25,15.62,46.39,34.99,7.21,58.14,34.23,58.14,8.0,40.36,63.89,2.24,59.54,13.15,42.52,0.0,50.8,23.77,38.59,19.7
68,50.45,7.28,71.11,8.06,40.61,2.24,20.02,46.01,63.0,72.42,55.9,10.82,40.36,72.67,17.0,71.31,71.59,36.12,64.63,57.56,51.16,29.07,24.19,14.32,48.84,65.0,69.29,29.0,57.04,62.97,87.98,2.24,20.81,81.27,29.27,21.93,74.46,26.02,10.82,75.61,71.84,64.38,30.15,34.71,40.61,24.6,32.45,45.88,6.4,22.47,41.19,14.04,48.3,52.2,38.48,72.01,51.0,26.63,82.35,31.06,57.45,91.05,19.0,52.8,11.05,46.24,13.15,50.8,0.0,40.25,12.81,62.97
69,21.38,42.2,30.87,41.48,8.06,41.63,24.84,13.15,57.63,41.44,59.03,42.95,66.61,33.24,36.01,31.32,47.38,21.0,29.41,48.01,51.86,62.2,24.19,30.41,15.0,25.0,48.51,42.15,54.45,26.93,57.87,41.63,59.41,50.01,33.84,31.38,51.62,19.72,49.93,53.94,33.6,30.08,16.16,11.18,8.06,15.65,54.74,9.43,42.06,58.8,46.14,29.07,28.65,14.32,54.71,58.18,29.55,58.08,57.04,36.4,31.58,57.01,57.87,24.33,45.45,31.4,38.33,23.77,40.25,0.0,27.86,43.32
70,38.01,17.0,58.69,14.04,27.8,13.89,13.45,33.24,55.9,60.21,51.08,16.03,44.28,59.91,13.45,59.14,60.41,28.23,54.01,49.04,45.22,36.35,17.8,6.4,38.01,52.81,58.69,30.68,50.45,50.21,76.06,13.89,33.3,69.12,21.84,19.72,63.6,17.46,23.35,65.0,59.03,51.74,20.62,21.93,27.8,12.37,33.84,34.37,14.32,34.13,35.85,9.85,37.0,39.41,37.48,63.03,39.56,32.76,71.17,29.68,45.62,78.6,30.08,40.5,21.02,35.69,13.0,38.59,12.81,27.86,0.0,52.39
71,22.36,68.96,50.48,58.14,35.44,62.77,60.03,30.46,22.36,20.0,32.25,57.31,61.06,42.05,47.41,54.41,10.0,63.56,65.3,14.14,27.2,66.48,62.03,48.7,56.36,50.99,6.32,80.02,24.08,28.84,28.84,62.77,83.26,25.3,34.99,68.03,11.66,58.14,73.54,12.65,36.77,25.06,56.57,36.22,35.44,48.0,51.22,50.99,59.93,85.44,31.62,60.53,16.0,34.41,44.94,15.62,14.14,62.23,20.0,76.11,12.81,37.0,71.85,19.72,73.08,16.76,51.88,19.7,62.97,43.32,52.39,0.0
