vehicles
vehicle_idx, capacity, cost_per_unit_distance
1,100,1
2,100,1
3,100,1
4,100,1
5,100,1
6,100,1
7,100,1
8,100,1
9,100,1
depot
node_idx,x,y
0,25,51
home delivery customers
node_idx,x,y,service_time,demand
1,35,7,15,12
2,93,75,15,24
3,53,95,15,16
4,51,81,15,7
5,9,23,15,10
6,75,7,15,18
7,15,97,15,26
8,79,5,15,17
9,9,19,15,2
10,39,1,15,11
11,27,83,15,11
12,83,79,15,12
13,57,9,15,1
14,87,41,15,26
15,55,25,15,10
16,21,91,15,9
17,21,13,15,22
18,1,75,15,2
19,1,77,15,24
20,35,11,15,12
21,61,87,15,5
22,63,79,15,15
23,97,67,15,8
24,95,57,15,5
25,31,69,15,24
26,63,57,15,2
27,3,63,15,8
28,11,69,15,14
29,37,65,15,13
30,75,83,15,10
31,69,5,15,6
32,5,19,15,21
33,49,31,15,20
34,77,17,15,24
35,91,39,15,19
36,67,75,15,23
37,25,33,15,16
38,9,19,15,23
39,3,65,15,14
self pickup customers
node_idx,x,y,service_time,demand,locker_idxs
40,47,1,15,9,70-73-67
41,33,97,15,12,75-69-66-72-74
42,17,59,15,23,69-75-66-72
43,47,19,15,7,73-67-70
44,67,1,15,21,65-73-70-67
45,33,85,15,15,75-66-69-74-72-71
46,25,21,15,16,73-67-70
47,45,29,15,14,70-67-73
48,63,77,15,23,74-68-71-72
49,9,77,15,18,75-66-72-69
50,59,91,15,19,68-71-74-72-66
51,9,45,15,6,69
52,93,21,15,14,65
53,83,71,15,13,74-71-68
54,77,17,15,25,65-73-67-70
55,7,9,15,2,66
56,15,7,15,4,73-70-67
57,79,17,15,14,65-73-67-70
58,93,51,15,2,65-68-71
flexible customers
node_idx,x,y,service_time,demand,locker_idxs
59,51,55,15,9,74-68-72-71-69-70-67
60,1,67,15,20,75-69-66-72
61,59,21,15,17,73-65-67-70
62,77,41,15,2,67-70-65-71-68
63,15,53,15,6,66-69-72
64,69,27,15,24,65-73-67-70
lockers
node_idx,x,y,service_time,capacity,cost_per_unit_good
65,93,12,10,78,100
66,22,88,10,94,100
67,49,22,10,74,100
68,76,74,10,79,100
69,18,71,10,78,100
70,49,25,10,89,100
71,63,68,10,92,100
72,38,77,10,78,100
73,55,1,10,89,100
74,61,90,10,80,100
75,16,100,10,83,100
mrt lines
start_node_idx,end_node_idx,freight_capacity,cost_per_unit_good
65,66,94,1
66,65,94,1
distance matrix
,0,1,2,3,4,5,6,7,8,9,10,11,12,13,14,15,16,17,18,19,20,21,22,23,24,25,26,27,28,29,30,31,32,33,34,35,36,37,38,39,40,41,42,43,44,45,46,47,48,49,50,51,52,53,54,55,56,57,58,59,60,61,62,63,64,65,66,67,68,69,70,71,72,73,74,75,
0,0.0,45.12,72.11,52.15,39.7,32.25,66.6,47.07,70.94,35.78,51.92,32.06,64.4,52.8,62.8,39.7,40.2,38.21,33.94,35.38,41.23,50.91,47.2,73.76,70.26,18.97,38.47,25.06,22.8,18.44,59.36,63.66,37.74,31.24,62.13,67.08,48.37,18.0,35.78,26.08,54.63,46.69,11.31,38.83,65.3,34.93,30.0,29.73,46.04,30.53,52.5,17.09,74.32,61.35,62.13,45.69,45.12,63.81,68.0,26.31,28.84,45.34,52.95,10.2,50.12,78.39,37.12,37.64,55.95,21.19,35.38,41.63,29.07,58.31,53.08,49.82
1,45.12,0.0,89.38,89.82,75.71,30.53,40.0,92.2,44.05,28.64,7.21,76.42,86.53,22.09,62.13,26.91,85.16,15.23,76.03,77.82,4.0,84.12,77.25,86.28,78.1,62.13,57.31,64.5,66.48,58.03,85.88,34.06,32.31,27.78,43.17,64.5,75.15,27.86,28.64,66.24,13.42,90.02,55.03,16.97,32.56,78.03,17.2,24.17,75.39,74.67,87.36,46.04,59.67,80.0,43.17,28.07,20.0,45.12,72.8,50.6,68.96,27.78,54.04,50.16,39.45,58.22,82.04,20.52,78.55,66.22,22.8,67.12,70.06,20.88,86.98,94.92
2,72.11,89.38,0.0,44.72,42.43,98.79,70.34,81.04,71.39,100.96,91.61,66.48,10.77,75.18,34.53,62.8,73.76,95.02,92.0,92.02,86.37,34.18,30.27,8.94,18.11,62.29,34.99,90.8,82.22,56.89,19.7,74.0,104.31,62.23,60.17,36.06,26.0,79.92,100.96,90.55,87.13,63.91,77.67,72.47,78.43,60.83,86.83,66.48,30.07,84.02,37.58,89.2,54.0,10.77,60.17,108.41,103.48,59.67,24.0,46.52,92.35,63.81,37.58,81.04,53.67,63.0,72.18,68.88,17.03,75.11,66.6,30.81,55.04,83.19,35.34,80.96
3,52.15,89.82,44.72,0.0,14.14,84.38,90.71,38.05,93.68,87.82,95.04,28.64,34.0,86.09,63.81,70.03,32.25,88.02,55.71,55.03,85.91,11.31,18.87,52.15,56.64,34.06,39.29,59.36,49.4,34.0,25.06,91.41,89.89,64.12,81.61,67.68,24.41,68.03,87.82,58.31,94.19,20.1,50.91,76.24,95.04,22.36,79.12,66.48,20.59,47.54,7.21,66.6,84.12,38.42,81.61,97.53,95.85,82.22,59.46,40.05,59.06,74.24,59.09,56.64,69.86,92.14,31.78,73.11,31.14,42.44,70.11,28.79,23.43,94.02,9.43,37.34
4,39.7,75.71,42.43,14.14,0.0,71.61,77.79,39.4,80.99,74.89,80.89,24.08,32.06,72.25,53.81,56.14,31.62,74.32,50.36,50.16,71.81,11.66,12.17,48.08,50.12,23.32,26.83,51.26,41.76,21.26,24.08,78.1,77.2,50.04,69.08,58.0,17.09,54.59,74.89,50.6,80.1,24.08,40.5,62.13,81.58,18.44,65.39,52.35,12.65,42.19,12.81,55.32,73.24,33.53,69.08,84.38,82.29,69.86,51.61,26.0,51.92,60.53,47.71,45.61,56.92,80.78,29.83,59.03,25.96,34.48,56.04,17.69,13.6,80.1,13.45,39.82
5,32.25,30.53,98.79,84.38,71.61,0.0,67.91,74.24,72.28,4.0,37.2,62.64,92.8,50.0,80.05,46.04,69.05,15.62,52.61,54.59,28.64,82.46,77.79,98.39,92.48,50.99,63.81,40.45,46.04,50.48,89.2,62.64,5.66,40.79,68.26,83.55,77.9,18.87,4.0,42.43,43.91,77.79,36.88,38.21,62.03,66.48,16.12,36.5,76.37,54.0,84.4,22.0,84.02,88.2,68.26,14.14,17.09,70.26,88.54,52.8,44.72,50.04,70.34,30.59,60.13,84.72,66.29,40.01,84.2,48.84,40.05,70.29,61.29,50.99,84.81,77.32
6,66.6,40.0,70.34,90.71,77.79,67.91,0.0,108.17,4.47,67.08,36.5,89.89,72.44,18.11,36.06,26.91,99.86,54.33,100.5,101.86,40.2,81.22,72.99,63.91,53.85,76.03,51.42,91.21,89.11,69.34,76.0,6.32,71.02,35.38,10.2,35.78,68.47,56.36,67.08,92.46,28.64,99.32,77.9,30.46,10.0,88.59,51.92,37.2,71.02,96.21,85.51,76.16,22.8,64.5,10.2,68.03,60.0,10.77,47.54,53.67,95.27,21.26,34.06,75.6,20.88,18.68,96.8,30.02,67.01,85.7,31.62,62.17,79.18,20.88,84.17,110.14
7,47.07,92.2,81.04,38.05,39.4,74.24,108.17,0.0,112.07,78.23,98.95,18.44,70.34,97.51,91.21,82.37,8.49,84.21,26.08,24.41,88.29,47.07,51.26,87.32,89.44,32.25,62.48,36.06,28.28,38.83,61.61,106.68,78.64,74.24,101.21,95.6,56.46,64.78,78.23,34.18,101.19,18.0,38.05,84.31,109.18,21.63,76.66,74.32,52.0,20.88,44.41,52.35,108.9,72.8,101.21,88.36,90.0,102.45,90.55,55.32,33.11,87.82,83.55,44.0,88.41,115.36,11.4,82.35,65.19,26.17,79.62,56.08,30.48,104.0,46.53,3.16
8,70.94,44.05,71.39,93.68,80.99,72.28,4.47,112.07,0.0,71.39,40.2,93.74,74.11,22.36,36.88,31.24,103.73,58.55,104.8,106.15,44.41,83.95,75.71,64.56,54.41,80.0,54.41,95.6,93.38,73.24,78.1,10.0,75.31,39.7,12.17,36.06,71.02,60.83,71.39,96.83,32.25,102.86,82.22,34.93,12.65,92.28,56.32,41.62,73.76,100.42,88.29,80.62,21.26,66.12,12.17,72.11,64.03,12.0,48.08,57.31,99.64,25.61,36.06,80.0,24.17,15.65,100.69,34.48,69.07,89.87,36.06,65.0,82.86,24.33,86.88,113.99
9,35.78,28.64,100.96,87.82,74.89,4.0,67.08,78.23,71.39,0.0,34.99,66.48,95.27,49.03,81.04,46.39,72.99,13.42,56.57,58.55,27.2,85.6,80.72,100.24,94.02,54.63,66.03,44.41,50.04,53.85,91.93,61.61,4.0,41.76,68.03,84.4,80.62,21.26,0.0,46.39,42.05,81.61,40.79,38.0,60.73,70.23,16.12,37.36,79.25,58.0,87.66,26.0,84.02,90.44,68.03,10.2,13.42,70.03,89.89,55.32,48.66,50.04,71.47,34.53,60.53,84.29,70.21,40.11,86.68,52.77,40.45,72.92,64.85,49.4,88.01,81.3
10,51.92,7.21,91.61,95.04,80.89,37.2,36.5,98.95,40.2,34.99,0.0,82.87,89.55,19.7,62.48,28.84,91.78,21.63,83.19,84.97,10.77,88.77,81.61,87.86,79.2,68.47,60.93,71.69,73.54,64.03,89.55,30.27,38.47,31.62,41.23,64.4,79.12,34.93,34.99,73.43,8.0,96.19,62.03,19.7,28.0,84.21,24.41,28.64,79.7,81.71,92.2,53.25,57.58,82.68,41.23,32.98,24.74,43.08,73.59,55.32,76.16,28.28,55.17,57.27,39.7,55.11,88.65,23.26,81.84,73.08,26.0,71.17,76.01,16.0,91.68,101.64
11,32.06,76.42,66.48,28.64,24.08,62.64,89.89,18.44,93.74,66.48,82.87,0.0,56.14,79.85,73.24,64.4,10.0,70.26,27.2,26.68,72.44,34.23,36.22,71.81,72.8,14.56,44.41,31.24,21.26,20.59,48.0,88.59,67.68,56.46,82.8,77.67,40.79,50.04,66.48,30.0,84.4,15.23,26.0,67.05,91.24,6.32,62.03,56.92,36.5,18.97,32.98,42.05,90.55,57.27,82.8,76.66,76.94,84.02,73.35,36.88,30.53,69.77,65.3,32.31,70.0,96.94,7.07,64.85,49.82,15.0,62.03,39.0,12.53,86.65,34.71,20.25
12,64.4,86.53,10.77,34.0,32.06,92.8,72.44,70.34,74.11,95.27,89.55,56.14,0.0,74.67,38.21,60.83,63.15,90.55,82.1,82.02,83.23,23.41,20.0,18.44,25.06,52.95,29.73,81.58,72.69,48.08,8.94,75.31,98.41,58.82,62.29,40.79,16.49,74.03,95.27,81.22,85.91,53.14,68.96,69.97,79.62,50.36,82.02,62.8,20.1,74.03,26.83,81.44,58.86,8.0,62.29,103.32,99.04,62.13,29.73,40.0,82.87,62.77,38.47,72.8,53.85,67.74,61.66,66.37,8.6,65.49,63.81,22.83,45.04,82.87,24.6,70.21
13,52.8,22.09,75.18,86.09,72.25,50.0,18.11,97.51,22.36,49.03,19.7,79.85,74.67,0.0,43.86,16.12,89.55,36.22,86.56,88.09,22.09,78.1,70.26,70.46,61.22,65.39,48.37,76.37,75.6,59.46,76.16,12.65,52.95,23.41,21.54,45.34,66.75,40.0,49.03,77.79,12.81,91.21,64.03,14.14,12.81,79.7,34.18,23.32,68.26,83.23,82.02,60.0,37.95,67.23,21.54,50.0,42.05,23.41,55.32,46.39,80.62,12.17,37.74,60.83,21.63,36.12,86.41,15.26,67.72,73.25,17.89,59.3,70.6,8.25,81.1,99.81
14,62.8,62.13,34.53,63.81,53.81,80.05,36.06,91.21,36.88,81.04,62.48,73.24,38.21,43.86,0.0,35.78,82.8,71.69,92.48,93.23,60.03,52.84,44.94,27.86,17.89,62.61,28.84,86.83,80.99,55.46,43.68,40.25,84.9,39.29,26.0,4.47,39.45,62.51,81.04,87.36,56.57,77.79,72.28,45.65,44.72,69.66,65.15,43.68,43.27,85.91,57.31,78.1,20.88,30.27,26.0,86.16,79.62,25.3,11.66,38.63,89.84,34.41,10.0,72.99,22.8,29.61,80.21,42.49,34.79,75.24,41.23,36.12,60.8,51.22,55.47,92.31
15,39.7,26.91,62.8,70.03,56.14,46.04,26.91,82.37,31.24,46.39,28.84,64.4,60.83,16.12,35.78,0.0,74.24,36.06,73.59,74.97,24.41,62.29,54.59,59.4,51.22,50.12,32.98,64.4,62.23,43.86,61.35,24.41,50.36,8.49,23.41,38.63,51.42,31.05,46.39,65.6,25.3,75.29,50.99,10.0,26.83,63.91,30.27,10.77,52.61,69.43,66.12,50.16,38.21,53.85,23.41,50.6,43.86,25.3,46.04,30.27,68.41,5.66,27.2,48.83,14.14,40.16,71.12,6.71,53.31,59.03,6.0,43.74,54.71,24.0,65.28,84.53
16,40.2,85.16,73.76,32.25,31.62,69.05,99.86,8.49,103.73,72.99,91.78,10.0,63.15,89.55,82.8,74.24,0.0,78.0,25.61,24.41,81.22,40.2,43.68,79.7,81.44,24.17,54.04,33.29,24.17,30.53,54.59,98.49,73.76,66.21,92.8,87.2,48.7,58.14,72.99,31.62,93.68,13.42,32.25,76.55,101.07,13.42,70.11,66.48,44.27,18.44,38.0,47.54,100.42,65.15,92.8,83.19,84.21,94.02,82.37,46.86,31.24,79.65,75.07,38.47,80.0,106.89,3.16,74.46,57.57,20.22,71.69,47.89,22.02,96.21,40.01,10.3
17,38.21,15.23,95.02,88.02,74.32,15.62,54.33,84.21,58.55,13.42,21.63,70.26,90.55,36.22,71.69,36.06,78.0,0.0,65.15,67.05,14.14,84.12,78.23,93.23,86.09,56.89,60.83,53.14,56.89,54.41,88.41,48.66,17.09,33.29,56.14,74.67,77.2,20.4,13.42,55.03,28.64,84.85,46.17,26.68,47.54,72.99,8.94,28.84,76.55,65.12,86.76,34.18,72.44,84.9,56.14,14.56,8.49,58.14,81.41,51.61,57.58,38.83,62.61,40.45,50.0,72.01,75.01,29.41,82.13,58.08,30.46,69.2,66.22,36.06,86.77,87.14
18,33.94,76.03,92.0,55.71,50.36,52.61,100.5,26.08,104.8,56.57,83.19,27.2,82.1,86.56,92.48,73.59,25.61,65.15,0.0,2.0,72.47,61.19,62.13,96.33,95.71,30.59,64.56,12.17,11.66,37.36,74.43,97.59,56.14,65.12,95.6,96.93,66.0,48.37,56.57,10.2,87.13,38.83,22.63,72.47,99.16,33.53,59.09,63.66,62.03,8.25,60.17,31.05,106.68,82.1,95.6,66.27,69.43,97.2,95.08,53.85,8.0,79.25,83.26,26.08,83.23,111.5,24.7,71.51,75.01,17.46,69.31,62.39,37.05,91.61,61.85,29.15
19,35.38,77.82,92.02,55.03,50.16,54.59,101.86,24.41,106.15,58.55,84.97,26.68,82.02,88.09,93.23,74.97,24.41,67.05,2.0,0.0,74.24,60.83,62.03,96.52,96.1,31.05,65.15,14.14,12.81,37.95,74.24,99.04,58.14,66.48,96.83,97.69,66.03,50.12,58.55,12.17,88.84,37.74,24.08,74.03,100.66,32.98,60.93,65.12,62.0,8.0,59.67,32.98,107.7,82.22,96.83,68.26,71.39,98.41,95.6,54.63,10.0,80.62,84.1,27.78,84.4,112.65,23.71,73.0,75.06,18.03,70.77,62.65,37.0,93.23,61.39,27.46
20,41.23,4.0,86.37,85.91,71.81,28.64,40.2,88.29,44.41,27.2,10.77,72.44,83.23,22.09,60.03,24.41,81.22,14.14,72.47,74.24,0.0,80.32,73.54,83.55,75.6,58.14,53.85,61.06,62.77,54.04,82.37,34.53,31.05,24.41,42.43,62.61,71.55,24.17,27.2,62.77,15.62,86.02,51.26,14.42,33.53,74.03,14.14,20.59,71.69,70.94,83.52,42.8,58.86,76.84,42.43,28.07,20.4,44.41,70.46,46.82,65.51,26.0,51.61,46.52,37.58,58.01,78.09,17.8,75.17,62.36,19.8,63.51,66.07,22.36,83.17,91.01
21,50.91,84.12,34.18,11.31,11.66,82.46,81.22,47.07,83.95,85.6,88.77,34.23,23.41,78.1,52.84,62.29,40.2,84.12,61.19,60.83,80.32,0.0,8.25,41.18,45.34,34.99,30.07,62.77,53.14,32.56,14.56,82.39,88.09,57.27,71.81,56.6,13.42,64.9,85.6,62.03,87.13,29.73,52.15,69.43,86.21,28.07,75.18,60.17,10.2,52.95,4.47,66.84,73.35,27.2,71.81,94.87,92.28,72.28,48.17,33.53,63.25,66.03,48.7,57.2,60.53,81.54,39.01,66.1,19.85,45.88,63.15,19.1,25.08,86.21,3.0,46.84
22,47.2,77.25,30.27,18.87,12.17,77.79,72.99,51.26,75.71,80.72,81.61,36.22,20.0,70.26,44.94,54.59,43.68,78.23,62.13,62.03,73.54,8.25,0.0,36.06,38.83,33.53,22.0,62.1,52.95,29.53,12.65,74.24,83.45,50.0,63.56,48.83,5.66,59.67,80.72,61.61,79.62,34.99,50.16,62.1,78.1,30.59,69.34,53.14,2.0,54.04,12.65,63.81,65.3,21.54,63.56,89.64,86.53,64.03,41.04,26.83,63.15,58.14,40.5,54.59,52.35,73.41,41.98,58.69,13.93,45.71,55.79,11.0,25.08,78.41,11.18,51.48
23,73.76,86.28,8.94,52.15,48.08,98.39,63.91,87.32,64.56,100.24,87.86,71.81,18.44,70.46,27.86,59.4,79.7,93.23,96.33,96.52,83.55,41.18,36.06,0.0,10.2,66.03,35.44,94.09,86.02,60.03,27.2,68.03,103.77,60.0,53.85,28.64,31.05,79.62,100.24,94.02,82.8,70.68,80.4,69.31,72.5,66.48,85.44,64.4,35.44,88.57,44.94,90.71,46.17,14.56,53.85,107.07,101.61,53.14,16.49,47.54,96.0,59.67,32.8,83.19,48.83,55.15,77.88,65.8,22.14,79.1,63.78,34.01,59.84,78.23,42.72,87.46
24,70.26,78.1,18.11,56.64,50.12,92.48,53.85,89.44,54.41,94.02,79.2,72.8,25.06,61.22,17.89,51.22,81.44,86.09,95.71,96.1,75.6,45.34,38.83,10.2,0.0,65.12,32.0,92.2,84.85,58.55,32.8,58.14,97.69,52.84,43.86,18.44,33.29,74.0,94.02,92.35,73.76,73.78,78.03,61.22,62.61,68.03,78.71,57.31,37.74,88.29,49.52,86.83,36.06,18.44,43.86,100.24,94.34,43.08,6.32,44.05,94.53,50.91,24.08,80.1,39.7,45.04,79.31,57.8,25.5,78.26,56.04,33.84,60.41,68.82,47.38,89.94
25,18.97,62.13,62.29,34.06,23.32,50.99,76.03,32.25,80.0,54.63,68.47,14.56,52.95,65.39,62.61,50.12,24.17,56.89,30.59,31.05,58.14,34.99,33.53,66.03,65.12,0.0,34.18,28.64,20.0,7.21,46.17,74.43,56.36,42.05,69.43,67.08,36.5,36.5,54.63,28.28,69.86,28.07,17.2,52.5,76.94,16.12,48.37,42.38,32.98,23.41,35.61,32.56,78.41,52.04,69.43,64.62,64.03,70.77,64.56,24.41,30.07,55.57,53.85,22.63,56.64,84.22,21.02,50.33,45.28,13.15,47.54,32.02,10.63,72.11,36.62,34.44
26,38.47,57.31,34.99,39.29,26.83,63.81,51.42,62.48,54.41,66.03,60.93,44.41,29.73,48.37,28.84,32.98,54.04,60.83,64.56,65.15,53.85,30.07,22.0,35.44,32.0,34.18,0.0,60.3,53.37,27.2,28.64,52.35,69.34,29.53,42.38,33.29,18.44,44.94,66.03,60.53,58.24,50.0,46.04,41.23,56.14,41.04,52.35,33.29,20.0,57.58,34.23,55.32,46.86,24.41,42.38,73.76,69.31,43.08,30.59,12.17,62.8,36.22,21.26,48.17,30.59,54.08,51.4,37.7,21.4,47.13,34.93,11.0,32.02,56.57,33.06,63.7
27,25.06,64.5,90.8,59.36,51.26,40.45,91.21,36.06,95.6,44.41,71.69,31.24,81.58,76.37,86.83,64.4,33.29,53.14,12.17,14.14,61.06,62.77,62.1,94.09,92.2,28.64,60.3,0.0,10.0,34.06,74.73,87.86,44.05,56.04,87.13,91.21,65.12,37.2,44.41,2.0,76.03,45.34,14.56,62.23,89.11,37.2,47.41,54.04,61.61,15.23,62.61,18.97,99.32,80.4,87.13,54.15,57.27,88.84,90.8,48.66,4.47,70.0,77.2,15.62,75.18,103.45,31.4,61.62,73.82,17.0,59.67,60.21,37.7,80.92,63.98,39.22
28,22.8,66.48,82.22,49.4,41.76,46.04,89.11,28.28,93.38,50.04,73.54,21.26,72.69,75.6,80.99,62.23,24.17,56.89,11.66,12.81,62.77,53.14,52.95,86.02,84.85,20.0,53.37,10.0,0.0,26.31,65.51,86.37,50.36,53.74,84.02,85.44,56.32,38.63,50.04,8.94,76.94,35.61,11.66,61.61,88.09,27.2,50.0,52.5,52.61,8.25,52.8,24.08,95.02,72.03,84.02,60.13,62.13,85.6,83.95,42.38,10.2,67.88,71.69,16.49,71.61,99.86,21.95,60.44,65.19,7.28,58.14,52.01,28.16,80.99,54.23,31.4
29,18.44,58.03,56.89,34.0,21.26,50.48,69.34,38.83,73.24,53.85,64.03,20.59,48.08,59.46,55.46,43.86,30.53,54.41,37.36,37.95,54.04,32.56,29.53,60.03,58.55,7.21,27.2,34.06,26.31,0.0,42.05,68.0,56.04,36.06,62.48,59.93,31.62,34.18,53.85,34.0,64.78,32.25,20.88,47.07,70.68,20.4,45.61,36.88,28.64,30.46,34.06,34.41,71.22,46.39,62.48,63.53,62.03,63.78,57.72,17.2,36.06,49.19,46.65,25.06,49.68,77.1,27.46,44.64,40.02,19.92,41.76,26.17,12.04,66.48,34.66,40.82
30,59.36,85.88,19.7,25.06,24.08,89.2,76.0,61.61,78.1,91.93,89.55,48.0,8.94,76.16,43.68,61.35,54.59,88.41,74.43,74.24,82.37,14.56,12.65,27.2,32.8,46.17,28.64,74.73,65.51,42.05,0.0,78.23,94.85,58.14,66.03,46.82,11.31,70.71,91.93,74.22,86.65,44.27,62.77,69.86,82.39,42.05,79.65,61.77,13.42,66.27,17.89,76.16,64.56,14.42,66.03,100.5,96.83,66.12,36.72,36.88,75.71,64.03,42.05,67.08,56.32,73.25,53.24,66.31,9.06,58.25,63.56,19.21,37.48,84.4,15.65,61.4
31,63.66,34.06,74.0,91.41,78.1,62.64,6.32,106.68,10.0,61.61,30.27,88.59,75.31,12.65,40.25,24.41,98.49,48.66,97.59,99.04,34.53,82.39,74.24,68.03,58.14,74.43,52.35,87.86,86.37,68.0,78.23,0.0,65.51,32.8,14.42,40.5,70.03,52.15,61.61,89.2,22.36,98.79,74.97,26.08,4.47,87.73,46.82,33.94,72.25,93.72,86.58,72.11,28.84,67.47,14.42,62.13,54.04,15.62,51.88,53.14,92.02,18.87,36.88,72.25,22.0,25.0,95.38,26.25,69.35,83.41,28.28,63.29,78.39,14.56,85.38,108.78
32,37.74,32.31,104.31,89.89,77.2,5.66,71.02,78.64,75.31,4.0,38.47,67.68,98.41,52.95,84.9,50.36,73.76,17.09,56.14,58.14,31.05,88.09,83.45,103.77,97.69,56.36,69.34,44.05,50.36,56.04,94.85,65.51,0.0,45.61,72.03,88.29,83.55,24.41,4.0,46.04,45.69,82.87,41.76,42.0,64.56,71.69,20.1,41.23,82.02,58.14,90.0,26.31,88.02,93.74,72.03,10.2,15.62,74.03,93.64,58.41,48.17,54.04,75.29,35.44,64.5,88.28,71.06,44.1,89.81,53.6,44.41,75.93,66.73,53.14,90.43,81.74
33,31.24,27.78,62.23,64.12,50.04,40.79,35.38,74.24,39.7,41.76,31.62,56.46,58.82,23.41,39.29,8.49,66.21,33.29,65.12,66.48,24.41,57.27,50.0,60.0,52.84,42.05,29.53,56.04,53.74,36.06,58.14,32.8,45.61,0.0,31.3,42.76,47.54,24.08,41.76,57.2,30.07,67.91,42.52,12.17,34.99,56.32,26.0,4.47,48.08,60.96,60.83,42.38,45.12,52.5,31.3,47.41,41.62,33.11,48.33,24.08,60.0,14.14,29.73,40.5,20.4,47.93,63.07,9.0,50.77,50.61,6.0,39.56,47.3,30.59,60.21,76.49
34,62.13,43.17,60.17,81.61,69.08,68.26,10.2,101.21,12.17,68.03,41.23,82.8,62.29,21.54,26.0,23.41,92.8,56.14,95.6,96.83,42.43,71.81,63.56,53.85,43.86,69.43,42.38,87.13,84.02,62.48,66.03,14.42,72.03,31.3,0.0,26.08,58.86,54.41,68.03,88.2,34.0,91.3,73.24,30.07,18.87,80.99,52.15,34.18,61.61,90.69,76.16,73.54,16.49,54.33,0.0,70.46,62.8,2.0,37.58,46.04,90.97,18.44,24.0,71.69,12.81,16.76,89.81,28.44,57.01,79.98,29.12,52.89,71.56,27.2,74.73,103.0
35,67.08,64.5,36.06,67.68,58.0,83.55,35.78,95.6,36.06,84.4,64.4,77.67,40.79,45.34,4.47,38.63,87.2,74.67,96.93,97.69,62.61,56.6,48.83,28.64,18.44,67.08,33.29,91.21,85.44,59.93,46.82,40.5,88.29,42.76,26.08,0.0,43.27,66.27,84.4,91.76,58.14,82.02,76.66,48.33,44.94,74.03,68.41,47.07,47.2,90.38,61.06,82.22,18.11,32.98,26.08,89.2,82.46,25.06,12.17,43.08,94.25,36.72,14.14,77.28,25.06,27.07,84.63,45.31,38.08,79.71,44.27,40.31,65.22,52.35,59.17,96.67
36,48.37,75.15,26.0,24.41,17.09,77.9,68.47,56.46,71.02,80.62,79.12,40.79,16.49,66.75,39.45,51.42,48.7,77.2,66.0,66.03,71.55,13.42,5.66,31.05,33.29,36.5,18.44,65.12,56.32,31.62,11.31,70.03,83.55,47.54,58.86,43.27,0.0,59.4,80.62,64.78,76.66,40.5,52.5,59.46,74.0,35.44,68.41,50.99,4.47,58.03,17.89,65.3,59.93,16.49,58.86,89.2,85.6,59.23,35.38,25.61,66.48,54.59,35.44,56.46,48.04,68.15,46.84,55.97,9.06,49.16,53.14,8.06,29.07,74.97,16.16,56.8
37,18.0,27.86,79.92,68.03,54.59,18.87,56.36,64.78,60.83,21.26,34.93,50.04,74.03,40.0,62.51,31.05,58.14,20.4,48.37,50.12,24.17,64.9,59.67,79.62,74.0,36.5,44.94,37.2,38.63,34.18,70.71,52.15,24.41,24.08,54.41,66.27,59.4,0.0,21.26,38.83,38.83,64.5,27.2,26.08,52.8,52.61,12.0,20.4,58.14,46.82,67.23,20.0,69.05,69.34,54.41,30.0,27.86,56.32,70.34,34.06,41.62,36.06,52.61,22.36,44.41,71.17,55.08,26.4,65.44,38.64,25.3,51.66,45.88,43.86,67.42,67.6
38,35.78,28.64,100.96,87.82,74.89,4.0,67.08,78.23,71.39,0.0,34.99,66.48,95.27,49.03,81.04,46.39,72.99,13.42,56.57,58.55,27.2,85.6,80.72,100.24,94.02,54.63,66.03,44.41,50.04,53.85,91.93,61.61,4.0,41.76,68.03,84.4,80.62,21.26,0.0,46.39,42.05,81.61,40.79,38.0,60.73,70.23,16.12,37.36,79.25,58.0,87.66,26.0,84.02,90.44,68.03,10.2,13.42,70.03,89.89,55.32,48.66,50.04,71.47,34.53,60.53,84.29,70.21,40.11,86.68,52.77,40.45,72.92,64.85,49.4,88.01,81.3
39,26.08,66.24,90.55,58.31,50.6,42.43,92.46,34.18,96.83,46.39,73.43,30.0,81.22,77.79,87.36,65.6,31.62,55.03,10.2,12.17,62.77,62.03,61.61,94.02,92.35,28.28,60.53,2.0,8.94,34.0,74.22,89.2,46.04,57.2,88.2,91.76,64.78,38.83,46.39,0.0,77.67,43.86,15.23,63.66,90.51,36.06,49.19,55.32,61.19,13.42,61.74,20.88,100.18,80.22,88.2,56.14,59.23,89.89,91.08,49.03,2.83,71.22,77.79,16.97,76.16,104.45,29.83,62.97,73.55,16.16,60.96,60.07,37.0,82.46,63.16,37.34
40,54.63,13.42,87.13,94.19,80.1,43.91,28.64,101.19,32.25,42.05,8.0,84.4,85.91,12.81,56.57,25.3,93.68,28.64,87.13,88.84,15.62,87.13,79.62,82.8,73.76,69.86,58.24,76.03,76.94,64.78,86.65,22.36,45.69,30.07,34.0,58.14,76.66,38.83,42.05,77.67,0.0,97.02,65.3,18.0,20.0,85.16,29.73,28.07,77.67,84.97,90.8,58.14,50.16,78.71,34.0,40.79,32.56,35.78,67.94,54.15,80.45,23.32,50.0,61.06,34.06,47.3,90.52,21.1,78.55,75.77,24.08,68.88,76.53,8.0,90.09,103.74
41,46.69,90.02,63.91,20.1,24.08,77.79,99.32,18.0,102.86,81.61,96.19,15.23,53.14,91.21,77.79,75.29,13.42,84.85,38.83,37.74,86.02,29.73,34.99,70.68,73.78,28.07,50.0,45.34,35.61,32.25,44.27,98.79,82.87,67.91,91.3,82.02,40.5,64.5,81.61,43.86,97.02,0.0,41.23,79.25,101.84,12.0,76.42,69.05,36.06,31.24,26.68,57.27,96.83,56.36,91.3,91.76,91.78,92.28,75.6,45.69,43.86,80.32,71.22,47.54,78.71,104.04,14.21,76.69,48.76,30.02,73.76,41.73,20.62,98.49,28.86,17.26
42,11.31,55.03,77.67,50.91,40.5,36.88,77.9,38.05,82.22,40.79,62.03,26.0,68.96,64.03,72.28,50.99,32.25,46.17,22.63,24.08,51.26,52.15,50.16,80.4,78.03,17.2,46.04,14.56,11.66,20.88,62.77,74.97,41.76,42.52,73.24,76.66,52.5,27.2,40.79,15.23,65.3,41.23,0.0,50.0,76.58,30.53,38.83,41.04,49.4,19.7,52.8,16.12,84.97,67.08,73.24,50.99,52.04,74.89,76.42,34.23,17.89,56.64,62.64,6.32,61.06,89.36,29.43,48.92,60.88,12.04,46.69,46.87,27.66,69.34,53.82,41.01
43,38.83,16.97,72.47,76.24,62.13,38.21,30.46,84.31,34.93,38.0,19.7,67.05,69.97,14.14,45.65,10.0,76.55,26.68,72.47,74.03,14.42,69.43,62.1,69.31,61.22,52.5,41.23,62.23,61.61,47.07,69.86,26.08,42.0,12.17,30.07,48.33,59.46,26.08,38.0,63.66,18.0,79.25,50.0,0.0,26.91,67.47,22.09,10.2,60.17,69.34,72.99,46.04,46.04,63.25,30.07,41.23,34.18,32.06,56.04,36.22,66.48,12.17,37.2,46.69,23.41,46.53,73.39,3.61,62.18,59.54,6.32,51.55,58.69,19.7,72.37,86.73
44,65.3,32.56,78.43,95.04,81.58,62.03,10.0,109.18,12.65,60.73,28.0,91.24,79.62,12.81,44.72,26.83,101.07,47.54,99.16,100.66,33.53,86.21,78.1,72.5,62.61,76.94,56.14,89.11,88.09,70.68,82.39,4.47,64.56,34.99,18.87,44.94,74.0,52.8,60.73,90.51,20.0,101.84,76.58,26.91,0.0,90.62,46.52,35.61,76.11,95.6,90.35,72.8,32.8,71.81,18.87,60.53,52.35,20.0,56.36,56.32,93.34,21.54,41.23,73.54,26.08,28.23,97.95,27.66,73.55,85.45,30.0,67.12,81.34,12.0,89.2,111.36
45,34.93,78.03,60.83,22.36,18.44,66.48,88.59,21.63,92.28,70.23,84.21,6.32,50.36,79.7,69.66,63.91,13.42,72.99,33.53,32.98,74.03,28.07,30.59,66.48,68.03,16.12,41.04,37.2,27.2,20.4,42.05,87.73,71.69,56.32,80.99,74.03,35.44,52.61,70.23,36.06,85.16,12.0,30.53,67.47,90.62,0.0,64.5,57.27,31.05,25.3,26.68,46.65,87.73,51.92,80.99,80.32,80.05,82.1,68.96,34.99,36.72,69.08,62.23,36.72,68.26,94.49,11.4,65.0,44.38,20.52,62.1,34.48,9.43,86.83,28.44,22.67
46,30.0,17.2,86.83,79.12,65.39,16.12,51.92,76.66,56.32,16.12,24.41,62.03,82.02,34.18,65.15,30.27,70.11,8.94,59.09,60.93,14.14,75.18,69.34,85.44,78.71,48.37,52.35,47.41,50.0,45.61,79.65,46.82,20.1,26.0,52.15,68.41,68.41,12.0,16.12,49.19,29.73,76.42,38.83,22.09,46.52,64.5,0.0,21.54,67.68,58.24,77.82,28.84,68.0,76.58,52.15,21.63,17.2,54.15,74.32,42.8,51.88,34.0,55.71,33.53,44.41,68.59,67.07,24.02,73.55,50.49,24.33,60.44,57.49,36.06,77.83,79.51
47,29.73,24.17,66.48,66.48,52.35,36.5,37.2,74.32,41.62,37.36,28.64,56.92,62.8,23.32,43.68,10.77,66.48,28.84,63.66,65.12,20.59,60.17,53.14,64.4,57.31,42.38,33.29,54.04,52.5,36.88,61.77,33.94,41.23,4.47,34.18,47.07,50.99,20.4,37.36,55.32,28.07,69.05,41.04,10.2,35.61,57.27,21.54,0.0,51.26,60.0,63.56,39.4,48.66,56.64,34.18,42.94,37.2,36.06,52.8,26.68,58.14,16.12,34.18,38.42,24.08,50.92,63.32,8.06,54.64,49.93,5.66,42.95,48.51,29.73,63.06,76.69
48,46.04,75.39,30.07,20.59,12.65,76.37,71.02,52.0,73.76,79.25,79.7,36.5,20.1,68.26,43.27,52.61,44.27,76.55,62.03,62.0,71.69,10.2,2.0,35.44,37.74,32.98,20.0,61.61,52.61,28.64,13.42,72.25,82.02,48.08,61.61,47.2,4.47,58.14,79.25,61.19,77.67,36.06,49.4,60.17,76.11,31.05,67.68,51.26,0.0,54.0,14.56,62.77,63.53,20.88,61.61,88.09,84.88,62.1,39.7,25.06,62.8,56.14,38.63,53.67,50.36,71.59,42.45,56.75,13.34,45.4,53.85,9.0,25.0,76.42,13.15,52.33
49,30.53,74.67,84.02,47.54,42.19,54.0,96.21,20.88,100.42,58.0,81.71,18.97,74.03,83.23,85.91,69.43,18.44,65.12,8.25,8.0,70.94,52.95,54.04,88.57,88.29,23.41,57.58,15.23,8.25,30.46,66.27,93.72,58.14,60.96,90.69,90.38,58.03,46.82,58.0,13.42,84.97,31.24,19.7,69.34,95.6,25.3,58.24,60.0,54.0,0.0,51.92,32.0,100.96,74.24,90.69,68.03,70.26,92.2,87.93,47.41,12.81,75.07,76.94,24.74,78.1,106.21,17.03,68.01,67.07,10.82,65.6,54.74,29.0,88.84,53.6,24.04
50,52.5,87.36,37.58,7.21,12.81,84.4,85.51,44.41,88.29,87.66,92.2,32.98,26.83,82.02,57.31,66.12,38.0,86.76,60.17,59.67,83.52,4.47,12.65,44.94,49.52,35.61,34.23,62.61,52.8,34.06,17.89,86.58,90.0,60.83,76.16,61.06,17.89,67.23,87.66,61.74,90.8,26.68,52.8,72.99,90.35,26.68,77.82,63.56,14.56,51.92,0.0,67.94,77.82,31.24,76.16,97.1,94.83,76.66,52.5,36.88,62.77,70.0,53.14,58.14,64.78,86.01,37.12,69.72,24.04,45.62,66.75,23.35,25.24,90.09,2.24,43.93
51,17.09,46.04,89.2,66.6,55.32,22.0,76.16,52.35,80.62,26.0,53.25,42.05,81.44,60.0,78.1,50.16,47.54,34.18,31.05,32.98,42.8,66.84,63.81,90.71,86.83,32.56,55.32,18.97,24.08,34.41,76.16,72.11,26.31,42.38,73.54,82.22,65.3,20.0,26.0,20.88,58.14,57.27,16.12,46.04,72.8,46.65,28.84,39.4,62.77,32.0,67.94,0.0,87.36,78.43,73.54,36.06,38.47,75.39,84.21,43.17,23.41,55.46,68.12,10.0,62.64,90.25,44.92,46.14,73.01,27.51,44.72,58.69,43.19,63.66,68.77,55.44
52,74.32,59.67,54.0,84.12,73.24,84.02,22.8,108.9,21.26,84.02,57.58,90.55,58.86,37.95,20.88,38.21,100.42,72.44,106.68,107.7,58.86,73.35,65.3,46.17,36.06,78.41,46.86,99.32,95.02,71.22,64.56,28.84,88.02,45.12,16.49,18.11,59.93,69.05,84.02,100.18,50.16,96.83,84.97,46.04,32.8,87.73,68.0,48.66,63.53,100.96,77.82,87.36,0.0,50.99,16.49,86.83,79.25,14.56,30.0,54.04,102.86,34.0,25.61,84.31,24.74,9.0,97.62,44.01,55.66,90.14,44.18,55.76,78.49,42.94,76.06,110.32
53,61.35,80.0,10.77,38.42,33.53,88.2,64.5,72.8,66.12,90.44,82.68,57.27,8.0,67.23,30.27,53.85,65.15,84.9,82.1,82.22,76.84,27.2,21.54,14.56,18.44,52.04,24.41,80.4,72.03,46.39,14.42,67.47,93.74,52.5,54.33,32.98,16.49,69.34,90.44,80.22,78.71,56.36,67.08,63.25,71.81,51.92,76.58,56.64,20.88,74.24,31.24,78.43,50.99,0.0,54.33,98.08,93.38,54.15,22.36,35.78,82.1,55.46,30.59,70.34,46.17,59.84,63.32,59.64,7.62,65.0,57.2,20.22,45.4,75.39,29.07,73.01
54,62.13,43.17,60.17,81.61,69.08,68.26,10.2,101.21,12.17,68.03,41.23,82.8,62.29,21.54,26.0,23.41,92.8,56.14,95.6,96.83,42.43,71.81,63.56,53.85,43.86,69.43,42.38,87.13,84.02,62.48,66.03,14.42,72.03,31.3,0.0,26.08,58.86,54.41,68.03,88.2,34.0,91.3,73.24,30.07,18.87,80.99,52.15,34.18,61.61,90.69,76.16,73.54,16.49,54.33,0.0,70.46,62.8,2.0,37.58,46.04,90.97,18.44,24.0,71.69,12.81,16.76,89.81,28.44,57.01,79.98,29.12,52.89,71.56,27.2,74.73,103.0
55,45.69,28.07,108.41,97.53,84.38,14.14,68.03,88.36,72.11,10.2,32.98,76.66,103.32,50.0,86.16,50.6,83.19,14.56,66.27,68.26,28.07,94.87,89.64,107.07,100.24,64.62,73.76,54.15,60.13,63.53,100.5,62.13,10.2,47.41,70.46,89.2,89.2,30.0,10.2,56.14,40.79,91.76,50.99,41.23,60.53,80.32,21.63,42.94,88.09,68.03,97.1,36.06,86.83,98.08,70.46,0.0,8.25,72.44,95.71,63.66,58.31,53.37,76.97,44.72,64.56,86.05,80.41,43.97,94.79,62.97,44.94,81.34,74.73,48.66,97.35,91.44
56,45.12,20.0,103.48,95.85,82.29,17.09,60.0,90.0,64.03,13.42,24.74,76.94,99.04,42.05,79.62,43.86,84.21,8.49,69.43,71.39,20.4,92.28,86.53,101.61,94.34,64.03,69.31,57.27,62.13,62.03,96.83,54.04,15.62,41.62,62.8,82.46,85.6,27.86,13.42,59.23,32.56,91.78,52.04,34.18,52.35,80.05,17.2,37.2,84.88,70.26,94.83,38.47,79.25,93.38,62.8,8.25,0.0,64.78,89.55,60.0,61.61,46.17,70.71,46.0,57.58,78.16,81.3,37.16,90.61,64.07,38.47,77.62,73.68,40.45,94.89,93.01
57,63.81,45.12,59.67,82.22,69.86,70.26,10.77,102.45,12.0,70.03,43.08,84.02,62.13,23.41,25.3,25.3,94.02,58.14,97.2,98.41,44.41,72.28,64.03,53.14,43.08,70.77,43.08,88.84,85.6,63.78,66.12,15.62,74.03,33.11,2.0,25.06,59.23,56.32,70.03,89.89,35.78,92.28,74.89,32.06,20.0,82.1,54.15,36.06,62.1,92.2,76.66,75.39,14.56,54.15,2.0,72.44,64.78,0.0,36.77,47.2,92.65,20.4,24.08,73.43,14.14,14.87,91.05,30.41,57.08,81.47,31.05,53.45,72.67,28.84,75.19,104.2
58,68.0,72.8,24.0,59.46,51.61,88.54,47.54,90.55,48.08,89.89,73.59,73.35,29.73,55.32,11.66,46.04,82.37,81.41,95.08,95.6,70.46,48.17,41.04,16.49,6.32,64.56,30.59,90.8,83.95,57.72,36.72,51.88,93.64,48.33,37.58,12.17,35.38,70.34,89.89,91.08,67.94,75.6,76.42,56.04,56.36,68.96,74.32,52.8,39.7,87.93,52.5,84.21,30.0,22.36,37.58,95.71,89.55,36.77,0.0,42.19,93.38,45.34,18.87,78.03,33.94,39.0,80.06,52.7,28.6,77.62,51.11,34.48,60.84,62.8,50.45,91.27
59,26.31,50.6,46.52,40.05,26.0,52.8,53.67,55.32,57.31,55.32,55.32,36.88,40.0,46.39,38.63,30.27,46.86,51.61,53.85,54.63,46.82,33.53,26.83,47.54,44.05,24.41,12.17,48.66,42.38,17.2,36.88,53.14,58.41,24.08,46.04,43.08,25.61,34.06,55.32,49.03,54.15,45.69,34.23,36.22,56.32,34.99,42.8,26.68,25.06,47.41,36.88,43.17,54.04,35.78,46.04,63.66,60.0,47.2,42.19,0.0,51.42,34.93,29.53,36.06,33.29,60.11,43.93,33.06,31.4,36.67,30.07,17.69,25.55,54.15,36.4,57.01
60,28.84,68.96,92.35,59.06,51.92,44.72,95.27,33.11,99.64,48.66,76.16,30.53,82.87,80.62,89.84,68.41,31.24,57.58,8.0,10.0,65.51,63.25,63.15,96.0,94.53,30.07,62.8,4.47,10.2,36.06,75.71,92.02,48.17,60.0,90.97,94.25,66.48,41.62,48.66,2.83,80.45,43.86,17.89,66.48,93.34,36.72,51.88,58.14,62.8,12.81,62.77,23.41,102.86,82.1,90.97,58.31,61.61,92.65,93.38,51.42,0.0,74.03,80.32,19.8,78.89,107.19,29.7,65.8,75.33,17.46,63.78,62.01,38.33,85.28,64.26,36.25
61,45.34,27.78,63.81,74.24,60.53,50.04,21.26,87.82,25.61,50.04,28.28,69.77,62.77,12.17,34.41,5.66,79.65,38.83,79.25,80.62,26.0,66.03,58.14,59.67,50.91,55.57,36.22,70.0,67.88,49.19,64.03,18.87,54.04,14.14,18.44,36.72,54.59,36.06,50.04,71.22,23.32,80.32,56.64,12.17,21.54,69.08,34.0,16.12,56.14,75.07,70.0,55.46,34.0,55.46,18.44,53.37,46.17,20.4,45.34,34.93,74.03,0.0,26.91,54.41,11.66,35.17,76.54,10.05,55.66,64.66,10.77,47.17,59.81,20.4,69.03,89.94
62,52.95,54.04,37.58,59.09,47.71,70.34,34.06,83.55,36.06,71.47,55.17,65.3,38.47,37.74,10.0,27.2,75.07,62.61,83.26,84.1,51.61,48.7,40.5,32.8,24.08,53.85,21.26,77.2,71.69,46.65,42.05,36.88,75.29,29.73,24.0,14.14,35.44,52.61,71.47,77.79,50.0,71.22,62.64,37.2,41.23,62.23,55.71,34.18,38.63,76.94,53.14,68.12,25.61,30.59,24.0,76.97,70.71,24.08,18.87,29.53,80.32,26.91,0.0,63.15,16.12,33.12,72.35,33.84,33.02,66.19,32.25,30.41,53.08,45.65,51.55,84.86
63,10.2,50.16,81.04,56.64,45.61,30.59,75.6,44.0,80.0,34.53,57.27,32.31,72.8,60.83,72.99,48.83,38.47,40.45,26.08,27.78,46.52,57.2,54.59,83.19,80.1,22.63,48.17,15.62,16.49,25.06,67.08,72.25,35.44,40.5,71.69,77.28,56.46,22.36,34.53,16.97,61.06,47.54,6.32,46.69,73.54,36.72,33.53,38.42,53.67,24.74,58.14,10.0,84.31,70.34,71.69,44.72,46.0,73.43,78.03,36.06,19.8,54.41,63.15,0.0,59.93,88.12,35.69,46.01,64.51,18.25,44.05,50.29,33.24,65.6,59.03,47.01
64,50.12,39.45,53.67,69.86,56.92,60.13,20.88,88.41,24.17,60.53,39.7,70.0,53.85,21.63,22.8,14.14,80.0,50.0,83.23,84.4,37.58,60.53,52.35,48.83,39.7,56.64,30.59,75.18,71.61,49.68,56.32,22.0,64.5,20.4,12.81,25.06,48.04,44.41,60.53,76.16,34.06,78.71,61.06,23.41,26.08,68.26,44.41,24.08,50.36,78.1,64.78,62.64,24.74,46.17,12.81,64.56,57.58,14.14,33.94,33.29,78.89,11.66,16.12,59.93,0.0,28.3,77.01,20.62,47.52,67.36,20.1,41.44,58.83,29.53,63.51,90.21
65,78.39,58.22,63.0,92.14,80.78,84.72,18.68,115.36,15.65,84.29,55.11,96.94,67.74,36.12,29.61,40.16,106.89,72.01,111.5,112.65,58.01,81.54,73.41,55.15,45.04,84.22,54.08,103.45,99.86,77.1,73.25,25.0,88.28,47.93,16.76,27.07,68.15,71.17,84.29,104.45,47.3,104.04,89.36,46.53,28.23,94.49,68.59,50.92,71.59,106.21,86.01,90.25,9.0,59.84,16.76,86.05,78.16,14.87,39.0,60.11,107.19,35.17,33.12,88.12,28.3,0.0,104.0,45.12,64.29,95.43,45.88,63.53,85.15,39.56,84.31,116.93
66,37.12,82.04,72.18,31.78,29.83,66.29,96.8,11.4,100.69,70.21,88.65,7.07,61.66,86.41,80.21,71.12,3.16,75.01,24.7,23.71,78.09,39.01,41.98,77.88,79.31,21.02,51.4,31.4,21.95,27.46,53.24,95.38,71.06,63.07,89.81,84.63,46.84,55.08,70.21,29.83,90.52,14.21,29.43,73.39,97.95,11.4,67.07,63.32,42.45,17.03,37.12,44.92,97.62,63.32,89.81,80.41,81.3,91.05,80.06,43.93,29.7,76.54,72.35,35.69,77.01,104.0,0.0,71.31,55.79,17.46,68.54,45.62,19.42,93.05,39.05,13.42
67,37.64,20.52,68.88,73.11,59.03,40.01,30.02,82.35,34.48,40.11,23.26,64.85,66.37,15.26,42.49,6.71,74.46,29.41,71.51,73.0,17.8,66.1,58.69,65.8,57.8,50.33,37.7,61.62,60.44,44.64,66.31,26.25,44.1,9.0,28.44,45.31,55.97,26.4,40.11,62.97,21.1,76.69,48.92,3.61,27.66,65.0,24.02,8.06,56.75,68.01,69.72,46.14,44.01,59.64,28.44,43.97,37.16,30.41,52.7,33.06,65.8,10.05,33.84,46.01,20.62,45.12,71.31,0.0,58.59,57.98,3.0,48.08,56.09,21.84,69.05,84.69
68,55.95,78.55,17.03,31.14,25.96,84.2,67.01,65.19,69.07,86.68,81.84,49.82,8.6,67.72,34.79,53.31,57.57,82.13,75.01,75.06,75.17,19.85,13.93,22.14,25.5,45.28,21.4,73.82,65.19,40.02,9.06,69.35,89.81,50.77,57.01,38.08,9.06,65.44,86.68,73.55,78.55,48.76,60.88,62.18,73.55,44.38,73.55,54.64,13.34,67.07,24.04,73.01,55.66,7.62,57.01,94.79,90.61,57.08,28.6,31.4,75.33,55.66,33.02,64.51,47.52,64.29,55.79,58.59,0.0,58.08,55.95,14.32,38.12,75.96,21.93,65.39
69,21.19,66.22,75.11,42.44,34.48,48.84,85.7,26.17,89.87,52.77,73.08,15.0,65.49,73.25,75.24,59.03,20.22,58.08,17.46,18.03,62.36,45.88,45.71,79.1,78.26,13.15,47.13,17.0,7.28,19.92,58.25,83.41,53.6,50.61,79.98,79.71,49.16,38.64,52.77,16.16,75.77,30.02,12.04,59.54,85.45,20.52,50.49,49.93,45.4,10.82,45.62,27.51,90.14,65.0,79.98,62.97,64.07,81.47,77.62,36.67,17.46,64.66,66.19,18.25,67.36,95.43,17.46,57.98,58.08,0.0,55.47,45.1,20.88,79.18,47.01,29.07
70,35.38,22.8,66.6,70.11,56.04,40.05,31.62,79.62,36.06,40.45,26.0,62.03,63.81,17.89,41.23,6.0,71.69,30.46,69.31,70.77,19.8,63.15,55.79,63.78,56.04,47.54,34.93,59.67,58.14,41.76,63.56,28.28,44.41,6.0,29.12,44.27,53.14,25.3,40.45,60.96,24.08,73.76,46.69,6.32,30.0,62.1,24.33,5.66,53.85,65.6,66.75,44.72,44.18,57.2,29.12,44.94,38.47,31.05,51.11,30.07,63.78,10.77,32.25,44.05,20.1,45.88,68.54,3.0,55.95,55.47,0.0,45.22,53.15,24.74,66.1,81.94
71,41.63,67.12,30.81,28.79,17.69,70.29,62.17,56.08,65.0,72.92,71.17,39.0,22.83,59.3,36.12,43.74,47.89,69.2,62.39,62.65,63.51,19.1,11.0,34.01,33.84,32.02,11.0,60.21,52.01,26.17,19.21,63.29,75.93,39.56,52.89,40.31,8.06,51.66,72.92,60.07,68.88,41.73,46.87,51.55,67.12,34.48,60.44,42.95,9.0,54.74,23.35,58.69,55.76,20.22,52.89,81.34,77.62,53.45,34.48,17.69,62.01,47.17,30.41,50.29,41.44,63.53,45.62,48.08,14.32,45.1,45.22,0.0,26.57,67.48,22.09,56.86
72,29.07,70.06,55.04,23.43,13.6,61.29,79.18,30.48,82.86,64.85,76.01,12.53,45.04,70.6,60.8,54.71,22.02,66.22,37.05,37.0,66.07,25.08,25.08,59.84,60.41,10.63,32.02,37.7,28.16,12.04,37.48,78.39,66.73,47.3,71.56,65.22,29.07,45.88,64.85,37.0,76.53,20.62,27.66,58.69,81.34,9.43,57.49,48.51,25.0,29.0,25.24,43.19,78.49,45.4,71.56,74.73,73.68,72.67,60.84,25.55,38.33,59.81,53.08,33.24,58.83,85.15,19.42,56.09,38.12,20.88,53.15,26.57,0.0,77.88,26.42,31.83
73,58.31,20.88,83.19,94.02,80.1,50.99,20.88,104.0,24.33,49.4,16.0,86.65,82.87,8.25,51.22,24.0,96.21,36.06,91.61,93.23,22.36,86.21,78.41,78.23,68.82,72.11,56.57,80.92,80.99,66.48,84.4,14.56,53.14,30.59,27.2,52.35,74.97,43.86,49.4,82.46,8.0,98.49,69.34,19.7,12.0,86.83,36.06,29.73,76.42,88.84,90.09,63.66,42.94,75.39,27.2,48.66,40.45,28.84,62.8,54.15,85.28,20.4,45.65,65.6,29.53,39.56,93.05,21.84,75.96,79.18,24.74,67.48,77.88,0.0,89.2,106.4
74,53.08,86.98,35.34,9.43,13.45,84.81,84.17,46.53,86.88,88.01,91.68,34.71,24.6,81.1,55.47,65.28,40.01,86.77,61.85,61.39,83.17,3.0,11.18,42.72,47.38,36.62,33.06,63.98,54.23,34.66,15.65,85.38,90.43,60.21,74.73,59.17,16.16,67.42,88.01,63.16,90.09,28.86,53.82,72.37,89.2,28.44,77.83,63.06,13.15,53.6,2.24,68.77,76.06,29.07,74.73,97.35,94.89,75.19,50.45,36.4,64.26,69.03,51.55,59.03,63.51,84.31,39.05,69.05,21.93,47.01,66.1,22.09,26.42,89.2,0.0,46.1
75,49.82,94.92,80.96,37.34,39.82,77.32,110.14,3.16,113.99,81.3,101.64,20.25,70.21,99.81,92.31,84.53,10.3,87.14,29.15,27.46,91.01,46.84,51.48,87.46,89.94,34.44,63.7,39.22,31.4,40.82,61.4,108.78,81.74,76.49,103.0,96.67,56.8,67.6,81.3,37.34,103.74,17.26,41.01,86.73,111.36,22.67,79.51,76.69,52.33,24.04,43.93,55.44,110.32,73.01,103.0,91.44,93.01,104.2,91.27,57.01,36.25,89.94,84.86,47.01,90.21,116.93,13.42,84.69,65.39,29.07,81.94,56.86,31.83,106.4,46.1,0.0
