vehicles
vehicle_idx, capacity, cost_per_unit_distance
1,100,3
2,100,3
3,100,3
4,100,3
5,100,3
6,100,3
7,100,3
8,100,3
9,100,3
depot
node_idx,x,y
0,59,44
home delivery customers
node_idx,x,y,service_time,demand
1,36,93,10,6
2,11,8,10,1
3,46,7,10,1
4,67,18,10,5
5,34,93,10,5
6,58,50,10,6
7,50,73,10,39
8,64,4,10,8
9,79,30,10,13
10,28,50,10,3
11,68,59,10,7
12,25,16,10,13
13,11,57,10,21
14,3,51,10,25
15,58,18,10,13
16,40,39,10,12
17,32,89,10,23
18,82,13,10,7
19,10,25,10,15
20,33,31,10,30
21,43,59,10,5
22,94,54,10,12
23,14,40,10,25
24,37,0,10,24
self pickup customers
node_idx,x,y,service_time,demand,locker_idxs
25,87,9,10,9,70
26,34,16,10,16,70
27,0,60,10,9,71
28,64,90,10,12,69
29,23,84,10,10,79
30,19,25,10,9,70
31,70,64,10,12,75-78
32,5,78,10,6,79
33,95,39,10,20,78
34,39,28,10,2,71-70
35,14,9,10,23,70
36,94,87,10,10,69
37,68,29,10,7,75
38,2,22,10,20,70
39,36,14,10,10,70
40,40,91,10,13,73
41,41,24,10,7,71
42,94,16,10,25,75
43,80,25,10,22,75-70
44,37,64,10,7,76-74-77
45,87,47,10,24,72-78-75
46,18,68,10,18,79-76
flexible customers
node_idx,x,y,service_time,demand,locker_idxs
47,9,23,10,2,70
48,84,68,10,1,72-78-75
49,40,98,10,5,73-79-76
50,72,43,10,3,72-78-75-74
51,33,54,10,18,74-77-71
52,14,9,10,16,70
53,38,54,10,23,71-77-74
54,48,46,10,17,74-77-71
55,61,36,10,17,77-74-75
56,51,91,10,2,76-69
57,12,91,10,12,73-79-76
58,13,52,10,5,77-71
59,9,76,10,4,79
60,9,92,10,19,79-73
61,96,97,10,5,69
62,20,21,10,15,70
63,72,74,10,15,78-69
64,90,20,10,9,70
65,4,44,10,23,71
66,54,22,10,8,71-77
67,3,70,10,8,79
68,88,55,10,8,72-78-75-69
lockers
node_idx,x,y,service_time,capacity,cost_per_unit_good
69,65,88,10,72
70,25,15,10,82
71,32,36,10,83
72,97,49,10,89
73,29,103,10,92
74,47,51,10,78
75,81,48,10,92
76,37,86,10,80
77,40,46,10,100
78,84,57,10,82
79,22,88,10,79
mrt lines
start_node_idx,end_node_idx,freight_capacity,cost_per_unit_good
69,70,82,0.5
70,69,82,0.5
distance matrix
,0,1,2,3,4,5,6,7,8,9,10,11,12,13,14,15,16,17,18,19,20,21,22,23,24,25,26,27,28,29,30,31,32,33,34,35,36,37,38,39,40,41,42,43,44,45,46,47,48,49,50,51,52,53,54,55,56,57,58,59,60,61,62,63,64,65,66,67,68,69,70,71,72,73,74,75,76,77,78,79,
0,0.0,54.13,60.0,39.22,27.2,55.01,6.08,30.36,40.31,24.41,31.58,17.49,44.05,49.73,56.44,26.02,19.65,52.48,38.6,52.55,29.07,21.93,36.4,45.18,49.19,44.82,37.54,61.13,46.27,53.81,44.28,22.83,63.81,36.35,25.61,57.01,55.44,17.49,61.1,37.8,50.7,26.91,44.82,28.32,29.73,28.16,47.51,54.23,34.66,57.25,13.04,27.86,57.01,23.26,11.18,8.25,47.68,66.47,46.69,59.36,69.31,64.64,45.28,32.7,39.2,55.0,22.56,61.74,31.02,44.41,44.69,28.16,38.33,66.19,13.89,22.36,47.41,19.1,28.18,57.49
1,54.13,0.0,88.6,86.58,81.15,2.0,48.3,24.41,93.3,76.28,43.74,46.69,77.78,43.83,53.41,78.16,54.15,5.66,92.28,72.8,62.07,34.71,69.89,57.38,93.01,98.27,77.03,48.84,28.16,15.81,70.09,44.69,34.44,79.98,65.07,86.83,58.31,71.55,78.72,79.0,4.47,69.18,96.4,80.99,29.02,68.68,30.81,75.03,54.12,6.4,61.61,39.12,86.83,39.05,48.51,62.24,15.13,24.08,47.01,31.91,27.02,60.13,73.76,40.71,90.8,58.52,73.25,40.22,64.4,29.43,78.77,57.14,75.21,12.21,43.42,63.64,7.07,47.17,60.0,14.87
2,60.0,88.6,0.0,35.01,56.89,88.06,63.03,75.8,53.15,71.47,45.31,76.49,16.12,49.0,43.74,48.05,42.45,83.68,71.18,17.03,31.83,60.21,94.89,32.14,27.2,76.01,24.35,53.15,97.64,76.94,18.79,81.34,70.26,89.54,34.41,3.16,114.59,60.75,16.64,25.71,87.92,34.0,83.38,71.06,61.74,85.42,60.41,15.13,94.49,94.56,70.33,50.99,3.16,53.34,53.04,57.31,92.14,83.01,44.05,68.03,84.02,123.07,15.81,89.87,79.91,36.67,45.22,62.51,90.21,96.52,15.65,35.0,95.27,96.69,56.08,80.62,82.22,47.8,87.92,80.75
3,39.22,86.58,35.01,0.0,23.71,86.83,44.64,66.12,18.25,40.22,46.62,56.46,22.85,61.03,61.52,16.28,32.56,83.19,36.5,40.25,27.29,52.09,67.18,45.97,11.4,41.05,15.0,70.18,84.93,80.36,32.45,61.85,81.99,58.52,22.14,32.06,93.3,31.11,46.49,12.21,84.21,17.72,48.84,38.47,57.71,57.28,67.12,40.31,71.87,91.2,44.41,48.76,32.06,47.68,39.05,32.65,84.15,90.62,55.8,78.29,92.7,102.96,29.53,71.87,45.88,55.97,17.0,76.28,63.78,83.2,22.47,32.2,66.07,97.49,44.01,53.91,79.51,39.46,62.8,84.48
4,27.2,81.15,56.89,23.71,0.0,81.94,33.24,57.57,14.32,16.97,50.45,41.01,42.05,68.24,72.01,9.0,34.21,79.16,15.81,57.43,36.4,47.51,45.0,57.38,34.99,21.93,33.06,79.08,72.06,79.32,48.51,46.1,86.28,35.0,29.73,53.76,74.09,11.05,65.12,31.26,77.83,26.68,27.07,14.76,54.92,35.23,70.01,58.22,52.81,84.43,25.5,49.52,53.76,46.23,33.84,18.97,74.73,91.4,63.81,82.02,94.02,84.15,47.1,56.22,23.09,68.15,13.6,82.46,42.54,70.03,42.11,39.36,43.14,93.11,38.59,33.11,74.32,38.9,42.54,83.22
5,55.01,2.0,88.06,86.83,81.94,0.0,49.24,25.61,93.92,77.42,43.42,48.08,77.52,42.72,52.2,78.75,54.33,4.47,93.3,72.11,62.01,35.17,71.56,56.65,93.05,99.32,77.0,47.38,30.15,14.21,69.63,46.23,32.65,81.47,65.19,86.35,60.3,72.47,77.88,79.03,6.32,69.35,97.62,82.1,29.15,70.18,29.68,74.33,55.9,7.81,62.8,39.01,86.35,39.2,49.04,63.07,17.12,22.09,46.07,30.23,25.02,62.13,73.35,42.49,92.01,57.45,73.76,38.6,66.03,31.4,78.52,57.04,76.84,11.18,43.97,65.07,7.62,47.38,61.61,13.0
6,6.08,48.3,63.03,44.64,33.24,49.24,0.0,24.35,46.39,29.0,30.0,13.45,47.38,47.52,55.01,32.0,21.1,46.87,44.1,54.12,31.4,17.49,36.22,45.12,54.23,50.22,41.62,58.86,40.45,48.8,46.32,18.44,59.94,38.6,29.07,60.14,51.62,23.26,62.61,42.19,44.78,31.06,49.52,33.3,25.24,29.15,43.86,55.95,31.62,51.26,15.65,25.32,60.14,20.4,10.77,14.32,41.59,61.62,45.04,55.47,64.54,60.44,47.8,27.78,43.86,54.33,28.28,58.52,30.41,38.64,48.1,29.53,39.01,60.42,11.05,23.09,41.68,18.44,26.93,52.35
7,30.36,24.41,75.8,66.12,57.57,25.61,24.35,0.0,70.41,51.87,31.83,22.8,62.24,42.15,51.89,55.58,35.44,24.08,68.0,62.48,45.31,15.65,47.93,48.84,74.15,73.93,59.2,51.66,22.02,29.15,57.14,21.93,45.28,56.4,46.32,73.43,46.17,47.54,70.04,60.64,20.59,49.82,72.01,56.6,15.81,45.22,32.39,64.66,34.37,26.93,37.2,25.5,73.43,22.47,27.07,38.6,18.03,42.05,42.54,41.11,45.19,51.88,60.03,22.02,66.4,54.38,51.16,47.1,42.05,21.21,63.16,41.15,52.77,36.62,22.2,39.82,18.38,28.79,37.58,31.76
8,40.31,93.3,53.15,18.25,14.32,93.92,46.39,70.41,0.0,30.02,58.41,55.15,40.8,74.95,77.01,15.23,42.44,90.82,20.12,57.94,41.11,58.87,58.31,61.61,27.29,23.54,32.31,85.04,86.0,89.89,49.66,60.3,94.64,46.75,34.66,50.25,88.26,25.32,64.56,29.73,90.25,30.48,32.31,26.4,65.8,48.76,78.82,58.19,67.05,97.02,39.81,58.83,50.25,56.36,44.94,32.14,87.97,101.36,70.04,90.6,103.77,98.35,47.17,70.46,30.53,72.11,20.59,89.87,56.36,84.01,40.52,45.25,55.8,105.0,49.98,47.17,86.33,48.37,56.65,93.91
9,24.41,76.28,71.47,40.22,16.97,77.42,29.0,51.87,30.02,0.0,54.78,31.02,55.79,73.16,78.85,24.19,40.02,75.43,17.26,69.18,46.01,46.23,28.3,65.76,51.61,22.47,47.13,84.5,61.85,77.79,60.21,35.17,88.2,18.36,40.05,68.31,58.94,11.05,77.41,45.88,72.4,38.47,20.52,5.1,54.04,18.79,71.87,70.35,38.33,78.39,14.76,51.88,68.31,47.51,34.89,18.97,67.12,90.61,69.57,83.76,93.51,69.12,59.68,44.55,14.87,76.3,26.25,85.88,26.57,59.67,56.04,47.38,26.17,88.48,38.28,18.11,70.0,42.15,27.46,81.32
10,31.58,43.74,45.31,46.62,50.45,43.42,30.0,31.83,58.41,54.78,0.0,41.0,34.13,18.38,25.02,43.86,16.28,39.2,65.46,30.81,19.65,17.49,66.12,17.2,50.8,71.85,34.53,29.73,53.81,34.37,26.57,44.27,36.24,67.9,24.6,43.32,75.66,45.18,38.21,36.88,42.72,29.07,74.24,57.7,16.64,59.08,20.59,33.02,58.82,49.48,44.55,6.4,43.32,10.77,20.4,35.85,47.01,44.01,15.13,32.2,46.1,82.66,30.08,50.12,68.88,24.74,38.21,32.02,60.21,53.04,35.13,14.56,69.01,53.01,19.03,53.04,37.11,12.65,56.44,38.47
11,17.49,46.69,76.49,56.46,41.01,48.08,13.45,22.8,55.15,31.02,41.0,0.0,60.81,57.04,65.49,42.2,34.41,46.86,48.08,67.23,44.82,25.0,26.48,57.25,66.65,53.49,54.82,68.01,31.26,51.48,59.64,5.39,65.8,33.6,42.45,73.59,38.21,30.0,75.66,55.22,42.52,44.2,50.25,36.06,31.4,22.47,50.8,69.12,18.36,48.01,16.49,35.36,73.59,30.41,23.85,24.04,36.24,64.5,55.44,61.4,67.6,47.2,61.22,15.52,44.78,65.73,39.56,65.92,20.4,29.15,61.52,42.72,30.68,58.8,22.47,17.03,41.11,30.87,16.12,54.38
12,44.05,77.78,16.12,22.85,42.05,77.52,47.38,62.24,40.8,55.79,34.13,60.81,0.0,43.32,41.34,33.06,27.46,73.33,57.08,17.49,17.0,46.62,78.77,26.4,20.0,62.39,9.0,50.61,83.65,68.03,10.82,65.8,65.15,73.68,18.44,13.04,99.01,44.92,23.77,11.18,76.49,17.89,69.0,55.73,49.48,69.32,52.47,17.46,78.64,83.36,54.2,38.83,13.04,40.16,37.8,41.18,79.38,76.12,37.95,62.1,77.67,107.71,7.07,74.65,65.12,35.0,29.61,58.31,74.09,82.37,1.0,21.19,79.2,87.09,41.34,64.5,71.02,33.54,71.85,72.06
13,49.73,43.83,49.0,61.03,68.24,42.72,47.52,42.15,74.95,73.16,18.38,57.04,43.32,0.0,10.0,61.07,34.13,38.28,83.53,32.02,34.06,32.06,83.05,17.26,62.65,89.89,47.01,11.4,62.43,29.55,32.98,59.41,21.84,85.91,40.31,48.09,88.26,63.51,36.14,49.74,44.69,44.6,92.57,76.06,26.93,76.66,13.04,34.06,73.82,50.22,62.59,22.2,48.09,27.17,38.6,54.23,52.5,34.01,5.39,19.1,35.06,93.94,37.11,63.32,87.24,14.76,55.44,15.26,77.03,62.27,44.27,29.7,86.37,49.4,36.5,70.58,38.95,31.02,73.0,32.89
14,56.44,53.41,43.74,61.52,72.01,52.2,55.01,51.89,77.01,78.85,25.02,65.49,41.34,10.0,0.0,64.14,38.9,47.8,87.66,26.93,36.06,40.79,91.05,15.56,61.29,93.91,46.75,9.49,72.4,38.59,30.53,68.25,27.07,92.78,42.72,43.42,97.86,68.62,29.02,49.58,54.49,46.62,97.5,81.27,36.4,84.1,22.67,28.64,82.76,59.82,69.46,30.15,43.42,35.13,45.28,59.91,62.48,41.0,10.05,25.71,41.44,103.75,34.48,72.73,92.36,7.07,58.67,19.0,85.09,72.2,42.19,32.65,94.02,58.14,44.0,78.06,48.8,37.34,81.22,41.59
15,26.02,78.16,48.05,16.28,9.0,78.75,32.0,55.58,15.23,24.19,43.86,42.2,33.06,61.07,64.14,0.0,27.66,75.61,24.52,48.51,28.18,43.66,50.91,49.19,27.66,30.36,24.08,71.61,72.25,74.71,39.62,47.54,80.06,42.54,21.47,44.91,77.83,14.87,56.14,22.36,75.19,18.03,36.06,23.09,50.57,41.01,64.03,49.25,56.36,82.0,28.65,43.83,44.91,41.18,29.73,18.25,73.33,86.28,56.4,75.93,88.75,87.66,38.12,57.72,32.06,59.93,5.66,75.69,47.63,70.35,33.14,31.62,49.82,89.81,34.79,37.8,71.17,33.29,46.87,78.71
16,19.65,54.15,42.45,32.56,34.21,54.33,21.1,35.44,42.44,40.02,16.28,34.41,27.46,34.13,38.9,27.66,0.0,50.64,49.4,33.11,10.63,20.22,56.04,26.02,39.12,55.76,23.77,45.18,56.36,48.1,25.24,39.05,52.4,55.0,11.05,39.7,72.25,29.73,41.63,25.32,52.0,15.03,58.69,42.38,25.18,47.68,36.4,34.89,52.7,59.0,32.25,16.55,39.7,15.13,10.63,21.21,53.15,59.06,29.97,48.27,61.4,80.62,26.91,47.42,53.49,36.35,22.02,48.27,50.6,55.01,28.3,8.54,57.87,64.94,13.89,41.98,47.1,7.0,47.54,52.2
17,52.48,5.66,83.68,83.19,79.16,4.47,46.87,24.08,90.82,75.43,39.2,46.86,73.33,38.28,47.8,75.61,50.64,0.0,90.97,67.68,58.01,31.95,71.2,52.2,89.14,97.08,73.03,43.19,32.02,10.3,65.31,45.49,29.15,80.43,61.4,82.0,62.03,69.97,73.41,75.11,8.25,65.62,95.78,80.0,25.5,69.2,25.24,69.89,56.08,12.04,60.96,35.01,82.0,35.51,45.88,60.42,19.1,20.1,41.59,26.42,23.19,64.5,69.05,42.72,90.14,53.0,70.52,34.67,65.51,33.02,74.33,53.0,76.32,14.32,40.85,63.89,5.83,43.74,61.06,10.05
18,38.6,92.28,71.18,36.5,15.81,93.3,44.1,68.0,20.12,17.26,65.46,48.08,57.08,83.53,87.66,24.52,49.4,90.97,0.0,72.99,52.2,60.31,42.72,73.16,46.84,6.4,48.09,94.51,79.08,92.31,64.13,52.39,100.77,29.07,45.54,68.12,74.97,21.26,80.5,46.01,88.59,42.45,12.37,12.17,68.01,34.37,84.39,73.68,55.04,94.81,31.62,63.89,68.12,60.14,47.38,31.14,83.93,104.8,79.26,96.43,107.56,85.16,62.51,61.81,10.63,83.93,29.41,97.42,42.43,76.9,57.04,55.04,39.0,104.45,51.66,35.01,85.76,53.41,44.05,96.05
19,52.55,72.8,17.03,40.25,57.43,72.11,54.12,62.48,57.94,69.18,30.81,67.23,17.49,32.02,26.93,48.51,33.11,67.68,72.99,0.0,23.77,47.38,88.87,15.52,36.8,78.64,25.63,36.4,84.5,60.42,9.0,71.56,53.24,86.15,29.15,16.49,104.4,58.14,8.54,28.23,72.5,31.02,84.48,70.0,47.43,80.08,43.74,2.24,85.59,78.92,64.56,37.01,16.49,40.31,43.42,52.17,77.7,66.03,27.17,51.01,67.01,112.16,10.77,79.03,80.16,19.92,44.1,45.54,83.57,83.63,18.03,24.6,90.25,80.28,45.22,74.63,66.71,36.62,80.62,64.13
20,29.07,62.07,31.83,27.29,36.4,62.01,31.4,45.31,41.11,46.01,19.65,44.82,17.0,34.06,36.06,28.18,10.63,58.01,52.2,23.77,0.0,29.73,65.19,21.02,31.26,58.31,15.03,43.93,66.65,53.94,15.23,49.58,54.71,62.51,6.71,29.07,82.81,35.06,32.28,17.26,60.41,10.63,62.82,47.38,33.24,56.32,39.92,25.3,63.01,67.36,40.8,23.0,29.07,23.54,21.21,28.44,62.64,63.57,29.0,51.0,65.55,91.24,16.4,58.05,58.05,31.78,22.85,49.2,60.01,65.37,17.89,5.1,66.48,72.11,24.41,50.92,55.15,16.55,57.25,58.05
21,21.93,34.71,60.21,52.09,47.51,35.17,17.49,15.65,58.87,46.23,17.49,25.0,46.62,32.06,40.79,43.66,20.22,31.95,60.31,47.38,29.73,0.0,51.24,34.67,59.3,66.6,43.93,43.01,37.44,32.02,41.62,27.46,42.49,55.71,31.26,57.8,58.18,39.05,55.23,45.54,32.14,35.06,66.71,50.25,7.81,45.61,26.57,49.52,41.98,39.12,33.12,11.18,57.8,7.07,13.93,29.21,32.98,44.55,30.81,38.01,47.38,65.22,44.42,32.65,61.07,41.79,38.6,41.48,45.18,36.4,47.54,25.5,54.92,46.17,8.94,39.56,27.66,13.34,41.05,35.81
22,36.4,69.89,94.89,67.18,45.0,71.56,36.22,47.93,58.31,28.3,66.12,26.48,78.77,83.05,91.05,50.91,56.04,71.2,42.72,88.87,65.19,51.24,0.0,81.22,78.52,45.54,71.02,94.19,46.86,77.08,80.41,26.0,92.18,15.03,60.84,91.79,33.0,36.07,97.41,70.46,65.46,60.9,38.0,32.2,57.87,9.9,77.28,90.48,17.2,69.66,24.6,61.0,91.79,56.0,46.69,37.59,56.73,89.96,81.02,87.8,93.11,43.05,81.02,29.73,34.23,90.55,51.22,92.4,6.08,44.69,79.26,64.56,5.83,81.4,47.1,14.32,65.37,54.59,10.44,79.62
23,45.18,57.38,32.14,45.97,57.38,56.65,45.12,48.84,61.61,65.76,17.2,57.25,26.4,17.26,15.56,49.19,26.02,52.2,73.16,15.52,21.02,34.67,81.22,0.0,46.14,79.31,31.24,24.41,70.71,44.91,15.81,60.93,39.05,81.01,27.73,31.0,92.78,55.11,21.63,34.06,57.25,31.38,83.52,67.68,33.24,73.33,28.28,17.72,75.39,63.56,58.08,23.6,31.0,27.78,34.53,47.17,63.01,51.04,12.04,36.35,52.24,99.86,19.92,67.23,78.59,10.77,43.86,31.95,75.5,70.04,27.31,18.44,83.49,64.76,34.79,67.48,51.43,26.68,72.03,48.66
24,49.19,93.01,27.2,11.4,34.99,93.05,54.23,74.15,27.29,51.61,50.8,66.65,20.0,62.65,61.29,27.66,39.12,89.14,46.84,36.8,31.26,59.3,78.52,46.14,0.0,50.8,16.28,70.49,93.96,85.16,30.81,72.01,84.31,69.89,28.07,24.7,104.01,42.45,41.34,14.04,91.05,24.33,59.2,49.74,64.0,68.62,70.6,36.24,82.66,98.05,55.44,54.15,24.7,54.01,47.3,43.27,92.07,94.37,57.27,80.99,96.17,113.53,27.02,81.86,56.65,55.0,27.8,77.82,75.01,92.35,19.21,36.35,77.47,103.31,51.97,65.12,86.0,46.1,73.88,89.27
25,44.82,98.27,76.01,41.05,21.93,99.32,50.22,73.93,23.54,22.47,71.85,53.49,62.39,89.89,93.91,30.36,55.76,97.08,6.4,78.64,58.31,66.6,45.54,79.31,50.8,0.0,53.46,100.85,84.2,98.6,69.86,57.57,107.17,31.05,51.62,73.0,78.31,27.59,85.99,51.24,94.51,48.38,9.9,17.46,74.33,38.0,90.79,79.25,59.08,100.65,37.16,70.29,73.0,66.53,53.76,37.48,89.55,111.13,85.59,102.83,113.9,88.46,68.07,66.71,11.4,90.08,35.47,103.81,46.01,82.01,62.29,61.27,41.23,110.45,58.0,39.46,91.81,59.82,48.09,102.3
26,37.54,77.03,24.35,15.0,33.06,77.0,41.62,59.2,32.31,47.13,34.53,54.82,9.0,47.01,46.75,24.08,23.77,73.03,48.09,25.63,15.03,43.93,71.02,31.24,16.28,53.46,0.0,55.61,79.85,68.88,17.49,60.0,68.45,65.19,13.0,21.19,92.96,36.4,32.56,2.83,75.24,10.63,60.0,46.87,48.09,61.4,54.41,25.96,72.14,82.22,46.62,38.01,21.19,38.21,33.11,33.6,76.9,78.16,41.68,65.0,80.01,102.0,14.87,69.34,56.14,41.04,20.88,62.27,66.61,78.39,9.06,20.1,71.12,87.14,37.34,56.86,70.06,30.59,64.66,72.99
27,61.13,48.84,53.15,70.18,79.08,47.38,58.86,51.66,85.04,84.5,29.73,68.01,50.61,11.4,9.49,71.61,45.18,43.19,94.51,36.4,43.93,43.01,94.19,24.41,70.49,100.85,55.61,0.0,70.68,33.24,39.82,70.11,18.68,97.29,50.45,52.89,97.8,74.73,38.05,58.41,50.61,54.56,103.79,87.32,37.22,87.97,19.7,38.08,84.38,55.17,73.98,33.54,52.89,38.47,50.0,65.55,59.68,33.24,15.26,18.36,33.24,102.88,43.83,73.35,98.49,16.49,66.03,10.44,88.14,70.77,51.48,40.0,97.62,51.87,47.85,81.88,45.22,42.38,84.05,35.61
28,46.27,28.16,97.64,84.93,72.06,30.15,40.45,22.02,86.0,61.85,53.81,31.26,83.65,62.43,72.4,72.25,56.36,32.02,79.08,84.5,66.65,37.44,46.86,70.71,93.96,84.2,79.85,70.68,0.0,41.44,79.06,26.68,60.21,59.68,66.85,95.19,30.15,61.13,92.02,80.99,24.02,69.89,79.85,66.94,37.48,48.76,50.99,86.68,29.73,25.3,47.68,47.51,95.19,44.41,46.82,54.08,13.04,52.01,63.6,56.75,55.04,32.76,81.84,17.89,74.67,75.6,68.73,64.2,42.44,2.24,84.53,62.77,52.63,37.34,42.54,45.31,27.29,50.12,38.59,42.05
29,53.81,15.81,76.94,80.36,79.32,14.21,48.8,29.15,89.89,77.79,34.37,51.48,68.03,29.55,38.59,74.71,48.1,10.3,92.31,60.42,53.94,32.02,77.08,44.91,85.16,98.6,68.88,33.24,41.44,0.0,59.14,51.08,18.97,84.91,58.24,75.54,71.06,71.06,65.46,71.2,18.38,62.64,98.31,82.04,24.41,73.93,16.76,62.59,63.06,22.02,63.89,31.62,75.54,33.54,45.49,61.22,28.86,13.04,33.53,16.12,16.12,74.15,63.07,50.01,92.66,44.28,69.32,24.41,71.18,42.19,69.03,48.84,81.86,19.92,40.8,68.26,14.14,41.63,66.71,4.12
30,44.28,70.09,18.79,32.45,48.51,69.63,46.32,57.14,49.66,60.21,26.57,59.64,10.82,32.98,30.53,39.62,25.24,65.31,64.13,9.0,15.23,41.62,80.41,15.81,30.81,69.86,17.49,39.82,79.06,59.14,0.0,64.2,54.82,77.28,20.22,16.76,97.31,49.16,17.26,20.25,69.26,22.02,75.54,61.0,42.95,71.47,43.01,10.2,77.94,75.96,55.97,32.2,16.76,34.67,35.81,43.42,73.35,66.37,27.66,51.97,67.74,105.42,4.12,72.18,71.18,24.21,35.13,47.76,75.24,78.01,11.66,17.03,81.61,78.64,38.21,66.13,63.6,29.7,72.45,63.07
31,22.83,44.69,81.34,61.85,46.1,46.23,18.44,21.93,60.3,35.17,44.27,5.39,65.8,59.41,68.25,47.54,39.05,45.49,52.39,71.56,49.58,27.46,26.0,60.93,72.01,57.57,60.0,70.11,26.68,51.08,64.2,0.0,66.49,35.36,47.51,78.49,33.24,35.06,79.92,60.46,40.36,49.41,53.67,40.26,33.0,24.04,52.15,73.5,14.56,45.34,21.1,38.33,78.49,33.53,28.43,29.41,33.02,63.98,58.25,62.17,67.12,42.01,65.95,10.2,48.33,68.96,44.94,67.27,20.12,24.52,66.53,47.2,30.89,56.59,26.42,19.42,39.66,34.99,15.65,53.67
32,63.81,34.44,70.26,81.99,86.28,32.65,59.94,45.28,94.64,88.2,36.24,65.8,65.15,21.84,27.07,80.06,52.4,29.15,100.77,53.24,54.71,42.49,92.18,39.05,84.31,107.17,68.45,18.68,60.21,18.97,54.82,66.49,0.0,98.09,60.46,69.58,89.45,79.81,56.08,71.11,37.34,64.9,108.47,91.84,34.93,87.66,16.4,55.15,79.63,40.31,75.59,36.88,69.58,40.8,53.6,70.0,47.8,14.76,27.2,4.47,14.56,92.96,58.94,67.12,102.9,34.01,74.41,8.25,86.13,60.83,66.1,49.93,96.46,34.66,49.93,81.71,32.98,47.42,81.74,19.72
33,36.35,79.98,89.54,58.52,35.0,81.47,38.6,56.4,46.75,18.36,67.9,33.6,73.68,85.91,92.78,42.54,55.0,80.43,29.07,86.15,62.51,55.71,15.03,81.01,69.89,31.05,65.19,97.29,59.68,84.91,77.28,35.36,98.09,0.0,57.07,86.38,48.01,28.79,94.54,64.08,75.69,56.04,23.02,20.52,63.16,11.31,82.28,87.48,31.02,80.66,23.35,63.79,86.38,58.94,47.52,34.13,68.12,97.94,83.02,93.62,101.02,58.01,77.13,41.88,19.65,91.14,44.38,97.08,17.46,57.45,74.0,63.07,10.2,91.93,49.48,16.64,74.65,55.44,21.1,87.92
34,25.61,65.07,34.41,22.14,29.73,65.19,29.07,46.32,34.66,40.05,24.6,42.45,18.44,40.31,42.72,21.47,11.05,61.4,45.54,29.15,6.71,31.26,60.84,27.73,28.07,51.62,13.0,50.45,66.85,58.24,20.22,47.51,60.46,57.07,0.0,31.4,80.66,29.02,37.48,14.32,63.01,4.47,56.29,41.11,36.06,51.62,45.18,30.41,60.21,70.01,36.25,26.68,31.4,26.02,20.12,23.41,64.13,68.54,35.38,56.6,70.68,89.5,20.25,56.61,51.62,38.48,16.16,55.32,55.95,65.39,19.1,10.63,61.68,75.66,24.35,46.52,58.03,18.03,53.54,62.36
35,57.01,86.83,3.16,32.06,53.76,86.35,60.14,73.43,50.25,68.31,43.32,73.59,13.04,48.09,43.42,44.91,39.7,82.0,68.12,16.49,29.07,57.8,91.79,31.0,24.7,73.0,21.19,52.89,95.19,75.54,16.76,78.49,69.58,86.38,31.4,0.0,111.73,57.58,17.69,22.56,86.02,30.89,80.31,67.91,59.62,82.3,59.14,14.87,91.55,92.72,67.23,48.85,0.0,51.0,50.25,54.2,89.96,82.02,43.01,67.19,83.15,120.28,13.42,87.11,76.79,36.4,42.06,61.98,87.13,94.03,12.53,32.45,92.14,95.19,53.41,77.52,80.36,45.22,84.88,79.4
36,55.44,58.31,114.59,93.3,74.09,60.3,51.62,46.17,88.26,58.94,75.66,38.21,99.01,88.26,97.86,77.83,72.25,62.03,74.97,104.4,82.81,58.18,33.0,92.78,104.01,78.31,92.96,97.8,30.15,71.06,97.31,33.24,89.45,48.01,80.66,111.73,0.0,63.56,112.65,93.24,54.15,82.33,71.0,63.56,61.47,40.61,78.34,106.4,21.47,55.11,49.19,69.35,111.73,65.0,61.62,60.75,43.19,82.1,88.24,85.71,85.15,10.2,99.16,25.55,67.12,99.74,76.32,92.57,32.56,29.02,99.72,80.28,38.12,66.94,59.2,41.11,57.01,67.8,31.62,72.01
37,17.49,71.55,60.75,31.11,11.05,72.47,23.26,47.54,25.32,11.05,45.18,30.0,44.92,63.51,68.62,14.87,29.73,69.97,21.26,58.14,35.06,39.05,36.07,55.11,42.45,27.59,36.4,74.73,61.13,71.06,49.16,35.06,79.81,28.79,29.02,57.58,63.56,0.0,66.37,35.34,68.03,27.46,29.07,12.65,46.75,26.17,63.41,59.3,42.15,74.46,14.56,43.01,57.58,39.05,26.25,9.9,64.29,83.55,59.62,75.43,86.31,73.54,48.66,45.18,23.77,65.73,15.65,76.85,32.8,59.08,45.22,36.67,35.23,83.65,30.41,23.02,64.88,32.76,32.25,74.81
38,61.1,78.72,16.64,46.49,65.12,77.88,62.61,70.04,64.56,77.41,38.21,75.66,23.77,36.14,29.02,56.14,41.63,73.41,80.5,8.54,32.28,55.23,97.41,21.63,41.34,85.99,32.56,38.05,92.02,65.46,17.26,79.92,56.08,94.54,37.48,17.69,112.65,66.37,0.0,34.93,78.77,39.05,92.2,78.06,54.67,88.6,48.7,7.07,94.02,84.97,73.08,44.55,17.69,48.17,51.88,60.64,84.63,69.72,31.95,54.45,70.35,120.25,18.03,87.2,88.02,22.09,52.0,48.01,92.11,91.24,24.04,33.11,98.76,85.38,53.54,83.17,72.95,44.94,89.16,68.96
39,37.8,79.0,25.71,12.21,31.26,79.03,42.19,60.64,29.73,45.88,36.88,55.22,11.18,49.74,49.58,22.36,25.32,75.11,46.01,28.23,17.26,45.54,70.46,34.06,14.04,51.24,2.83,58.41,80.99,71.2,20.25,60.46,71.11,64.08,14.32,22.56,93.24,35.34,34.93,0.0,77.1,11.18,58.03,45.35,50.01,60.75,56.92,28.46,72.25,84.1,46.23,40.11,22.56,40.05,34.18,33.3,78.45,80.65,44.42,67.62,82.54,102.42,17.46,69.97,54.33,43.86,19.7,65.0,66.22,79.48,11.05,22.36,70.33,89.27,38.6,56.4,72.01,32.25,64.44,75.31
40,50.7,4.47,87.92,84.21,77.83,6.32,44.78,20.59,90.25,72.4,42.72,42.52,76.49,44.69,54.49,75.19,52.0,8.25,88.59,72.5,60.41,32.14,65.46,57.25,91.05,94.51,75.24,50.61,24.02,18.38,69.26,40.36,37.34,75.69,63.01,86.02,54.15,68.03,78.77,77.1,0.0,67.01,92.42,77.18,27.17,64.38,31.83,74.73,49.65,7.0,57.69,37.66,86.02,37.05,45.71,58.87,11.0,28.0,47.43,34.44,31.02,56.32,72.8,36.24,86.84,59.2,70.41,42.54,60.0,25.18,77.47,55.58,70.8,16.28,40.61,59.41,5.83,45.0,55.61,18.25
41,26.91,69.18,34.0,17.72,26.68,69.35,31.06,49.82,30.48,38.47,29.07,44.2,17.89,44.6,46.62,18.03,15.03,65.62,42.45,31.02,10.63,35.06,60.9,31.38,24.33,48.38,10.63,54.56,69.89,62.64,22.02,49.41,64.9,56.04,4.47,30.89,82.33,27.46,39.05,11.18,67.01,0.0,53.6,39.01,40.2,51.43,49.65,32.02,61.52,74.01,36.36,31.05,30.89,30.15,23.09,23.32,67.74,73.01,39.6,61.06,75.15,91.4,21.21,58.83,49.16,42.06,13.15,59.67,56.3,68.35,18.36,15.0,61.33,79.91,27.66,46.65,62.13,22.02,54.2,66.76
42,44.82,96.4,83.38,48.84,27.07,97.62,49.52,72.01,32.31,20.52,74.24,50.25,69.0,92.57,97.5,36.06,58.69,95.78,12.37,84.48,62.82,66.71,38.0,83.52,59.2,9.9,60.0,103.79,79.85,98.31,75.54,53.67,108.47,23.02,56.29,80.31,71.0,29.07,92.2,58.03,92.42,53.6,0.0,16.64,74.52,31.78,92.09,85.29,52.95,98.18,34.83,71.87,80.31,67.68,54.92,38.59,86.45,111.13,88.64,104.04,114.02,81.02,74.17,62.03,5.66,94.25,40.45,105.82,39.46,77.62,69.01,65.15,33.14,108.6,58.6,34.54,90.27,61.77,42.2,101.82
43,28.32,80.99,71.06,38.47,14.76,82.1,33.3,56.6,26.4,5.1,57.7,36.06,55.73,76.06,81.27,23.09,42.38,80.0,12.17,70.0,47.38,50.25,32.2,67.68,49.74,17.46,46.87,87.32,66.94,82.04,61.0,40.26,91.84,20.52,41.11,67.91,63.56,12.65,78.06,45.35,77.18,39.01,16.64,0.0,58.05,23.09,75.45,71.03,43.19,83.24,19.7,55.23,67.91,51.04,38.28,21.95,72.09,94.76,72.24,87.42,97.62,73.76,60.13,49.65,11.18,78.34,26.17,89.19,31.05,64.76,55.9,49.24,29.41,93.19,42.01,23.02,74.63,45.18,32.25,85.63
44,29.73,29.02,61.74,57.71,54.92,29.15,25.24,15.81,65.8,54.04,16.64,31.4,49.48,26.93,36.4,50.57,25.18,25.5,68.01,47.43,33.24,7.81,57.87,33.24,64.0,74.33,48.09,37.22,37.48,24.41,42.95,33.0,34.93,63.16,36.06,59.62,61.47,46.75,54.67,50.01,27.17,40.2,74.52,58.05,0.0,52.81,19.42,49.65,47.17,34.13,40.82,10.77,59.62,10.05,21.1,36.88,30.41,36.8,26.83,30.46,39.6,67.6,46.24,36.4,68.88,38.59,45.31,34.53,51.79,36.88,50.45,28.44,61.85,39.81,16.4,46.82,22.0,18.25,47.52,28.3
45,28.16,68.68,85.42,57.28,35.23,70.18,29.15,45.22,48.76,18.79,59.08,22.47,69.32,76.66,84.1,41.01,47.68,69.2,34.37,80.08,56.32,45.61,9.9,73.33,68.62,38.0,61.4,87.97,48.76,73.93,71.47,24.04,87.66,11.31,51.62,82.3,40.61,26.17,88.6,60.75,64.38,51.43,31.78,23.09,52.81,0.0,72.12,81.61,21.21,69.35,15.52,54.45,82.3,49.5,39.01,28.23,56.85,86.95,74.17,83.22,90.05,50.8,71.87,30.89,27.17,83.05,41.4,87.09,8.06,46.53,69.77,56.09,10.2,80.62,40.2,6.08,63.41,47.01,10.44,76.85
46,47.51,30.81,60.41,67.12,70.01,29.68,43.86,32.39,78.82,71.87,20.59,50.8,52.47,13.04,22.67,64.03,36.4,25.24,84.39,43.74,39.92,26.57,77.28,28.28,70.6,90.79,54.41,19.7,50.99,16.76,43.01,52.15,16.4,82.28,45.18,59.14,78.34,63.41,48.7,56.92,31.83,49.65,92.09,75.45,19.42,72.12,0.0,45.89,66.0,37.2,59.51,20.52,59.14,24.41,37.2,53.6,40.22,23.77,16.76,12.04,25.63,83.22,47.04,54.33,86.53,27.78,58.41,15.13,71.2,51.08,53.46,34.93,81.25,36.69,33.62,66.1,26.17,31.11,66.91,20.4
47,54.23,75.03,15.13,40.31,58.22,74.33,55.95,64.66,58.19,70.35,33.02,69.12,17.46,34.06,28.64,49.25,34.89,69.89,73.68,2.24,25.3,49.52,90.48,17.72,36.24,79.25,25.96,38.08,86.68,62.59,10.2,73.5,55.15,87.48,30.41,14.87,106.4,59.3,7.07,28.46,74.73,32.02,85.29,71.03,49.65,81.61,45.89,0.0,87.46,81.15,66.1,39.2,14.87,42.45,45.28,53.6,79.92,68.07,29.27,53.0,69.0,114.21,11.18,81.06,81.06,21.59,45.01,47.38,85.23,85.8,17.89,26.42,91.76,82.46,47.2,76.22,68.94,38.6,82.35,66.29
48,34.66,54.12,94.49,71.87,52.81,55.9,31.62,34.37,67.05,38.33,58.82,18.36,78.64,73.82,82.76,56.36,52.7,56.08,55.04,85.59,63.01,41.98,17.2,75.39,82.66,59.08,72.14,84.38,29.73,63.06,77.94,14.56,79.63,31.02,60.21,91.55,21.47,42.15,94.02,72.25,49.65,61.52,52.95,43.19,47.17,21.21,66.0,87.46,0.0,53.25,27.73,52.89,91.55,48.08,42.19,39.41,40.22,75.58,72.78,75.43,78.75,31.38,79.4,13.42,48.37,83.52,54.92,81.02,13.6,27.59,79.31,61.06,23.02,65.19,40.72,20.22,50.33,49.19,11.0,65.15
49,57.25,6.4,94.56,91.2,84.43,7.81,51.26,26.93,97.02,78.39,49.48,48.01,83.36,50.22,59.82,82.0,59.0,12.04,94.81,78.92,67.36,39.12,69.66,63.56,98.05,100.65,82.22,55.17,25.3,22.02,75.96,45.34,40.31,80.66,70.01,92.72,55.11,74.46,84.97,84.1,7.0,74.01,98.18,83.24,34.13,69.35,37.2,81.15,53.25,0.0,63.63,44.55,92.72,44.05,52.61,65.46,13.04,28.86,53.34,38.01,31.58,56.01,79.56,40.0,92.65,64.9,77.28,46.4,64.44,26.93,84.34,62.51,75.17,12.08,47.52,64.66,12.37,52.0,60.14,20.59
50,13.04,61.61,70.33,44.41,25.5,62.8,15.65,37.2,39.81,14.76,44.55,16.49,54.2,62.59,69.46,28.65,32.25,60.96,31.62,64.56,40.8,33.12,24.6,58.08,55.44,37.16,46.62,73.98,47.68,63.89,55.97,21.1,75.59,23.35,36.25,67.23,49.19,14.56,73.08,46.23,57.69,36.36,34.83,19.7,40.82,15.52,59.51,66.1,27.73,63.63,0.0,40.52,67.23,35.74,24.19,13.04,52.39,76.84,59.68,71.12,79.81,59.09,56.46,31.0,29.21,68.01,27.66,74.09,20.0,45.54,54.71,40.61,25.71,73.82,26.25,10.3,55.44,32.14,18.44,67.27
51,27.86,39.12,50.99,48.76,49.52,39.01,25.32,25.5,58.83,51.88,6.4,35.36,38.83,22.2,30.15,43.83,16.55,35.01,63.89,37.01,23.0,11.18,61.0,23.6,54.15,70.29,38.01,33.54,47.51,31.62,32.2,38.33,36.88,63.79,26.68,48.85,69.35,43.01,44.55,40.11,37.66,31.05,71.87,55.23,10.77,54.45,20.52,39.2,52.89,44.55,40.52,0.0,48.85,5.0,17.0,33.29,41.15,42.54,20.1,32.56,44.94,76.28,35.47,43.83,66.37,30.68,38.28,34.0,55.01,46.69,39.81,18.03,64.2,49.16,14.32,48.37,32.25,10.63,51.09,35.74
52,57.01,86.83,3.16,32.06,53.76,86.35,60.14,73.43,50.25,68.31,43.32,73.59,13.04,48.09,43.42,44.91,39.7,82.0,68.12,16.49,29.07,57.8,91.79,31.0,24.7,73.0,21.19,52.89,95.19,75.54,16.76,78.49,69.58,86.38,31.4,0.0,111.73,57.58,17.69,22.56,86.02,30.89,80.31,67.91,59.62,82.3,59.14,14.87,91.55,92.72,67.23,48.85,0.0,51.0,50.25,54.2,89.96,82.02,43.01,67.19,83.15,120.28,13.42,87.11,76.79,36.4,42.06,61.98,87.13,94.03,12.53,32.45,92.14,95.19,53.41,77.52,80.36,45.22,84.88,79.4
53,23.26,39.05,53.34,47.68,46.23,39.2,20.4,22.47,56.36,47.51,10.77,30.41,40.16,27.17,35.13,41.18,15.13,35.51,60.14,40.31,23.54,7.07,56.0,27.78,54.01,66.53,38.21,38.47,44.41,33.54,34.67,33.53,40.8,58.94,26.02,51.0,65.0,39.05,48.17,40.05,37.05,30.15,67.68,51.04,10.05,49.5,24.41,42.45,48.08,44.05,35.74,5.0,51.0,0.0,12.81,29.21,39.22,45.22,25.08,36.4,47.8,72.2,37.59,39.45,62.13,35.44,35.78,38.48,50.01,43.42,41.11,18.97,59.21,49.82,9.49,43.42,32.02,8.25,46.1,37.58
54,11.18,48.51,53.04,39.05,33.84,49.04,10.77,27.07,44.94,34.89,20.4,23.85,37.8,38.6,45.28,29.73,10.63,45.88,47.38,43.42,21.21,13.93,46.69,34.53,47.3,53.76,33.11,50.0,46.82,45.49,35.81,28.43,53.6,47.52,20.12,50.25,61.62,26.25,51.88,34.18,45.71,23.09,54.92,38.28,21.1,39.01,37.2,45.28,42.19,52.61,24.19,17.0,50.25,12.81,0.0,16.4,45.1,57.63,35.51,49.2,60.31,70.04,37.54,36.88,49.4,44.05,24.74,51.0,41.0,45.31,38.6,18.87,49.09,60.08,5.1,33.06,41.48,8.0,37.64,49.4
55,8.25,62.24,57.31,32.65,18.97,63.07,14.32,38.6,32.14,18.97,35.85,24.04,41.18,54.23,59.91,18.25,21.21,60.42,31.14,52.17,28.44,29.21,37.59,47.17,43.27,37.48,33.6,65.55,54.08,61.22,43.42,29.41,70.0,34.13,23.41,54.2,60.75,9.9,60.64,33.3,58.87,23.32,38.59,21.95,36.88,28.23,53.6,53.6,39.41,65.46,13.04,33.29,54.2,29.21,16.4,0.0,55.9,73.66,50.6,65.6,76.42,70.33,43.66,39.56,33.12,57.56,15.65,67.23,33.02,52.15,41.68,29.0,38.28,74.25,20.52,23.32,55.46,23.26,31.14,65.0
56,47.68,15.13,92.14,84.15,74.73,17.12,41.59,18.03,87.97,67.12,47.01,36.24,79.38,52.5,62.48,73.33,53.15,19.1,83.93,77.7,62.64,32.98,56.73,63.01,92.07,89.55,76.9,59.68,13.04,28.86,73.35,33.02,47.8,68.12,64.13,89.96,43.19,64.29,84.63,78.45,11.0,67.74,86.45,72.09,30.41,56.85,40.22,79.92,40.22,13.04,52.39,41.15,89.96,39.22,45.1,55.9,0.0,39.0,54.45,44.6,42.01,45.4,76.56,27.02,81.01,66.47,69.07,52.39,51.62,14.32,80.32,58.19,62.29,25.06,40.2,52.43,14.87,46.32,47.38,29.15
57,66.47,24.08,83.01,90.62,91.4,22.09,61.62,42.05,101.36,90.61,44.01,64.5,76.12,34.01,41.0,86.28,59.06,20.1,104.8,66.03,63.57,44.55,89.96,51.04,94.37,111.13,78.16,33.24,52.01,13.04,66.37,63.98,14.76,97.94,68.54,82.02,82.1,83.55,69.72,80.65,28.0,73.01,111.13,94.76,36.8,86.95,23.77,68.07,75.58,28.86,76.84,42.54,82.02,45.22,57.63,73.66,39.0,0.0,39.01,15.3,3.16,84.21,70.46,62.36,105.48,47.68,80.78,22.85,84.1,53.08,77.1,58.52,94.81,20.81,53.15,81.3,25.5,53.0,79.62,10.44
58,46.69,47.01,44.05,55.8,63.81,46.07,45.04,42.54,70.04,69.57,15.13,55.44,37.95,5.39,10.05,56.4,29.97,41.59,79.26,27.17,29.0,30.81,81.02,12.04,57.27,85.59,41.68,15.26,63.6,33.53,27.66,58.25,27.2,83.02,35.38,43.01,88.24,59.62,31.95,44.42,47.43,39.6,88.64,72.24,26.83,74.17,16.76,29.27,72.78,53.34,59.68,20.1,43.01,25.08,35.51,50.6,54.45,39.01,0.0,24.33,40.2,94.41,31.78,62.97,83.38,12.04,50.8,20.59,75.06,63.25,38.9,24.84,84.05,53.45,34.01,68.12,41.62,27.66,71.18,37.11
59,59.36,31.91,68.03,78.29,82.02,30.23,55.47,41.11,90.6,83.76,32.2,61.4,62.1,19.1,25.71,75.93,48.27,26.42,96.43,51.01,51.0,38.01,87.8,36.35,80.99,102.83,65.0,18.36,56.75,16.12,51.97,62.17,4.47,93.62,56.6,67.19,85.71,75.43,54.45,67.62,34.44,61.06,104.04,87.42,30.46,83.22,12.04,53.0,75.43,38.01,71.12,32.56,67.19,36.4,49.2,65.6,44.6,15.3,24.33,0.0,16.0,89.5,56.09,63.03,98.47,32.39,70.29,8.49,81.74,57.27,63.06,46.14,92.05,33.6,45.49,77.25,29.73,43.14,77.37,17.69
60,69.31,27.02,84.02,92.7,94.02,25.02,64.54,45.19,103.77,93.51,46.1,67.6,77.67,35.06,41.44,88.75,61.4,23.19,107.56,67.01,65.55,47.38,93.11,52.24,96.17,113.9,80.01,33.24,55.04,16.12,67.74,67.12,14.56,101.02,70.68,83.15,85.15,86.31,70.35,82.54,31.02,75.15,114.02,97.62,39.6,90.05,25.63,69.0,78.75,31.58,79.81,44.94,83.15,47.8,60.31,76.42,42.01,3.16,40.2,16.0,0.0,87.14,71.85,65.52,108.37,48.26,83.22,22.8,87.24,56.14,78.64,60.54,97.94,22.83,55.9,84.38,28.64,55.47,82.76,13.6
61,64.64,60.13,123.07,102.96,84.15,62.13,60.44,51.88,98.35,69.12,82.66,47.2,107.71,93.94,103.75,87.66,80.62,64.5,85.16,112.16,91.24,65.22,43.05,99.86,113.53,88.46,102.0,102.88,32.76,74.15,105.42,42.01,92.96,58.01,89.5,120.28,10.2,73.54,120.25,102.42,56.32,91.4,81.02,73.76,67.6,50.8,83.22,114.21,31.38,56.01,59.09,76.28,120.28,72.2,70.04,70.33,45.4,84.21,94.41,89.5,87.14,0.0,107.48,33.24,77.23,106.17,85.96,96.84,42.76,32.28,108.47,88.41,48.01,67.27,67.21,51.24,60.02,75.74,41.76,74.55
62,45.28,73.76,15.81,29.53,47.1,73.35,47.8,60.03,47.17,59.68,30.08,61.22,7.07,37.11,34.48,38.12,26.91,69.05,62.51,10.77,16.4,44.42,81.02,19.92,27.02,68.07,14.87,43.83,81.84,63.07,4.12,65.95,58.94,77.13,20.25,13.42,99.16,48.66,18.03,17.46,72.8,21.21,74.17,60.13,46.24,71.87,47.04,11.18,79.4,79.56,56.46,35.47,13.42,37.59,37.54,43.66,76.56,70.46,31.78,56.09,71.85,107.48,0.0,74.25,70.01,28.02,34.01,51.87,76.03,80.71,7.81,19.21,81.93,82.49,40.36,66.71,67.19,32.02,73.43,67.03
63,32.7,40.71,89.87,71.87,56.22,42.49,27.78,22.02,70.46,44.55,50.12,15.52,74.65,63.32,72.73,57.72,47.42,42.72,61.81,79.03,58.05,32.65,29.73,67.23,81.86,66.71,69.34,73.35,17.89,50.01,72.18,10.2,67.12,41.88,56.61,87.11,25.55,45.18,87.2,69.97,36.24,58.83,62.03,49.65,36.4,30.89,54.33,81.06,13.42,40.0,31.0,43.83,87.11,39.45,36.88,39.56,27.02,62.36,62.97,63.03,65.52,33.24,74.25,0.0,56.92,74.32,55.03,69.12,24.84,15.65,75.43,55.17,35.36,51.87,33.97,27.51,37.0,42.52,20.81,51.92
64,39.2,90.8,79.91,45.88,23.09,92.01,43.86,66.4,30.53,14.87,68.88,44.78,65.12,87.24,92.36,32.06,53.49,90.14,10.63,80.16,58.05,61.07,34.23,78.59,56.65,11.4,56.14,98.49,74.67,92.66,71.18,48.33,102.9,19.65,51.62,76.79,67.12,23.77,88.02,54.33,86.84,49.16,5.66,11.18,68.88,27.17,86.53,81.06,48.37,92.65,29.21,66.37,76.79,62.13,49.4,33.12,81.01,105.48,83.38,98.47,108.37,77.23,70.01,56.92,0.0,89.29,36.06,100.34,35.06,72.45,65.19,60.17,29.83,103.0,53.01,29.41,84.65,56.36,37.48,96.17
65,55.0,58.52,36.67,55.97,68.15,57.45,54.33,54.38,72.11,76.3,24.74,65.73,35.0,14.76,7.07,59.93,36.35,53.0,83.93,19.92,31.78,41.79,90.55,10.77,55.0,90.08,41.04,16.49,75.6,44.28,24.21,68.96,34.01,91.14,38.48,36.4,99.74,65.73,22.09,43.86,59.2,42.06,94.25,78.34,38.59,83.05,27.78,21.59,83.52,64.9,68.01,30.68,36.4,35.44,44.05,57.56,66.47,47.68,12.04,32.39,48.26,106.17,28.02,74.32,89.29,0.0,54.63,26.02,84.72,75.21,35.81,29.12,93.13,64.08,43.57,77.1,53.41,36.06,81.05,47.54
66,22.56,73.25,45.22,17.0,13.6,73.76,28.28,51.16,20.59,26.25,38.21,39.56,29.61,55.44,58.67,5.66,22.02,70.52,29.41,44.1,22.85,38.6,51.22,43.86,27.8,35.47,20.88,66.03,68.73,69.32,35.13,44.94,74.41,44.38,16.16,42.06,76.32,15.65,52.0,19.7,70.41,13.15,40.45,26.17,45.31,41.4,58.41,45.01,54.92,77.28,27.66,38.28,42.06,35.78,24.74,15.65,69.07,80.78,50.8,70.29,83.22,85.96,34.01,55.03,36.06,54.63,0.0,70.04,47.38,66.91,29.83,26.08,50.77,84.77,29.83,37.48,66.22,27.78,46.1,73.35
67,61.74,40.22,62.51,76.28,82.46,38.6,58.52,47.1,89.87,85.88,32.02,65.92,58.31,15.26,19.0,75.69,48.27,34.67,97.42,45.54,49.2,41.48,92.4,31.95,77.82,103.81,62.27,10.44,64.2,24.41,47.76,67.27,8.25,97.08,55.32,61.98,92.57,76.85,48.01,65.0,42.54,59.67,105.82,89.19,34.53,87.09,15.13,47.38,81.02,46.4,74.09,34.0,61.98,38.48,51.0,67.23,52.39,22.85,20.59,8.49,22.8,96.84,51.87,69.12,100.34,26.02,70.04,0.0,86.31,64.56,59.24,44.69,96.32,42.01,47.93,81.04,37.58,44.1,82.04,26.17
68,31.02,64.4,90.21,63.78,42.54,66.03,30.41,42.05,56.36,26.57,60.21,20.4,74.09,77.03,85.09,47.63,50.6,65.51,42.43,83.57,60.01,45.18,6.08,75.5,75.01,46.01,66.61,88.14,42.44,71.18,75.24,20.12,86.13,17.46,55.95,87.13,32.56,32.8,92.11,66.22,60.0,56.3,39.46,31.05,51.79,8.06,71.2,85.23,13.6,64.44,20.0,55.01,87.13,50.01,41.0,33.02,51.62,84.1,75.06,81.74,87.24,42.76,76.03,24.84,35.06,84.72,47.38,86.31,0.0,40.22,74.63,59.14,10.82,76.06,41.19,9.9,59.68,48.84,4.47,73.79
69,44.41,29.43,96.52,83.2,70.03,31.4,38.64,21.21,84.01,59.67,53.04,29.15,82.37,62.27,72.2,70.35,55.01,33.02,76.9,83.63,65.37,36.4,44.69,70.04,92.35,82.01,78.39,70.77,2.24,42.19,78.01,24.52,60.83,57.45,65.39,94.03,29.02,59.08,91.24,79.48,25.18,68.35,77.62,64.76,36.88,46.53,51.08,85.8,27.59,26.93,45.54,46.69,94.03,43.42,45.31,52.15,14.32,53.08,63.25,57.27,56.14,32.28,80.71,15.65,72.45,75.21,66.91,64.56,40.22,0.0,83.24,61.59,50.45,39.0,41.15,43.08,28.07,48.88,36.36,43.0
70,44.69,78.77,15.65,22.47,42.11,78.52,48.1,63.16,40.52,56.04,35.13,61.52,1.0,44.27,42.19,33.14,28.3,74.33,57.04,18.03,17.89,47.54,79.26,27.31,19.21,62.29,9.06,51.48,84.53,69.03,11.66,66.53,66.1,74.0,19.1,12.53,99.72,45.22,24.04,11.05,77.47,18.36,69.01,55.9,50.45,69.77,53.46,17.89,79.31,84.34,54.71,39.81,12.53,41.11,38.6,41.68,80.32,77.1,38.9,63.06,78.64,108.47,7.81,75.43,65.19,35.81,29.83,59.24,74.63,83.24,0.0,22.14,79.62,88.09,42.19,65.0,72.01,34.44,72.42,73.06
71,28.16,57.14,35.0,32.2,39.36,57.04,29.53,41.15,45.25,47.38,14.56,42.72,21.19,29.7,32.65,31.62,8.54,53.0,55.04,24.6,5.1,25.5,64.56,18.44,36.35,61.27,20.1,40.0,62.77,48.84,17.03,47.2,49.93,63.07,10.63,32.45,80.28,36.67,33.11,22.36,55.58,15.0,65.15,49.24,28.44,56.09,34.93,26.42,61.06,62.51,40.61,18.03,32.45,18.97,18.87,29.0,58.19,58.52,24.84,46.14,60.54,88.41,19.21,55.17,60.17,29.12,26.08,44.69,59.14,61.59,22.14,0.0,66.29,67.07,21.21,50.45,50.25,12.81,56.08,52.95
72,38.33,75.21,95.27,66.07,43.14,76.84,39.01,52.77,55.8,26.17,69.01,30.68,79.2,86.37,94.02,49.82,57.87,76.32,39.0,90.25,66.48,54.92,5.83,83.49,77.47,41.23,71.12,97.62,52.63,81.86,81.61,30.89,96.46,10.2,61.68,92.14,38.12,35.23,98.76,70.33,70.8,61.33,33.14,29.41,61.85,10.2,81.25,91.76,23.02,75.17,25.71,64.2,92.14,59.21,49.09,38.28,62.29,94.81,84.05,92.05,97.94,48.01,81.93,35.36,29.83,93.13,50.77,96.32,10.82,50.45,79.62,66.29,0.0,86.83,50.04,16.03,70.49,57.08,15.26,84.53
73,66.19,12.21,96.69,97.49,93.11,11.18,60.42,36.62,105.0,88.48,53.01,58.8,87.09,49.4,58.14,89.81,64.94,14.32,104.45,80.28,72.11,46.17,81.4,64.76,103.31,110.45,87.14,51.87,37.34,19.92,78.64,56.59,34.66,91.93,75.66,95.19,66.94,83.65,85.38,89.27,16.28,79.91,108.6,93.19,39.81,80.62,36.69,82.46,65.19,12.08,73.82,49.16,95.19,49.82,60.08,74.25,25.06,20.81,53.45,33.6,22.83,67.27,82.49,51.87,103.0,64.08,84.77,42.01,76.06,39.0,88.09,67.07,86.83,0.0,55.03,75.69,18.79,58.05,71.7,16.55
74,13.89,43.42,56.08,44.01,38.59,43.97,11.05,22.2,49.98,38.28,19.03,22.47,41.34,36.5,44.0,34.79,13.89,40.85,51.66,45.22,24.41,8.94,47.1,34.79,51.97,58.0,37.34,47.85,42.54,40.8,38.21,26.42,49.93,49.48,24.35,53.41,59.2,30.41,53.54,38.6,40.61,27.66,58.6,42.01,16.4,40.2,33.62,47.2,40.72,47.52,26.25,14.32,53.41,9.49,5.1,20.52,40.2,53.15,34.01,45.49,55.9,67.21,40.36,33.97,53.01,43.57,29.83,47.93,41.19,41.15,42.19,21.21,50.04,55.03,0.0,34.13,36.4,8.6,37.48,44.65
75,22.36,63.64,80.62,53.91,33.11,65.07,23.09,39.82,47.17,18.11,53.04,17.03,64.5,70.58,78.06,37.8,41.98,63.89,35.01,74.63,50.92,39.56,14.32,67.48,65.12,39.46,56.86,81.88,45.31,68.26,66.13,19.42,81.71,16.64,46.52,77.52,41.11,23.02,83.17,56.4,59.41,46.65,34.54,23.02,46.82,6.08,66.1,76.22,20.22,64.66,10.3,48.37,77.52,43.42,33.06,23.32,52.43,81.3,68.12,77.25,84.38,51.24,66.71,27.51,29.41,77.1,37.48,81.04,9.9,43.08,65.0,50.45,16.03,75.69,34.13,0.0,58.14,41.05,9.49,71.28
76,47.41,7.07,82.22,79.51,74.32,7.62,41.68,18.38,86.33,70.0,37.11,41.11,71.02,38.95,48.8,71.17,47.1,5.83,85.76,66.71,55.15,27.66,65.37,51.43,86.0,91.81,70.06,45.22,27.29,14.14,63.6,39.66,32.98,74.65,58.03,80.36,57.01,64.88,72.95,72.01,5.83,62.13,90.27,74.63,22.0,63.41,26.17,68.94,50.33,12.37,55.44,32.25,80.36,32.02,41.48,55.46,14.87,25.5,41.62,29.73,28.64,60.02,67.19,37.0,84.65,53.41,66.22,37.58,59.68,28.07,72.01,50.25,70.49,18.79,36.4,58.14,0.0,40.11,55.23,15.13
77,19.1,47.17,47.8,39.46,38.9,47.38,18.44,28.79,48.37,42.15,12.65,30.87,33.54,31.02,37.34,33.29,7.0,43.74,53.41,36.62,16.55,13.34,54.59,26.68,46.1,59.82,30.59,42.38,50.12,41.63,29.7,34.99,47.42,55.44,18.03,45.22,67.8,32.76,44.94,32.25,45.0,22.02,61.77,45.18,18.25,47.01,31.11,38.6,49.19,52.0,32.14,10.63,45.22,8.25,8.0,23.26,46.32,53.0,27.66,43.14,55.47,75.74,32.02,42.52,56.36,36.06,27.78,44.1,48.84,48.88,34.44,12.81,57.08,58.05,8.6,41.05,40.11,0.0,45.35,45.69
78,28.18,60.0,87.92,62.8,42.54,61.61,26.93,37.58,56.65,27.46,56.44,16.12,71.85,73.0,81.22,46.87,47.54,61.06,44.05,80.62,57.25,41.05,10.44,72.03,73.88,48.09,64.66,84.05,38.59,66.71,72.45,15.65,81.74,21.1,53.54,84.88,31.62,32.25,89.16,64.44,55.61,54.2,42.2,32.25,47.52,10.44,66.91,82.35,11.0,60.14,18.44,51.09,84.88,46.1,37.64,31.14,47.38,79.62,71.18,77.37,82.76,41.76,73.43,20.81,37.48,81.05,46.1,82.04,4.47,36.36,72.42,56.08,15.26,71.7,37.48,9.49,55.23,45.35,0.0,69.32
79,57.49,14.87,80.75,84.48,83.22,13.0,52.35,31.76,93.91,81.32,38.47,54.38,72.06,32.89,41.59,78.71,52.2,10.05,96.05,64.13,58.05,35.81,79.62,48.66,89.27,102.3,72.99,35.61,42.05,4.12,63.07,53.67,19.72,87.92,62.36,79.4,72.01,74.81,68.96,75.31,18.25,66.76,101.82,85.63,28.3,76.85,20.4,66.29,65.15,20.59,67.27,35.74,79.4,37.58,49.4,65.0,29.15,10.44,37.11,17.69,13.6,74.55,67.03,51.92,96.17,47.54,73.35,26.17,73.79,43.0,73.06,52.95,84.53,16.55,44.65,71.28,15.13,45.69,69.32,0.0
