set K:= 1	2	3	4	5	6	7	8	9;
set C_H:= 1	2	3	4	5	6	7	8	9	10	11	12	13	14	15	16	17	18	19	20;
set C_S:= 21	22	23	24	25	26	27	28	29	30	31	32	33	34	35	36	37	38	39	40;
set C_F:= 41	42	43	44	45	46	47	48	49	50	51	52	53	54	55	56	57	58	59	60;
set M:= 61	62	63	64;
set L_B:= 65	66	67	68	69	70	71	72	73;
set A1:=
(0,*) 1 2 3 4 5 6 7 8 9 10 11 12 13 14 15 16 17 18 19 20 41 42 43 44 45 46 47 48 49 50 51 52 53 54 55 56 57 58 59 60 61 62 63 64 65 66 67 68 69 70 71 72 73
(1,*) 0 2 3 4 5 6 7 8 9 10 11 12 13 14 15 16 17 18 19 20 41 42 43 44 45 46 47 48 49 50 51 52 53 54 55 56 57 58 59 60 61 62 63 64 65 66 67 68 69 70 71 72 73
(2,*) 0 1 3 4 5 6 7 8 9 10 11 12 13 14 15 16 17 18 19 20 41 42 43 44 45 46 47 48 49 50 51 52 53 54 55 56 57 58 59 60 61 62 63 64 65 66 67 68 69 70 71 72 73
(3,*) 0 1 2 4 5 6 7 8 9 10 11 12 13 14 15 16 17 18 19 20 41 42 43 44 45 46 47 48 49 50 51 52 53 54 55 56 57 58 59 60 61 62 63 64 65 66 67 68 69 70 71 72 73
(4,*) 0 1 2 3 5 6 7 8 9 10 11 12 13 14 15 16 17 18 19 20 41 42 43 44 45 46 47 48 49 50 51 52 53 54 55 56 57 58 59 60 61 62 63 64 65 66 67 68 69 70 71 72 73
(5,*) 0 1 2 3 4 6 7 8 9 10 11 12 13 14 15 16 17 18 19 20 41 42 43 44 45 46 47 48 49 50 51 52 53 54 55 56 57 58 59 60 61 62 63 64 65 66 67 68 69 70 71 72 73
(6,*) 0 1 2 3 4 5 7 8 9 10 11 12 13 14 15 16 17 18 19 20 41 42 43 44 45 46 47 48 49 50 51 52 53 54 55 56 57 58 59 60 61 62 63 64 65 66 67 68 69 70 71 72 73
(7,*) 0 1 2 3 4 5 6 8 9 10 11 12 13 14 15 16 17 18 19 20 41 42 43 44 45 46 47 48 49 50 51 52 53 54 55 56 57 58 59 60 61 62 63 64 65 66 67 68 69 70 71 72 73
(8,*) 0 1 2 3 4 5 6 7 9 10 11 12 13 14 15 16 17 18 19 20 41 42 43 44 45 46 47 48 49 50 51 52 53 54 55 56 57 58 59 60 61 62 63 64 65 66 67 68 69 70 71 72 73
(9,*) 0 1 2 3 4 5 6 7 8 10 11 12 13 14 15 16 17 18 19 20 41 42 43 44 45 46 47 48 49 50 51 52 53 54 55 56 57 58 59 60 61 62 63 64 65 66 67 68 69 70 71 72 73
(10,*) 0 1 2 3 4 5 6 7 8 9 11 12 13 14 15 16 17 18 19 20 41 42 43 44 45 46 47 48 49 50 51 52 53 54 55 56 57 58 59 60 61 62 63 64 65 66 67 68 69 70 71 72 73
(11,*) 0 1 2 3 4 5 6 7 8 9 10 12 13 14 15 16 17 18 19 20 41 42 43 44 45 46 47 48 49 50 51 52 53 54 55 56 57 58 59 60 61 62 63 64 65 66 67 68 69 70 71 72 73
(12,*) 0 1 2 3 4 5 6 7 8 9 10 11 13 14 15 16 17 18 19 20 41 42 43 44 45 46 47 48 49 50 51 52 53 54 55 56 57 58 59 60 61 62 63 64 65 66 67 68 69 70 71 72 73
(13,*) 0 1 2 3 4 5 6 7 8 9 10 11 12 14 15 16 17 18 19 20 41 42 43 44 45 46 47 48 49 50 51 52 53 54 55 56 57 58 59 60 61 62 63 64 65 66 67 68 69 70 71 72 73
(14,*) 0 1 2 3 4 5 6 7 8 9 10 11 12 13 15 16 17 18 19 20 41 42 43 44 45 46 47 48 49 50 51 52 53 54 55 56 57 58 59 60 61 62 63 64 65 66 67 68 69 70 71 72 73
(15,*) 0 1 2 3 4 5 6 7 8 9 10 11 12 13 14 16 17 18 19 20 41 42 43 44 45 46 47 48 49 50 51 52 53 54 55 56 57 58 59 60 61 62 63 64 65 66 67 68 69 70 71 72 73
(16,*) 0 1 2 3 4 5 6 7 8 9 10 11 12 13 14 15 17 18 19 20 41 42 43 44 45 46 47 48 49 50 51 52 53 54 55 56 57 58 59 60 61 62 63 64 65 66 67 68 69 70 71 72 73
(17,*) 0 1 2 3 4 5 6 7 8 9 10 11 12 13 14 15 16 18 19 20 41 42 43 44 45 46 47 48 49 50 51 52 53 54 55 56 57 58 59 60 61 62 63 64 65 66 67 68 69 70 71 72 73
(18,*) 0 1 2 3 4 5 6 7 8 9 10 11 12 13 14 15 16 17 19 20 41 42 43 44 45 46 47 48 49 50 51 52 53 54 55 56 57 58 59 60 61 62 63 64 65 66 67 68 69 70 71 72 73
(19,*) 0 1 2 3 4 5 6 7 8 9 10 11 12 13 14 15 16 17 18 20 41 42 43 44 45 46 47 48 49 50 51 52 53 54 55 56 57 58 59 60 61 62 63 64 65 66 67 68 69 70 71 72 73
(20,*) 0 1 2 3 4 5 6 7 8 9 10 11 12 13 14 15 16 17 18 19 41 42 43 44 45 46 47 48 49 50 51 52 53 54 55 56 57 58 59 60 61 62 63 64 65 66 67 68 69 70 71 72 73
(41,*) 0 1 2 3 4 5 6 7 8 9 10 11 12 13 14 15 16 17 18 19 20 42 43 44 45 46 47 48 49 50 51 52 53 54 55 56 57 58 59 60 61 62 63 64 65 66 67 68 69 70 71 72 73
(42,*) 0 1 2 3 4 5 6 7 8 9 10 11 12 13 14 15 16 17 18 19 20 41 43 44 45 46 47 48 49 50 51 52 53 54 55 56 57 58 59 60 61 62 63 64 65 66 67 68 69 70 71 72 73
(43,*) 0 1 2 3 4 5 6 7 8 9 10 11 12 13 14 15 16 17 18 19 20 41 42 44 45 46 47 48 49 50 51 52 53 54 55 56 57 58 59 60 61 62 63 64 65 66 67 68 69 70 71 72 73
(44,*) 0 1 2 3 4 5 6 7 8 9 10 11 12 13 14 15 16 17 18 19 20 41 42 43 45 46 47 48 49 50 51 52 53 54 55 56 57 58 59 60 61 62 63 64 65 66 67 68 69 70 71 72 73
(45,*) 0 1 2 3 4 5 6 7 8 9 10 11 12 13 14 15 16 17 18 19 20 41 42 43 44 46 47 48 49 50 51 52 53 54 55 56 57 58 59 60 61 62 63 64 65 66 67 68 69 70 71 72 73
(46,*) 0 1 2 3 4 5 6 7 8 9 10 11 12 13 14 15 16 17 18 19 20 41 42 43 44 45 47 48 49 50 51 52 53 54 55 56 57 58 59 60 61 62 63 64 65 66 67 68 69 70 71 72 73
(47,*) 0 1 2 3 4 5 6 7 8 9 10 11 12 13 14 15 16 17 18 19 20 41 42 43 44 45 46 48 49 50 51 52 53 54 55 56 57 58 59 60 61 62 63 64 65 66 67 68 69 70 71 72 73
(48,*) 0 1 2 3 4 5 6 7 8 9 10 11 12 13 14 15 16 17 18 19 20 41 42 43 44 45 46 47 49 50 51 52 53 54 55 56 57 58 59 60 61 62 63 64 65 66 67 68 69 70 71 72 73
(49,*) 0 1 2 3 4 5 6 7 8 9 10 11 12 13 14 15 16 17 18 19 20 41 42 43 44 45 46 47 48 50 51 52 53 54 55 56 57 58 59 60 61 62 63 64 65 66 67 68 69 70 71 72 73
(50,*) 0 1 2 3 4 5 6 7 8 9 10 11 12 13 14 15 16 17 18 19 20 41 42 43 44 45 46 47 48 49 51 52 53 54 55 56 57 58 59 60 61 62 63 64 65 66 67 68 69 70 71 72 73
(51,*) 0 1 2 3 4 5 6 7 8 9 10 11 12 13 14 15 16 17 18 19 20 41 42 43 44 45 46 47 48 49 50 52 53 54 55 56 57 58 59 60 61 62 63 64 65 66 67 68 69 70 71 72 73
(52,*) 0 1 2 3 4 5 6 7 8 9 10 11 12 13 14 15 16 17 18 19 20 41 42 43 44 45 46 47 48 49 50 51 53 54 55 56 57 58 59 60 61 62 63 64 65 66 67 68 69 70 71 72 73
(53,*) 0 1 2 3 4 5 6 7 8 9 10 11 12 13 14 15 16 17 18 19 20 41 42 43 44 45 46 47 48 49 50 51 52 54 55 56 57 58 59 60 61 62 63 64 65 66 67 68 69 70 71 72 73
(54,*) 0 1 2 3 4 5 6 7 8 9 10 11 12 13 14 15 16 17 18 19 20 41 42 43 44 45 46 47 48 49 50 51 52 53 55 56 57 58 59 60 61 62 63 64 65 66 67 68 69 70 71 72 73
(55,*) 0 1 2 3 4 5 6 7 8 9 10 11 12 13 14 15 16 17 18 19 20 41 42 43 44 45 46 47 48 49 50 51 52 53 54 56 57 58 59 60 61 62 63 64 65 66 67 68 69 70 71 72 73
(56,*) 0 1 2 3 4 5 6 7 8 9 10 11 12 13 14 15 16 17 18 19 20 41 42 43 44 45 46 47 48 49 50 51 52 53 54 55 57 58 59 60 61 62 63 64 65 66 67 68 69 70 71 72 73
(57,*) 0 1 2 3 4 5 6 7 8 9 10 11 12 13 14 15 16 17 18 19 20 41 42 43 44 45 46 47 48 49 50 51 52 53 54 55 56 58 59 60 61 62 63 64 65 66 67 68 69 70 71 72 73
(58,*) 0 1 2 3 4 5 6 7 8 9 10 11 12 13 14 15 16 17 18 19 20 41 42 43 44 45 46 47 48 49 50 51 52 53 54 55 56 57 59 60 61 62 63 64 65 66 67 68 69 70 71 72 73
(59,*) 0 1 2 3 4 5 6 7 8 9 10 11 12 13 14 15 16 17 18 19 20 41 42 43 44 45 46 47 48 49 50 51 52 53 54 55 56 57 58 60 61 62 63 64 65 66 67 68 69 70 71 72 73
(60,*) 0 1 2 3 4 5 6 7 8 9 10 11 12 13 14 15 16 17 18 19 20 41 42 43 44 45 46 47 48 49 50 51 52 53 54 55 56 57 58 59 61 62 63 64 65 66 67 68 69 70 71 72 73
(61,*) 0 1 2 3 4 5 6 7 8 9 10 11 12 13 14 15 16 17 18 19 20 41 42 43 44 45 46 47 48 49 50 51 52 53 54 55 56 57 58 59 60 62 63 64 65 66 67 68 69 70 71 72 73
(62,*) 0 1 2 3 4 5 6 7 8 9 10 11 12 13 14 15 16 17 18 19 20 41 42 43 44 45 46 47 48 49 50 51 52 53 54 55 56 57 58 59 60 61 63 64 65 66 67 68 69 70 71 72 73
(63,*) 0 1 2 3 4 5 6 7 8 9 10 11 12 13 14 15 16 17 18 19 20 41 42 43 44 45 46 47 48 49 50 51 52 53 54 55 56 57 58 59 60 61 62 64 65 66 67 68 69 70 71 72 73
(64,*) 0 1 2 3 4 5 6 7 8 9 10 11 12 13 14 15 16 17 18 19 20 41 42 43 44 45 46 47 48 49 50 51 52 53 54 55 56 57 58 59 60 61 62 63 65 66 67 68 69 70 71 72 73
(65,*) 0 1 2 3 4 5 6 7 8 9 10 11 12 13 14 15 16 17 18 19 20 41 42 43 44 45 46 47 48 49 50 51 52 53 54 55 56 57 58 59 60 61 62 63 64 66 67 68 69 70 71 72 73
(66,*) 0 1 2 3 4 5 6 7 8 9 10 11 12 13 14 15 16 17 18 19 20 41 42 43 44 45 46 47 48 49 50 51 52 53 54 55 56 57 58 59 60 61 62 63 64 65 67 68 69 70 71 72 73
(67,*) 0 1 2 3 4 5 6 7 8 9 10 11 12 13 14 15 16 17 18 19 20 41 42 43 44 45 46 47 48 49 50 51 52 53 54 55 56 57 58 59 60 61 62 63 64 65 66 68 69 70 71 72 73
(68,*) 0 1 2 3 4 5 6 7 8 9 10 11 12 13 14 15 16 17 18 19 20 41 42 43 44 45 46 47 48 49 50 51 52 53 54 55 56 57 58 59 60 61 62 63 64 65 66 67 69 70 71 72 73
(69,*) 0 1 2 3 4 5 6 7 8 9 10 11 12 13 14 15 16 17 18 19 20 41 42 43 44 45 46 47 48 49 50 51 52 53 54 55 56 57 58 59 60 61 62 63 64 65 66 67 68 70 71 72 73
(70,*) 0 1 2 3 4 5 6 7 8 9 10 11 12 13 14 15 16 17 18 19 20 41 42 43 44 45 46 47 48 49 50 51 52 53 54 55 56 57 58 59 60 61 62 63 64 65 66 67 68 69 71 72 73
(71,*) 0 1 2 3 4 5 6 7 8 9 10 11 12 13 14 15 16 17 18 19 20 41 42 43 44 45 46 47 48 49 50 51 52 53 54 55 56 57 58 59 60 61 62 63 64 65 66 67 68 69 70 72 73
(72,*) 0 1 2 3 4 5 6 7 8 9 10 11 12 13 14 15 16 17 18 19 20 41 42 43 44 45 46 47 48 49 50 51 52 53 54 55 56 57 58 59 60 61 62 63 64 65 66 67 68 69 70 71 73
(73,*) 0 1 2 3 4 5 6 7 8 9 10 11 12 13 14 15 16 17 18 19 20 41 42 43 44 45 46 47 48 49 50 51 52 53 54 55 56 57 58 59 60 61 62 63 64 65 66 67 68 69 70 71 72
;
set A2:=
(61,*) 62
(62,*) 61
(63,*) 64
(64,*) 63
;
param BigM:=99999;
param n:= 9;
param d:=
1	3
2	7
3	12
4	20
5	16
6	18
7	10
8	19
9	19
10	18
11	11
12	15
13	12
14	2
15	11
16	16
17	19
18	7
19	12
20	9
21	23
22	17
23	24
24	8
25	14
26	2
27	18
28	4
29	8
30	18
31	12
32	5
33	14
34	3
35	10
36	20
37	13
38	16
39	18
40	27
41	12
42	6
43	22
44	24
45	11
46	16
47	4
48	9
49	14
50	22
51	9
52	19
53	18
54	72
55	19
56	12
57	23
58	22
59	6
60	15
;
param Q:=100;
param w:=
[61,*] 62 0.5
[62,*] 61 0.5
[63,*] 64 0.5
[64,*] 63 0.5
;
param V:=
[61,*] 62 93
[62,*] 61 93
[63,*] 64 82
[64,*] 63 82
;
param e:
	61	62	63	64	65	66	67	68	69	70	71	72	73:=
21	1	0	0	0	0	0	0	0	0	0	1	0	0	
22	0	0	0	1	0	0	0	0	0	1	0	0	0	
23	0	0	0	1	0	0	0	1	0	0	0	1	0	
24	0	0	1	0	0	0	0	0	1	0	0	0	1	
25	0	0	1	0	0	0	0	0	1	0	0	0	1	
26	1	0	0	1	0	0	0	0	0	1	0	0	0	
27	0	0	1	0	1	0	0	0	1	0	0	0	1	
28	0	1	0	0	0	0	0	0	0	0	0	0	1	
29	1	0	0	0	0	0	0	0	0	0	1	0	0	
30	0	0	0	1	0	0	0	0	0	0	0	1	0	
31	0	1	0	0	0	0	0	1	0	0	0	0	0	
32	0	0	0	1	0	0	0	0	0	0	0	1	0	
33	0	0	0	1	0	0	0	1	0	0	0	1	0	
34	0	0	0	1	0	1	0	0	0	0	0	0	0	
35	1	0	0	0	0	0	0	0	0	0	1	0	0	
36	0	0	0	1	0	0	0	1	0	0	0	0	0	
37	1	0	0	0	0	0	0	0	1	0	1	0	0	
38	0	0	1	0	0	0	0	0	1	0	0	0	0	
39	0	1	0	0	0	0	1	0	0	0	0	0	0	
40	1	0	0	0	0	0	1	0	0	1	0	1	0	
41	0	1	0	1	0	0	0	1	0	0	0	0	0	
42	0	1	1	0	0	0	0	1	0	0	0	0	0	
43	0	0	0	1	0	1	0	1	0	0	0	1	0	
44	0	1	0	0	1	0	1	0	0	0	0	0	1	
45	0	0	1	0	1	0	1	0	1	0	1	0	1	
46	1	0	0	0	0	0	0	0	0	0	1	0	0	
47	0	0	1	0	1	0	0	0	1	0	1	0	1	
48	1	0	0	0	0	0	1	0	0	0	0	0	0	
49	0	0	0	1	0	0	0	1	0	1	0	1	0	
50	0	1	0	0	1	0	1	0	0	0	0	0	1	
51	0	0	0	1	0	0	0	1	0	1	0	1	0	
52	0	1	0	1	0	0	0	1	0	0	0	0	0	
53	0	0	1	0	0	0	0	0	1	0	1	0	0	
54	0	1	0	0	0	0	0	1	0	0	0	1	0	
55	0	1	0	0	0	0	0	0	0	0	1	0	0	
56	1	0	0	0	0	0	0	0	0	1	0	0	0	
57	0	0	0	1	0	0	0	1	0	1	0	1	0	
58	0	0	0	1	0	1	0	1	0	0	0	1	0	
59	1	0	0	0	0	0	0	0	0	1	0	0	0	
60	0	0	1	0	1	0	0	0	1	0	1	0	1	
;
param p:=
1	3
2	3
3	3
4	3
5	3
6	3
7	3
8	3
9	3
;
param G:=
61	70
62	93
63	81
64	82
65	84
66	74
67	92
68	74
69	97
70	76
71	97
72	80
73	88
;
param s:=
0	0
1	10
2	10
3	10
4	10
5	10
6	10
7	10
8	10
9	10
10	10
11	10
12	10
13	10
14	10
15	10
16	10
17	10
18	10
19	10
20	10
41	10
42	10
43	10
44	10
45	10
46	10
47	10
48	10
49	10
50	10
51	10
52	10
53	10
54	10
55	10
56	10
57	10
58	10
59	10
60	10
61	10
62	10
63	10
64	10
65	10
66	10
67	10
68	10
69	10
70	10
71	10
72	10
73	10
;
param t:
	0	1	2	3	4	5	6	7	8	9	10	11	12	13	14	15	16	17	18	19	20	21	22	23	24	25	26	27	28	29	30	31	32	33	34	35	36	37	38	39	40	41	42	43	44	45	46	47	48	49	50	51	52	53	54	55	56	57	58	59	60	61	62	63	64	65	66	67	68	69	70	71	72	73:=
0	0.0	48.17	41.76	32.56	8.25	36.06	17.09	63.15	28.07	29.73	36.06	59.09	43.86	30.0	10.2	34.0	27.2	61.19	14.56	31.3	49.48	37.74	54.92	50.99	24.74	14.42	51.42	26.08	28.64	37.95	63.56	56.32	36.77	49.52	72.11	38.47	43.86	10.77	38.63	12.81	29.73	38.47	32.98	61.22	14.0	10.0	40.0	22.36	44.94	48.41	14.0	38.83	42.19	36.06	42.76	31.3	36.06	50.99	71.22	48.17	30.27	51.16	42.19	40.61	64.2	5.0	79.21	11.66	48.75	16.49	35.0	22.8	49.52	5.0
1	48.17	0.0	25.3	70.68	44.94	34.23	34.0	32.8	72.47	26.31	72.8	19.7	68.03	51.42	54.04	52.04	64.4	36.88	61.61	78.1	28.84	65.97	15.23	6.32	71.02	62.48	24.41	67.23	48.37	44.0	22.8	38.42	11.66	2.0	28.28	50.04	19.7	44.41	84.4	51.88	23.41	30.59	72.11	16.12	40.25	47.2	56.14	69.43	48.37	2.83	40.25	10.77	41.23	77.9	29.73	66.48	34.0	6.32	25.3	30.46	69.77	39.0	58.14	88.41	16.55	47.42	31.14	36.77	19.21	62.48	13.6	54.63	4.47	53.08
2	41.76	25.3	0.0	72.25	34.93	10.77	24.74	57.31	58.0	12.17	53.85	44.94	45.12	59.23	50.99	29.73	66.12	20.0	51.11	72.8	8.0	72.44	18.97	22.09	58.41	53.67	47.2	66.75	27.78	57.27	48.08	17.09	19.8	24.74	34.41	62.03	6.0	44.05	80.32	38.83	34.0	6.32	54.41	27.2	28.64	46.17	67.05	63.91	63.53	27.86	28.64	26.91	16.12	77.28	4.47	47.71	48.37	22.09	35.78	50.91	70.46	58.8	34.23	80.95	39.01	43.74	47.43	34.06	9.85	58.24	24.84	58.03	22.36	46.49
3	32.56	70.68	72.25	0.0	40.79	68.12	48.0	71.22	45.34	60.13	59.46	73.76	72.72	22.8	22.36	65.79	6.32	92.2	34.41	20.4	80.22	14.0	81.61	75.39	39.7	30.0	62.23	7.21	60.73	36.06	77.9	88.0	61.35	72.5	98.08	31.3	72.99	28.28	20.4	43.08	47.41	70.0	55.17	86.16	46.39	26.08	27.2	20.0	39.4	69.77	46.39	59.93	74.67	8.94	74.03	57.2	42.43	75.39	95.85	55.32	2.83	53.0	73.54	31.0	84.06	29.07	100.85	38.21	77.47	18.87	57.38	16.12	73.54	29.41
4	8.25	44.94	34.93	40.79	0.0	28.28	11.31	64.12	27.86	23.32	32.25	58.24	37.2	36.77	18.44	26.08	35.44	53.85	16.97	37.95	42.38	45.65	49.68	46.86	26.08	18.87	52.15	34.23	20.59	42.94	62.64	48.66	33.29	46.04	66.84	44.41	37.74	16.97	45.61	8.0	30.07	31.05	30.0	56.57	6.32	17.2	46.69	29.12	50.12	45.65	6.32	36.77	34.06	44.0	35.44	26.68	39.29	46.86	66.48	50.16	38.47	54.34	34.41	46.14	61.4	12.53	75.43	12.17	42.72	24.08	32.7	30.53	45.61	12.04
5	36.06	34.23	10.77	68.12	28.28	0.0	20.4	64.62	48.41	11.31	43.27	53.37	34.53	58.31	46.0	18.97	62.29	26.0	43.08	65.97	15.62	70.34	29.73	32.06	49.4	46.17	53.67	62.0	17.2	58.82	56.89	20.4	26.0	34.06	44.94	62.77	16.49	40.79	73.76	30.46	36.77	4.47	44.05	37.95	22.09	42.43	67.08	57.27	65.6	36.5	22.09	33.11	8.49	72.11	8.49	37.2	50.99	32.06	46.52	56.04	66.03	63.25	24.0	73.16	49.09	39.05	58.19	31.05	20.62	52.35	30.02	55.32	32.0	40.31
6	17.09	34.0	24.74	48.0	11.31	20.4	0.0	56.14	38.47	12.65	40.2	48.66	40.5	38.47	26.31	26.08	42.05	44.41	28.28	48.33	32.56	50.0	38.42	35.61	37.2	30.0	44.18	42.19	20.59	41.04	52.95	40.0	22.36	34.99	55.61	44.05	26.83	20.4	55.71	17.89	22.8	22.0	38.83	45.25	6.32	22.09	47.71	39.4	48.17	34.93	6.32	26.68	27.86	52.61	26.08	34.06	34.99	35.61	55.17	43.68	46.04	49.24	34.41	57.14	50.54	19.1	64.2	10.77	31.76	33.53	22.56	34.93	34.41	21.93
7	63.15	32.8	57.31	71.22	64.12	64.62	56.14	0.0	91.08	54.41	96.0	14.42	95.71	48.41	63.91	80.05	66.03	69.31	77.67	85.88	61.61	60.83	46.69	38.21	87.86	76.66	12.0	71.02	75.31	35.38	14.56	71.22	38.63	34.06	52.8	41.04	52.15	54.41	89.89	72.11	34.06	61.74	94.09	43.27	62.03	56.92	46.86	78.79	34.41	30.0	62.03	31.62	72.5	80.0	61.77	90.02	29.53	38.21	47.54	16.12	71.61	19.42	87.36	97.49	29.15	59.91	43.29	52.35	52.01	71.69	35.17	56.6	36.88	66.94
8	28.07	72.47	58.0	45.34	27.86	48.41	38.47	91.08	0.0	48.41	15.23	86.02	32.25	54.41	31.05	34.18	43.27	73.78	14.14	29.53	64.03	56.6	75.29	73.78	5.66	17.09	79.25	38.42	32.25	64.78	90.44	67.23	60.83	73.43	92.02	64.03	62.29	38.05	36.77	20.59	57.27	52.5	10.77	82.8	32.25	36.22	63.91	25.46	71.39	73.35	32.25	64.62	50.12	42.8	56.85	16.0	64.0	73.78	92.46	76.24	42.52	79.03	38.47	30.15	89.01	32.02	102.34	38.83	67.21	27.78	60.54	44.94	72.72	25.08
9	29.73	26.31	12.17	60.13	23.32	11.31	12.65	54.41	48.41	0.0	46.82	44.18	42.05	48.08	38.83	26.08	54.04	32.06	40.0	60.93	20.1	60.83	26.91	26.0	48.08	42.19	43.08	54.59	22.09	47.71	48.04	28.28	16.12	26.68	43.86	51.88	14.42	32.0	68.35	28.28	25.46	10.77	46.52	34.41	17.2	34.06	56.46	52.0	54.41	28.07	17.2	22.8	19.8	65.12	14.14	40.5	39.7	26.0	44.05	44.94	58.31	52.01	32.98	69.46	42.45	31.58	54.2	22.0	19.42	46.17	19.31	46.17	25.3	34.54
10	36.06	72.8	53.85	59.46	32.25	43.27	40.2	96.0	15.23	46.82	0.0	88.81	18.11	65.3	42.19	25.46	56.64	66.48	25.61	44.72	58.41	69.66	72.47	72.8	20.59	29.73	84.0	52.35	26.08	74.0	93.06	59.46	61.61	73.38	88.2	74.32	59.06	46.82	52.0	24.33	62.03	47.71	4.47	80.5	34.06	45.69	75.18	40.0	80.99	74.22	34.06	66.75	42.43	57.69	51.61	6.32	71.39	72.8	89.55	82.39	56.64	86.49	26.83	44.91	89.19	40.85	100.65	44.41	63.63	41.04	62.65	56.6	72.11	34.89
11	59.09	19.7	44.94	73.76	58.24	53.37	48.66	14.42	86.02	44.18	88.81	0.0	86.21	51.61	62.13	70.26	67.94	55.32	73.54	85.6	48.37	65.51	32.56	24.41	83.57	73.35	12.65	72.14	66.03	40.25	4.47	57.69	28.07	20.59	38.63	46.52	39.4	52.15	90.69	65.97	29.53	50.0	87.48	28.84	54.92	54.92	52.8	77.67	41.76	17.09	54.92	22.09	60.73	82.07	49.4	82.61	31.62	24.41	33.53	20.88	73.59	28.16	76.94	96.83	15.3	56.82	31.14	47.54	38.59	70.46	26.17	58.0	23.32	63.51
12	43.86	68.03	45.12	72.72	37.2	34.53	40.5	95.71	32.25	42.05	18.11	86.21	0.0	73.76	52.5	16.0	68.82	53.25	38.47	60.73	47.54	80.92	64.03	66.48	36.88	42.94	83.95	65.51	20.4	79.92	90.09	46.04	58.14	68.12	78.0	81.61	50.99	54.04	68.41	31.11	63.25	38.83	22.0	72.28	35.78	53.81	83.74	54.63	87.13	70.0	35.78	64.5	30.46	72.5	41.76	16.49	75.15	66.48	80.32	84.12	69.97	89.69	11.66	62.39	83.49	48.84	92.44	48.37	54.82	53.85	60.67	66.48	66.27	44.69
13	30.0	51.42	59.23	22.8	36.77	58.31	38.47	48.41	54.41	48.08	65.3	51.61	73.76	0.0	23.41	62.48	17.89	78.92	40.5	39.29	67.08	14.56	64.28	56.89	49.48	37.36	39.7	23.41	56.85	13.42	55.61	76.16	44.05	53.37	79.62	10.0	58.31	19.8	42.05	42.8	28.28	58.82	61.74	67.47	40.0	20.0	10.0	34.06	18.11	50.0	40.0	40.79	66.21	31.62	62.1	61.06	20.0	56.89	76.66	32.56	23.32	30.41	70.94	50.96	63.07	25.0	80.11	27.78	62.07	28.07	39.2	10.0	54.92	30.41
14	10.2	54.04	50.99	22.36	18.44	46.0	26.31	63.91	31.05	38.83	42.19	62.13	52.5	23.41	0.0	43.86	17.09	70.71	17.09	24.08	58.86	28.43	62.61	57.69	26.31	14.14	52.8	16.0	38.63	34.06	66.57	66.12	43.27	55.61	79.65	32.98	52.5	10.0	30.53	21.63	32.8	48.17	38.47	68.26	24.08	7.21	33.11	15.62	40.45	53.81	24.08	43.86	52.35	26.31	52.35	38.42	34.93	57.69	78.23	48.08	20.1	49.37	51.88	34.83	69.3	7.28	85.15	17.89	57.25	8.49	40.46	14.42	56.04	7.81
15	34.0	52.04	29.73	65.79	26.08	18.97	26.08	80.05	34.18	26.08	25.46	70.26	16.0	62.48	43.86	0.0	60.93	41.04	34.06	58.03	33.29	71.69	48.7	50.64	36.88	38.21	68.41	58.82	5.66	66.84	74.11	34.06	42.19	52.15	63.53	69.31	35.44	42.8	66.03	22.8	48.33	23.41	27.2	56.92	22.63	43.27	72.25	50.36	74.03	54.0	22.63	48.66	16.97	67.47	26.83	20.0	61.06	50.64	65.39	69.08	63.25	75.13	8.49	62.65	67.6	38.59	77.16	35.38	39.56	47.54	44.91	56.6	50.36	36.4
16	27.2	64.4	66.12	6.32	35.44	62.29	42.05	66.03	43.27	54.04	56.64	67.94	68.82	17.89	17.09	60.93	0.0	86.09	31.11	22.09	74.11	13.42	75.29	69.08	37.74	26.91	56.64	6.0	55.71	31.3	72.14	82.02	55.03	66.21	91.76	27.2	66.75	22.09	24.17	38.47	41.18	64.03	52.5	79.85	40.79	20.0	24.08	18.97	35.44	63.53	40.79	53.67	69.05	14.14	68.0	53.81	36.88	69.08	89.55	50.0	5.66	48.3	68.88	33.54	77.94	23.35	94.67	32.06	71.2	15.62	51.08	10.0	67.23	24.6
17	61.19	36.88	20.0	92.2	53.85	26.0	44.41	69.31	73.78	32.06	66.48	55.32	53.25	78.92	70.71	41.04	86.09	0.0	69.08	91.76	12.0	92.35	22.8	31.11	75.18	72.11	61.22	86.58	41.62	75.89	57.2	7.21	36.77	35.38	28.0	81.04	20.88	64.03	99.46	56.46	52.5	22.8	68.12	28.64	47.54	66.12	86.35	82.97	81.71	39.7	47.54	42.94	24.08	97.02	18.44	60.96	66.48	31.11	32.25	66.57	90.35	74.95	41.62	99.16	44.29	63.51	45.28	54.04	18.36	77.67	42.15	78.03	32.56	65.73
18	14.56	61.61	51.11	34.41	16.97	43.08	28.28	77.67	14.14	40.0	25.61	73.54	38.47	40.5	17.09	34.06	31.11	69.08	0.0	24.0	58.14	44.05	66.6	63.78	10.2	4.47	65.97	27.2	30.07	50.64	78.0	63.25	50.0	62.8	83.74	50.0	54.41	24.0	32.0	12.65	44.27	46.52	21.63	73.54	22.8	22.09	50.16	16.49	57.27	62.13	22.8	52.84	47.07	34.18	50.99	22.8	50.04	63.78	83.45	62.51	31.62	65.0	40.79	30.08	77.94	18.03	92.31	26.0	59.41	15.62	48.88	31.3	62.48	11.0
19	31.3	78.1	72.8	20.4	37.95	65.97	48.33	85.88	29.53	60.93	44.72	85.6	60.73	39.29	24.08	58.03	22.09	91.76	24.0	0.0	80.32	34.23	86.09	81.61	24.17	20.1	75.47	16.12	54.04	52.5	90.0	86.35	67.2	79.65	103.25	49.03	75.15	33.94	8.0	36.22	56.64	68.96	40.25	92.09	44.27	31.11	46.17	8.94	57.27	77.9	44.27	67.94	70.71	14.42	73.38	44.27	56.36	81.61	102.08	69.77	18.11	69.29	64.5	11.7	93.35	30.81	109.22	41.62	80.06	15.62	64.54	29.73	80.0	26.4
20	49.48	28.84	8.0	80.22	42.38	15.62	32.56	61.61	64.03	20.1	58.41	48.37	47.54	67.08	58.86	33.29	74.11	12.0	58.14	80.32	0.0	80.4	18.11	24.17	64.9	60.93	52.35	74.67	32.56	64.62	50.99	10.0	26.08	27.78	30.46	69.57	10.0	52.04	87.93	45.65	41.23	11.66	59.46	26.0	36.06	54.15	74.73	71.47	70.68	31.62	36.06	32.8	17.09	85.16	7.21	52.5	55.46	24.17	32.98	56.85	78.41	65.0	36.06	88.14	40.02	51.62	45.54	42.05	9.85	65.97	31.38	66.03	25.06	54.12
21	37.74	65.97	72.44	14.0	45.65	70.34	50.0	60.83	56.6	60.83	69.66	65.51	80.92	14.56	28.43	71.69	13.42	92.35	44.05	34.23	80.4	0.0	78.64	71.39	51.11	40.0	53.25	18.97	66.24	25.61	69.34	89.11	58.31	67.91	94.15	19.8	72.03	29.73	34.23	50.0	42.76	71.39	65.6	82.0	50.16	28.64	14.42	32.31	27.2	64.56	50.16	55.32	77.79	22.36	74.97	66.48	34.0	71.39	91.21	45.61	16.12	41.77	79.92	45.0	77.47	33.12	94.54	39.29	76.01	28.84	53.6	15.23	69.43	36.24
22	54.92	15.23	18.97	81.61	49.68	29.73	38.42	46.69	75.29	26.91	72.47	32.56	64.03	64.28	62.61	48.7	75.29	22.8	66.6	86.09	18.11	78.64	0.0	8.94	74.97	68.41	39.45	77.25	46.52	58.31	34.41	26.0	20.4	13.42	17.2	64.12	13.42	53.85	93.06	55.17	36.06	25.3	72.72	8.25	43.86	56.46	70.03	77.18	63.15	17.89	43.86	24.08	34.23	88.02	22.36	66.24	48.37	8.94	17.2	45.69	80.32	54.23	52.95	95.44	22.14	55.47	28.46	44.72	9.22	70.71	25.08	65.97	10.77	59.91
23	50.99	6.32	22.09	75.39	46.86	32.06	35.61	38.21	73.78	26.0	72.8	24.41	66.48	56.89	57.69	50.64	69.08	31.11	63.78	81.61	24.17	71.39	8.94	0.0	72.8	65.05	30.53	71.55	47.54	50.04	26.83	33.29	14.42	4.47	22.8	56.0	16.12	48.37	88.2	53.25	28.64	28.0	72.5	10.77	41.62	51.11	62.03	72.8	54.59	8.94	41.62	16.12	38.21	82.29	26.31	66.48	40.05	0.0	20.59	36.77	74.32	45.31	56.04	91.55	17.03	50.8	28.6	40.0	14.32	66.03	18.03	59.46	2.0	55.97
24	24.74	71.02	58.41	39.7	26.08	49.4	37.2	87.86	5.66	48.08	20.59	83.57	36.88	49.48	26.31	36.88	37.74	75.18	10.2	24.17	64.9	51.11	74.97	72.8	0.0	12.17	76.16	32.8	34.18	60.3	88.02	68.88	59.36	72.11	91.93	59.23	62.29	34.06	31.62	19.8	54.41	53.25	16.12	82.22	31.24	32.0	58.82	19.8	66.75	71.69	31.24	62.61	52.0	37.2	57.69	20.4	60.13	72.8	92.02	72.69	36.88	75.03	42.05	26.02	87.46	28.16	101.4	36.06	67.27	22.36	58.59	39.85	71.61	21.1
25	14.42	62.48	53.67	30.0	18.87	46.17	30.0	76.66	17.09	42.19	29.73	73.35	42.94	37.36	14.14	38.21	26.91	72.11	4.47	20.1	60.93	40.0	68.41	65.05	12.17	0.0	65.15	22.8	34.0	48.17	77.82	66.48	50.99	63.78	85.6	47.07	56.6	22.36	28.07	16.12	43.86	49.4	25.61	75.07	25.06	20.1	46.82	12.17	54.59	62.8	25.06	53.25	50.64	29.73	53.85	27.2	48.37	65.05	85.04	61.19	27.2	63.13	45.12	27.29	78.6	16.76	93.43	26.08	61.59	11.31	49.41	27.86	63.66	9.85
26	51.42	24.41	47.2	62.23	52.15	53.67	44.18	12.0	79.25	43.08	84.0	12.65	83.95	39.7	52.8	68.41	56.64	61.22	65.97	75.47	52.35	53.25	39.45	30.53	76.16	65.15	0.0	61.22	63.56	27.78	16.12	62.23	27.78	26.08	49.03	34.0	42.52	43.08	80.0	60.13	22.09	51.11	82.1	37.95	50.04	45.69	40.25	68.0	29.12	21.63	50.04	20.59	61.77	70.77	51.61	78.03	19.8	30.53	44.41	8.25	62.29	16.03	75.89	86.95	27.02	48.38	43.57	40.45	43.19	60.83	23.77	46.86	28.84	55.36
27	26.08	67.23	66.75	7.21	34.23	62.0	42.19	71.02	38.42	54.59	52.35	72.14	65.51	23.41	16.0	58.82	6.0	86.58	27.2	16.12	74.67	18.97	77.25	71.55	32.8	22.8	61.22	0.0	53.85	36.77	76.42	82.1	57.27	68.96	94.02	32.98	67.91	23.41	18.87	36.06	44.41	64.12	48.08	82.29	40.05	20.88	30.07	13.42	41.23	66.57	40.05	56.6	68.26	10.77	68.26	50.0	41.62	71.55	92.13	54.92	4.47	53.71	66.48	27.66	81.4	23.09	97.91	32.98	72.53	11.66	53.71	14.42	69.77	22.56
28	28.64	48.37	27.78	60.73	20.59	17.2	20.59	75.31	32.25	22.09	26.08	66.03	20.4	56.85	38.63	5.66	55.71	41.62	30.07	54.04	32.56	66.24	46.52	47.54	34.18	34.0	63.56	53.85	0.0	61.22	70.0	34.99	38.0	48.66	62.13	63.66	33.11	37.2	62.03	18.11	43.08	21.63	26.91	54.63	16.97	37.74	66.6	46.04	68.41	50.16	16.97	44.18	17.89	62.8	25.61	20.0	55.57	47.54	63.53	63.91	58.24	69.78	14.14	59.44	64.33	33.12	74.85	29.73	37.59	42.76	40.31	51.11	47.07	31.32
29	37.95	44.0	57.27	36.06	42.94	58.82	41.04	35.38	64.78	47.71	74.0	40.25	79.92	13.42	34.06	66.84	31.3	75.89	50.64	52.5	64.62	25.61	58.31	50.04	60.3	48.17	27.78	36.77	61.22	0.0	43.91	74.32	39.29	46.0	72.11	6.32	55.03	27.2	55.46	50.16	23.41	58.31	70.88	60.03	44.41	28.64	12.65	46.69	7.21	42.05	44.41	34.23	67.2	44.94	60.83	69.08	10.0	50.04	68.47	20.0	36.72	17.0	75.29	64.2	53.16	33.24	70.21	31.62	57.97	40.2	33.96	22.8	48.04	39.81
30	63.56	22.8	48.08	77.9	62.64	56.89	52.95	14.56	90.44	48.04	93.06	4.47	90.09	55.61	66.57	74.11	72.14	57.2	78.0	90.0	50.99	69.34	34.41	26.83	88.02	77.82	16.12	76.42	70.0	43.91	0.0	60.03	32.0	23.41	38.47	50.12	42.38	56.6	95.02	70.34	34.0	53.37	91.78	29.73	59.23	59.36	56.36	82.1	44.94	20.4	59.23	26.31	64.03	86.28	52.5	86.83	35.61	26.83	33.11	24.17	77.79	30.81	80.62	101.26	14.76	61.29	29.02	52.0	41.15	74.89	30.41	62.23	26.0	67.98
31	56.32	38.42	17.09	88.0	48.66	20.4	40.0	71.22	67.23	28.28	59.46	57.69	46.04	76.16	66.12	34.06	82.02	7.21	63.25	86.35	10.0	89.11	26.0	33.29	68.88	66.48	62.23	82.1	34.99	74.32	60.03	0.0	36.06	37.2	34.23	79.12	20.0	60.13	94.15	50.6	50.99	18.0	61.22	32.98	42.43	62.03	84.12	77.67	80.5	41.23	42.43	42.8	17.2	92.35	14.14	54.04	65.3	33.29	38.0	66.84	86.02	75.0	34.41	93.3	48.1	59.03	51.01	50.16	19.21	72.69	41.34	74.43	34.41	60.67
32	36.77	11.66	19.8	61.35	33.29	26.0	22.36	38.63	60.83	16.12	61.61	28.07	58.14	44.05	43.27	42.19	55.03	36.77	50.0	67.2	26.08	58.31	20.4	14.42	59.36	50.99	27.78	57.27	38.0	39.29	32.0	36.06	0.0	12.81	36.77	44.72	16.12	34.0	73.78	40.25	16.12	23.32	60.73	25.06	28.64	36.72	50.36	58.41	44.94	12.65	28.64	7.21	34.0	68.03	24.08	55.32	29.73	14.42	34.99	31.11	60.17	39.05	49.03	77.23	28.18	36.4	42.45	25.61	18.68	51.61	5.39	45.61	12.81	41.73
33	49.52	2.0	24.74	72.5	46.04	34.06	34.99	34.06	73.43	26.68	73.38	20.59	68.12	53.37	55.61	52.15	66.21	35.38	62.8	79.65	27.78	67.91	13.42	4.47	72.11	63.78	26.08	68.96	48.66	46.0	23.41	37.2	12.81	0.0	26.31	52.04	18.97	46.04	86.02	52.84	25.3	30.27	72.8	14.14	41.18	48.83	58.14	70.94	50.36	4.47	41.18	12.65	40.79	79.65	29.12	67.05	36.0	4.47	23.41	32.31	71.55	40.85	58.03	89.87	15.81	48.92	29.7	38.21	18.03	64.03	15.26	56.46	2.83	54.45
34	72.11	28.28	34.41	98.08	66.84	44.94	55.61	52.8	92.02	43.86	88.2	38.63	78.0	79.62	79.65	63.53	91.76	28.0	83.74	103.25	30.46	94.15	17.2	22.8	91.93	85.6	49.03	94.02	62.13	72.11	38.47	34.23	36.77	26.31	0.0	78.23	29.73	70.68	110.15	72.14	51.42	40.5	88.81	12.17	60.96	73.35	84.38	94.34	76.03	30.07	60.96	38.83	47.54	104.79	36.72	82.1	62.13	22.8	5.66	56.57	96.93	64.94	66.48	112.65	23.71	72.56	17.72	61.77	24.84	87.82	40.8	82.22	24.74	77.1
35	38.47	50.04	62.03	31.3	44.41	62.77	44.05	41.04	64.03	51.88	74.32	46.52	81.61	10.0	32.98	69.31	27.2	81.04	50.0	49.03	69.57	19.8	64.12	56.0	59.23	47.07	34.0	32.98	63.66	6.32	50.12	79.12	44.72	52.04	78.23	0.0	60.17	27.78	51.26	51.11	28.64	62.61	70.94	66.12	46.69	28.64	6.32	44.05	8.25	48.17	46.69	40.05	71.02	40.25	65.39	69.77	16.12	56.0	74.67	26.08	32.31	22.02	77.79	60.64	59.48	33.54	76.54	33.94	63.35	38.05	39.46	20.0	54.0	39.56
36	43.86	19.7	6.0	72.99	37.74	16.49	26.83	52.15	62.29	14.42	59.06	39.4	50.99	58.31	52.5	35.44	66.75	20.88	54.41	75.15	10.0	72.03	13.42	16.12	62.29	56.6	42.52	67.91	33.11	55.03	42.38	20.0	16.12	18.97	29.73	60.17	0.0	44.72	82.46	42.52	31.62	12.17	59.36	21.54	31.62	47.07	65.51	66.21	60.93	22.36	31.62	22.8	22.09	78.59	10.2	52.84	45.69	16.12	30.53	46.86	71.39	55.0	40.2	83.86	33.02	45.22	41.79	34.93	5.0	60.17	21.47	58.14	16.49	48.75
37	10.77	44.41	44.05	28.28	16.97	40.79	20.4	54.41	38.05	32.0	46.82	52.15	54.04	19.8	10.0	42.8	22.09	64.03	24.0	33.94	52.04	29.73	53.85	48.37	34.06	22.36	43.08	23.41	37.2	27.2	56.6	60.13	34.0	46.04	70.68	27.78	44.72	0.0	40.0	23.32	22.8	42.19	43.68	59.06	20.59	2.83	29.73	25.61	34.18	44.05	20.59	34.06	48.08	34.18	46.04	42.05	26.08	48.37	68.96	38.83	26.68	41.0	51.22	44.82	59.41	6.08	75.43	10.0	49.24	18.44	30.81	14.56	46.65	13.0
38	38.63	84.4	80.32	20.4	45.61	73.76	55.71	89.89	36.77	68.35	52.0	90.69	68.41	42.05	30.53	66.03	24.17	99.46	32.0	8.0	87.93	34.23	93.06	88.2	31.62	28.07	80.0	18.87	62.03	55.46	95.02	94.15	73.78	86.02	110.15	51.26	82.46	40.0	0.0	44.18	62.29	76.66	47.54	98.79	51.92	37.2	47.54	16.49	59.46	84.02	51.92	74.03	78.64	12.0	81.04	51.92	60.46	88.2	108.76	73.78	18.97	72.45	72.44	11.7	99.25	37.59	115.42	48.37	87.32	22.36	70.8	33.29	86.53	33.84
39	12.81	51.88	38.83	43.08	8.0	30.46	17.89	72.11	20.59	28.28	24.33	65.97	31.11	42.8	21.63	22.8	38.47	56.46	12.65	36.22	45.65	50.0	55.17	53.25	19.8	16.12	60.13	36.06	18.11	50.16	70.34	50.6	40.25	52.84	72.14	51.11	42.52	23.32	44.18	0.0	38.05	34.0	22.0	62.48	11.66	22.8	52.8	28.0	57.27	52.8	11.66	44.27	34.53	44.72	38.47	18.97	47.07	53.25	72.25	58.14	40.5	62.17	30.46	42.72	68.43	17.8	81.84	20.1	47.51	24.74	40.16	35.38	52.15	13.89
40	29.73	23.41	34.0	47.41	30.07	36.77	22.8	34.06	57.27	25.46	62.03	29.53	63.25	28.28	32.8	48.33	41.18	52.5	44.27	56.64	41.23	42.76	36.06	28.64	54.41	43.86	22.09	44.41	43.08	23.41	34.0	50.99	16.12	25.3	51.42	28.64	31.62	22.8	62.29	38.05	0.0	35.61	60.03	39.29	28.28	25.61	34.23	48.41	29.53	22.36	28.28	12.65	45.25	54.92	37.74	56.14	14.42	28.64	48.7	20.88	46.65	26.93	56.36	67.62	37.01	27.29	53.54	18.44	34.71	41.23	11.0	31.3	26.68	34.01
41	38.47	30.59	6.32	70.0	31.05	4.47	22.0	61.74	52.5	10.77	47.71	50.0	38.83	58.82	48.17	23.41	64.03	22.8	46.52	68.96	11.66	71.39	25.3	28.0	53.25	49.4	51.11	64.12	21.63	58.31	53.37	18.0	23.32	30.27	40.5	62.61	12.17	42.19	76.66	34.0	35.61	0.0	48.41	33.53	24.74	44.05	67.23	60.17	64.9	32.98	24.74	30.53	10.77	74.43	4.47	41.62	50.0	28.0	42.05	54.04	68.03	61.55	28.07	76.56	45.01	41.05	53.76	32.25	16.16	54.92	27.8	56.57	28.07	42.95
42	32.98	72.11	54.41	55.17	30.0	44.05	38.83	94.09	10.77	46.52	4.47	87.48	22.0	61.74	38.47	27.2	52.5	68.12	21.63	40.25	59.46	65.6	72.72	72.5	16.12	25.61	82.1	48.08	26.91	70.88	91.78	61.22	60.73	72.8	88.81	70.94	59.36	43.68	47.54	22.0	60.03	48.41	0.0	80.62	32.56	42.38	71.55	35.61	77.79	73.38	32.56	65.51	44.05	53.25	52.5	7.21	68.73	72.5	89.89	80.1	52.35	83.86	29.73	40.61	88.6	37.64	100.65	42.05	64.07	36.88	61.39	52.84	71.69	31.38
43	61.22	16.12	27.2	86.16	56.57	37.95	45.25	43.27	82.8	34.41	80.5	28.84	72.28	67.47	68.26	56.92	79.85	28.64	73.54	92.09	26.0	82.0	8.25	10.77	82.22	75.07	37.95	82.29	54.63	60.03	29.73	32.98	25.06	14.14	12.17	66.12	21.54	59.06	98.79	62.48	39.29	33.53	80.62	0.0	50.99	61.77	72.25	83.23	64.12	18.0	50.99	26.68	42.43	93.04	30.59	74.24	50.04	10.77	10.0	45.12	85.09	53.6	61.19	101.83	15.81	61.29	20.25	50.48	17.46	76.55	28.79	70.23	12.65	66.22
44	14.0	40.25	28.64	46.39	6.32	22.09	6.32	62.03	32.25	17.2	34.06	54.92	35.78	40.0	24.08	22.63	40.79	47.54	22.8	44.27	36.06	50.16	43.86	41.62	31.24	25.06	50.04	40.05	16.97	44.41	59.23	42.43	28.64	41.18	60.96	46.69	31.62	20.59	51.92	11.66	28.28	24.74	32.56	50.99	0.0	21.54	49.68	35.44	51.61	41.23	0.0	32.98	28.28	50.04	29.12	28.0	39.4	41.62	60.83	49.03	44.18	54.08	31.11	52.35	56.8	17.46	70.21	12.81	36.62	30.27	28.86	34.93	40.5	18.25
45	10.0	47.2	46.17	26.08	17.2	42.43	22.09	56.92	36.22	34.06	45.69	54.92	53.81	20.0	7.21	43.27	20.0	66.12	22.09	31.11	54.15	28.64	56.46	51.11	32.0	20.1	45.69	20.88	37.74	28.64	59.36	62.03	36.72	48.83	73.35	28.64	47.07	2.83	37.2	22.8	25.61	44.05	42.38	61.77	21.54	0.0	30.0	22.8	35.44	46.86	21.54	36.88	49.48	31.62	48.0	41.18	28.28	51.11	71.69	41.23	24.33	43.05	51.61	42.01	62.24	5.0	78.24	12.17	51.66	15.62	33.6	13.42	49.4	11.18
46	40.0	56.14	67.05	27.2	46.69	67.08	47.71	46.86	63.91	56.46	75.18	52.8	83.74	10.0	33.11	72.25	24.08	86.35	50.16	46.17	74.73	14.42	70.03	62.03	58.82	46.82	40.25	30.07	66.6	12.65	56.36	84.12	50.36	58.14	84.38	6.32	65.51	29.73	47.54	52.8	34.23	67.23	71.55	72.25	49.68	30.0	0.0	42.19	12.81	54.33	49.68	46.0	75.18	36.06	70.23	71.02	22.36	62.03	80.89	32.25	28.64	27.59	80.72	57.56	65.8	35.0	82.86	37.2	68.88	36.88	45.18	18.97	60.03	40.31
47	22.36	69.43	63.91	20.0	29.12	57.27	39.4	78.79	25.46	52.0	40.0	77.67	54.63	34.06	15.62	50.36	18.97	82.97	16.49	8.94	71.47	32.31	77.18	72.8	19.8	12.17	68.0	13.42	46.04	46.69	82.1	77.67	58.41	70.94	94.34	44.05	66.21	25.61	16.49	28.0	48.41	60.17	35.61	83.23	35.44	22.8	42.19	0.0	52.15	69.31	35.44	59.4	62.29	17.89	64.56	38.47	49.4	72.8	93.23	62.77	17.2	63.06	57.27	19.21	84.86	22.02	100.57	32.8	71.11	7.21	55.9	24.08	71.22	17.46
48	44.94	48.37	63.53	39.4	50.12	65.6	48.17	34.41	71.39	54.41	80.99	41.76	87.13	18.11	40.45	74.03	35.44	81.71	57.27	57.27	70.68	27.2	63.15	54.59	66.75	54.59	29.12	41.23	68.41	7.21	44.94	80.5	44.94	50.36	76.03	8.25	60.93	34.18	59.46	57.27	29.53	64.9	77.79	64.12	51.61	35.44	12.81	52.15	0.0	46.17	51.61	39.29	74.03	48.33	67.23	76.16	15.23	54.59	72.03	20.88	40.5	15.0	82.46	68.88	55.73	40.16	72.57	38.83	63.57	46.0	39.56	28.07	52.61	46.57
49	48.41	2.83	27.86	69.77	45.65	36.5	34.93	30.0	73.35	28.07	74.22	17.09	70.0	50.0	53.81	54.0	63.53	39.7	62.13	77.9	31.62	64.56	17.89	8.94	71.69	62.8	21.63	66.57	50.16	42.05	20.4	41.23	12.65	4.47	30.07	48.17	22.36	44.05	84.02	52.8	22.36	32.98	73.38	18.0	41.23	46.86	54.33	69.31	46.17	0.0	41.23	10.0	43.68	77.18	32.31	67.91	32.06	8.94	26.68	27.86	68.96	36.4	60.3	88.39	15.81	47.38	31.4	36.88	22.02	62.29	13.45	53.67	7.21	53.26
50	14.0	40.25	28.64	46.39	6.32	22.09	6.32	62.03	32.25	17.2	34.06	54.92	35.78	40.0	24.08	22.63	40.79	47.54	22.8	44.27	36.06	50.16	43.86	41.62	31.24	25.06	50.04	40.05	16.97	44.41	59.23	42.43	28.64	41.18	60.96	46.69	31.62	20.59	51.92	11.66	28.28	24.74	32.56	50.99	0.0	21.54	49.68	35.44	51.61	41.23	0.0	32.98	28.28	50.04	29.12	28.0	39.4	41.62	60.83	49.03	44.18	54.08	31.11	52.35	56.8	17.46	70.21	12.81	36.62	30.27	28.86	34.93	40.5	18.25
51	38.83	10.77	26.91	59.93	36.77	33.11	26.68	31.62	64.62	22.8	66.75	22.09	64.5	40.79	43.86	48.66	53.67	42.94	52.84	67.94	32.8	55.32	24.08	16.12	62.61	53.25	20.59	56.6	44.18	34.23	26.31	42.8	7.21	12.65	38.83	40.05	22.8	34.06	74.03	44.27	12.65	30.53	65.51	26.68	32.98	36.88	46.0	59.4	39.29	10.0	32.98	0.0	41.18	67.23	31.24	60.53	24.33	16.12	36.06	24.08	59.06	32.2	55.79	78.52	25.5	37.54	41.4	27.2	24.6	52.35	4.12	43.86	14.14	43.6
52	42.19	41.23	16.12	74.67	34.06	8.49	27.86	72.5	50.12	19.8	42.43	60.73	30.46	66.21	52.35	16.97	69.05	24.08	47.07	70.71	17.09	77.79	34.23	38.21	52.0	50.64	61.77	68.26	17.89	67.2	64.03	17.2	34.0	40.79	47.54	71.02	22.09	48.08	78.64	34.53	45.25	10.77	44.05	42.43	28.28	49.48	75.18	62.29	74.03	43.68	28.28	41.18	0.0	78.03	12.0	36.88	59.46	38.21	50.0	64.4	72.44	71.7	18.97	76.92	55.08	45.71	62.37	38.63	25.08	58.0	38.28	62.64	38.47	46.01
53	36.06	77.9	77.28	8.94	44.0	72.11	52.61	80.0	42.8	65.12	57.69	82.07	72.5	31.62	26.31	67.47	14.14	97.02	34.18	14.42	85.16	22.36	88.02	82.29	37.2	29.73	70.77	10.77	62.8	44.94	86.28	92.35	68.03	79.65	104.79	40.25	78.59	34.18	12.0	44.72	54.92	74.43	53.25	93.04	50.04	31.62	36.06	17.89	48.33	77.18	50.04	67.23	78.03	0.0	78.64	56.36	50.99	82.29	102.86	64.03	8.49	61.91	74.73	23.35	91.84	33.54	108.45	43.68	83.24	20.1	64.41	24.08	80.5	32.02
54	42.76	29.73	4.47	74.03	35.44	8.49	26.08	61.77	56.85	14.14	51.61	49.4	41.76	62.1	52.35	26.83	68.0	18.44	50.99	73.38	7.21	74.97	22.36	26.31	57.69	53.85	51.61	68.26	25.61	60.83	52.5	14.14	24.08	29.12	36.72	65.39	10.2	46.04	81.04	38.47	37.74	4.47	52.5	30.59	29.12	48.0	70.23	64.56	67.23	32.31	29.12	31.24	12.0	78.64	0.0	45.61	52.15	26.31	38.63	55.17	72.11	62.97	30.59	81.02	43.1	45.18	50.7	36.06	13.15	59.23	29.0	60.3	26.68	47.3
55	31.3	66.48	47.71	57.2	26.68	37.2	34.06	90.02	16.0	40.5	6.32	82.61	16.49	61.06	38.42	20.0	53.81	60.96	22.8	44.27	52.5	66.48	66.24	66.48	20.4	27.2	78.03	50.0	20.0	69.08	86.83	54.04	55.32	67.05	82.1	69.77	52.84	42.05	51.92	18.97	56.14	41.62	7.21	74.24	28.0	41.18	71.02	38.47	76.16	67.91	28.0	60.53	36.88	56.36	45.61	0.0	65.97	66.48	83.35	76.66	54.41	81.02	22.8	46.1	82.86	36.24	94.37	38.83	57.45	38.42	56.44	52.8	65.79	30.81
56	36.06	34.0	48.37	42.43	39.29	50.99	34.99	29.53	64.0	39.7	71.39	31.62	75.15	20.0	34.93	61.06	36.88	66.48	50.04	56.36	55.46	34.0	48.37	40.05	60.13	48.37	19.8	41.62	55.57	10.0	35.61	65.3	29.73	36.0	62.13	16.12	45.69	26.08	60.46	47.07	14.42	50.0	68.73	50.04	39.4	28.28	22.36	49.4	15.23	32.06	39.4	24.33	59.46	50.99	52.15	65.97	0.0	40.05	58.55	13.42	42.52	15.13	69.34	67.98	43.66	32.02	60.75	27.2	48.38	42.38	24.35	27.2	38.05	39.05
57	50.99	6.32	22.09	75.39	46.86	32.06	35.61	38.21	73.78	26.0	72.8	24.41	66.48	56.89	57.69	50.64	69.08	31.11	63.78	81.61	24.17	71.39	8.94	0.0	72.8	65.05	30.53	71.55	47.54	50.04	26.83	33.29	14.42	4.47	22.8	56.0	16.12	48.37	88.2	53.25	28.64	28.0	72.5	10.77	41.62	51.11	62.03	72.8	54.59	8.94	41.62	16.12	38.21	82.29	26.31	66.48	40.05	0.0	20.59	36.77	74.32	45.31	56.04	91.55	17.03	50.8	28.6	40.0	14.32	66.03	18.03	59.46	2.0	55.97
58	71.22	25.3	35.78	95.85	66.48	46.52	55.17	47.54	92.46	44.05	89.55	33.53	80.32	76.66	78.23	65.39	89.55	32.25	83.45	102.08	32.98	91.21	17.2	20.59	92.02	85.04	44.41	92.13	63.53	68.47	33.11	38.0	34.99	23.41	5.66	74.67	30.53	68.96	108.76	72.25	48.7	42.05	89.89	10.0	60.83	71.69	80.89	93.23	72.03	26.68	60.83	36.06	50.0	102.86	38.63	83.35	58.55	20.59	0.0	52.15	94.85	60.41	68.96	111.83	18.38	71.28	13.04	60.46	25.94	86.53	38.48	79.85	22.36	76.22
59	48.17	30.46	50.91	55.32	50.16	56.04	43.68	16.12	76.24	44.94	82.39	20.88	84.12	32.56	48.08	69.08	50.0	66.57	62.51	69.77	56.85	45.61	45.69	36.77	72.69	61.19	8.25	54.92	63.91	20.0	24.17	66.84	31.11	32.31	56.57	26.08	46.86	38.83	73.78	58.14	20.88	54.04	80.1	45.12	49.03	41.23	32.25	62.77	20.88	27.86	49.03	24.08	64.4	64.03	55.17	76.66	13.42	36.77	52.15	0.0	55.61	8.54	76.97	81.39	35.13	44.55	51.79	38.05	48.26	55.71	26.25	40.5	34.93	51.62
60	30.27	69.77	70.46	2.83	38.47	66.03	46.04	71.61	42.52	58.31	56.64	73.59	69.97	23.32	20.1	63.25	5.66	90.35	31.62	18.11	78.41	16.12	80.32	74.32	36.88	27.2	62.29	4.47	58.24	36.72	77.79	86.02	60.17	71.55	96.93	32.31	71.39	26.68	18.97	40.5	46.65	68.03	52.35	85.09	44.18	24.33	28.64	17.2	40.5	68.96	44.18	59.06	72.44	8.49	72.11	54.41	42.52	74.32	94.85	55.61	0.0	53.71	70.94	29.07	83.49	27.0	100.17	36.5	75.93	16.12	56.36	15.62	72.5	26.93
61	51.16	39.0	58.8	53.0	54.34	63.25	49.24	19.42	79.03	52.01	86.49	28.16	89.69	30.41	49.37	75.13	48.3	74.95	65.0	69.29	65.0	41.77	54.23	45.31	75.03	63.13	16.03	53.71	69.78	17.0	30.81	75.0	39.05	40.85	64.94	22.02	55.0	41.0	72.45	62.17	26.93	61.55	83.86	53.6	54.08	43.05	27.59	63.06	15.0	36.4	54.08	32.2	71.7	61.91	62.97	81.02	15.13	45.31	60.41	8.54	53.71	0.0	83.24	80.99	43.0	47.01	59.3	42.2	56.6	56.29	33.97	39.56	43.46	54.0
62	42.19	58.14	34.23	73.54	34.41	24.0	34.41	87.36	38.47	32.98	26.83	76.94	11.66	70.94	51.88	8.49	68.88	41.62	40.79	64.5	36.06	79.92	52.95	56.04	42.05	45.12	75.89	66.48	14.14	75.29	80.62	34.41	49.03	58.03	66.48	77.79	40.2	51.22	72.44	30.46	56.36	28.07	29.73	61.19	31.11	51.61	80.72	57.27	82.46	60.3	31.11	55.79	18.97	74.73	30.59	22.8	69.34	56.04	68.96	76.97	70.94	83.24	0.0	68.07	73.06	46.87	81.25	43.86	43.74	55.03	52.2	64.9	56.0	44.28
63	40.61	88.41	80.95	31.0	46.14	73.16	57.14	97.49	30.15	69.46	44.91	96.83	62.39	50.96	34.83	62.65	33.54	99.16	30.08	11.7	88.14	45.0	95.44	91.55	26.02	27.29	86.95	27.66	59.44	64.2	101.26	93.3	77.23	89.87	112.65	60.64	83.86	44.82	11.7	42.72	67.62	76.56	40.61	101.83	52.35	42.01	57.56	19.21	68.88	88.39	52.35	78.52	76.92	23.35	81.02	46.1	67.98	91.55	111.83	81.39	29.07	80.99	68.07	0.0	104.0	41.01	119.55	51.66	88.84	26.4	74.95	41.44	90.03	35.61
64	64.2	16.55	39.01	84.06	61.4	49.09	50.54	29.15	89.01	42.45	89.19	15.3	83.49	63.07	69.3	67.6	77.94	44.29	77.94	93.35	40.02	77.47	22.14	17.03	87.46	78.6	27.02	81.4	64.33	53.16	14.76	48.1	28.18	15.81	23.71	59.48	33.02	59.41	99.25	68.43	37.01	45.01	88.6	15.81	56.8	62.24	65.8	84.86	55.73	15.81	56.8	25.5	55.08	91.84	43.1	82.86	43.66	17.03	18.38	35.13	83.49	43.0	73.06	104.0	0.0	63.03	17.09	52.63	30.41	77.78	29.21	67.96	17.26	69.03
65	5.0	47.42	43.74	29.07	12.53	39.05	19.1	59.91	32.02	31.58	40.85	56.82	48.84	25.0	7.28	38.59	23.35	63.51	18.03	30.81	51.62	33.12	55.47	50.8	28.16	16.76	48.38	23.09	33.12	33.24	61.29	59.03	36.4	48.92	72.56	33.54	45.22	6.08	37.59	17.8	27.29	41.05	37.64	61.29	17.46	5.0	35.0	22.02	40.16	47.38	17.46	37.54	45.71	33.54	45.18	36.24	32.02	50.8	71.28	44.55	27.0	47.01	46.87	41.01	63.03	0.0	78.57	10.82	49.98	15.26	33.94	18.03	49.2	7.07
