set K:= 1	2	3	4	5	6	7	8	9;
set C_H:= 1	2	3	4	5	6	7	8	9	10	11	12	13	14	15	16	17	18	19	20	21	22	23	24	25	26	27	28	29	30	31	32	33	34	35	36	37	38	39	40	41	42;
set C_S:= 43	44	45	46	47	48	49	50	51	52	53	54	55	56	57	58	59	60	61	62;
set C_F:= 63	64	65	66	67	68;
set M:= 69	70	71	72	73	74;
set L_B:= 75	76	77	78	79	80	81	82	83;
set A1:=
(0,*) 1 2 3 4 5 6 7 8 9 10 11 12 13 14 15 16 17 18 19 20 21 22 23 24 25 26 27 28 29 30 31 32 33 34 35 36 37 38 39 40 41 42 63 64 65 66 67 68 69 70 71 72 73 74 75 76 77 78 79 80 81 82 83
(1,*) 0 2 3 4 5 6 7 8 9 10 11 12 13 14 15 16 17 18 19 20 21 22 23 24 25 26 27 28 29 30 31 32 33 34 35 36 37 38 39 40 41 42 63 64 65 66 67 68 69 70 71 72 73 74 75 76 77 78 79 80 81 82 83
(2,*) 0 1 3 4 5 6 7 8 9 10 11 12 13 14 15 16 17 18 19 20 21 22 23 24 25 26 27 28 29 30 31 32 33 34 35 36 37 38 39 40 41 42 63 64 65 66 67 68 69 70 71 72 73 74 75 76 77 78 79 80 81 82 83
(3,*) 0 1 2 4 5 6 7 8 9 10 11 12 13 14 15 16 17 18 19 20 21 22 23 24 25 26 27 28 29 30 31 32 33 34 35 36 37 38 39 40 41 42 63 64 65 66 67 68 69 70 71 72 73 74 75 76 77 78 79 80 81 82 83
(4,*) 0 1 2 3 5 6 7 8 9 10 11 12 13 14 15 16 17 18 19 20 21 22 23 24 25 26 27 28 29 30 31 32 33 34 35 36 37 38 39 40 41 42 63 64 65 66 67 68 69 70 71 72 73 74 75 76 77 78 79 80 81 82 83
(5,*) 0 1 2 3 4 6 7 8 9 10 11 12 13 14 15 16 17 18 19 20 21 22 23 24 25 26 27 28 29 30 31 32 33 34 35 36 37 38 39 40 41 42 63 64 65 66 67 68 69 70 71 72 73 74 75 76 77 78 79 80 81 82 83
(6,*) 0 1 2 3 4 5 7 8 9 10 11 12 13 14 15 16 17 18 19 20 21 22 23 24 25 26 27 28 29 30 31 32 33 34 35 36 37 38 39 40 41 42 63 64 65 66 67 68 69 70 71 72 73 74 75 76 77 78 79 80 81 82 83
(7,*) 0 1 2 3 4 5 6 8 9 10 11 12 13 14 15 16 17 18 19 20 21 22 23 24 25 26 27 28 29 30 31 32 33 34 35 36 37 38 39 40 41 42 63 64 65 66 67 68 69 70 71 72 73 74 75 76 77 78 79 80 81 82 83
(8,*) 0 1 2 3 4 5 6 7 9 10 11 12 13 14 15 16 17 18 19 20 21 22 23 24 25 26 27 28 29 30 31 32 33 34 35 36 37 38 39 40 41 42 63 64 65 66 67 68 69 70 71 72 73 74 75 76 77 78 79 80 81 82 83
(9,*) 0 1 2 3 4 5 6 7 8 10 11 12 13 14 15 16 17 18 19 20 21 22 23 24 25 26 27 28 29 30 31 32 33 34 35 36 37 38 39 40 41 42 63 64 65 66 67 68 69 70 71 72 73 74 75 76 77 78 79 80 81 82 83
(10,*) 0 1 2 3 4 5 6 7 8 9 11 12 13 14 15 16 17 18 19 20 21 22 23 24 25 26 27 28 29 30 31 32 33 34 35 36 37 38 39 40 41 42 63 64 65 66 67 68 69 70 71 72 73 74 75 76 77 78 79 80 81 82 83
(11,*) 0 1 2 3 4 5 6 7 8 9 10 12 13 14 15 16 17 18 19 20 21 22 23 24 25 26 27 28 29 30 31 32 33 34 35 36 37 38 39 40 41 42 63 64 65 66 67 68 69 70 71 72 73 74 75 76 77 78 79 80 81 82 83
(12,*) 0 1 2 3 4 5 6 7 8 9 10 11 13 14 15 16 17 18 19 20 21 22 23 24 25 26 27 28 29 30 31 32 33 34 35 36 37 38 39 40 41 42 63 64 65 66 67 68 69 70 71 72 73 74 75 76 77 78 79 80 81 82 83
(13,*) 0 1 2 3 4 5 6 7 8 9 10 11 12 14 15 16 17 18 19 20 21 22 23 24 25 26 27 28 29 30 31 32 33 34 35 36 37 38 39 40 41 42 63 64 65 66 67 68 69 70 71 72 73 74 75 76 77 78 79 80 81 82 83
(14,*) 0 1 2 3 4 5 6 7 8 9 10 11 12 13 15 16 17 18 19 20 21 22 23 24 25 26 27 28 29 30 31 32 33 34 35 36 37 38 39 40 41 42 63 64 65 66 67 68 69 70 71 72 73 74 75 76 77 78 79 80 81 82 83
(15,*) 0 1 2 3 4 5 6 7 8 9 10 11 12 13 14 16 17 18 19 20 21 22 23 24 25 26 27 28 29 30 31 32 33 34 35 36 37 38 39 40 41 42 63 64 65 66 67 68 69 70 71 72 73 74 75 76 77 78 79 80 81 82 83
(16,*) 0 1 2 3 4 5 6 7 8 9 10 11 12 13 14 15 17 18 19 20 21 22 23 24 25 26 27 28 29 30 31 32 33 34 35 36 37 38 39 40 41 42 63 64 65 66 67 68 69 70 71 72 73 74 75 76 77 78 79 80 81 82 83
(17,*) 0 1 2 3 4 5 6 7 8 9 10 11 12 13 14 15 16 18 19 20 21 22 23 24 25 26 27 28 29 30 31 32 33 34 35 36 37 38 39 40 41 42 63 64 65 66 67 68 69 70 71 72 73 74 75 76 77 78 79 80 81 82 83
(18,*) 0 1 2 3 4 5 6 7 8 9 10 11 12 13 14 15 16 17 19 20 21 22 23 24 25 26 27 28 29 30 31 32 33 34 35 36 37 38 39 40 41 42 63 64 65 66 67 68 69 70 71 72 73 74 75 76 77 78 79 80 81 82 83
(19,*) 0 1 2 3 4 5 6 7 8 9 10 11 12 13 14 15 16 17 18 20 21 22 23 24 25 26 27 28 29 30 31 32 33 34 35 36 37 38 39 40 41 42 63 64 65 66 67 68 69 70 71 72 73 74 75 76 77 78 79 80 81 82 83
(20,*) 0 1 2 3 4 5 6 7 8 9 10 11 12 13 14 15 16 17 18 19 21 22 23 24 25 26 27 28 29 30 31 32 33 34 35 36 37 38 39 40 41 42 63 64 65 66 67 68 69 70 71 72 73 74 75 76 77 78 79 80 81 82 83
(21,*) 0 1 2 3 4 5 6 7 8 9 10 11 12 13 14 15 16 17 18 19 20 22 23 24 25 26 27 28 29 30 31 32 33 34 35 36 37 38 39 40 41 42 63 64 65 66 67 68 69 70 71 72 73 74 75 76 77 78 79 80 81 82 83
(22,*) 0 1 2 3 4 5 6 7 8 9 10 11 12 13 14 15 16 17 18 19 20 21 23 24 25 26 27 28 29 30 31 32 33 34 35 36 37 38 39 40 41 42 63 64 65 66 67 68 69 70 71 72 73 74 75 76 77 78 79 80 81 82 83
(23,*) 0 1 2 3 4 5 6 7 8 9 10 11 12 13 14 15 16 17 18 19 20 21 22 24 25 26 27 28 29 30 31 32 33 34 35 36 37 38 39 40 41 42 63 64 65 66 67 68 69 70 71 72 73 74 75 76 77 78 79 80 81 82 83
(24,*) 0 1 2 3 4 5 6 7 8 9 10 11 12 13 14 15 16 17 18 19 20 21 22 23 25 26 27 28 29 30 31 32 33 34 35 36 37 38 39 40 41 42 63 64 65 66 67 68 69 70 71 72 73 74 75 76 77 78 79 80 81 82 83
(25,*) 0 1 2 3 4 5 6 7 8 9 10 11 12 13 14 15 16 17 18 19 20 21 22 23 24 26 27 28 29 30 31 32 33 34 35 36 37 38 39 40 41 42 63 64 65 66 67 68 69 70 71 72 73 74 75 76 77 78 79 80 81 82 83
(26,*) 0 1 2 3 4 5 6 7 8 9 10 11 12 13 14 15 16 17 18 19 20 21 22 23 24 25 27 28 29 30 31 32 33 34 35 36 37 38 39 40 41 42 63 64 65 66 67 68 69 70 71 72 73 74 75 76 77 78 79 80 81 82 83
(27,*) 0 1 2 3 4 5 6 7 8 9 10 11 12 13 14 15 16 17 18 19 20 21 22 23 24 25 26 28 29 30 31 32 33 34 35 36 37 38 39 40 41 42 63 64 65 66 67 68 69 70 71 72 73 74 75 76 77 78 79 80 81 82 83
(28,*) 0 1 2 3 4 5 6 7 8 9 10 11 12 13 14 15 16 17 18 19 20 21 22 23 24 25 26 27 29 30 31 32 33 34 35 36 37 38 39 40 41 42 63 64 65 66 67 68 69 70 71 72 73 74 75 76 77 78 79 80 81 82 83
(29,*) 0 1 2 3 4 5 6 7 8 9 10 11 12 13 14 15 16 17 18 19 20 21 22 23 24 25 26 27 28 30 31 32 33 34 35 36 37 38 39 40 41 42 63 64 65 66 67 68 69 70 71 72 73 74 75 76 77 78 79 80 81 82 83
(30,*) 0 1 2 3 4 5 6 7 8 9 10 11 12 13 14 15 16 17 18 19 20 21 22 23 24 25 26 27 28 29 31 32 33 34 35 36 37 38 39 40 41 42 63 64 65 66 67 68 69 70 71 72 73 74 75 76 77 78 79 80 81 82 83
(31,*) 0 1 2 3 4 5 6 7 8 9 10 11 12 13 14 15 16 17 18 19 20 21 22 23 24 25 26 27 28 29 30 32 33 34 35 36 37 38 39 40 41 42 63 64 65 66 67 68 69 70 71 72 73 74 75 76 77 78 79 80 81 82 83
(32,*) 0 1 2 3 4 5 6 7 8 9 10 11 12 13 14 15 16 17 18 19 20 21 22 23 24 25 26 27 28 29 30 31 33 34 35 36 37 38 39 40 41 42 63 64 65 66 67 68 69 70 71 72 73 74 75 76 77 78 79 80 81 82 83
(33,*) 0 1 2 3 4 5 6 7 8 9 10 11 12 13 14 15 16 17 18 19 20 21 22 23 24 25 26 27 28 29 30 31 32 34 35 36 37 38 39 40 41 42 63 64 65 66 67 68 69 70 71 72 73 74 75 76 77 78 79 80 81 82 83
(34,*) 0 1 2 3 4 5 6 7 8 9 10 11 12 13 14 15 16 17 18 19 20 21 22 23 24 25 26 27 28 29 30 31 32 33 35 36 37 38 39 40 41 42 63 64 65 66 67 68 69 70 71 72 73 74 75 76 77 78 79 80 81 82 83
(35,*) 0 1 2 3 4 5 6 7 8 9 10 11 12 13 14 15 16 17 18 19 20 21 22 23 24 25 26 27 28 29 30 31 32 33 34 36 37 38 39 40 41 42 63 64 65 66 67 68 69 70 71 72 73 74 75 76 77 78 79 80 81 82 83
(36,*) 0 1 2 3 4 5 6 7 8 9 10 11 12 13 14 15 16 17 18 19 20 21 22 23 24 25 26 27 28 29 30 31 32 33 34 35 37 38 39 40 41 42 63 64 65 66 67 68 69 70 71 72 73 74 75 76 77 78 79 80 81 82 83
(37,*) 0 1 2 3 4 5 6 7 8 9 10 11 12 13 14 15 16 17 18 19 20 21 22 23 24 25 26 27 28 29 30 31 32 33 34 35 36 38 39 40 41 42 63 64 65 66 67 68 69 70 71 72 73 74 75 76 77 78 79 80 81 82 83
(38,*) 0 1 2 3 4 5 6 7 8 9 10 11 12 13 14 15 16 17 18 19 20 21 22 23 24 25 26 27 28 29 30 31 32 33 34 35 36 37 39 40 41 42 63 64 65 66 67 68 69 70 71 72 73 74 75 76 77 78 79 80 81 82 83
(39,*) 0 1 2 3 4 5 6 7 8 9 10 11 12 13 14 15 16 17 18 19 20 21 22 23 24 25 26 27 28 29 30 31 32 33 34 35 36 37 38 40 41 42 63 64 65 66 67 68 69 70 71 72 73 74 75 76 77 78 79 80 81 82 83
(40,*) 0 1 2 3 4 5 6 7 8 9 10 11 12 13 14 15 16 17 18 19 20 21 22 23 24 25 26 27 28 29 30 31 32 33 34 35 36 37 38 39 41 42 63 64 65 66 67 68 69 70 71 72 73 74 75 76 77 78 79 80 81 82 83
(41,*) 0 1 2 3 4 5 6 7 8 9 10 11 12 13 14 15 16 17 18 19 20 21 22 23 24 25 26 27 28 29 30 31 32 33 34 35 36 37 38 39 40 42 63 64 65 66 67 68 69 70 71 72 73 74 75 76 77 78 79 80 81 82 83
(42,*) 0 1 2 3 4 5 6 7 8 9 10 11 12 13 14 15 16 17 18 19 20 21 22 23 24 25 26 27 28 29 30 31 32 33 34 35 36 37 38 39 40 41 63 64 65 66 67 68 69 70 71 72 73 74 75 76 77 78 79 80 81 82 83
(63,*) 0 1 2 3 4 5 6 7 8 9 10 11 12 13 14 15 16 17 18 19 20 21 22 23 24 25 26 27 28 29 30 31 32 33 34 35 36 37 38 39 40 41 42 64 65 66 67 68 69 70 71 72 73 74 75 76 77 78 79 80 81 82 83
(64,*) 0 1 2 3 4 5 6 7 8 9 10 11 12 13 14 15 16 17 18 19 20 21 22 23 24 25 26 27 28 29 30 31 32 33 34 35 36 37 38 39 40 41 42 63 65 66 67 68 69 70 71 72 73 74 75 76 77 78 79 80 81 82 83
(65,*) 0 1 2 3 4 5 6 7 8 9 10 11 12 13 14 15 16 17 18 19 20 21 22 23 24 25 26 27 28 29 30 31 32 33 34 35 36 37 38 39 40 41 42 63 64 66 67 68 69 70 71 72 73 74 75 76 77 78 79 80 81 82 83
(66,*) 0 1 2 3 4 5 6 7 8 9 10 11 12 13 14 15 16 17 18 19 20 21 22 23 24 25 26 27 28 29 30 31 32 33 34 35 36 37 38 39 40 41 42 63 64 65 67 68 69 70 71 72 73 74 75 76 77 78 79 80 81 82 83
(67,*) 0 1 2 3 4 5 6 7 8 9 10 11 12 13 14 15 16 17 18 19 20 21 22 23 24 25 26 27 28 29 30 31 32 33 34 35 36 37 38 39 40 41 42 63 64 65 66 68 69 70 71 72 73 74 75 76 77 78 79 80 81 82 83
(68,*) 0 1 2 3 4 5 6 7 8 9 10 11 12 13 14 15 16 17 18 19 20 21 22 23 24 25 26 27 28 29 30 31 32 33 34 35 36 37 38 39 40 41 42 63 64 65 66 67 69 70 71 72 73 74 75 76 77 78 79 80 81 82 83
(69,*) 0 1 2 3 4 5 6 7 8 9 10 11 12 13 14 15 16 17 18 19 20 21 22 23 24 25 26 27 28 29 30 31 32 33 34 35 36 37 38 39 40 41 42 63 64 65 66 67 68 70 71 72 73 74 75 76 77 78 79 80 81 82 83
(70,*) 0 1 2 3 4 5 6 7 8 9 10 11 12 13 14 15 16 17 18 19 20 21 22 23 24 25 26 27 28 29 30 31 32 33 34 35 36 37 38 39 40 41 42 63 64 65 66 67 68 69 71 72 73 74 75 76 77 78 79 80 81 82 83
(71,*) 0 1 2 3 4 5 6 7 8 9 10 11 12 13 14 15 16 17 18 19 20 21 22 23 24 25 26 27 28 29 30 31 32 33 34 35 36 37 38 39 40 41 42 63 64 65 66 67 68 69 70 72 73 74 75 76 77 78 79 80 81 82 83
(72,*) 0 1 2 3 4 5 6 7 8 9 10 11 12 13 14 15 16 17 18 19 20 21 22 23 24 25 26 27 28 29 30 31 32 33 34 35 36 37 38 39 40 41 42 63 64 65 66 67 68 69 70 71 73 74 75 76 77 78 79 80 81 82 83
(73,*) 0 1 2 3 4 5 6 7 8 9 10 11 12 13 14 15 16 17 18 19 20 21 22 23 24 25 26 27 28 29 30 31 32 33 34 35 36 37 38 39 40 41 42 63 64 65 66 67 68 69 70 71 72 74 75 76 77 78 79 80 81 82 83
(74,*) 0 1 2 3 4 5 6 7 8 9 10 11 12 13 14 15 16 17 18 19 20 21 22 23 24 25 26 27 28 29 30 31 32 33 34 35 36 37 38 39 40 41 42 63 64 65 66 67 68 69 70 71 72 73 75 76 77 78 79 80 81 82 83
(75,*) 0 1 2 3 4 5 6 7 8 9 10 11 12 13 14 15 16 17 18 19 20 21 22 23 24 25 26 27 28 29 30 31 32 33 34 35 36 37 38 39 40 41 42 63 64 65 66 67 68 69 70 71 72 73 74 76 77 78 79 80 81 82 83
(76,*) 0 1 2 3 4 5 6 7 8 9 10 11 12 13 14 15 16 17 18 19 20 21 22 23 24 25 26 27 28 29 30 31 32 33 34 35 36 37 38 39 40 41 42 63 64 65 66 67 68 69 70 71 72 73 74 75 77 78 79 80 81 82 83
(77,*) 0 1 2 3 4 5 6 7 8 9 10 11 12 13 14 15 16 17 18 19 20 21 22 23 24 25 26 27 28 29 30 31 32 33 34 35 36 37 38 39 40 41 42 63 64 65 66 67 68 69 70 71 72 73 74 75 76 78 79 80 81 82 83
(78,*) 0 1 2 3 4 5 6 7 8 9 10 11 12 13 14 15 16 17 18 19 20 21 22 23 24 25 26 27 28 29 30 31 32 33 34 35 36 37 38 39 40 41 42 63 64 65 66 67 68 69 70 71 72 73 74 75 76 77 79 80 81 82 83
(79,*) 0 1 2 3 4 5 6 7 8 9 10 11 12 13 14 15 16 17 18 19 20 21 22 23 24 25 26 27 28 29 30 31 32 33 34 35 36 37 38 39 40 41 42 63 64 65 66 67 68 69 70 71 72 73 74 75 76 77 78 80 81 82 83
(80,*) 0 1 2 3 4 5 6 7 8 9 10 11 12 13 14 15 16 17 18 19 20 21 22 23 24 25 26 27 28 29 30 31 32 33 34 35 36 37 38 39 40 41 42 63 64 65 66 67 68 69 70 71 72 73 74 75 76 77 78 79 81 82 83
(81,*) 0 1 2 3 4 5 6 7 8 9 10 11 12 13 14 15 16 17 18 19 20 21 22 23 24 25 26 27 28 29 30 31 32 33 34 35 36 37 38 39 40 41 42 63 64 65 66 67 68 69 70 71 72 73 74 75 76 77 78 79 80 82 83
(82,*) 0 1 2 3 4 5 6 7 8 9 10 11 12 13 14 15 16 17 18 19 20 21 22 23 24 25 26 27 28 29 30 31 32 33 34 35 36 37 38 39 40 41 42 63 64 65 66 67 68 69 70 71 72 73 74 75 76 77 78 79 80 81 83
(83,*) 0 1 2 3 4 5 6 7 8 9 10 11 12 13 14 15 16 17 18 19 20 21 22 23 24 25 26 27 28 29 30 31 32 33 34 35 36 37 38 39 40 41 42 63 64 65 66 67 68 69 70 71 72 73 74 75 76 77 78 79 80 81 82
;
set A2:=
(69,*) 70
(70,*) 69
(71,*) 72
(72,*) 71
(73,*) 74
(74,*) 73
;
param BigM:=99999;
param n:= 9;
param d:=
1	1
2	6
3	5
4	9
5	12
6	1
7	1
8	18
9	5
10	16
11	12
12	6
13	6
14	20
15	39
16	2
17	13
18	17
19	3
20	2
21	7
22	10
23	12
24	20
25	21
26	25
27	10
28	7
29	15
30	5
31	15
32	15
33	9
34	8
35	5
36	8
37	25
38	12
39	24
40	22
41	7
42	24
43	9
44	10
45	5
46	9
47	23
48	17
49	8
50	7
51	13
52	4
53	12
54	23
55	19
56	13
57	30
58	7
59	23
60	25
61	8
62	18
63	2
64	16
65	3
66	23
67	5
68	13
;
param Q:=100;
param w:=
[69,*] 70 1
[70,*] 69 1
[71,*] 72 1
[72,*] 71 1
[73,*] 74 1
[74,*] 73 1
;
param V:=
[69,*] 70 91
[70,*] 69 91
[71,*] 72 86
[72,*] 71 86
[73,*] 74 82
[74,*] 73 82
;
param f:=
69	100
70	100
71	100
72	100
73	100
74	100
75	100
76	100
77	100
78	100
79	100
80	100
81	100
82	100
83	100
;
param e:
	69	70	71	72	73	74	75	76	77	78	79	80	81	82	83:=
43	1	0	0	0	0	1	0	0	0	0	1	0	0	0	0	
44	0	1	0	0	0	0	0	0	1	1	0	1	0	0	1	
45	0	1	1	0	0	0	0	0	1	0	0	1	0	0	1	
46	0	0	0	1	0	0	1	0	0	1	0	0	1	0	0	
47	0	1	0	1	0	0	1	0	0	1	0	1	1	1	1	
48	0	0	0	1	0	1	1	1	0	1	1	1	1	1	0	
49	1	0	0	1	0	1	1	0	0	0	1	0	0	0	0	
50	1	0	0	0	0	1	1	1	0	0	1	0	1	1	0	
51	0	0	0	1	0	0	1	0	0	1	0	0	1	0	0	
52	0	1	0	0	0	0	0	0	1	1	0	1	0	0	1	
53	0	0	0	1	0	1	1	0	0	1	0	0	1	1	0	
54	0	1	1	0	0	0	0	0	1	0	0	1	0	0	1	
55	0	1	0	0	0	0	0	0	1	0	0	1	0	0	1	
56	0	1	1	0	1	0	0	0	1	0	0	1	0	0	1	
57	0	0	0	1	0	0	1	0	0	1	0	0	1	0	0	
58	0	0	0	1	0	1	1	0	0	1	0	0	1	0	0	
59	0	0	0	1	0	0	1	0	0	1	0	0	1	0	0	
60	0	0	0	1	0	0	1	0	0	1	0	0	1	0	0	
61	0	0	1	0	1	0	0	1	0	0	1	0	0	1	0	
62	0	1	0	0	0	0	0	0	1	1	0	1	1	0	1	
63	0	0	0	1	0	0	1	0	0	1	0	0	1	0	0	
64	0	0	0	1	0	1	1	0	0	1	0	0	1	0	0	
65	1	0	0	0	0	1	1	1	0	0	1	0	1	1	0	
66	0	0	0	1	0	0	1	0	0	0	0	0	1	0	0	
67	0	1	0	1	0	0	1	0	0	1	0	1	1	0	1	
68	1	0	0	1	0	1	1	0	0	0	1	0	1	0	0	
;
param p:=
1	1
2	1
3	1
4	1
5	1
6	1
7	1
8	1
9	1
;
param G:=
69	81
70	91
71	76
72	86
73	75
74	82
75	89
76	98
77	86
78	97
79	85
80	71
81	89
82	80
83	99
;
param s:=
0	0
1	15
2	15
3	15
4	15
5	15
6	15
7	15
8	15
9	15
10	15
11	15
12	15
13	15
14	15
15	15
16	15
17	15
18	15
19	15
20	15
21	15
22	15
23	15
24	15
25	15
26	15
27	15
28	15
29	15
30	15
31	15
32	15
33	15
34	15
35	15
36	15
37	15
38	15
39	15
40	15
41	15
42	15
63	15
64	15
65	15
66	15
67	15
68	15
69	10
70	10
71	10
72	10
73	10
74	10
75	10
76	10
77	10
78	10
79	10
80	10
81	10
82	10
83	10
;
param t:
	0	1	2	3	4	5	6	7	8	9	10	11	12	13	14	15	16	17	18	19	20	21	22	23	24	25	26	27	28	29	30	31	32	33	34	35	36	37	38	39	40	41	42	43	44	45	46	47	48	49	50	51	52	53	54	55	56	57	58	59	60	61	62	63	64	65	66	67	68	69	70	71	72	73	74	75	76	77	78	79	80	81	82	83:=
0	0.0	34.66	54.13	57.25	61.13	46.27	60.0	39.22	27.86	27.2	57.01	22.83	6.08	63.81	36.35	30.36	25.61	24.41	8.25	31.58	47.68	17.49	55.44	66.47	61.1	49.73	56.44	37.8	38.6	52.55	64.64	45.28	32.7	39.2	22.56	21.93	61.74	44.82	36.4	49.19	28.32	29.73	28.16	44.82	53.81	55.01	44.28	23.26	11.18	40.31	17.49	44.05	59.36	19.65	52.48	69.31	50.7	29.07	26.91	55.0	45.18	31.02	47.51	54.23	37.54	13.04	57.01	46.69	26.02	46.69	57.49	44.41	44.69	47.54	32.7	24.21	30.36	57.27	31.26	23.77	43.91	27.66	22.02	55.44
1	34.66	0.0	54.12	53.25	84.38	29.73	94.49	71.87	52.89	52.81	91.55	14.56	31.62	79.63	31.02	34.37	60.21	38.33	39.41	58.82	40.22	18.36	21.47	75.58	94.02	73.82	82.76	72.25	55.04	85.59	31.38	79.4	13.42	48.37	54.92	41.98	81.02	52.95	17.2	82.66	43.19	47.17	21.21	59.08	63.06	55.9	77.94	48.08	42.19	67.05	42.15	78.64	75.43	52.7	56.08	78.75	49.65	63.01	61.52	83.52	75.39	13.6	66.0	87.46	72.14	27.73	91.55	72.78	56.36	56.72	65.15	27.59	79.31	21.19	55.32	58.8	15.52	56.44	59.46	30.07	49.04	60.03	13.04	62.94
2	54.13	54.12	0.0	6.4	48.84	28.16	88.6	86.58	39.12	81.15	86.83	44.69	48.3	34.44	79.98	24.41	65.07	76.28	62.24	43.74	15.13	46.69	58.31	24.08	78.72	43.83	53.41	79.0	92.28	72.8	60.13	73.76	40.71	90.8	73.25	34.71	40.22	96.4	69.89	93.01	80.99	29.02	68.68	98.27	15.81	2.0	70.09	39.05	48.51	93.3	71.55	77.78	31.91	54.15	5.66	27.02	4.47	62.07	69.18	58.52	57.38	64.4	30.81	75.03	77.03	61.61	86.83	47.01	78.16	99.05	14.87	29.43	78.77	41.3	86.82	64.12	65.6	3.16	45.71	71.7	11.05	55.15	48.92	13.42
3	57.25	53.25	6.4	0.0	55.17	25.3	94.56	91.2	44.55	84.43	92.72	45.34	51.26	40.31	80.66	26.93	70.01	78.39	65.46	49.48	13.04	48.01	55.11	28.86	84.97	50.22	59.82	84.1	94.81	78.92	56.01	79.56	40.0	92.65	77.28	39.12	46.4	98.18	69.66	98.05	83.24	34.13	69.35	100.65	22.02	7.81	75.96	44.05	52.61	97.02	74.46	83.36	38.01	59.0	12.04	31.58	7.0	67.36	74.01	64.9	63.56	64.44	37.2	81.15	82.22	63.63	92.72	53.34	82.0	101.02	20.59	26.93	84.34	38.33	89.89	69.0	65.8	5.39	51.42	73.24	16.28	60.53	49.58	19.42
4	61.13	84.38	48.84	55.17	0.0	70.68	53.15	70.18	33.54	79.08	52.89	70.11	58.86	18.68	97.29	51.66	50.45	84.5	65.55	29.73	59.68	68.01	97.8	33.24	38.05	11.4	9.49	58.41	94.51	36.4	102.88	43.83	73.35	98.49	66.03	43.01	10.44	103.79	94.19	70.49	87.32	37.22	87.97	100.85	33.24	47.38	39.82	38.47	50.0	85.04	74.73	50.61	18.36	45.18	43.19	33.24	50.61	43.93	54.56	16.49	24.41	88.14	19.7	38.08	55.61	73.98	52.89	15.26	71.61	104.66	35.61	70.77	51.48	81.93	85.44	50.61	88.28	50.21	30.46	84.9	43.05	38.83	73.01	36.12
5	46.27	29.73	28.16	25.3	70.68	0.0	97.64	84.93	47.51	72.06	95.19	26.68	40.45	60.21	59.68	22.02	66.85	61.85	54.08	53.81	13.04	31.26	30.15	52.01	92.02	62.43	72.4	80.99	79.08	84.5	32.76	81.84	17.89	74.67	68.73	37.44	64.2	79.85	46.86	93.96	66.94	37.48	48.76	84.2	41.44	30.15	79.06	44.41	46.82	86.0	61.13	83.65	56.75	56.36	32.02	55.04	24.02	66.65	69.89	75.6	70.71	42.44	50.99	86.68	79.85	47.68	95.19	63.6	72.25	83.22	42.05	2.24	84.53	13.15	76.42	65.55	44.1	29.61	55.32	55.03	28.16	61.06	30.36	40.11
6	60.0	94.49	88.6	94.56	53.15	97.64	0.0	35.01	50.99	56.89	3.16	81.34	63.03	70.26	89.54	75.8	34.41	71.47	57.31	45.31	92.14	76.49	114.59	83.01	16.64	49.0	43.74	25.71	71.18	17.03	123.07	15.81	89.87	79.91	45.22	60.21	62.51	83.38	94.89	27.2	71.06	61.74	85.42	76.01	76.94	88.06	18.79	53.34	53.04	53.15	60.75	16.12	68.03	42.45	83.68	84.02	87.92	31.83	34.0	36.67	32.14	90.21	60.41	15.13	24.35	70.33	3.16	44.05	48.05	82.1	80.75	96.52	15.65	103.71	61.29	35.81	89.19	91.21	43.46	77.08	78.43	36.62	81.57	80.06
7	39.22	71.87	86.58	91.2	70.18	84.93	35.01	0.0	48.76	23.71	32.06	61.85	44.64	81.99	58.52	66.12	22.14	40.22	32.65	46.62	84.15	56.46	93.3	90.62	46.49	61.03	61.52	12.21	36.5	40.25	102.96	29.53	71.87	45.88	17.0	52.09	76.28	48.84	67.18	11.4	38.47	57.71	57.28	41.05	80.36	86.83	32.45	47.68	39.05	18.25	31.11	22.85	78.29	32.56	83.19	92.7	84.21	27.29	17.72	55.97	45.97	63.78	67.12	40.31	15.0	44.41	32.06	55.8	16.28	47.27	84.48	83.2	22.47	86.73	26.93	22.8	62.29	89.68	44.78	47.51	75.54	34.01	60.37	82.97
8	27.86	52.89	39.12	44.55	33.54	47.51	50.99	48.76	0.0	49.52	48.85	38.33	25.32	36.88	63.79	25.5	26.68	51.88	33.29	6.4	41.15	35.36	69.35	42.54	44.55	22.2	30.15	40.11	63.89	37.01	76.28	35.47	43.83	66.37	38.28	11.18	34.0	71.87	61.0	54.15	55.23	10.77	54.45	70.29	31.62	39.01	32.2	5.0	17.0	58.83	43.01	38.83	32.56	16.55	35.01	44.94	37.66	23.0	31.05	30.68	23.6	55.01	20.52	39.2	38.01	40.52	48.85	20.1	43.83	73.24	35.74	46.69	39.81	55.61	55.87	25.96	55.01	42.05	7.81	51.55	28.28	16.03	40.61	34.21
9	27.2	52.81	81.15	84.43	79.08	72.06	56.89	23.71	49.52	0.0	53.76	46.1	33.24	86.28	35.0	57.57	29.73	16.97	18.97	50.45	74.73	41.01	74.09	91.4	65.12	68.24	72.01	31.26	15.81	57.43	84.15	47.1	56.22	23.09	13.6	47.51	82.46	27.07	45.0	34.99	14.76	54.92	35.23	21.93	79.32	81.94	48.51	46.23	33.84	14.32	11.05	42.05	82.02	34.21	79.16	94.02	77.83	36.4	26.68	68.15	57.38	42.54	70.01	58.22	33.06	25.5	53.76	63.81	9.0	26.68	83.22	70.03	42.11	70.71	6.4	29.15	40.82	84.31	49.2	25.0	70.68	40.31	43.42	81.3
10	57.01	91.55	86.83	92.72	52.89	95.19	3.16	32.06	48.85	53.76	0.0	78.49	60.14	69.58	86.38	73.43	31.4	68.31	54.2	43.32	89.96	73.59	111.73	82.02	17.69	48.09	43.42	22.56	68.12	16.49	120.28	13.42	87.11	76.79	42.06	57.8	61.98	80.31	91.79	24.7	67.91	59.62	82.3	73.0	75.54	86.35	16.76	51.0	50.25	50.25	57.58	13.04	67.19	39.7	82.0	83.15	86.02	29.07	30.89	36.4	31.0	87.13	59.14	14.87	21.19	67.23	0.0	43.01	44.91	79.06	79.4	94.03	12.53	101.04	58.22	32.8	86.09	89.5	41.44	73.93	76.54	34.13	78.64	78.64
11	22.83	14.56	44.69	45.34	70.11	26.68	81.34	61.85	38.33	46.1	78.49	0.0	18.44	66.49	35.36	21.93	47.51	35.17	29.41	44.27	33.02	5.39	33.24	63.98	79.92	59.41	68.25	60.46	52.39	71.56	42.01	65.95	10.2	48.33	44.94	27.46	67.27	53.67	26.0	72.01	40.26	33.0	24.04	57.57	51.08	46.23	64.2	33.53	28.43	60.3	35.06	65.8	62.17	39.05	45.49	67.12	40.36	49.58	49.41	68.96	60.93	20.12	52.15	73.5	60.0	21.1	78.49	58.25	47.54	56.86	53.67	24.52	66.53	25.0	50.04	46.1	21.1	47.42	44.94	28.64	37.59	46.04	4.24	51.43
12	6.08	31.62	48.3	51.26	58.86	40.45	63.03	44.64	25.32	33.24	60.14	18.44	0.0	59.94	38.6	24.35	29.07	29.0	14.32	30.0	41.59	13.45	51.62	61.62	62.61	47.52	55.01	42.19	44.1	54.12	60.44	47.8	27.78	43.86	28.28	17.49	58.52	49.52	36.22	54.23	33.3	25.24	29.15	50.22	48.8	49.24	46.32	20.4	10.77	46.39	23.26	47.38	55.47	21.1	46.87	64.54	44.78	31.4	31.06	54.33	45.12	30.41	43.86	55.95	41.62	15.65	60.14	45.04	32.0	51.66	52.35	38.64	48.1	42.49	38.63	27.66	30.15	51.43	30.07	26.83	38.28	28.64	18.6	50.25
13	63.81	79.63	34.44	40.31	18.68	60.21	70.26	81.99	36.88	86.28	69.58	66.49	59.94	0.0	98.09	45.28	60.46	88.2	70.0	36.24	47.8	65.8	89.45	14.76	56.08	21.84	27.07	71.11	100.77	53.24	92.96	58.94	67.12	102.9	74.41	42.49	8.25	108.47	92.18	84.31	91.84	34.93	87.66	107.17	18.97	32.65	54.82	40.8	53.6	94.64	79.81	65.15	4.47	52.4	29.15	14.56	37.34	54.71	64.9	34.01	39.05	86.13	16.4	55.15	68.45	75.59	69.58	27.2	80.06	110.0	19.72	60.83	66.1	72.69	92.66	60.22	86.68	34.99	37.8	86.77	32.25	48.26	70.09	21.02
14	36.35	31.02	79.98	80.66	97.29	59.68	89.54	58.52	63.79	35.0	86.38	35.36	38.6	98.09	0.0	56.4	57.07	18.36	34.13	67.9	68.12	33.6	48.01	97.94	94.54	85.91	92.78	64.08	29.07	86.15	58.01	77.13	41.88	19.65	44.38	55.71	97.08	23.02	15.03	69.89	20.52	63.16	11.31	31.05	84.91	81.47	77.28	58.94	47.52	46.75	28.79	73.68	93.62	55.0	80.43	101.02	75.69	62.51	56.04	91.14	81.01	17.46	82.28	87.48	65.19	23.35	86.38	83.02	42.54	27.07	87.92	57.45	74.0	52.2	33.97	55.9	15.65	82.76	67.6	13.04	72.2	63.01	31.11	85.7
15	30.36	34.37	24.41	26.93	51.66	22.02	75.8	66.12	25.5	57.57	73.43	21.93	24.35	45.28	56.4	0.0	46.32	51.87	38.6	31.83	18.03	22.8	46.17	42.05	70.04	42.15	51.89	60.64	68.0	62.48	51.88	60.03	22.02	66.4	51.16	15.65	47.1	72.01	47.93	74.15	56.6	15.81	45.22	73.93	29.15	25.61	57.14	22.47	27.07	70.41	47.54	62.24	41.11	35.44	24.08	45.19	20.59	45.31	49.82	54.38	48.84	42.05	32.39	64.66	59.2	37.2	73.43	42.54	55.58	74.63	31.76	21.21	63.16	30.89	62.97	45.12	42.94	27.46	33.3	47.42	15.81	39.36	25.94	29.53
16	25.61	60.21	65.07	70.01	50.45	66.85	34.41	22.14	26.68	29.73	31.4	47.51	29.07	60.46	57.07	46.32	0.0	40.05	23.41	24.6	64.13	42.45	80.66	68.54	37.48	40.31	42.72	14.32	45.54	29.15	89.5	20.25	56.61	51.62	16.16	31.26	55.32	56.29	60.84	28.07	41.11	36.06	51.62	51.62	58.24	65.19	20.22	26.02	20.12	34.66	29.02	18.44	56.6	11.05	61.4	70.68	63.01	6.71	4.47	38.48	27.73	55.95	45.18	30.41	13.0	36.25	31.4	35.38	21.47	56.32	62.36	65.39	19.1	71.02	35.85	1.41	55.01	68.12	22.83	44.15	54.04	12.21	47.38	60.88
17	24.41	38.33	76.28	78.39	84.5	61.85	71.47	40.22	51.88	16.97	68.31	35.17	29.0	88.2	18.36	51.87	40.05	0.0	18.97	54.78	67.12	31.02	58.94	90.61	77.41	73.16	78.85	45.88	17.26	69.18	69.12	59.68	44.55	14.87	26.25	46.23	85.88	20.52	28.3	51.61	5.1	54.04	18.79	22.47	77.79	77.42	60.21	47.51	34.89	30.02	11.05	55.79	83.76	40.02	75.43	93.51	72.4	46.01	38.47	76.3	65.76	26.57	71.87	70.35	47.13	14.76	68.31	69.57	24.19	22.8	81.32	59.67	56.04	58.03	17.46	39.01	24.7	79.32	54.08	8.54	66.84	47.68	31.58	79.21
18	8.25	39.41	62.24	65.46	65.55	54.08	57.31	32.65	33.29	18.97	54.2	29.41	14.32	70.0	34.13	38.6	23.41	18.97	0.0	35.85	55.9	24.04	60.75	73.66	60.64	54.23	59.91	33.3	31.14	52.17	70.33	43.66	39.56	33.12	15.65	29.21	67.23	38.59	37.59	43.27	21.95	36.88	28.23	37.48	61.22	63.07	43.42	29.21	16.4	32.14	9.9	41.18	65.6	21.21	60.42	76.42	58.87	28.44	23.32	57.56	47.17	33.02	53.6	53.6	33.6	13.04	54.2	50.6	18.25	40.0	65.0	52.15	41.68	54.41	24.6	22.14	31.91	65.39	35.11	21.1	51.88	29.07	27.73	63.01
19	31.58	58.82	43.74	49.48	29.73	53.81	45.31	46.62	6.4	50.45	43.32	44.27	30.0	36.24	67.9	31.83	24.6	54.78	35.85	0.0	47.01	41.0	75.66	44.01	38.21	18.38	25.02	36.88	65.46	30.81	82.66	30.08	50.12	68.88	38.21	17.49	32.02	74.24	66.12	50.8	57.7	16.64	59.08	71.85	34.37	43.42	26.57	10.77	20.4	58.41	45.18	34.13	32.2	16.28	39.2	46.1	42.72	19.65	29.07	24.74	17.2	60.21	20.59	33.02	34.53	44.55	43.32	15.13	43.86	75.29	38.47	53.04	35.13	62.01	56.85	24.19	60.07	46.53	2.0	55.32	33.24	12.65	46.32	37.22
20	47.68	40.22	15.13	13.04	59.68	13.04	92.14	84.15	41.15	74.73	89.96	33.02	41.59	47.8	68.12	18.03	64.13	67.12	55.9	47.01	0.0	36.24	43.19	39.0	84.63	52.5	62.48	78.45	83.93	77.7	45.4	76.56	27.02	81.01	69.07	32.98	52.39	86.45	56.73	92.07	72.09	30.41	56.85	89.55	28.86	17.12	73.35	39.22	45.1	87.97	64.29	79.38	44.6	53.15	19.1	42.01	11.0	62.64	67.74	66.47	63.01	51.62	40.22	79.92	76.9	52.39	89.96	54.45	73.33	89.47	29.15	14.32	80.32	26.17	79.81	62.97	53.04	16.76	48.76	61.4	16.64	56.3	37.2	27.29
21	17.49	18.36	46.69	48.01	68.01	31.26	76.49	56.46	35.36	41.01	73.59	5.39	13.45	65.8	33.6	22.8	42.45	31.02	24.04	41.0	36.24	0.0	38.21	64.5	75.66	57.04	65.49	55.22	48.08	67.23	47.2	61.22	15.52	44.78	39.56	25.0	65.92	50.25	26.48	66.65	36.06	31.4	22.47	53.49	51.48	48.08	59.64	30.41	23.85	55.15	30.0	60.81	61.4	34.41	46.86	67.6	42.52	44.82	44.2	65.73	57.25	20.4	50.8	69.12	54.82	16.49	73.59	55.44	42.2	53.24	54.38	29.15	61.52	30.36	45.18	41.04	20.88	49.58	41.48	25.24	38.6	41.68	5.39	52.15
22	55.44	21.47	58.31	55.11	97.8	30.15	114.59	93.3	69.35	74.09	111.73	33.24	51.62	89.45	48.01	46.17	80.66	58.94	60.75	75.66	43.19	38.21	0.0	82.1	112.65	88.26	97.86	93.24	74.97	104.4	10.2	99.16	25.55	67.12	76.32	58.18	92.57	71.0	33.0	104.01	63.56	61.47	40.61	78.31	71.06	60.3	97.31	65.0	61.62	88.26	63.56	99.01	85.71	72.25	62.03	85.15	54.15	82.81	82.33	99.74	92.78	32.56	78.34	106.4	92.96	49.19	111.73	88.24	77.83	75.01	72.01	29.02	99.72	17.03	76.24	79.25	34.53	59.68	76.66	50.45	57.22	79.03	33.42	70.0
23	66.47	75.58	24.08	28.86	33.24	52.01	83.01	90.62	42.54	91.4	82.02	63.98	61.62	14.76	97.94	42.05	68.54	90.61	73.66	44.01	39.0	64.5	82.1	0.0	69.72	34.01	41.0	80.65	104.8	66.03	84.21	70.46	62.36	105.48	80.78	44.55	22.85	111.13	89.96	94.37	94.76	36.8	86.95	111.13	13.04	22.09	66.37	45.22	57.63	101.36	83.55	76.12	15.3	59.06	20.1	3.16	28.0	63.57	73.01	47.68	51.04	84.1	23.77	68.07	78.16	76.84	82.02	39.01	86.28	113.15	10.44	53.08	77.1	65.07	97.62	68.03	84.97	23.54	45.88	87.8	26.57	56.65	67.98	12.65
24	61.1	94.02	78.72	84.97	38.05	92.02	16.64	46.49	44.55	65.12	17.69	79.92	62.61	56.08	94.54	70.04	37.48	77.41	60.64	38.21	84.63	75.66	112.65	69.72	0.0	36.14	29.02	34.93	80.5	8.54	120.25	18.03	87.2	88.02	52.0	55.23	48.01	92.2	97.41	41.34	78.06	54.67	88.6	85.99	65.46	77.88	17.26	48.17	51.88	64.56	66.37	23.77	54.45	41.63	73.41	70.35	78.77	32.28	39.05	22.09	21.63	92.11	48.7	7.07	32.56	73.08	17.69	31.95	56.14	91.55	68.96	91.24	24.04	99.9	70.46	38.64	91.42	81.02	36.77	81.58	69.46	34.0	81.01	68.62
25	49.73	73.82	43.83	50.22	11.4	62.43	49.0	61.03	22.2	68.24	48.09	59.41	47.52	21.84	85.91	42.15	40.31	73.16	54.23	18.38	52.5	57.04	88.26	34.01	36.14	0.0	10.0	49.74	83.53	32.02	93.94	37.11	63.32	87.24	55.44	32.06	15.26	92.57	83.05	62.65	76.06	26.93	76.66	89.89	29.55	42.72	32.98	27.17	38.6	74.95	63.51	43.32	19.1	34.13	38.28	35.06	44.69	34.06	44.6	14.76	17.26	77.03	13.04	34.06	47.01	62.59	48.09	5.39	61.07	93.54	32.89	62.27	44.27	72.92	74.63	40.31	77.1	45.79	19.24	73.5	36.07	28.32	62.13	32.7
26	56.44	82.76	53.41	59.82	9.49	72.4	43.74	61.52	30.15	72.01	43.42	68.25	55.01	27.07	92.78	51.89	42.72	78.85	59.91	25.02	62.48	65.49	97.86	41.0	29.02	10.0	0.0	49.58	87.66	26.93	103.75	34.48	72.73	92.36	58.67	40.79	19.0	97.5	91.05	61.29	81.27	36.4	84.1	93.91	38.59	52.2	30.53	35.13	45.28	77.01	68.62	41.34	25.71	38.9	47.8	41.44	54.49	36.06	46.62	7.07	15.56	85.09	22.67	28.64	46.75	69.46	43.42	10.05	64.14	98.09	41.59	72.2	42.19	82.73	78.29	43.05	85.02	55.22	25.18	80.06	46.01	31.78	70.71	41.68
27	37.8	72.25	79.0	84.1	58.41	80.99	25.71	12.21	40.11	31.26	22.56	60.46	42.19	71.11	64.08	60.64	14.32	45.88	33.3	36.88	78.45	55.22	93.24	80.65	34.93	49.74	49.58	0.0	46.01	28.23	102.42	17.46	69.97	54.33	19.7	45.54	65.0	58.03	70.46	14.04	45.35	50.01	60.75	51.24	71.2	79.03	20.25	40.05	34.18	29.73	35.34	11.18	67.62	25.32	75.11	82.54	77.1	17.26	11.18	43.86	34.06	66.22	56.92	28.46	2.83	46.23	22.56	44.42	22.36	57.04	75.31	79.48	11.05	84.6	36.0	15.52	65.0	82.01	34.93	51.88	68.01	24.33	59.82	73.98
28	38.6	55.04	92.28	94.81	94.51	79.08	71.18	36.5	63.89	15.81	68.12	52.39	44.1	100.77	29.07	68.0	45.54	17.26	31.14	65.46	83.93	48.08	74.97	104.8	80.5	83.53	87.66	46.01	0.0	72.99	85.16	62.51	61.81	10.63	29.41	60.31	97.42	12.37	42.72	46.84	12.17	68.01	34.37	6.4	92.31	93.3	64.13	60.14	47.38	20.12	21.26	57.08	96.43	49.4	90.97	107.56	88.59	52.2	42.45	83.93	73.16	42.43	84.39	73.68	48.09	31.62	68.12	79.26	24.52	11.05	96.05	76.9	57.04	75.17	10.05	44.94	40.45	95.38	64.35	25.0	82.38	55.9	48.84	94.02
29	52.55	85.59	72.8	78.92	36.4	84.5	17.03	40.25	37.01	57.43	16.49	71.56	54.12	53.24	86.15	62.48	29.15	69.18	52.17	30.81	77.7	67.23	104.4	66.03	8.54	32.02	26.93	28.23	72.99	0.0	112.16	10.77	79.03	80.16	44.1	47.38	45.54	84.48	88.87	36.8	70.0	47.43	80.08	78.64	60.42	72.11	9.0	40.31	43.42	57.94	58.14	17.49	51.01	33.11	67.68	67.01	72.5	23.77	31.02	19.92	15.52	83.57	43.74	2.24	25.63	64.56	16.49	27.17	48.51	84.01	64.13	83.63	18.03	91.97	62.97	30.27	82.87	75.27	29.21	73.16	63.07	25.55	72.56	63.56
30	64.64	31.38	60.13	56.01	102.88	32.76	123.07	102.96	76.28	84.15	120.28	42.01	60.44	92.96	58.01	51.88	89.5	69.12	70.33	82.66	45.4	47.2	10.2	84.21	120.25	93.94	103.75	102.42	85.16	112.16	0.0	107.48	33.24	77.23	85.96	65.22	96.84	81.02	43.05	113.53	73.76	67.6	50.8	88.46	74.15	62.13	105.42	72.2	70.04	98.35	73.54	107.71	89.5	80.62	64.5	87.14	56.32	91.24	91.4	106.17	99.86	42.76	83.22	114.21	102.0	59.09	120.28	94.41	87.66	85.05	74.55	32.28	108.47	21.02	86.4	88.09	44.72	61.01	83.82	60.64	60.88	87.05	42.72	72.69
31	45.28	79.4	73.76	79.56	43.83	81.84	15.81	29.53	35.47	47.1	13.42	65.95	47.8	58.94	77.13	60.03	20.25	59.68	43.66	30.08	76.56	61.22	99.16	70.46	18.03	37.11	34.48	17.46	62.51	10.77	107.48	0.0	74.25	70.01	34.01	44.42	51.87	74.17	81.02	27.02	60.13	46.24	71.87	68.07	63.07	73.35	4.12	37.59	37.54	47.17	48.66	7.07	56.09	26.91	69.05	71.85	72.8	16.4	21.21	28.02	19.92	76.03	47.04	11.18	14.87	56.46	13.42	31.78	38.12	73.55	67.03	80.71	7.81	87.97	52.47	21.54	75.15	76.49	28.16	64.29	63.32	20.81	66.4	66.12
32	32.7	13.42	40.71	40.0	73.35	17.89	89.87	71.87	43.83	56.22	87.11	10.2	27.78	67.12	41.88	22.02	56.61	44.55	39.56	50.12	27.02	15.52	25.55	62.36	87.2	63.32	72.73	69.97	61.81	79.03	33.24	74.25	0.0	56.92	55.03	32.65	69.12	62.03	29.73	81.86	49.65	36.4	30.89	66.71	50.01	42.49	72.18	39.45	36.88	70.46	45.18	74.65	63.03	47.42	42.72	65.52	36.24	58.05	58.83	74.32	67.23	24.84	54.33	81.06	69.34	31.0	87.11	62.97	57.72	65.46	51.92	15.65	75.43	14.87	60.0	55.22	26.4	43.05	51.11	37.36	35.9	53.81	13.04	49.73
33	39.2	48.37	90.8	92.65	98.49	74.67	79.91	45.88	66.37	23.09	76.79	48.33	43.86	102.9	19.65	66.4	51.62	14.87	33.12	68.88	81.01	44.78	67.12	105.48	88.02	87.24	92.36	54.33	10.63	80.16	77.23	70.01	56.92	0.0	36.06	61.07	100.34	5.66	34.23	56.65	11.18	68.88	27.17	11.4	92.66	92.01	71.18	62.13	49.4	30.53	23.77	65.12	98.47	53.49	90.14	108.37	86.84	58.05	49.16	89.29	78.59	35.06	86.53	81.06	56.14	29.21	76.79	83.38	32.06	8.54	96.17	72.45	65.19	69.23	18.97	50.8	33.06	93.81	68.03	19.7	81.57	60.73	44.38	94.05
34	22.56	54.92	73.25	77.28	66.03	68.73	45.22	17.0	38.28	13.6	42.06	44.94	28.28	74.41	44.38	51.16	16.16	26.25	15.65	38.21	69.07	39.56	76.32	80.78	52.0	55.44	58.67	19.7	29.41	44.1	85.96	34.01	55.03	36.06	0.0	38.6	70.04	40.45	51.22	27.8	26.17	45.31	41.4	35.47	69.32	73.76	35.13	35.78	24.74	20.59	15.65	29.61	70.29	22.02	70.52	83.22	70.41	22.85	13.15	54.63	43.86	47.38	58.41	45.01	20.88	27.66	42.06	50.8	5.66	40.26	73.35	66.91	29.83	69.89	19.7	15.65	46.01	76.4	36.77	32.25	62.36	27.2	43.38	71.59
35	21.93	41.98	34.71	39.12	43.01	37.44	60.21	52.09	11.18	47.51	57.8	27.46	17.49	42.49	55.71	15.65	31.26	46.23	29.21	17.49	32.98	25.0	58.18	44.55	55.23	32.06	40.79	45.54	60.31	47.38	65.22	44.42	32.65	61.07	38.6	0.0	41.48	66.71	51.24	59.3	50.25	7.81	45.61	66.6	32.02	35.17	41.62	7.07	13.93	58.87	39.05	46.62	38.01	20.22	31.95	47.38	32.14	29.73	35.06	41.79	34.67	45.18	26.57	49.52	43.93	33.12	57.8	30.81	43.66	68.62	35.81	36.4	47.54	44.69	53.54	30.15	45.4	37.85	18.6	44.29	23.77	23.71	30.07	33.84
36	61.74	81.02	40.22	46.4	10.44	64.2	62.51	76.28	34.0	82.46	61.98	67.27	58.52	8.25	97.08	47.1	55.32	85.88	67.23	32.02	52.39	65.92	92.57	22.85	48.01	15.26	19.0	65.0	97.42	45.54	96.84	51.87	69.12	100.34	70.04	41.48	0.0	105.82	92.4	77.82	89.19	34.53	87.09	103.81	24.41	38.6	47.76	38.48	51.0	89.87	76.85	58.31	8.49	48.27	34.67	22.8	42.54	49.2	59.67	26.02	31.95	86.31	15.13	47.38	62.27	74.09	61.98	20.59	75.69	107.07	26.17	64.56	59.24	76.16	88.87	55.23	86.68	41.23	33.3	85.23	36.06	43.19	70.58	27.02
37	44.82	52.95	96.4	98.18	103.79	79.85	83.38	48.84	71.87	27.07	80.31	53.67	49.52	108.47	23.02	72.01	56.29	20.52	38.59	74.24	86.45	50.25	71.0	111.13	92.2	92.57	97.5	58.03	12.37	84.48	81.02	74.17	62.03	5.66	40.45	66.71	105.82	0.0	38.0	59.2	16.64	74.52	31.78	9.9	98.31	97.62	75.54	67.68	54.92	32.31	29.07	69.0	104.04	58.69	95.78	114.02	92.42	62.82	53.6	94.25	83.52	39.46	92.09	85.29	60.0	34.83	80.31	88.64	36.06	4.12	101.82	77.62	69.01	73.98	22.09	55.54	37.48	99.4	73.35	25.06	87.21	65.79	49.66	99.7
38	36.4	17.2	69.89	69.66	94.19	46.86	94.89	67.18	61.0	45.0	91.79	26.0	36.22	92.18	15.03	47.93	60.84	28.3	37.59	66.12	56.73	26.48	33.0	89.96	97.41	83.05	91.05	70.46	42.72	88.87	43.05	81.02	29.73	34.23	51.22	51.24	92.4	38.0	0.0	78.52	32.2	57.87	9.9	45.54	77.08	71.56	80.41	56.0	46.69	58.31	36.07	78.77	87.8	56.04	71.2	93.11	65.46	65.19	60.9	90.55	81.22	6.08	77.28	90.48	71.02	24.6	91.79	81.02	50.91	42.01	79.62	44.69	79.26	38.01	45.65	59.51	6.08	72.42	66.27	20.0	63.51	64.03	22.14	77.39
39	49.19	82.66	93.01	98.05	70.49	93.96	27.2	11.4	54.15	34.99	24.7	72.01	54.23	84.31	69.89	74.15	28.07	51.61	43.27	50.8	92.07	66.65	104.01	94.37	41.34	62.65	61.29	14.04	46.84	36.8	113.53	27.02	81.86	56.65	27.8	59.3	77.82	59.2	78.52	0.0	49.74	64.0	68.62	50.8	85.16	93.05	30.81	54.01	47.3	27.29	42.45	20.0	80.99	39.12	89.14	96.17	91.05	31.26	24.33	55.0	46.14	75.01	70.6	36.24	16.28	55.44	24.7	57.27	27.66	57.27	89.27	92.35	19.21	96.66	37.7	29.15	73.55	96.02	48.84	58.9	82.0	38.33	70.83	87.97
40	28.32	43.19	80.99	83.24	87.32	66.94	71.06	38.47	55.23	14.76	67.91	40.26	33.3	91.84	20.52	56.6	41.11	5.1	21.95	57.7	72.09	36.06	63.56	94.76	78.06	76.06	81.27	45.35	12.17	70.0	73.76	60.13	49.65	11.18	26.17	50.25	89.19	16.64	32.2	49.74	0.0	58.05	23.09	17.46	82.04	82.1	61.0	51.04	38.28	26.4	12.65	55.73	87.42	42.38	80.0	97.62	77.18	47.38	39.01	78.34	67.68	31.05	75.45	71.03	46.87	19.7	67.91	72.24	23.09	18.38	85.63	64.76	55.9	63.07	13.6	40.2	29.12	84.06	56.86	13.15	71.4	49.73	36.67	83.55
41	29.73	47.17	29.02	34.13	37.22	37.48	61.74	57.71	10.77	54.92	59.62	33.0	25.24	34.93	63.16	15.81	36.06	54.04	36.88	16.64	30.41	31.4	61.47	36.8	54.67	26.93	36.4	50.01	68.01	47.43	67.6	46.24	36.4	68.88	45.31	7.81	34.53	74.52	57.87	64.0	58.05	0.0	52.81	74.33	24.41	29.15	42.95	10.05	21.1	65.8	46.75	49.48	30.46	25.18	25.5	39.6	27.17	33.24	40.2	38.59	33.24	51.79	19.42	49.65	48.09	40.82	59.62	26.83	50.57	76.42	28.3	36.88	50.45	46.65	61.03	35.13	52.17	32.06	18.36	51.97	18.0	26.48	36.12	26.42
42	28.16	21.21	68.68	69.35	87.97	48.76	85.42	57.28	54.45	35.23	82.3	24.04	29.15	87.66	11.31	45.22	51.62	18.79	28.23	59.08	56.85	22.47	40.61	86.95	88.6	76.66	84.1	60.75	34.37	80.08	50.8	71.87	30.89	27.17	41.4	45.61	87.09	31.78	9.9	68.62	23.09	52.81	0.0	38.0	73.93	70.18	71.47	49.5	39.01	48.76	26.17	69.32	83.22	47.68	69.2	90.05	64.38	56.32	51.43	83.05	73.33	8.06	72.12	81.61	61.4	15.52	82.3	74.17	41.01	35.51	76.85	46.53	69.77	42.2	36.25	50.33	6.08	71.45	59.01	10.3	61.03	55.73	19.8	74.63
43	44.82	59.08	98.27	100.65	100.85	84.2	76.01	41.05	70.29	21.93	73.0	57.57	50.22	107.17	31.05	73.93	51.62	22.47	37.48	71.85	89.55	53.49	78.31	111.13	85.99	89.89	93.91	51.24	6.4	78.64	88.46	68.07	66.71	11.4	35.47	66.6	103.81	9.9	45.54	50.8	17.46	74.33	38.0	0.0	98.6	99.32	69.86	66.53	53.76	23.54	27.59	62.39	102.83	55.76	97.08	113.9	94.51	58.31	48.38	90.08	79.31	46.01	90.79	79.25	53.46	37.16	73.0	85.59	30.36	6.71	102.3	82.01	62.29	79.63	15.81	51.08	44.01	101.36	70.72	29.43	88.48	62.18	53.85	100.26
44	53.81	63.06	15.81	22.02	33.24	41.44	76.94	80.36	31.62	79.32	75.54	51.08	48.8	18.97	84.91	29.15	58.24	77.79	61.22	34.37	28.86	51.48	71.06	13.04	65.46	29.55	38.59	71.2	92.31	60.42	74.15	63.07	50.01	92.66	69.32	32.02	24.41	98.31	77.08	85.16	82.04	24.41	73.93	98.6	0.0	14.21	59.14	33.54	45.49	89.89	71.06	68.03	16.12	48.1	10.3	16.12	18.38	53.94	62.64	44.28	44.91	71.18	16.76	62.59	68.88	63.89	75.54	33.53	74.71	100.42	4.12	42.19	69.03	54.15	85.45	57.57	72.01	16.97	36.35	74.81	14.14	46.87	55.04	3.16
45	55.01	55.9	2.0	7.81	47.38	30.15	88.06	86.83	39.01	81.94	86.35	46.23	49.24	32.65	81.47	25.61	65.19	77.42	63.07	43.42	17.12	48.08	60.3	22.09	77.88	42.72	52.2	79.03	93.3	72.11	62.13	73.35	42.49	92.01	73.76	35.17	38.6	97.62	71.56	93.05	82.1	29.15	70.18	99.32	14.21	0.0	69.63	39.2	49.04	93.92	72.47	77.52	30.23	54.33	4.47	25.02	6.32	62.01	69.35	57.45	56.65	66.03	29.68	74.33	77.0	62.8	86.35	46.07	78.75	100.21	13.0	31.4	78.52	43.29	87.66	64.28	67.2	3.16	45.4	73.0	11.4	55.04	50.45	11.66
46	44.28	77.94	70.09	75.96	39.82	79.06	18.79	32.45	32.2	48.51	16.76	64.2	46.32	54.82	77.28	57.14	20.22	60.21	43.42	26.57	73.35	59.64	97.31	66.37	17.26	32.98	30.53	20.25	64.13	9.0	105.42	4.12	72.18	71.18	35.13	41.62	47.76	75.54	80.41	30.81	61.0	42.95	71.47	69.86	59.14	69.63	0.0	34.67	35.81	49.66	49.16	10.82	51.97	25.24	65.31	67.74	69.26	15.23	22.02	24.21	15.81	75.24	43.01	10.2	17.49	55.97	16.76	27.66	39.62	75.13	63.07	78.01	11.66	85.63	54.13	21.38	74.46	72.78	24.7	64.33	59.77	18.38	64.9	62.2
47	23.26	48.08	39.05	44.05	38.47	44.41	53.34	47.68	5.0	46.23	51.0	33.53	20.4	40.8	58.94	22.47	26.02	47.51	29.21	10.77	39.22	30.41	65.0	45.22	48.17	27.17	35.13	40.05	60.14	40.31	72.2	37.59	39.45	62.13	35.78	7.07	38.48	67.68	56.0	54.01	51.04	10.05	49.5	66.53	33.54	39.2	34.67	0.0	12.81	56.36	39.05	40.16	36.4	15.13	35.51	47.8	37.05	23.54	30.15	35.44	27.78	50.01	24.41	42.45	38.21	35.74	51.0	25.08	41.18	69.2	37.58	43.42	41.11	51.74	52.5	25.08	50.01	42.11	11.66	46.82	28.02	17.09	35.69	35.85
48	11.18	42.19	48.51	52.61	50.0	46.82	53.04	39.05	17.0	33.84	50.25	28.43	10.77	53.6	47.52	27.07	20.12	34.89	16.4	20.4	45.1	23.85	61.62	57.63	51.88	38.6	45.28	34.18	47.38	43.42	70.04	37.54	36.88	49.4	24.74	13.93	51.0	54.92	46.69	47.3	38.28	21.1	39.01	53.76	45.49	49.04	35.81	12.81	0.0	44.94	26.25	37.8	49.2	10.63	45.88	60.31	45.71	21.21	23.09	44.05	34.53	41.0	37.2	45.28	33.11	24.19	50.25	35.51	29.73	56.4	49.4	45.31	38.6	51.04	40.0	18.79	40.61	51.66	20.1	34.93	37.64	17.89	29.15	47.51
49	40.31	67.05	93.3	97.02	85.04	86.0	53.15	18.25	58.83	14.32	50.25	60.3	46.39	94.64	46.75	70.41	34.66	30.02	32.14	58.41	87.97	55.15	88.26	101.36	64.56	74.95	77.01	29.73	20.12	57.94	98.35	47.17	70.46	30.53	20.59	58.87	89.87	32.31	58.31	27.29	26.4	65.8	48.76	23.54	89.89	93.92	49.66	56.36	44.94	0.0	25.32	40.8	90.6	42.44	90.82	103.77	90.25	41.11	30.48	72.11	61.61	56.36	78.82	58.19	32.31	39.81	50.25	70.04	15.23	30.08	93.91	84.01	40.52	85.0	12.81	34.66	54.56	96.46	56.85	38.47	82.54	46.69	57.71	92.14
50	17.49	42.15	71.55	74.46	74.73	61.13	60.75	31.11	43.01	11.05	57.58	35.06	23.26	79.81	28.79	47.54	29.02	11.05	9.9	45.18	64.29	30.0	63.56	83.55	66.37	63.51	68.62	35.34	21.26	58.14	73.54	48.66	45.18	23.77	15.65	39.05	76.85	29.07	36.07	42.45	12.65	46.75	26.17	27.59	71.06	72.47	49.16	39.05	26.25	25.32	0.0	44.92	75.43	29.73	69.97	86.31	68.03	35.06	27.46	65.73	55.11	32.8	63.41	59.3	36.4	14.56	57.58	59.62	14.87	30.23	74.81	59.08	45.22	59.68	15.52	28.0	31.24	74.69	44.28	16.64	61.4	37.11	32.39	72.8
