vehicles
vehicle_idx, capacity, cost_per_unit_distance
1,100,1
2,100,1
3,100,1
4,100,1
5,100,1
6,100,1
7,100,1
8,100,1
depot
node_idx,x,y
0,2,48
home delivery customers
node_idx,x,y,service_time,demand
1,77,89,15,16
2,96,61,15,8
3,53,55,15,7
4,7,1,15,9
5,73,68,15,9
6,4,24,15,16
7,82,56,15,7
8,38,62,15,1
9,1,85,15,23
10,94,4,15,4
11,50,70,15,3
12,35,69,15,20
13,14,41,15,7
14,94,73,15,1
15,23,96,15,2
16,68,52,15,6
17,92,96,15,12
18,4,48,15,2
19,24,10,15,14
20,52,72,15,14
21,61,46,15,2
22,90,15,15,20
23,93,41,15,18
24,8,74,15,19
25,13,87,15,18
26,35,20,15,26
27,96,79,15,3
28,73,87,15,23
29,21,1,15,16
30,55,94,15,9
31,68,99,15,24
32,0,30,15,16
33,12,71,15,6
34,26,55,15,2
35,93,7,15,26
36,54,53,15,2
37,26,17,15,7
self pickup customers
node_idx,x,y,service_time,demand,locker_idxs
38,64,71,15,26,68-64-71-70-65-67
39,38,10,15,11,66-69
40,7,40,15,4,66-68-69-71
41,30,56,15,6,63-65-70-68-71-69-66
42,42,53,15,2,66-63-69-68-71-65-70-67
43,5,49,15,22,71-68-66
44,96,88,15,12,67
45,73,22,15,11,62-64-69-67-70
46,58,41,15,2,64-67-69-70-66-71-65
47,34,68,15,4,63-68-65-71-67-70
48,84,97,15,16,67
49,28,93,15,10,63-68-71-65
50,56,84,15,21,67-70-63-65-71-68
51,30,53,15,24,66-63-69-68-71-65-70
52,85,2,15,12,62-64
53,71,21,15,2,62-69-64-67-70
54,51,2,15,16,66-69
55,70,22,15,21,62-64-67-70-69
flexible customers
node_idx,x,y,service_time,demand,locker_idxs
56,33,83,15,18,63-65-68-71
57,74,94,15,22,67-65
58,38,9,15,9,66-69
59,85,49,15,19,67-70-64-62
60,72,75,15,2,65-71-70-67-64
61,33,49,15,23,70-69-66-71-65-63-68
lockers
node_idx,x,y,service_time,capacity,cost_per_unit_good
62,93,12,10,75,100
63,22,88,10,95,100
64,85,43,10,80,100
65,41,73,10,73,100
66,21,26,10,97,100
67,73,60,10,77,100
68,25,70,10,82,100
69,42,26,10,97,100
70,64,51,10,71,100
71,40,62,10,95,100
mrt lines
start_node_idx,end_node_idx,freight_capacity,cost_per_unit_good
62,63,95,1
63,62,95,1
distance matrix
,0,1,2,3,4,5,6,7,8,9,10,11,12,13,14,15,16,17,18,19,20,21,22,23,24,25,26,27,28,29,30,31,32,33,34,35,36,37,38,39,40,41,42,43,44,45,46,47,48,49,50,51,52,53,54,55,56,57,58,59,60,61,62,63,64,65,66,67,68,69,70,71,
0,0.0,85.48,94.89,51.48,47.27,73.76,24.08,80.4,38.63,37.01,101.98,52.8,39.12,13.89,95.34,52.39,66.12,102.0,2.0,43.91,55.46,59.03,93.98,91.27,26.68,40.52,43.28,98.98,81.01,50.7,70.18,83.41,18.11,25.08,25.0,99.81,52.24,39.2,66.13,52.35,9.43,29.12,40.31,3.16,102.16,75.61,56.44,37.74,95.52,51.97,64.9,28.44,94.89,74.09,67.21,72.8,46.75,85.44,53.08,83.01,75.03,31.02,97.86,44.72,83.15,46.32,29.07,72.01,31.83,45.65,62.07,40.5
1,85.48,0.0,33.84,41.62,112.45,21.38,97.74,33.38,47.43,76.11,86.68,33.02,46.52,79.2,23.35,54.45,38.08,16.55,83.73,95.13,30.23,45.88,75.13,50.6,70.61,64.03,80.78,21.47,4.47,104.31,22.56,13.45,97.01,67.45,61.29,83.55,42.72,88.23,22.2,88.1,85.45,57.43,50.21,82.37,19.03,67.12,51.62,47.85,10.63,49.16,21.59,59.2,87.37,68.26,90.8,67.36,44.41,5.83,89.0,40.79,14.87,59.46,78.64,55.01,46.69,39.4,84.29,29.27,55.36,72.07,40.16,45.8
2,94.89,33.84,0.0,43.42,107.34,24.04,99.16,14.87,58.01,97.98,57.04,46.87,61.52,84.4,12.17,80.96,29.41,35.23,92.91,88.23,45.35,38.08,46.39,20.22,88.96,86.98,73.5,18.0,34.71,96.05,52.63,47.2,100.88,84.59,70.26,54.08,42.76,82.68,33.53,77.23,91.44,66.19,54.59,91.79,27.0,45.28,42.94,62.39,37.95,75.15,46.14,66.48,60.02,47.17,74.2,46.87,66.73,39.66,77.9,16.28,27.78,64.13,49.09,78.77,21.1,56.29,82.76,23.02,71.57,64.35,33.53,56.01
3,51.48,41.62,43.42,0.0,70.94,23.85,57.98,29.02,16.55,60.03,65.44,15.3,22.8,41.44,44.78,50.8,15.3,56.59,49.5,53.54,17.03,12.04,54.49,42.38,48.85,51.22,39.36,49.24,37.74,62.77,39.05,46.49,58.6,44.01,27.0,62.48,2.24,46.62,19.42,47.43,48.38,23.02,11.18,48.37,54.2,38.59,14.87,23.02,52.2,45.49,29.15,23.09,61.91,38.47,53.04,37.12,34.41,44.29,48.38,32.56,27.59,20.88,58.73,45.28,34.18,21.63,43.19,20.62,31.76,31.02,11.7,14.76
4,47.27,112.45,107.34,70.94,0.0,94.05,23.19,93.01,68.43,84.21,87.05,81.3,73.54,40.61,112.93,96.34,79.51,127.48,47.1,19.24,84.06,70.29,84.17,94.85,73.01,86.21,33.84,118.34,108.41,14.0,104.66,115.43,29.83,70.18,57.25,86.21,70.09,24.84,90.27,32.28,39.0,59.62,62.68,48.04,124.46,69.26,64.82,72.24,123.07,94.37,96.38,56.86,78.01,67.05,44.01,66.41,86.02,114.62,32.02,91.59,98.49,54.59,86.7,88.28,88.59,79.62,28.65,88.53,71.31,43.01,75.82,69.35
5,73.76,21.38,24.04,23.85,94.05,0.0,81.84,15.0,35.51,73.98,67.36,23.09,38.01,64.88,21.59,57.31,16.76,33.84,71.84,75.93,21.38,25.06,55.66,33.6,65.28,62.94,61.22,25.5,19.0,84.81,31.62,31.4,82.3,61.07,48.76,64.2,24.21,69.35,9.49,67.74,71.69,44.64,34.44,70.6,30.48,46.0,30.89,39.0,31.02,51.48,23.35,45.54,67.08,47.04,69.57,46.1,42.72,26.02,68.6,22.47,7.07,44.28,59.46,54.78,27.73,32.39,66.84,8.0,48.04,52.2,19.24,33.54
6,24.08,97.74,99.16,57.98,23.19,81.84,0.0,84.31,50.99,61.07,92.2,65.05,54.64,19.72,102.47,74.46,69.86,113.7,24.0,24.41,67.88,61.1,86.47,90.61,50.16,63.64,31.26,107.19,93.43,28.6,86.61,98.6,7.21,47.68,38.01,90.61,57.8,23.09,76.22,36.77,16.28,41.23,47.8,25.02,112.07,69.03,56.61,53.25,108.3,73.05,79.4,38.95,83.93,67.07,51.89,66.03,65.74,98.99,37.16,84.77,85.0,38.29,89.81,66.48,83.2,61.4,17.12,77.83,50.57,38.05,65.8,52.35
7,80.4,33.38,14.87,29.02,93.01,15.0,84.31,0.0,44.41,86.03,53.37,34.93,48.76,69.63,20.81,71.28,14.56,41.23,78.41,74.03,34.0,23.26,41.77,18.6,76.16,75.64,59.2,26.93,32.28,82.13,46.62,45.22,86.02,71.59,56.01,50.22,28.16,68.24,23.43,63.66,76.69,52.0,40.11,77.32,34.93,35.17,28.3,49.48,41.05,65.46,38.21,52.09,54.08,36.69,62.27,36.06,55.95,38.83,64.38,7.62,21.47,49.5,45.35,68.0,13.34,44.38,67.98,9.85,58.69,50.0,18.68,42.43
8,38.63,47.43,58.01,16.55,68.43,35.51,50.99,44.41,0.0,43.57,80.62,14.42,7.62,31.89,57.07,37.16,31.62,63.81,36.77,53.85,17.2,28.02,70.09,58.87,32.31,35.36,42.11,60.44,43.01,63.32,36.24,47.63,49.68,27.51,13.89,77.78,18.36,46.57,27.51,52.0,38.01,10.0,9.85,35.47,63.56,53.15,29.0,7.21,57.8,32.57,28.43,12.04,76.22,52.63,61.39,51.22,21.59,48.17,53.0,48.76,36.4,13.93,74.33,30.53,50.7,11.4,39.81,35.06,15.26,36.22,28.23,2.0
9,37.01,76.11,97.98,60.03,84.21,73.98,61.07,86.03,43.57,0.0,123.33,51.24,37.58,45.88,93.77,24.6,74.69,91.66,37.12,78.45,52.63,71.56,113.23,101.98,13.04,12.17,73.36,95.19,72.03,86.35,54.74,68.45,55.01,17.8,39.05,120.62,61.91,72.45,64.54,83.63,45.4,41.01,52.01,36.22,95.05,95.67,72.01,37.12,83.86,28.16,55.01,43.19,118.09,94.85,96.9,93.43,32.06,73.55,84.53,91.39,71.7,48.17,117.44,21.21,93.91,41.76,62.3,76.22,28.3,71.85,71.59,45.28
10,101.98,86.68,57.04,65.44,87.05,67.36,92.2,53.37,80.62,123.33,0.0,79.32,87.78,88.14,69.0,116.21,54.59,92.02,100.18,70.26,79.92,53.41,11.7,37.01,110.89,115.97,61.13,75.03,85.62,73.06,98.09,98.49,97.53,105.89,85.0,3.16,63.25,69.23,73.41,56.32,94.15,82.46,71.45,99.73,84.02,27.66,51.62,87.73,93.54,110.8,88.57,80.6,9.22,28.6,43.05,30.0,99.81,92.2,56.22,45.89,74.33,75.8,8.06,110.63,40.02,87.01,76.24,59.81,95.48,56.46,55.76,79.25
11,52.8,33.02,46.87,15.3,81.3,23.09,65.05,34.93,14.42,51.24,79.32,0.0,15.03,46.23,44.1,37.48,25.46,49.4,50.99,65.39,2.83,26.4,68.01,51.87,42.19,40.72,52.2,46.87,28.6,74.85,24.52,34.13,64.03,38.01,28.3,76.28,17.46,58.18,14.04,61.19,52.43,24.41,18.79,49.66,49.4,53.23,30.08,16.12,43.42,31.83,15.23,26.25,76.48,53.31,68.01,52.0,21.4,33.94,62.17,40.82,22.56,27.02,72.2,33.29,44.2,9.49,52.7,25.08,25.0,44.72,23.6,12.81
12,39.12,46.52,61.52,22.8,73.54,38.01,54.64,48.76,7.62,37.58,87.78,15.03,0.0,35.0,59.14,29.55,37.12,63.07,37.44,60.02,17.26,34.71,77.08,64.4,27.46,28.43,49.0,61.81,42.05,69.43,32.02,44.6,52.4,23.09,16.64,84.9,24.84,52.77,29.07,59.08,40.31,13.93,17.46,36.06,63.89,60.44,36.24,1.41,56.44,25.0,25.81,16.76,83.6,60.0,68.88,58.6,14.14,46.32,60.07,53.85,37.48,20.1,81.32,23.02,56.36,7.21,45.22,39.05,10.05,43.57,34.13,8.6
13,13.89,79.2,84.4,41.44,40.61,64.88,19.72,69.63,31.89,45.88,88.14,46.23,35.0,0.0,86.16,55.73,55.11,95.44,12.21,32.57,49.04,47.27,80.32,79.0,33.54,46.01,29.7,90.38,74.81,40.61,67.01,79.25,17.8,30.07,18.44,86.01,41.76,26.83,58.31,39.2,7.07,21.93,30.46,12.04,94.51,61.98,44.0,33.6,89.64,53.85,60.11,20.0,81.01,60.41,53.76,59.14,46.1,80.06,40.0,71.45,67.23,20.62,84.15,47.68,71.03,41.87,16.55,61.98,31.02,31.76,50.99,33.42
14,95.34,23.35,12.17,44.78,112.93,21.59,102.47,20.81,57.07,93.77,69.0,44.1,59.14,86.16,0.0,74.63,33.42,23.09,93.41,94.18,42.01,42.64,58.14,32.02,86.01,82.2,79.31,6.32,25.24,102.53,44.29,36.77,103.37,82.02,70.34,66.01,44.72,88.09,30.07,84.29,93.05,66.22,55.71,92.18,15.13,55.15,48.17,60.21,26.0,68.96,39.56,67.05,71.57,56.86,83.01,56.36,61.81,29.0,85.04,25.63,22.09,65.55,61.01,73.55,31.32,53.0,86.82,24.7,69.07,70.09,37.2,55.11
15,52.39,54.45,80.96,50.8,96.34,57.31,74.46,71.28,37.16,24.6,116.21,37.48,29.55,55.73,74.63,0.0,62.94,69.0,51.62,86.01,37.64,62.8,105.12,89.02,26.63,13.45,76.94,74.95,50.8,95.02,32.06,45.1,69.89,27.31,41.11,113.23,53.01,79.06,48.02,87.3,58.24,40.61,47.01,50.33,73.44,89.31,65.19,30.08,61.01,5.83,35.11,43.57,112.61,89.04,98.08,87.66,16.4,51.04,88.28,77.8,53.31,48.05,109.34,8.06,81.57,29.21,70.03,61.61,26.08,72.53,60.88,38.01
16,66.12,38.08,29.41,15.3,79.51,16.76,69.86,14.56,31.62,74.69,54.59,25.46,37.12,55.11,33.42,62.94,0.0,50.12,64.12,60.83,25.61,9.22,43.05,27.31,63.91,65.19,45.97,38.9,35.36,69.35,43.97,47.0,71.47,59.14,42.11,51.48,14.04,54.67,19.42,51.61,62.17,38.21,26.02,63.07,45.61,30.41,14.87,37.58,47.76,57.28,34.18,38.01,52.81,31.14,52.81,30.07,46.75,42.43,52.43,17.26,23.35,35.13,47.17,58.41,19.24,34.21,53.71,9.43,46.62,36.77,4.12,29.73
17,102.0,16.55,35.23,56.59,127.48,33.84,113.7,41.23,63.81,91.66,92.02,49.4,63.07,95.44,23.09,69.0,50.12,0.0,100.24,109.64,46.65,58.83,81.02,55.01,86.83,79.51,95.0,17.46,21.02,118.6,37.05,24.19,113.23,83.82,77.7,89.01,57.38,102.94,37.54,101.55,101.79,73.78,65.95,98.88,8.94,76.4,64.66,64.4,8.06,64.07,37.95,75.45,94.26,77.88,102.55,77.2,60.42,18.11,102.4,47.52,29.0,75.43,84.01,70.46,53.46,55.95,99.7,40.71,71.87,86.02,53.0,62.13
18,2.0,83.73,92.91,49.5,47.1,71.84,24.0,78.41,36.77,37.12,100.18,50.99,37.44,12.21,93.41,51.62,64.12,100.24,0.0,42.94,53.67,57.04,92.11,89.27,26.31,40.02,41.77,97.08,79.26,49.98,68.68,81.84,18.44,24.35,23.09,97.99,50.25,38.01,64.26,50.99,8.54,27.2,38.33,1.41,100.32,73.74,54.45,36.06,93.81,51.0,63.25,26.48,93.15,72.24,65.76,70.94,45.45,83.76,51.74,81.01,73.16,29.02,96.01,43.86,81.15,44.65,27.8,70.04,30.41,43.91,60.07,38.63
19,43.91,95.13,88.23,53.54,19.24,75.93,24.41,74.03,53.85,78.45,70.26,65.39,60.02,32.57,94.18,86.01,60.83,109.64,42.94,0.0,68.03,51.62,66.19,75.64,65.97,77.78,14.87,99.72,91.27,9.49,89.54,99.28,31.24,62.17,45.04,69.07,52.43,7.28,72.95,14.0,34.48,46.39,46.62,43.38,106.15,50.45,46.01,58.86,105.68,83.1,80.62,43.42,61.52,48.27,28.16,47.54,73.55,97.75,14.04,72.4,80.8,40.02,69.03,78.03,69.35,65.25,16.28,70.01,60.01,24.08,57.28,54.41
20,55.46,30.23,45.35,17.03,84.06,21.38,67.88,34.0,17.2,52.63,79.92,2.83,17.26,49.04,42.01,37.64,25.61,46.65,53.67,68.03,0.0,27.51,68.51,51.4,44.05,41.79,54.71,44.55,25.81,77.47,22.2,31.38,66.84,40.01,31.06,76.85,19.1,60.84,12.04,63.56,55.22,27.2,21.47,52.33,46.82,54.23,31.58,18.44,40.61,31.89,12.65,29.07,77.39,54.42,70.01,53.14,21.95,31.11,64.54,40.22,20.22,29.83,72.67,34.0,43.93,11.05,55.47,24.19,27.07,47.07,24.19,15.62
21,59.03,45.88,38.08,12.04,70.29,25.06,61.1,23.26,28.02,71.56,53.41,26.4,34.71,47.27,42.64,62.8,9.22,58.83,57.04,51.62,27.51,0.0,42.45,32.39,59.94,63.13,36.77,48.1,42.72,60.21,48.37,53.46,63.06,55.01,36.14,50.45,9.9,45.45,25.18,42.72,54.33,32.57,20.25,56.08,54.67,26.83,5.83,34.83,55.95,57.43,38.33,31.78,50.12,26.93,45.12,25.63,46.4,49.73,43.57,24.19,31.02,28.16,46.69,57.31,24.19,33.6,44.72,18.44,43.27,27.59,5.83,26.4
22,93.98,75.13,46.39,54.49,84.17,55.66,86.47,41.77,70.09,113.23,11.7,68.01,77.08,80.32,58.14,105.12,43.05,81.02,92.11,66.19,68.51,42.45,0.0,26.17,101.02,105.42,55.23,64.28,73.98,70.41,86.41,86.83,91.24,96.02,75.47,8.54,52.35,64.03,61.74,52.24,86.68,72.67,61.22,91.55,73.25,18.38,41.23,77.1,82.22,99.64,76.92,71.02,13.93,19.92,41.11,21.19,88.73,80.6,52.35,34.37,62.64,66.37,4.24,99.76,28.44,75.93,69.87,48.1,85.15,49.24,44.41,68.62
23,91.27,50.6,20.22,42.38,94.85,33.6,90.61,18.6,58.87,101.98,37.01,51.87,64.4,79.0,32.02,89.02,27.31,55.01,89.27,75.64,51.4,32.39,26.17,0.0,91.18,92.28,61.68,38.12,50.16,82.37,65.22,63.16,93.65,86.38,68.45,34.0,40.8,71.17,41.73,63.13,86.01,64.76,52.39,88.36,47.1,27.59,35.0,64.88,56.72,83.24,56.73,64.13,39.81,29.73,57.31,29.83,73.24,56.3,63.63,11.31,39.96,60.53,29.0,85.15,8.25,61.06,73.55,27.59,73.93,53.16,30.68,57.01
24,26.68,70.61,88.96,48.85,73.01,65.28,50.16,76.16,32.31,13.04,110.89,42.19,27.46,33.54,86.01,26.63,63.91,86.83,26.31,65.97,44.05,59.94,101.02,91.18,0.0,13.93,60.37,88.14,66.29,74.15,51.08,65.0,44.72,5.0,26.17,108.23,50.57,59.77,56.08,70.68,34.01,28.43,39.96,25.18,89.11,83.24,59.91,26.68,79.4,27.59,49.03,30.41,105.42,82.33,83.86,80.92,26.57,68.96,71.59,80.96,64.01,35.36,105.21,19.8,83.01,33.02,49.73,66.49,17.46,58.82,60.54,34.18
25,40.52,64.03,86.98,51.22,86.21,62.94,63.64,75.64,35.36,12.17,115.97,40.72,28.43,46.01,82.2,13.45,65.19,79.51,40.02,77.78,41.79,63.13,105.42,92.28,13.93,0.0,70.52,83.38,60.0,86.37,42.58,56.29,58.46,16.03,34.54,113.14,53.26,71.2,53.45,80.96,47.38,35.36,44.69,38.83,83.01,88.46,64.35,28.32,71.7,16.16,43.1,38.01,111.4,87.86,93.11,86.45,20.4,61.4,81.91,81.41,60.21,42.94,109.66,9.06,84.38,31.3,61.52,65.8,20.81,67.54,62.43,36.8
26,43.28,80.78,73.5,39.36,33.84,61.22,31.26,59.2,42.11,73.36,61.13,52.2,49.0,29.7,79.31,76.94,45.97,95.0,41.77,14.87,54.71,36.77,55.23,61.68,60.37,70.52,0.0,84.86,77.03,23.6,76.66,85.62,36.4,55.95,36.14,59.44,38.08,9.49,58.67,10.44,34.41,36.35,33.73,41.73,91.35,38.05,31.14,48.01,91.27,73.33,67.36,33.38,53.14,36.01,24.08,35.06,63.03,83.65,11.4,57.8,66.29,29.07,58.55,69.23,55.04,53.34,15.23,55.17,50.99,9.22,42.45,42.3
27,98.98,21.47,18.0,49.24,118.34,25.5,107.19,26.93,60.44,95.19,75.03,46.87,61.81,90.38,6.32,74.95,38.9,17.46,97.08,99.72,44.55,48.1,64.28,38.12,88.14,83.38,84.86,0.0,24.35,108.21,43.66,34.41,107.78,84.38,74.0,72.06,49.4,93.51,32.98,90.14,97.17,69.89,59.93,95.82,9.0,61.47,53.74,62.97,21.63,69.43,40.31,70.94,77.78,63.16,89.19,62.65,63.13,26.63,90.91,31.95,24.33,69.78,67.07,74.55,37.64,55.33,91.84,29.83,71.57,75.66,42.52,58.52
28,81.01,4.47,34.71,37.74,108.41,19.0,93.43,32.28,43.01,72.03,85.62,28.6,42.05,74.81,25.24,50.8,35.36,21.02,79.26,91.27,25.81,42.72,73.98,50.16,66.29,60.0,77.03,24.35,0.0,100.5,19.31,13.0,92.62,63.06,56.86,82.46,38.95,84.31,18.36,84.58,81.02,53.01,46.01,77.9,23.02,65.0,48.38,43.38,14.87,45.4,17.26,54.82,85.84,66.03,87.8,65.07,40.2,7.07,85.49,39.85,12.04,55.17,77.62,51.01,45.61,34.93,80.16,27.0,50.92,68.43,37.11,41.4
29,50.7,104.31,96.05,62.77,14.0,84.81,28.6,82.13,63.32,86.35,73.06,74.85,69.43,40.61,102.53,95.02,69.35,118.6,49.98,9.49,77.47,60.21,70.41,82.37,74.15,86.37,23.6,108.21,100.5,0.0,99.02,108.69,35.81,70.58,54.23,72.25,61.59,16.76,82.15,19.24,41.44,55.73,56.08,50.6,114.87,56.08,54.49,68.25,114.83,92.27,90.08,52.77,64.01,53.85,30.02,53.31,82.87,107.04,18.79,80.0,89.87,49.48,72.84,87.01,76.55,74.73,25.0,78.64,69.12,32.65,65.95,63.89
30,70.18,22.56,52.63,39.05,104.66,31.62,86.61,46.62,36.24,54.74,98.09,24.52,32.02,67.01,44.29,32.06,43.97,37.05,68.68,89.54,22.2,48.37,86.41,65.22,51.08,42.58,76.66,43.66,19.31,99.02,0.0,13.93,84.39,48.76,48.6,94.94,41.01,82.28,24.7,85.7,72.25,45.49,43.01,67.27,41.44,74.22,53.08,33.42,29.15,27.02,10.05,48.02,96.77,74.73,92.09,73.55,24.6,19.0,86.68,54.08,25.5,50.09,90.38,33.54,59.17,25.24,76.03,38.47,38.42,69.23,43.93,35.34
31,83.41,13.45,47.2,46.49,115.43,31.4,98.6,45.22,47.63,68.45,98.49,34.13,44.6,79.25,36.77,45.1,47.0,24.19,81.84,99.28,31.38,53.46,86.83,63.16,65.0,56.29,85.62,34.41,13.0,108.69,13.93,0.0,96.88,62.61,60.83,95.34,48.08,92.13,28.28,93.92,84.86,57.38,52.84,80.43,30.08,77.16,58.86,46.01,16.12,40.45,19.21,59.67,98.48,78.06,98.48,77.03,38.48,7.81,94.87,52.81,24.33,61.03,90.52,47.3,58.52,37.48,86.82,39.32,51.87,77.49,48.17,46.4
32,18.11,97.01,100.88,58.6,29.83,82.3,7.21,86.02,49.68,55.01,97.53,64.03,52.4,17.8,103.37,69.89,71.47,113.23,18.44,31.24,66.84,63.06,91.24,93.65,44.72,58.46,36.4,107.78,92.62,35.81,84.39,96.88,0.0,42.72,36.07,95.8,58.69,29.07,76.01,42.94,12.21,39.7,47.89,19.65,112.16,73.44,59.03,50.99,107.45,68.94,77.79,37.8,89.49,71.57,58.18,70.46,62.43,97.84,43.42,87.1,84.91,38.08,94.73,62.03,85.99,59.41,21.38,78.92,47.17,42.19,67.36,51.22
33,25.08,67.45,84.59,44.01,70.18,61.07,47.68,71.59,27.51,17.8,105.89,38.01,23.09,30.07,82.02,27.31,59.14,83.82,24.35,62.17,40.01,55.01,96.02,86.38,5.0,16.03,55.95,84.38,63.06,70.58,48.76,62.61,42.72,0.0,21.26,103.23,45.69,55.79,52.0,66.31,31.4,23.43,34.99,23.09,85.7,78.24,54.92,22.2,76.55,27.2,45.88,25.46,100.45,77.34,79.26,75.93,24.19,66.13,67.23,76.24,60.13,30.41,100.21,19.72,78.19,29.07,45.89,61.98,13.04,54.08,55.71,29.41
34,25.0,61.29,70.26,27.0,57.25,48.76,38.01,56.01,13.89,39.05,85.0,28.3,16.64,18.44,70.34,41.11,42.11,77.7,23.09,45.04,31.06,36.14,75.47,68.45,26.17,34.54,36.14,74.0,56.86,54.23,48.6,60.83,36.07,21.26,0.0,82.42,28.07,38.0,41.23,46.57,24.21,4.12,16.12,21.84,77.39,57.43,34.93,15.26,71.61,38.05,41.73,4.47,79.31,56.4,58.6,55.0,28.86,61.85,47.54,59.3,50.16,9.22,79.61,33.24,60.21,23.43,29.43,47.27,15.03,33.12,38.21,15.65
35,99.81,83.55,54.08,62.48,86.21,64.2,90.61,50.22,77.78,120.62,3.16,76.28,84.9,86.01,66.01,113.23,51.48,89.01,97.99,69.07,76.85,50.45,8.54,34.0,108.23,113.14,59.44,72.06,82.46,72.25,94.94,95.34,95.8,103.23,82.42,0.0,60.31,67.74,70.26,55.08,92.11,79.81,68.68,97.51,81.06,25.0,48.8,84.86,90.45,107.8,85.43,78.01,9.43,26.08,42.3,27.46,96.83,89.05,55.04,42.76,71.17,73.24,5.0,107.71,36.88,84.02,74.46,56.65,92.7,54.42,52.7,76.38
36,52.24,42.72,42.76,2.24,70.09,24.21,57.8,28.16,18.36,61.91,63.25,17.46,24.84,41.76,44.72,53.01,14.04,57.38,50.25,52.43,19.1,9.9,52.35,40.8,50.57,53.26,38.08,49.4,38.95,61.59,41.01,48.08,58.69,45.69,28.07,60.31,0.0,45.61,20.59,45.88,48.76,24.19,12.0,49.16,54.67,36.36,12.65,25.0,53.25,47.71,31.06,24.0,59.68,36.24,51.09,34.89,36.62,45.62,46.82,31.26,28.43,21.38,56.59,47.42,32.57,23.85,42.64,20.25,33.62,29.55,10.2,16.64
37,39.2,88.23,82.68,46.62,24.84,69.35,23.09,68.24,46.57,72.45,69.23,58.18,52.77,26.83,88.09,79.06,54.67,102.94,38.01,7.28,60.84,45.45,64.03,71.17,59.77,71.2,9.49,93.51,84.31,16.76,82.28,92.13,29.07,55.79,38.0,67.74,45.61,0.0,66.03,13.89,29.83,39.2,39.4,38.28,99.7,47.27,40.0,51.62,98.81,76.03,73.41,36.22,60.88,45.18,29.15,44.28,66.37,90.74,14.42,67.12,74.03,32.76,67.19,71.11,64.47,57.97,10.3,63.7,53.01,18.36,50.99,47.13
38,66.13,22.2,33.53,19.42,90.27,9.49,76.22,23.43,27.51,64.54,73.41,14.04,29.07,58.31,30.07,48.02,19.42,37.54,64.26,72.95,12.04,25.18,61.74,41.73,56.08,53.45,58.67,32.98,18.36,82.15,24.7,28.28,76.01,52.0,41.23,70.26,20.59,66.03,0.0,66.31,64.88,37.16,28.43,62.97,36.24,49.82,30.59,30.15,32.8,42.19,15.26,38.47,72.12,50.49,70.21,49.37,33.24,25.08,67.23,30.41,8.94,38.01,65.74,45.31,35.0,23.09,62.24,14.21,39.01,50.09,20.0,25.63
39,52.35,88.1,77.23,47.43,32.28,67.74,36.77,63.66,52.0,83.63,56.32,61.19,59.08,39.2,84.29,87.3,51.61,101.55,50.99,14.0,63.56,42.72,52.24,63.13,70.68,80.96,10.44,90.14,84.58,19.24,85.7,93.92,42.94,66.31,46.57,55.08,45.88,13.89,66.31,0.0,43.14,46.69,43.19,51.09,97.2,37.0,36.89,58.14,98.41,83.6,76.16,43.74,47.68,34.79,15.26,34.18,73.17,91.39,1.0,61.07,73.36,39.32,55.04,79.62,57.43,63.07,23.35,61.03,61.39,16.49,48.55,52.04
40,9.43,85.45,91.44,48.38,39.0,71.69,16.28,76.69,38.01,45.4,94.15,52.43,40.31,7.07,93.05,58.24,62.17,101.79,8.54,34.48,55.22,54.33,86.68,86.01,34.01,47.38,34.41,97.17,81.02,41.44,72.25,84.86,12.21,31.4,24.21,92.11,48.76,29.83,64.88,43.14,0.0,28.02,37.34,9.22,101.12,68.41,51.01,38.9,95.8,57.01,65.86,26.42,86.76,66.76,58.14,65.52,50.25,86.05,43.84,78.52,73.82,27.51,90.44,50.29,78.06,47.38,19.8,68.96,34.99,37.7,58.05,39.66
41,29.12,57.43,66.19,23.02,59.62,44.64,41.23,52.0,10.0,41.01,82.46,24.41,13.93,21.93,66.22,40.61,38.21,73.78,27.2,46.39,27.2,32.57,72.67,64.76,28.43,35.36,36.35,69.89,53.01,55.73,45.49,57.38,39.7,23.43,4.12,79.81,24.19,39.2,37.16,46.69,28.02,0.0,12.37,25.96,73.35,54.82,31.76,12.65,67.8,37.05,38.21,3.0,77.08,53.91,57.94,52.5,27.17,58.14,47.68,55.44,46.1,7.62,76.84,32.98,56.52,20.25,31.32,43.19,14.87,32.31,34.37,11.66
42,40.31,50.21,54.59,11.18,62.68,34.44,47.8,40.11,9.85,52.01,71.45,18.79,17.46,30.46,55.71,47.01,26.02,65.95,38.33,46.62,21.47,20.25,61.22,52.39,39.96,44.69,33.73,59.93,46.01,56.08,43.01,52.84,47.89,34.99,16.12,68.68,12.0,39.4,28.43,43.19,37.34,12.37,0.0,37.22,64.35,43.84,20.0,17.0,60.83,42.38,34.01,12.0,66.71,43.19,51.79,41.77,31.32,52.01,44.18,43.19,37.2,9.85,65.44,40.31,44.15,20.02,34.21,31.78,24.04,27.0,22.09,9.22
43,3.16,82.37,91.79,48.37,48.04,70.6,25.02,77.32,35.47,36.22,99.73,49.66,36.06,12.04,92.18,50.33,63.07,98.88,1.41,43.38,52.33,56.08,91.55,88.36,25.18,38.83,41.73,95.82,77.9,50.6,67.27,80.43,19.65,23.09,21.84,97.51,49.16,38.28,62.97,51.09,9.22,25.96,37.22,0.0,99.01,73.16,53.6,34.67,92.44,49.65,61.85,25.32,92.78,71.69,65.76,70.38,44.05,82.38,51.86,80.0,71.87,28.0,95.46,42.54,80.22,43.27,28.02,68.88,29.0,43.57,59.03,37.34
44,102.16,19.03,27.0,54.2,124.46,30.48,112.07,34.93,63.56,95.05,84.02,49.4,63.89,94.51,15.13,73.44,45.61,8.94,100.32,106.15,46.82,54.67,73.25,47.1,89.11,83.01,91.35,9.0,23.02,114.87,41.44,30.08,112.16,85.7,77.39,81.06,54.67,99.7,36.24,97.2,101.12,73.35,64.35,99.01,0.0,69.89,60.44,65.15,15.0,68.18,40.2,74.71,86.7,71.51,97.06,70.94,63.2,22.8,98.01,40.52,27.29,74.09,76.06,74.0,46.32,57.01,97.31,36.24,73.25,82.22,48.92,61.74
45,75.61,67.12,45.28,38.59,69.26,46.0,69.03,35.17,53.15,95.67,27.66,53.23,60.44,61.98,55.15,89.31,30.41,76.4,73.74,50.45,54.23,26.83,18.38,27.59,83.24,88.46,38.05,61.47,65.0,56.08,74.22,77.16,73.44,78.24,57.43,25.0,36.36,47.27,49.82,37.0,68.41,54.82,43.84,73.16,69.89,0.0,24.21,60.31,75.8,84.06,64.29,53.01,23.32,2.24,29.73,3.0,72.95,72.01,37.34,29.55,53.01,48.26,22.36,83.41,24.19,60.21,52.15,38.0,67.88,31.26,30.36,51.86
46,56.44,51.62,42.94,14.87,64.82,30.89,56.61,28.3,29.0,72.01,51.62,30.08,36.24,44.0,48.17,65.19,14.87,64.66,54.45,46.01,31.58,5.83,41.23,35.0,59.91,64.35,31.14,53.74,48.38,54.49,53.08,58.86,59.03,54.92,34.93,48.8,12.65,40.0,30.59,36.89,51.01,31.76,20.0,53.6,60.44,24.21,0.0,36.12,61.74,60.03,43.05,30.46,47.43,23.85,39.62,22.47,48.88,55.36,37.74,28.16,36.77,26.25,45.45,59.2,27.07,36.24,39.92,24.21,43.93,21.93,11.66,27.66
47,37.74,47.85,62.39,23.02,72.24,39.0,53.25,49.48,7.21,37.12,87.73,16.12,1.41,33.6,60.21,30.08,37.58,64.4,36.06,58.86,18.44,34.83,77.1,64.88,26.68,28.32,48.01,62.97,43.38,68.25,33.42,46.01,50.99,22.2,15.26,84.86,25.0,51.62,30.15,58.14,38.9,12.65,17.0,34.67,65.15,60.31,36.12,0.0,57.8,25.71,27.2,15.52,83.41,59.82,68.15,58.41,15.03,47.71,59.14,54.42,38.64,19.03,81.34,23.32,56.8,8.6,43.97,39.81,9.22,42.76,34.48,8.49
48,95.52,10.63,37.95,52.2,123.07,31.02,108.3,41.05,57.8,83.86,93.54,43.42,56.44,89.64,26.0,61.01,47.76,8.06,93.81,105.68,40.61,55.95,82.22,56.72,79.4,71.7,91.27,21.63,14.87,114.83,29.15,16.12,107.45,76.55,71.61,90.45,53.25,98.81,32.8,98.41,95.8,67.8,60.83,92.44,15.0,75.8,61.74,57.8,0.0,56.14,30.87,69.66,95.01,77.1,100.57,76.3,52.89,10.44,99.3,48.01,25.06,70.04,85.48,62.65,54.01,49.24,94.92,38.6,64.88,82.49,50.16,56.22
49,51.97,49.16,75.15,45.49,94.37,51.48,73.05,65.46,32.57,28.16,110.8,31.83,25.0,53.85,68.96,5.83,57.28,64.07,51.0,83.1,31.89,57.43,99.64,83.24,27.59,16.16,73.33,69.43,45.4,92.27,27.02,40.45,68.94,27.2,38.05,107.8,47.71,76.03,42.19,83.6,57.01,37.05,42.38,49.65,68.18,84.06,60.03,25.71,56.14,0.0,29.41,40.05,107.38,83.86,93.86,82.49,11.18,46.01,84.59,72.01,47.54,44.28,103.86,7.81,75.82,23.85,67.36,55.8,23.19,68.45,55.32,33.24
50,64.9,21.59,46.14,29.15,96.38,23.35,79.4,38.21,28.43,55.01,88.57,15.23,25.81,60.11,39.56,35.11,34.18,37.95,63.25,80.62,12.65,38.33,76.92,56.73,49.03,43.1,67.36,40.31,17.26,90.08,10.05,19.21,77.79,45.88,41.73,85.43,31.06,73.41,15.26,76.16,65.86,38.21,34.01,61.85,40.2,64.29,43.05,27.2,30.87,29.41,0.0,40.46,86.98,64.76,82.15,63.56,23.02,20.59,77.13,45.45,18.36,41.88,80.95,34.23,50.22,18.6,67.74,29.41,34.01,59.67,33.96,27.2
51,28.44,59.2,66.48,23.09,56.86,45.54,38.95,52.09,12.04,43.19,80.6,26.25,16.76,20.0,67.05,43.57,38.01,75.45,26.48,43.42,29.07,31.78,71.02,64.13,30.41,38.01,33.38,70.94,54.82,52.77,48.02,59.67,37.8,25.46,4.47,78.01,24.0,36.22,38.47,43.74,26.42,3.0,12.0,25.32,74.71,53.01,30.46,15.52,69.66,40.05,40.46,0.0,75.01,52.01,55.15,50.61,30.15,60.14,44.72,55.15,47.41,5.0,75.17,35.9,55.9,22.83,28.46,43.57,17.72,29.55,34.06,13.45
52,94.89,87.37,60.02,61.91,78.01,67.08,83.93,54.08,76.22,118.09,9.22,76.48,83.6,81.01,71.57,112.61,52.81,94.26,93.15,61.52,77.39,50.12,13.93,39.81,105.42,111.4,53.14,77.78,85.84,64.01,96.77,98.48,89.49,100.45,79.31,9.43,59.68,60.88,72.12,47.68,86.76,77.08,66.71,92.78,86.7,23.32,47.43,83.41,95.01,107.38,86.98,75.01,0.0,23.6,34.0,25.0,96.25,92.66,47.52,47.0,74.15,70.09,12.81,106.61,41.0,83.53,68.35,59.23,90.69,49.24,53.31,75.0
53,74.09,68.26,47.17,38.47,67.05,47.04,67.07,36.69,52.63,94.85,28.6,53.31,60.0,60.41,56.86,89.04,31.14,77.88,72.24,48.27,54.42,26.93,19.92,29.73,82.33,87.86,36.01,63.16,66.03,53.85,74.73,78.06,71.57,77.34,56.4,26.08,36.24,45.18,50.49,34.79,66.76,53.91,43.19,71.69,71.51,2.24,23.85,59.82,77.1,83.86,64.76,52.01,23.6,0.0,27.59,1.41,72.72,73.06,35.11,31.3,54.01,47.2,23.77,83.01,26.08,60.03,50.25,39.05,67.21,29.43,30.81,51.4
54,67.21,90.8,74.2,53.04,44.01,69.57,51.89,62.27,61.39,96.9,43.05,68.01,68.88,53.76,83.01,98.08,52.81,102.55,65.76,28.16,70.01,45.12,41.11,57.31,83.86,93.11,24.08,89.19,87.8,30.02,92.09,98.48,58.18,79.26,58.6,42.3,51.09,29.15,70.21,15.26,58.14,57.94,51.79,65.76,97.06,29.73,39.62,68.15,100.57,93.86,82.15,55.15,34.0,27.59,0.0,27.59,82.98,94.83,14.76,58.01,75.96,50.33,43.17,90.76,53.26,71.7,38.42,62.03,72.8,25.63,50.7,61.0
55,72.8,67.36,46.87,37.12,66.41,46.1,66.03,36.06,51.22,93.43,30.0,52.0,58.6,59.14,56.36,87.66,30.07,77.2,70.94,47.54,53.14,25.63,21.19,29.83,80.92,86.45,35.06,62.65,65.07,53.31,73.55,77.03,70.46,75.93,55.0,27.46,34.89,44.28,49.37,34.18,65.52,52.5,41.77,70.38,70.94,3.0,22.47,58.41,76.3,82.49,63.56,50.61,25.0,1.41,27.59,0.0,71.34,72.11,34.54,30.89,53.04,45.8,25.08,81.61,25.81,58.67,49.16,38.12,65.8,28.28,29.61,50.0
56,46.75,44.41,66.73,34.41,86.02,42.72,65.74,55.95,21.59,32.06,99.81,21.4,14.14,46.1,61.81,16.4,46.75,60.42,45.45,73.55,21.95,46.4,88.73,73.24,26.57,20.4,63.03,63.13,40.2,82.87,24.6,38.48,62.43,24.19,28.86,96.83,36.62,66.37,33.24,73.17,50.25,27.17,31.32,44.05,63.2,72.95,48.88,15.03,52.89,11.18,23.02,30.15,96.25,72.72,82.98,71.34,0.0,42.45,74.17,62.13,39.81,34.0,92.96,12.08,65.6,12.81,58.25,46.14,15.26,57.71,44.55,22.14
57,85.44,5.83,39.66,44.29,114.62,26.02,98.99,38.83,48.17,73.55,92.2,33.94,46.32,80.06,29.0,51.04,42.43,18.11,83.76,97.75,31.11,49.73,80.6,56.3,68.96,61.4,83.65,26.63,7.07,107.04,19.0,7.81,97.84,66.13,61.85,89.05,45.62,90.74,25.08,91.39,86.05,58.14,52.01,82.38,22.8,72.01,55.36,47.71,10.44,46.01,20.59,60.14,92.66,73.06,94.83,72.11,42.45,0.0,92.31,46.32,19.1,60.88,84.17,52.35,52.17,39.12,86.21,34.01,54.56,75.15,44.15,46.69
58,53.08,89.0,77.9,48.38,32.02,68.6,37.16,64.38,53.0,84.53,56.22,62.17,60.07,40.0,85.04,88.28,52.43,102.4,51.74,14.04,64.54,43.57,52.35,63.63,71.59,81.91,11.4,90.91,85.49,18.79,86.68,94.87,43.42,67.23,47.54,55.04,46.82,14.42,67.23,1.0,43.84,47.68,44.18,51.86,98.01,37.34,37.74,59.14,99.3,84.59,77.13,44.72,47.52,35.11,14.76,34.54,74.17,92.31,0.0,61.72,74.24,40.31,55.08,80.6,58.01,64.07,24.04,61.85,62.37,17.46,49.4,53.04
59,83.01,40.79,16.28,32.56,91.59,22.47,84.77,7.62,48.76,91.39,45.89,40.82,53.85,71.45,25.63,77.8,17.26,47.52,81.01,72.4,40.22,24.19,34.37,11.31,80.96,81.41,57.8,31.95,39.85,80.0,54.08,52.81,87.1,76.24,59.3,42.76,31.26,67.12,30.41,61.07,78.52,55.44,43.19,80.0,40.52,29.55,28.16,54.42,48.01,72.01,45.45,55.15,47.0,31.3,58.01,30.89,62.13,46.32,61.72,0.0,29.07,52.0,37.85,74.09,6.0,50.12,68.01,16.28,63.57,48.76,21.1,46.84
60,75.03,14.87,27.78,27.59,98.49,7.07,85.0,21.47,36.4,71.7,74.33,22.56,37.48,67.23,22.09,53.31,23.35,29.0,73.16,80.8,20.22,31.02,62.64,39.96,64.01,60.21,66.29,24.33,12.04,89.87,25.5,24.33,84.91,60.13,50.16,71.17,28.43,74.03,8.94,73.36,73.82,46.1,37.2,71.87,27.29,53.01,36.77,38.64,25.06,47.54,18.36,47.41,74.15,54.01,75.96,53.04,39.81,19.1,74.24,29.07,0.0,46.87,66.41,51.66,34.54,31.06,70.72,15.03,47.27,57.45,25.3,34.54
61,31.02,59.46,64.13,20.88,54.59,44.28,38.29,49.5,13.93,48.17,75.8,27.02,20.1,20.62,65.55,48.05,35.13,75.43,29.02,40.02,29.83,28.16,66.37,60.53,35.36,42.94,29.07,69.78,55.17,49.48,50.09,61.03,38.08,30.41,9.22,73.24,21.38,32.76,38.01,39.32,27.51,7.62,9.85,28.0,74.09,48.26,26.25,19.03,70.04,44.28,41.88,5.0,70.09,47.2,50.33,45.8,34.0,60.88,40.31,52.0,46.87,0.0,70.49,40.52,52.35,25.3,25.94,41.48,22.47,24.7,31.06,14.76
62,97.86,78.64,49.09,58.73,86.7,59.46,89.81,45.35,74.33,117.44,8.06,72.2,81.32,84.15,61.01,109.34,47.17,84.01,96.01,69.03,72.67,46.69,4.24,29.0,105.21,109.66,58.55,67.07,77.62,72.84,90.38,90.52,94.73,100.21,79.61,5.0,56.59,67.19,65.74,55.04,90.44,76.84,65.44,95.46,76.06,22.36,45.45,81.34,85.48,103.86,80.95,75.17,12.81,23.77,43.17,25.08,92.96,84.17,55.08,37.85,66.41,70.49,0.0,104.0,32.02,80.16,73.35,52.0,89.38,52.89,48.6,72.86
63,44.72,55.01,78.77,45.28,88.28,54.78,66.48,68.0,30.53,21.21,110.63,33.29,23.02,47.68,73.55,8.06,58.41,70.46,43.86,78.03,34.0,57.31,99.76,85.15,19.8,9.06,69.23,74.55,51.01,87.01,33.54,47.3,62.03,19.72,33.24,107.71,47.42,71.11,45.31,79.62,50.29,32.98,40.31,42.54,74.0,83.41,59.2,23.32,62.65,7.81,34.23,35.9,106.61,83.01,90.76,81.61,12.08,52.35,80.6,74.09,51.66,40.52,104.0,0.0,77.42,24.21,62.01,58.18,18.25,65.15,55.97,31.62
64,83.15,46.69,21.1,34.18,88.59,27.73,83.2,13.34,50.7,93.91,40.02,44.2,56.36,71.03,31.32,81.57,19.24,53.46,81.15,69.35,43.93,24.19,28.44,8.25,83.01,84.38,55.04,37.64,45.61,76.55,59.17,58.52,85.99,78.19,60.21,36.88,32.57,64.47,35.0,57.43,78.06,56.52,44.15,80.22,46.32,24.19,27.07,56.8,54.01,75.82,50.22,55.9,41.0,26.08,53.26,25.81,65.6,52.17,58.01,6.0,34.54,52.35,32.02,77.42,0.0,53.25,66.22,20.81,65.8,46.24,22.47,48.85
65,46.32,39.4,56.29,21.63,79.62,32.39,61.4,44.38,11.4,41.76,87.01,9.49,7.21,41.87,53.0,29.21,34.21,55.95,44.65,65.25,11.05,33.6,75.93,61.06,33.02,31.3,53.34,55.33,34.93,74.73,25.24,37.48,59.41,29.07,23.43,84.02,23.85,57.97,23.09,63.07,47.38,20.25,20.02,43.27,57.01,60.21,36.24,8.6,49.24,23.85,18.6,22.83,83.53,60.03,71.7,58.67,12.81,39.12,64.07,50.12,31.06,25.3,80.16,24.21,53.25,0.0,51.08,34.54,16.28,47.01,31.83,11.05
66,29.07,84.29,82.76,43.19,28.65,66.84,17.12,67.98,39.81,62.3,76.24,52.7,45.22,16.55,86.82,70.03,53.71,99.7,27.8,16.28,55.47,44.72,69.87,73.55,49.73,61.52,15.23,91.84,80.16,25.0,76.03,86.82,21.38,45.89,29.43,74.46,42.64,10.3,62.24,23.35,19.8,31.32,34.21,28.02,97.31,52.15,39.92,43.97,94.92,67.36,67.74,28.46,68.35,50.25,38.42,49.16,58.25,86.21,24.04,68.01,70.72,25.94,73.35,62.01,66.22,51.08,0.0,62.13,44.18,21.0,49.74,40.71
67,72.01,29.27,23.02,20.62,88.53,8.0,77.83,9.85,35.06,76.22,59.81,25.08,39.05,61.98,24.7,61.61,9.43,40.71,70.04,70.01,24.19,18.44,48.1,27.59,66.49,65.8,55.17,29.83,27.0,78.64,38.47,39.32,78.92,61.98,47.27,56.65,20.25,63.7,14.21,61.03,68.96,43.19,31.78,68.88,36.24,38.0,24.21,39.81,38.6,55.8,29.41,43.57,59.23,39.05,62.03,38.12,46.14,34.01,61.85,16.28,15.03,41.48,52.0,58.18,20.81,34.54,62.13,0.0,49.03,46.01,12.73,33.06
68,31.83,55.36,71.57,31.76,71.31,48.04,50.57,58.69,15.26,28.3,95.48,25.0,10.05,31.02,69.07,26.08,46.62,71.87,30.41,60.01,27.07,43.27,85.15,73.93,17.46,20.81,50.99,71.57,50.92,69.12,38.42,51.87,47.17,13.04,15.03,92.7,33.62,53.01,39.01,61.39,34.99,14.87,24.04,29.0,73.25,67.88,43.93,9.22,64.88,23.19,34.01,17.72,90.69,67.21,72.8,65.8,15.26,54.56,62.37,63.57,47.27,22.47,89.38,18.25,65.8,16.28,44.18,49.03,0.0,47.17,43.38,17.0
69,45.65,72.07,64.35,31.02,43.01,52.2,38.05,50.0,36.22,71.85,56.46,44.72,43.57,31.76,70.09,72.53,36.77,86.02,43.91,24.08,47.07,27.59,49.24,53.16,58.82,67.54,9.22,75.66,68.43,32.65,69.23,77.49,42.19,54.08,33.12,54.42,29.55,18.36,50.09,16.49,37.7,32.31,27.0,43.57,82.22,31.26,21.93,42.76,82.49,68.45,59.67,29.55,49.24,29.43,25.63,28.28,57.71,75.15,17.46,48.76,57.45,24.7,52.89,65.15,46.24,47.01,21.0,46.01,47.17,0.0,33.3,36.06
70,62.07,40.16,33.53,11.7,75.82,19.24,65.8,18.68,28.23,71.59,55.76,23.6,34.13,50.99,37.2,60.88,4.12,53.0,60.07,57.28,24.19,5.83,44.41,30.68,60.54,62.43,42.45,42.52,37.11,65.95,43.93,48.17,67.36,55.71,38.21,52.7,10.2,50.99,20.0,48.55,58.05,34.37,22.09,59.03,48.92,30.36,11.66,34.48,50.16,55.32,33.96,34.06,53.31,30.81,50.7,29.61,44.55,44.15,49.4,21.1,25.3,31.06,48.6,55.97,22.47,31.83,49.74,12.73,43.38,33.3,0.0,26.4
71,40.5,45.8,56.01,14.76,69.35,33.54,52.35,42.43,2.0,45.28,79.25,12.81,8.6,33.42,55.11,38.01,29.73,62.13,38.63,54.41,15.62,26.4,68.62,57.01,34.18,36.8,42.3,58.52,41.4,63.89,35.34,46.4,51.22,29.41,15.65,76.38,16.64,47.13,25.63,52.04,39.66,11.66,9.22,37.34,61.74,51.86,27.66,8.49,56.22,33.24,27.2,13.45,75.0,51.4,61.0,50.0,22.14,46.69,53.04,46.84,34.54,14.76,72.86,31.62,48.85,11.05,40.71,33.06,17.0,36.06,26.4,0.0
