vehicles
vehicle_idx, capacity, cost_per_unit_distance
1,100,1
2,100,1
3,100,1
4,100,1
5,100,1
6,100,1
7,100,1
8,100,1
9,100,1
depot
node_idx,x,y
0,91,93
home delivery customers
node_idx,x,y,service_time,demand
1,7,5,15,4
2,33,11,15,14
3,59,25,15,9
4,11,73,15,20
5,59,45,15,7
6,71,47,15,20
7,53,83,15,2
8,87,1,15,11
9,79,67,15,10
10,59,65,15,5
11,27,1,15,20
12,81,93,15,1
13,59,89,15,15
14,95,23,15,15
15,73,25,15,14
16,3,65,15,22
17,5,83,15,6
18,71,35,15,24
19,37,97,15,14
20,29,93,15,14
21,19,21,15,2
22,83,13,15,15
23,97,67,15,21
24,31,83,15,15
25,65,17,15,6
26,45,27,15,15
27,89,7,15,15
28,83,61,15,26
29,35,11,15,2
30,21,59,15,15
31,21,69,15,2
32,63,13,15,12
33,41,97,15,23
34,77,73,15,24
35,57,1,15,17
36,45,71,15,18
37,41,55,15,19
38,45,13,15,8
self pickup customers
node_idx,x,y,service_time,demand,locker_idxs
39,27,91,15,18,65-68-64-74-70
40,21,47,15,22,64-74-70-71-67-73-66-75
41,19,99,15,5,64-68-70-74
42,69,79,15,7,72-65-68-74-70
43,67,21,15,21,63-75-73-67-69-71
44,59,83,15,21,64-70-65-68-74-72
45,83,97,15,22,72-65-74-68
46,19,63,15,23,64-70-68-74
47,59,23,15,14,66-75-63-73-67-69-71-72
48,17,25,15,26,66-75-73-69-67-71
49,19,41,15,23,71-67-73-66-75
50,23,39,15,7,66-75-73-67-69-71
51,23,21,15,22,66-75-73-69-67-71
52,11,93,15,20,64-70
53,83,31,15,10,72-67-73-63-71-69
54,85,15,15,4,63-69-73-71-67
55,83,11,15,2,63-69-73-71-67
56,1,75,15,20,64-70
flexible customers
node_idx,x,y,service_time,demand,locker_idxs
57,21,35,15,19,66-75-73-69-67-71
58,99,81,15,18,72-65
59,41,25,15,19,71-69-73-67-75-66
60,17,11,15,3,66-75-67-73
61,71,13,15,21,73-67-69-63-71
62,49,21,15,4,66-75-73-69-67-71
lockers
node_idx,x,y,service_time,capacity,cost_per_unit_good
63,93,12,10,85,100
64,22,88,10,75,100
65,65,88,10,84,100
66,25,15,10,96,100
67,48,26,10,80,100
68,55,81,10,82,100
69,57,24,10,99,100
70,40,77,10,77,100
71,57,31,10,76,100
72,68,63,10,78,100
73,49,20,10,74,100
74,50,76,10,72,100
75,26,15,10,94,100
mrt lines
start_node_idx,end_node_idx,freight_capacity,cost_per_unit_good
63,64,85,1
64,63,85,1
65,66,96,1
66,65,96,1
distance matrix
,0,1,2,3,4,5,6,7,8,9,10,11,12,13,14,15,16,17,18,19,20,21,22,23,24,25,26,27,28,29,30,31,32,33,34,35,36,37,38,39,40,41,42,43,44,45,46,47,48,49,50,51,52,53,54,55,56,57,58,59,60,61,62,63,64,65,66,67,68,69,70,71,72,73,74,75,
0,0.0,121.66,100.44,75.15,82.46,57.69,50.16,39.29,92.09,28.64,42.52,112.07,10.0,32.25,70.11,70.34,92.35,86.58,61.35,54.15,62.0,101.82,80.4,26.68,60.83,80.32,80.45,86.02,32.98,99.3,77.82,74.0,84.76,50.16,24.41,98.08,50.99,62.8,92.28,64.03,83.76,72.25,26.08,75.89,33.53,8.94,78.0,76.97,100.5,88.81,86.83,99.04,80.0,62.51,78.23,82.39,91.78,90.91,14.42,84.4,110.45,82.46,83.35,81.02,69.18,26.48,102.18,79.61,37.95,76.92,53.45,70.71,37.8,84.22,44.38,101.53
1,121.66,0.0,26.68,55.71,68.12,65.6,76.55,90.55,80.1,95.02,79.4,20.4,114.98,98.79,89.82,68.96,60.13,78.03,70.68,96.77,90.71,20.0,76.42,109.29,81.61,59.23,43.91,82.02,94.4,28.64,55.79,65.51,56.57,98.08,97.59,50.16,76.16,60.46,38.83,88.29,44.27,94.76,96.54,62.1,93.74,119.33,59.23,55.03,22.36,37.95,37.58,22.63,88.09,80.32,78.64,76.24,70.26,33.11,119.33,39.45,11.66,64.5,44.94,86.28,84.34,101.26,20.59,46.07,89.89,53.49,79.2,56.36,84.17,44.6,83.01,21.47
2,100.44,26.68,0.0,29.53,65.79,42.8,52.35,74.73,54.92,72.47,59.93,11.66,95.02,82.22,63.15,42.38,61.77,77.25,44.94,86.09,82.1,17.2,50.04,85.04,72.03,32.56,20.0,56.14,70.71,2.0,49.48,59.23,30.07,86.37,76.03,26.0,61.19,44.72,12.17,80.22,37.95,89.11,76.94,35.44,76.55,99.48,53.85,28.64,21.26,33.11,29.73,14.14,84.9,53.85,52.15,50.0,71.55,26.83,96.21,16.12,16.0,38.05,18.87,60.01,77.78,83.38,8.94,21.21,73.38,27.29,66.37,31.24,62.68,18.36,67.19,8.06
3,75.15,55.71,29.53,0.0,67.88,20.0,25.06,58.31,36.88,46.52,40.0,40.0,71.47,64.0,36.06,14.0,68.82,79.25,15.62,75.29,74.32,40.2,26.83,56.64,64.4,10.0,14.14,34.99,43.27,27.78,50.99,58.14,12.65,74.22,51.26,24.08,48.08,34.99,18.44,73.35,43.91,84.12,54.92,8.94,58.0,75.89,55.17,2.0,42.0,43.08,38.63,36.22,83.23,24.74,27.86,27.78,76.58,39.29,68.82,18.0,44.27,16.97,10.77,36.4,73.06,63.29,35.44,11.05,56.14,2.24,55.36,6.32,39.05,11.18,51.79,34.48
4,82.46,68.12,65.79,67.88,0.0,55.57,65.39,43.17,104.69,68.26,48.66,73.76,72.8,50.6,97.75,78.41,11.31,11.66,71.02,35.38,26.91,52.61,93.72,86.21,22.36,77.79,57.2,102.18,72.99,66.48,17.2,10.77,79.4,38.42,66.0,85.44,34.06,34.99,68.96,24.08,27.86,27.2,58.31,76.42,49.03,75.89,12.81,69.31,48.37,32.98,36.06,53.37,20.0,83.35,94.02,95.02,10.2,39.29,88.36,56.6,62.29,84.85,64.4,102.2,18.6,56.04,59.67,59.82,44.72,67.21,29.27,62.29,57.87,65.22,39.12,59.91
5,57.69,65.6,42.8,20.0,55.57,0.0,12.17,38.47,52.15,29.73,20.0,54.41,52.8,44.0,42.19,24.41,59.46,66.03,15.62,56.46,56.6,46.65,40.0,43.91,47.2,28.64,22.8,48.41,28.84,41.62,40.5,44.94,32.25,55.03,33.29,44.05,29.53,20.59,34.93,56.04,38.05,67.2,35.44,25.3,38.0,57.27,43.86,22.0,46.52,40.2,36.5,43.27,67.88,27.78,39.7,41.62,65.3,39.29,53.81,26.91,54.04,34.18,26.0,47.38,56.73,43.42,45.34,21.95,36.22,21.1,37.22,14.14,20.12,26.93,32.28,44.6
6,50.16,76.55,52.35,25.06,65.39,12.17,0.0,40.25,48.7,21.54,21.63,63.66,47.07,43.68,33.94,22.09,70.34,75.18,12.0,60.46,62.29,58.14,36.06,32.8,53.81,30.59,32.8,43.86,18.44,50.91,51.42,54.63,34.93,58.31,26.68,48.08,35.38,31.05,42.8,62.23,50.0,73.54,32.06,26.31,37.95,51.42,54.41,26.83,58.31,52.35,48.66,54.59,75.6,20.0,34.93,37.95,75.39,51.42,44.05,37.2,64.9,34.0,34.06,41.34,63.89,41.44,56.04,31.14,37.58,26.93,43.14,21.26,16.28,34.83,35.81,55.22
7,39.29,90.55,74.73,58.31,43.17,38.47,40.25,0.0,88.77,30.53,18.97,86.02,29.73,8.49,73.24,61.35,53.14,48.0,51.26,21.26,26.0,70.71,76.16,46.82,22.0,67.08,56.57,84.1,37.2,74.22,40.0,34.93,70.71,18.44,26.0,82.1,14.42,30.46,70.46,27.2,48.17,37.58,16.49,63.56,6.0,33.11,39.45,60.3,68.26,54.04,53.25,68.88,43.17,60.03,75.15,78.0,52.61,57.69,46.04,59.23,80.5,72.28,62.13,81.49,31.4,13.0,73.54,57.22,2.83,59.14,14.32,52.15,25.0,63.13,7.62,73.16
8,92.09,80.1,54.92,36.88,104.69,52.15,48.7,88.77,0.0,66.48,69.86,60.0,92.2,92.35,23.41,27.78,105.6,115.97,37.58,108.24,108.76,70.88,12.65,66.75,99.3,27.2,49.4,6.32,60.13,52.95,87.86,94.76,26.83,106.45,72.69,30.0,81.63,70.94,43.68,108.17,80.45,119.28,80.05,28.28,86.65,96.08,92.02,35.61,74.0,78.89,74.43,67.05,119.33,30.27,14.14,10.77,113.45,74.24,80.89,51.88,70.71,20.0,42.94,12.53,108.6,89.74,63.56,46.32,86.16,37.8,89.36,42.43,64.85,42.49,83.63,62.59
9,28.64,95.02,72.47,46.52,68.26,29.73,21.54,30.53,66.48,0.0,20.1,84.02,26.08,29.73,46.82,42.43,76.03,75.71,32.98,51.61,56.36,75.6,54.15,18.0,50.6,51.92,52.5,60.83,7.21,71.22,58.55,58.03,56.32,48.41,6.32,69.57,34.23,39.85,63.81,57.27,61.35,68.0,15.62,47.54,25.61,30.27,60.13,48.33,74.89,65.39,62.61,72.47,72.8,36.22,52.35,56.14,78.41,66.24,24.41,56.64,83.55,54.59,54.92,56.75,60.75,25.24,74.97,51.4,27.78,48.3,40.26,42.19,11.7,55.76,30.36,74.25
10,42.52,79.4,59.93,40.0,48.66,20.0,21.63,18.97,69.86,20.1,0.0,71.55,35.61,24.0,55.32,42.38,56.0,56.92,32.31,38.83,41.04,59.46,57.27,38.05,33.29,48.37,40.5,65.3,24.33,59.09,38.47,38.21,52.15,36.72,19.7,64.03,15.23,20.59,53.85,41.23,42.05,52.5,17.2,44.72,18.0,40.0,40.05,42.0,58.0,46.65,44.41,56.85,55.57,41.62,56.36,59.09,58.86,48.41,43.08,43.86,68.41,53.37,45.12,62.97,43.57,23.77,60.46,40.52,16.49,41.05,22.47,34.06,9.22,46.1,14.21,59.91
11,112.07,20.4,11.66,40.0,73.76,54.41,63.66,86.02,60.0,84.02,71.55,0.0,106.68,93.64,71.47,51.88,68.35,84.9,55.61,96.52,92.02,21.54,57.27,96.21,82.1,41.23,31.62,62.29,82.07,12.81,58.31,68.26,37.95,97.02,87.66,30.0,72.28,55.79,21.63,90.0,46.39,98.33,88.59,44.72,88.02,111.14,62.51,38.83,26.0,40.79,38.21,20.4,93.38,63.53,59.67,56.89,78.43,34.53,107.63,27.78,14.14,45.61,29.73,66.91,87.14,94.94,14.14,32.65,84.76,37.8,77.1,42.43,74.33,29.07,78.45,14.04
12,10.0,114.98,95.02,71.47,72.8,52.8,47.07,29.73,92.2,26.08,35.61,106.68,0.0,22.36,71.39,68.47,82.87,76.66,58.86,44.18,52.0,95.02,80.02,30.53,50.99,77.67,75.18,86.37,32.06,94.02,68.96,64.62,82.0,40.2,20.4,95.08,42.19,55.17,87.73,54.04,75.6,62.29,18.44,73.35,24.17,4.47,68.88,73.38,93.38,80.92,79.25,92.46,70.0,62.03,78.1,82.02,82.0,83.45,21.63,78.89,104.02,80.62,78.79,81.88,59.21,16.76,96.02,74.69,28.64,73.05,44.01,66.48,32.7,79.71,35.36,95.44
13,32.25,98.79,82.22,64.0,50.6,44.0,43.68,8.49,92.35,29.73,24.0,93.64,22.36,0.0,75.18,65.51,60.93,54.33,55.32,23.41,30.27,78.89,79.7,43.91,28.64,72.25,63.56,87.32,36.88,81.61,48.41,42.94,76.11,19.7,24.08,88.02,22.8,38.47,77.28,32.06,56.64,41.23,14.14,68.47,6.0,25.3,47.71,66.0,76.55,62.48,61.61,76.94,48.17,62.77,78.43,81.61,59.67,66.03,40.79,66.48,88.59,76.94,68.73,84.17,37.01,6.08,81.44,63.95,8.94,65.03,22.47,58.03,27.51,69.72,15.81,81.02
14,70.11,89.82,63.15,36.06,97.75,42.19,33.94,73.24,23.41,46.82,55.32,71.47,71.39,75.18,0.0,22.09,101.13,108.17,26.83,94.02,96.21,76.03,15.62,44.05,87.73,30.59,50.16,17.09,39.85,61.19,82.29,87.13,33.53,91.61,53.14,43.91,69.31,62.77,50.99,96.17,77.79,107.48,61.74,28.07,69.97,74.97,85.88,36.0,78.03,78.1,73.76,72.03,109.34,14.42,12.81,16.97,107.42,74.97,58.14,54.04,78.92,26.0,46.04,11.18,97.74,71.59,70.46,47.1,70.46,38.01,77.08,38.83,48.26,46.1,69.53,69.46
15,70.34,68.96,42.38,14.0,78.41,24.41,22.09,61.35,27.78,42.43,42.38,51.88,68.47,65.51,22.09,0.0,80.62,89.38,10.2,80.5,80.99,54.15,15.62,48.37,71.61,11.31,28.07,24.08,37.36,40.5,62.13,68.12,15.62,78.79,48.17,28.84,53.85,43.86,30.46,80.45,56.46,91.61,54.15,7.21,59.67,72.69,66.03,14.14,56.0,56.32,51.92,50.16,92.02,11.66,15.62,17.2,87.66,52.95,61.74,32.0,57.72,12.17,24.33,23.85,81.06,63.51,49.03,25.02,58.82,16.03,61.59,17.09,38.33,24.52,55.95,48.05
16,92.35,60.13,61.77,68.82,11.31,59.46,70.34,53.14,105.6,76.03,56.0,68.35,82.87,60.93,101.13,80.62,0.0,18.11,74.32,46.69,38.21,46.82,95.41,94.02,33.29,78.41,56.64,103.73,80.1,62.77,18.97,18.44,79.4,49.68,74.43,83.74,42.43,39.29,66.84,35.38,25.46,37.58,67.47,77.67,58.82,86.16,16.12,70.0,42.38,28.84,32.8,48.33,29.12,86.93,96.04,96.52,10.2,34.99,97.32,55.17,55.79,85.6,63.66,104.45,29.83,66.13,54.63,59.55,54.41,67.8,38.9,63.81,65.03,64.35,48.27,55.04
17,86.58,78.03,77.25,79.25,11.66,66.03,75.18,48.0,115.97,75.71,56.92,84.9,76.66,54.33,108.17,89.38,18.11,0.0,81.61,34.93,26.0,63.56,104.8,93.38,26.0,89.2,68.82,113.28,81.04,78.0,28.84,21.26,90.91,38.63,72.69,97.1,41.76,45.61,80.62,23.41,39.4,21.26,64.12,87.68,54.0,79.25,24.41,80.72,59.23,44.27,47.54,64.56,11.66,93.74,105.0,106.15,8.94,50.6,94.02,68.26,72.99,96.21,76.03,113.07,17.72,60.21,70.88,71.4,50.04,78.64,35.51,73.54,66.1,76.84,45.54,71.17
18,61.35,70.68,44.94,15.62,71.02,15.62,12.0,51.26,37.58,32.98,32.31,55.61,58.86,55.32,26.83,10.2,74.32,81.61,0.0,70.71,71.61,53.85,25.06,41.23,62.48,18.97,27.2,33.29,28.64,43.27,55.46,60.46,23.41,68.88,38.47,36.77,44.41,36.06,34.06,71.22,51.42,82.46,44.05,14.56,49.48,63.15,59.06,16.97,54.92,52.35,48.17,50.0,83.45,12.65,24.41,26.83,80.62,50.0,53.85,31.62,59.09,22.0,26.08,31.83,72.18,53.34,50.16,24.7,48.7,17.8,52.2,14.56,28.16,26.63,46.07,49.24
19,54.15,96.77,86.09,75.29,35.38,56.46,60.46,21.26,108.24,51.61,38.83,96.52,44.18,23.41,94.02,80.5,46.69,34.93,70.71,0.0,8.94,78.1,95.77,67.08,15.23,84.76,70.46,103.94,58.41,86.02,41.23,32.25,87.93,4.0,46.65,98.06,27.2,42.19,84.38,11.66,52.5,18.11,36.72,81.71,26.08,46.0,38.47,77.2,74.73,58.82,59.67,77.28,26.31,80.45,95.02,97.53,42.19,64.03,64.03,72.11,88.29,90.62,76.94,101.79,17.49,29.41,82.87,71.85,24.08,75.69,20.22,68.96,46.01,77.93,24.7,82.73
20,62.0,90.71,82.1,74.32,26.91,56.6,62.29,26.0,108.76,56.36,41.04,92.02,52.0,30.27,96.21,80.99,38.21,26.0,71.61,8.94,0.0,72.69,96.52,72.8,10.2,84.1,67.91,104.86,62.77,82.22,34.93,25.3,86.93,12.65,52.0,96.17,27.2,39.85,81.58,2.83,46.69,11.66,42.38,81.41,31.62,54.15,31.62,76.16,69.05,52.95,54.33,72.25,18.0,82.22,96.02,98.18,33.29,58.55,71.02,69.05,82.87,90.35,74.73,103.23,8.6,36.35,78.1,69.64,28.64,74.46,19.42,68.03,49.2,75.69,27.02,78.06
21,101.82,20.0,17.2,40.2,52.61,46.65,58.14,70.71,70.88,75.6,59.46,21.54,95.02,78.89,76.03,54.15,46.82,63.56,53.85,78.1,72.69,0.0,64.5,90.55,63.15,46.17,26.68,71.39,75.47,18.87,38.05,48.04,44.72,79.12,77.9,42.94,56.36,40.5,27.2,70.46,26.08,78.0,76.58,48.0,73.78,99.36,42.0,40.05,4.47,20.0,18.44,4.0,72.44,64.78,66.27,64.78,56.92,14.14,100.0,22.36,10.2,52.61,30.0,74.55,67.07,81.27,8.49,29.43,69.97,38.12,59.81,39.29,64.54,30.02,63.13,9.22
22,80.4,76.42,50.04,26.83,93.72,40.0,36.06,76.16,12.65,54.15,57.27,57.27,80.02,79.7,15.62,15.62,95.41,104.8,25.06,95.77,96.52,64.5,0.0,55.79,87.2,18.44,40.5,8.49,48.0,48.04,77.2,83.55,20.0,93.91,60.3,28.64,69.34,59.4,38.0,96.02,70.71,107.2,67.47,17.89,74.0,84.0,81.22,26.0,67.08,69.86,65.39,60.53,107.63,18.0,2.83,2.0,102.8,65.79,69.86,43.68,66.03,12.0,34.93,10.05,96.67,77.13,58.03,37.34,73.54,28.23,77.1,31.62,52.2,34.71,71.12,57.04
23,26.68,109.29,85.04,56.64,86.21,43.91,32.8,46.82,66.75,18.0,38.05,96.21,30.53,43.91,44.05,48.37,94.02,93.38,41.23,67.08,72.8,90.55,55.79,0.0,67.91,59.36,65.6,60.53,15.23,83.55,76.42,76.03,63.81,63.53,20.88,77.18,52.15,57.27,74.97,74.0,78.59,84.31,30.46,54.92,41.23,33.11,78.1,58.14,90.35,82.22,79.12,87.13,89.84,38.63,53.37,57.72,96.33,82.46,14.14,70.0,97.65,59.93,66.48,55.15,77.88,38.28,88.81,63.89,44.27,58.73,57.87,53.81,29.27,67.18,47.85,88.01
24,60.83,81.61,72.03,64.4,22.36,47.2,53.81,22.0,99.3,50.6,33.29,82.1,50.99,28.64,87.73,71.61,33.29,26.0,62.48,15.23,10.2,63.15,87.2,67.91,0.0,74.24,57.72,95.6,56.46,72.11,26.0,17.2,76.97,17.2,47.07,86.02,18.44,29.73,71.39,8.94,37.36,20.0,38.21,71.69,28.0,53.85,23.32,66.21,59.67,43.68,44.72,62.51,22.36,73.54,86.83,88.81,31.05,49.03,68.03,58.86,73.35,80.62,64.56,94.26,10.3,34.37,68.26,59.48,24.08,64.47,10.82,58.14,42.06,65.52,20.25,68.18
25,80.32,59.23,32.56,10.0,77.79,28.64,30.59,67.08,27.2,51.92,48.37,41.23,77.67,72.25,30.59,11.31,78.41,89.2,18.97,84.76,84.1,46.17,18.44,59.36,74.24,0.0,22.36,26.0,47.54,30.59,60.83,68.12,4.47,83.52,57.27,17.89,57.58,44.94,20.4,83.19,53.25,94.02,62.13,4.47,66.27,82.0,65.05,8.49,48.66,51.88,47.41,42.19,93.23,22.8,20.1,18.97,86.37,47.54,72.47,25.3,48.37,7.21,16.49,28.44,83.01,71.0,40.05,19.24,64.78,10.63,65.0,16.12,46.1,16.28,60.88,39.05
26,80.45,43.91,20.0,14.14,57.2,22.8,32.8,56.57,49.4,52.5,40.5,31.62,75.18,63.56,50.16,28.07,56.64,68.82,27.2,70.46,67.91,26.68,40.5,65.6,57.72,22.36,0.0,48.33,50.99,18.87,40.0,48.37,22.8,70.11,56.04,28.64,44.0,28.28,14.0,66.48,31.24,76.55,57.27,22.8,57.72,79.65,44.41,14.56,28.07,29.53,25.06,22.8,74.24,38.21,41.76,41.23,65.12,25.3,76.37,4.47,32.25,29.53,7.21,50.29,65.19,64.2,23.32,3.16,54.92,12.37,50.25,12.65,42.72,8.06,49.25,22.47
27,86.02,82.02,56.14,34.99,102.18,48.41,43.86,84.1,6.32,60.83,65.3,62.29,86.37,87.32,17.09,24.08,103.73,113.28,33.29,103.94,104.86,71.39,8.49,60.53,95.6,26.0,48.33,0.0,54.33,54.15,85.6,92.02,26.68,102.0,67.08,32.56,77.67,67.88,44.41,104.4,78.89,115.6,74.73,26.08,81.71,90.2,89.64,34.0,74.22,77.82,73.35,67.47,116.1,24.74,8.94,7.21,111.21,73.54,74.67,51.26,72.11,18.97,42.38,6.4,105.12,84.48,64.5,45.19,81.44,36.24,85.45,40.0,59.81,42.06,79.26,63.51
28,32.98,94.4,70.71,43.27,72.99,28.84,18.44,37.2,60.13,7.21,24.33,82.07,32.06,36.88,39.85,37.36,80.1,81.04,28.64,58.41,62.77,75.47,48.0,15.23,56.46,47.54,50.99,54.33,0.0,69.31,62.03,62.51,52.0,55.32,13.42,65.39,39.29,42.43,61.22,63.53,63.56,74.43,22.8,43.08,32.56,36.0,64.03,44.94,75.18,67.05,63.91,72.11,78.79,30.0,46.04,50.0,83.19,67.23,25.61,55.32,82.8,49.48,52.5,50.01,66.71,32.45,74.03,49.5,34.41,45.22,45.88,39.7,15.13,53.26,36.25,73.25
29,99.3,28.64,2.0,27.78,66.48,41.62,50.91,74.22,52.95,71.22,59.09,12.81,94.02,81.61,61.19,40.5,62.77,78.0,43.27,86.02,82.22,18.87,48.04,83.55,72.11,30.59,18.87,54.15,69.31,0.0,50.0,59.67,28.07,86.21,74.89,24.17,60.83,44.41,10.2,80.4,38.63,89.44,76.03,33.53,75.89,98.49,54.41,26.83,22.8,34.0,30.46,15.62,85.44,52.0,50.16,48.0,72.47,27.78,94.85,15.23,18.0,36.06,17.2,58.01,78.09,82.64,10.77,19.85,72.8,25.55,66.19,29.73,61.59,16.64,66.71,9.85
30,77.82,55.79,49.48,50.99,17.2,40.5,51.42,40.0,87.86,58.55,38.47,58.31,68.96,48.41,82.29,62.13,18.97,28.84,55.46,41.23,34.93,38.05,77.2,76.42,26.0,60.83,40.0,85.6,62.03,50.0,0.0,10.0,62.29,42.94,57.72,68.26,26.83,20.4,51.88,32.56,12.0,40.05,52.0,59.67,44.94,72.72,4.47,52.35,34.23,18.11,20.1,38.05,35.44,68.03,77.67,78.41,25.61,24.0,81.04,39.45,48.17,67.94,47.2,85.98,29.02,52.7,44.18,42.64,40.5,50.21,26.17,45.61,47.17,48.01,33.62,44.28
31,74.0,65.51,59.23,58.14,10.77,44.94,54.63,34.93,94.76,58.03,38.21,68.26,64.62,42.94,87.13,68.12,18.44,21.26,60.46,32.25,25.3,48.04,83.55,76.03,17.2,68.12,48.37,92.02,62.51,59.67,10.0,0.0,70.0,34.41,56.14,76.94,24.08,24.41,60.93,22.8,22.0,30.07,49.03,66.48,40.5,68.03,6.32,59.67,44.18,28.07,30.07,48.04,26.0,72.72,83.74,84.9,20.88,34.0,78.92,48.33,58.14,75.07,55.57,91.83,19.03,47.93,54.15,50.77,36.06,57.63,20.62,52.35,47.38,56.44,29.83,54.23
32,84.76,56.57,30.07,12.65,79.4,32.25,34.93,70.71,26.83,56.32,52.15,37.95,82.0,76.11,33.53,15.62,79.4,90.91,23.41,87.93,86.93,44.72,20.0,63.81,76.97,4.47,22.8,26.68,52.0,28.07,62.29,70.0,0.0,86.83,61.61,13.42,60.73,47.41,18.0,85.91,54.04,96.6,66.27,8.94,70.11,86.35,66.6,10.77,47.54,52.15,47.71,40.79,95.41,26.91,22.09,20.1,87.68,47.41,76.94,25.06,46.04,8.0,16.12,30.02,85.48,75.03,38.05,19.85,68.47,12.53,68.01,18.97,50.25,15.65,64.33,37.05
33,50.16,98.08,86.37,74.22,38.42,55.03,58.31,18.44,106.45,48.41,36.72,97.02,40.2,19.7,91.61,78.79,49.68,38.63,68.88,4.0,12.65,79.12,93.91,63.53,17.2,83.52,70.11,102.0,55.32,86.21,42.94,34.41,86.83,0.0,43.27,97.32,26.31,42.0,84.1,15.23,53.85,22.09,33.29,80.32,22.8,42.0,40.5,76.16,75.89,60.17,60.73,78.1,30.27,78.23,93.06,95.71,45.65,65.15,60.17,72.0,89.29,89.2,76.42,99.64,21.02,25.63,83.55,71.34,21.26,74.73,20.02,67.91,43.42,77.41,22.85,83.36
34,24.41,97.59,76.03,51.26,66.0,33.29,26.68,26.0,72.69,6.32,19.7,87.66,20.4,24.08,53.14,48.17,74.43,72.69,38.47,46.65,52.0,77.9,60.3,20.88,47.07,57.27,56.04,67.08,13.42,74.89,57.72,56.14,61.61,43.27,0.0,74.73,32.06,40.25,68.0,53.14,61.74,63.56,10.0,52.95,20.59,24.74,58.86,53.14,76.84,66.24,63.81,74.97,68.96,42.43,58.55,62.29,76.03,67.68,23.41,60.0,86.28,60.3,59.06,63.06,57.01,19.21,77.9,55.23,23.41,52.92,37.22,46.52,13.45,59.94,27.17,77.23
35,98.08,50.16,26.0,24.08,85.44,44.05,48.08,82.1,30.0,69.57,64.03,30.0,95.08,88.02,43.91,28.84,83.74,97.1,36.77,98.06,96.17,42.94,28.64,77.18,86.02,17.89,28.64,32.56,65.39,24.17,68.26,76.94,13.42,97.32,74.73,0.0,71.02,56.32,16.97,94.87,58.41,105.11,78.92,22.36,82.02,99.46,72.72,22.09,46.65,55.17,50.99,39.45,102.86,39.7,31.3,27.86,92.8,49.52,90.35,28.84,41.23,18.44,21.54,37.64,93.78,87.37,34.93,26.57,80.02,23.0,77.88,30.0,62.97,20.62,75.33,34.01
36,50.99,76.16,61.19,48.08,34.06,29.53,35.38,14.42,81.63,34.23,15.23,72.28,42.19,22.8,69.31,53.85,42.43,41.76,44.41,27.2,27.2,56.36,69.34,52.15,18.44,57.58,44.0,77.67,39.29,60.83,26.83,24.08,60.73,26.31,32.06,71.02,0.0,16.49,58.0,26.91,33.94,38.21,25.3,54.63,18.44,46.04,27.2,50.0,53.85,39.7,38.83,54.63,40.5,55.17,68.82,71.02,44.18,43.27,54.92,46.17,66.21,63.56,50.16,76.06,28.6,26.25,59.46,45.1,14.14,48.51,7.81,41.76,24.35,51.16,7.07,59.14
37,62.8,60.46,44.72,34.99,34.99,20.59,31.05,30.46,70.94,39.85,20.59,55.79,55.17,38.47,62.77,43.86,39.29,45.61,36.06,42.19,39.85,40.5,59.4,57.27,29.73,44.94,28.28,67.88,42.43,44.41,20.4,24.41,47.41,42.0,40.25,56.32,16.49,0.0,42.19,38.63,21.54,49.19,36.88,42.8,33.29,59.4,23.41,36.72,38.42,26.08,24.08,38.47,48.41,48.37,59.46,60.83,44.72,28.28,63.56,30.0,50.12,51.61,34.93,67.48,38.08,40.8,43.08,29.83,29.53,34.89,22.02,28.84,28.16,35.9,22.85,42.72
38,92.28,38.83,12.17,18.44,68.96,34.93,42.8,70.46,43.68,63.81,53.85,21.63,87.73,77.28,50.99,30.46,66.84,80.62,34.06,84.38,81.58,27.2,38.0,74.97,71.39,20.4,14.0,44.41,61.22,10.2,51.88,60.93,18.0,84.1,68.0,16.97,58.0,42.19,0.0,80.05,41.62,89.84,70.23,23.41,71.39,92.2,56.36,17.2,30.46,38.21,34.06,23.41,86.93,42.05,40.05,38.05,76.03,32.56,86.83,12.65,28.07,26.0,8.94,48.01,78.45,77.62,20.1,13.34,68.73,16.28,64.2,21.63,55.04,8.06,63.2,19.1
39,64.03,88.29,80.22,73.35,24.08,56.04,62.23,27.2,108.17,57.27,41.23,90.0,54.04,32.06,96.17,80.45,35.38,23.41,71.22,11.66,2.83,70.46,96.02,74.0,8.94,83.19,66.48,104.4,63.53,80.4,32.56,22.8,85.91,15.23,53.14,94.87,26.91,38.63,80.05,0.0,44.41,11.31,43.68,80.62,32.98,56.32,29.12,75.15,66.75,50.64,52.15,70.11,16.12,82.07,95.6,97.65,30.53,56.32,72.69,67.47,80.62,89.55,73.38,102.94,5.83,38.12,76.03,68.31,29.73,73.41,19.1,67.08,49.65,74.33,27.46,76.01
40,83.76,44.27,37.95,43.91,27.86,38.05,50.0,48.17,80.45,61.35,42.05,46.39,75.6,56.64,77.79,56.46,25.46,39.4,51.42,52.5,46.69,26.08,70.71,78.59,37.36,53.25,31.24,78.89,63.56,38.63,12.0,22.0,54.04,53.85,61.74,58.41,33.94,21.54,41.62,44.41,0.0,52.04,57.69,52.84,52.35,79.65,16.12,44.94,22.36,6.32,8.25,26.08,47.07,64.03,71.55,71.69,34.41,12.0,85.09,29.73,36.22,60.46,38.21,80.06,41.01,60.14,32.25,34.21,48.08,42.72,35.51,39.4,49.65,38.9,41.01,32.39
41,72.25,94.76,89.11,84.12,27.2,67.2,73.54,37.58,119.28,68.0,52.5,98.33,62.29,41.23,107.48,91.61,37.58,21.26,82.46,18.11,11.66,78.0,107.2,84.31,20.0,94.02,76.55,115.6,74.43,89.44,40.05,30.07,96.6,22.09,63.56,105.11,38.21,49.19,89.84,11.31,52.04,0.0,53.85,91.59,43.08,64.03,36.0,85.88,74.03,58.0,60.13,78.1,10.0,93.38,106.83,108.81,30.0,64.03,82.0,77.2,88.02,100.5,83.57,114.21,11.4,47.3,84.21,78.55,40.25,84.08,30.41,77.9,60.8,84.5,38.6,84.29
42,26.08,96.54,76.94,54.92,58.31,35.44,32.06,16.49,80.05,15.62,17.2,88.59,18.44,14.14,61.74,54.15,67.47,64.12,44.05,36.72,42.38,76.58,67.47,30.46,38.21,62.13,57.27,74.73,22.8,76.03,52.0,49.03,66.27,33.29,10.0,78.92,25.3,36.88,70.23,43.68,57.69,53.85,0.0,58.03,10.77,22.8,52.5,56.89,74.97,62.8,60.96,74.03,59.67,50.0,65.97,69.43,68.12,65.12,30.07,60.83,85.6,66.03,61.35,71.17,47.85,9.85,77.67,57.01,14.14,56.29,29.07,49.48,16.03,62.3,19.24,77.1
43,75.89,62.1,35.44,8.94,76.42,25.3,26.31,63.56,28.28,47.54,44.72,44.72,73.35,68.47,28.07,7.21,77.67,87.68,14.56,81.71,81.41,48.0,17.89,54.92,71.69,4.47,22.8,26.08,43.08,33.53,59.67,66.48,8.94,80.32,52.95,22.36,54.63,42.8,23.41,80.62,52.84,91.59,58.03,0.0,62.51,77.67,63.78,8.25,50.16,52.0,47.54,44.0,91.21,18.87,18.97,18.87,85.28,48.08,68.0,26.31,50.99,8.94,18.0,27.51,80.71,67.03,42.43,19.65,61.19,10.44,62.17,14.14,42.01,18.03,57.57,41.44
44,33.53,93.74,76.55,58.0,49.03,38.0,37.95,6.0,86.65,25.61,18.0,88.02,24.17,6.0,69.97,59.67,58.82,54.0,49.48,26.08,31.62,73.78,74.0,41.23,28.0,66.27,57.72,81.71,32.56,75.89,44.94,40.5,70.11,22.8,20.59,82.02,18.44,33.29,71.39,32.98,52.35,43.08,10.77,62.51,0.0,27.78,44.72,60.0,71.61,58.0,56.85,71.69,49.03,57.27,72.8,75.89,58.55,61.22,40.05,60.73,83.35,71.02,62.8,78.72,37.34,7.81,76.03,58.05,4.47,59.03,19.92,52.04,21.93,63.79,11.4,75.58
45,8.94,119.33,99.48,75.89,75.89,57.27,51.42,33.11,96.08,30.27,40.0,111.14,4.47,25.3,74.97,72.69,86.16,79.25,63.15,46.0,54.15,99.36,84.0,33.11,53.85,82.0,79.65,90.2,36.0,98.49,72.72,68.03,86.35,42.0,24.74,99.46,46.04,59.4,92.2,56.32,79.65,64.03,22.8,77.67,27.78,0.0,72.47,77.79,97.67,85.04,83.45,96.83,72.11,66.0,82.02,86.0,84.9,87.68,22.63,83.35,108.41,84.85,83.26,85.59,61.66,20.12,100.44,79.16,32.25,77.49,47.42,70.94,37.16,84.17,39.12,99.86
46,78.0,59.23,53.85,55.17,12.81,43.86,54.41,39.45,92.02,60.13,40.05,62.51,68.88,47.71,85.88,66.03,16.12,24.41,59.06,38.47,31.62,42.0,81.22,78.1,23.32,65.05,44.41,89.64,64.03,54.41,4.47,6.32,66.6,40.5,58.86,72.72,27.2,23.41,56.36,29.12,16.12,36.0,52.5,63.78,44.72,72.47,0.0,56.57,38.05,22.0,24.33,42.19,31.05,71.55,81.61,82.46,21.63,28.07,82.0,43.91,52.04,72.14,51.61,89.87,25.18,52.35,48.37,47.01,40.25,54.45,25.24,49.68,49.0,52.43,33.62,48.51
47,76.97,55.03,28.64,2.0,69.31,22.0,26.83,60.3,35.61,48.33,42.0,38.83,73.38,66.0,36.0,14.14,70.0,80.72,16.97,77.2,76.16,40.05,26.0,58.14,66.21,8.49,14.56,34.0,44.94,26.83,52.35,59.67,10.77,76.16,53.14,22.09,50.0,36.72,17.2,75.15,44.94,85.88,56.89,8.25,60.0,77.79,56.57,0.0,42.05,43.86,39.4,36.06,84.88,25.3,27.2,26.83,77.9,39.85,70.46,18.11,43.68,15.62,10.2,35.74,74.79,65.28,34.93,11.4,58.14,2.24,57.25,8.25,41.0,10.44,53.76,33.96
48,100.5,22.36,21.26,42.0,48.37,46.52,58.31,68.26,74.0,74.89,58.0,26.0,93.38,76.55,78.03,56.0,42.38,59.23,54.92,74.73,69.05,4.47,67.08,90.35,59.67,48.66,28.07,74.22,75.18,22.8,34.23,44.18,47.54,75.89,76.84,46.65,53.85,38.42,30.46,66.75,22.36,74.03,74.97,50.16,71.61,97.67,38.05,42.05,0.0,16.12,15.23,7.21,68.26,66.27,68.73,67.47,52.5,10.77,99.3,24.0,14.0,55.32,32.25,77.1,63.2,79.2,12.81,31.02,67.68,40.01,56.86,40.45,63.6,32.39,60.75,13.45
49,88.81,37.95,33.11,43.08,32.98,40.2,52.35,54.04,78.89,65.39,46.65,40.79,80.92,62.48,78.1,56.32,28.84,44.27,52.35,58.82,52.95,20.0,69.86,82.22,43.68,51.88,29.53,77.82,67.05,34.0,18.11,28.07,52.15,60.17,66.24,55.17,39.7,26.08,38.21,50.64,6.32,58.0,62.8,52.0,58.0,85.04,22.0,43.86,16.12,0.0,4.47,20.4,52.61,64.78,70.94,70.68,38.47,6.32,89.44,27.2,30.07,59.06,36.06,79.48,47.1,65.76,26.68,32.65,53.81,41.63,41.68,39.29,53.71,36.62,46.75,26.93
50,86.83,37.58,29.73,38.63,36.06,36.5,48.66,53.25,74.43,62.61,44.41,38.21,79.25,61.61,73.76,51.92,32.8,47.54,48.17,59.67,54.33,18.44,65.39,79.12,44.72,47.41,25.06,73.35,63.91,30.46,20.1,30.07,47.71,60.73,63.81,50.99,38.83,24.08,34.06,52.15,8.25,60.13,60.96,47.54,56.85,83.45,24.33,39.4,15.23,4.47,0.0,18.0,55.32,60.53,66.48,66.21,42.19,4.47,86.83,22.8,28.64,54.59,31.62,75.03,49.01,64.54,24.08,28.18,52.8,37.16,41.63,34.93,51.0,32.2,45.8,24.19
51,99.04,22.63,14.14,36.22,53.37,43.27,54.59,68.88,67.05,72.47,56.85,20.4,92.46,76.94,72.03,50.16,48.33,64.56,50.0,77.28,72.25,4.0,60.53,87.13,62.51,42.19,22.8,67.47,72.11,15.62,38.05,48.04,40.79,78.1,74.97,39.45,54.63,38.47,23.41,70.11,26.08,78.1,74.03,44.0,71.69,96.83,42.19,36.06,7.21,20.4,18.0,0.0,72.99,60.83,62.29,60.83,58.31,14.14,96.83,18.44,11.66,48.66,26.0,70.58,67.01,79.08,6.32,25.5,68.0,34.13,58.52,35.44,61.55,26.02,61.27,6.71
52,80.0,88.09,84.9,83.23,20.0,67.88,75.6,43.17,119.33,72.8,55.57,93.38,70.0,48.17,109.34,92.02,29.12,11.66,83.45,26.31,18.0,72.44,107.63,89.84,22.36,93.23,74.24,116.1,78.79,85.44,35.44,26.0,95.41,30.27,68.96,102.86,40.5,48.41,86.93,16.12,47.07,10.0,59.67,91.21,49.03,72.11,31.05,84.88,68.26,52.61,55.32,72.99,0.0,95.02,107.52,109.12,20.59,58.86,88.81,74.32,82.22,100.0,81.41,115.26,12.08,54.23,79.25,76.54,45.61,82.93,33.12,77.2,64.41,82.3,42.54,79.43
53,62.51,80.32,53.85,24.74,83.35,27.78,20.0,60.03,30.27,36.22,41.62,63.53,62.03,62.77,14.42,11.66,86.93,93.74,12.65,80.45,82.22,64.78,18.0,38.63,73.54,22.8,38.21,24.74,30.0,52.0,68.03,72.72,26.91,78.23,42.43,39.7,55.17,48.37,42.05,82.07,64.03,93.38,50.0,18.87,57.27,66.0,71.55,25.3,66.27,64.78,60.53,60.83,95.02,0.0,16.12,20.0,93.06,62.13,52.5,42.43,68.96,21.63,35.44,21.47,83.49,59.77,60.17,35.36,57.31,26.93,62.97,26.0,35.34,35.74,55.8,59.2
54,78.23,78.64,52.15,27.86,94.02,39.7,34.93,75.15,14.14,52.35,56.36,59.67,78.1,78.43,12.81,15.62,96.04,105.0,24.41,95.02,96.02,66.27,2.83,53.37,86.83,20.1,41.76,8.94,46.04,50.16,77.67,83.74,22.09,93.06,58.55,31.3,68.82,59.46,40.05,95.6,71.55,106.83,65.97,18.97,72.8,82.02,81.61,27.2,68.73,70.94,66.48,62.29,107.52,16.12,0.0,4.47,103.23,67.05,67.47,45.12,68.12,14.14,36.5,8.54,96.43,75.69,60.0,38.6,72.5,29.41,76.61,32.25,50.92,36.35,70.33,59.0
55,82.39,76.24,50.0,27.78,95.02,41.62,37.95,78.0,10.77,56.14,59.09,56.89,82.02,81.61,16.97,17.2,96.52,106.15,26.83,97.53,98.18,64.78,2.0,57.72,88.81,18.97,41.23,7.21,50.0,48.0,78.41,84.9,20.1,95.71,62.29,27.86,71.02,60.83,38.05,97.65,71.69,108.81,69.43,18.87,75.89,86.0,82.46,26.83,67.47,70.68,66.21,60.83,109.12,20.0,4.47,0.0,104.02,66.48,71.81,44.27,66.0,12.17,35.44,10.05,98.23,79.08,58.14,38.08,75.39,29.07,78.77,32.8,54.12,35.17,72.9,57.14
56,91.78,70.26,71.55,76.58,10.2,65.3,75.39,52.61,113.45,78.41,58.86,78.43,82.0,59.67,107.42,87.66,10.2,8.94,80.62,42.19,33.29,56.92,102.8,96.33,31.05,86.37,65.12,111.21,83.19,72.47,25.61,20.88,87.68,45.65,76.03,92.8,44.18,44.72,76.03,30.53,34.41,30.0,68.12,85.28,58.55,84.9,21.63,77.9,52.5,38.47,42.19,58.31,20.59,93.06,103.23,104.02,0.0,44.72,98.18,64.03,65.97,93.51,72.25,111.5,24.7,65.31,64.62,67.9,54.33,75.74,39.05,71.22,68.07,73.0,49.01,65.0
57,90.91,33.11,26.83,39.29,39.29,39.29,51.42,57.69,74.24,66.24,48.41,34.53,83.45,66.03,74.97,52.95,34.99,50.6,50.0,64.03,58.55,14.14,65.79,82.46,49.03,47.54,25.3,73.54,67.23,27.78,24.0,34.0,47.41,65.15,67.68,49.52,43.27,28.28,32.56,56.32,12.0,64.03,65.12,48.08,61.22,87.68,28.07,39.85,10.77,6.32,4.47,14.14,58.86,62.13,67.05,66.48,44.72,0.0,90.55,22.36,24.33,54.63,31.3,75.58,53.01,68.88,20.4,28.46,57.2,37.64,46.1,36.22,54.71,31.76,50.22,20.62
58,14.42,119.33,96.21,68.82,88.36,53.81,44.05,46.04,80.89,24.41,43.08,107.63,21.63,40.79,58.14,61.74,97.32,94.02,53.85,64.03,71.02,100.0,69.86,14.14,68.03,72.47,76.37,74.67,25.61,94.85,81.04,78.92,76.94,60.17,23.41,90.35,54.92,63.56,86.83,72.69,85.09,82.0,30.07,68.0,40.05,22.63,82.0,70.46,99.3,89.44,86.83,96.83,88.81,52.5,67.47,71.81,98.18,90.55,0.0,80.62,107.81,73.54,78.1,69.26,77.32,34.71,99.16,75.01,44.0,70.8,59.14,65.3,35.85,78.87,49.25,98.41
59,84.4,39.45,16.12,18.0,56.6,26.91,37.2,59.23,51.88,56.64,43.86,27.78,78.89,66.48,54.04,32.0,55.17,68.26,31.62,72.11,69.05,22.36,43.68,70.0,58.86,25.3,4.47,51.26,55.32,15.23,39.45,48.33,25.06,72.0,60.0,28.84,46.17,30.0,12.65,67.47,29.73,77.2,60.83,26.31,60.73,83.35,43.91,18.11,24.0,27.2,22.8,18.44,74.32,42.43,45.12,44.27,64.03,22.36,80.62,0.0,27.78,32.31,8.94,53.6,65.8,67.42,18.87,7.07,57.72,16.03,52.01,17.09,46.62,9.43,51.79,18.03
60,110.45,11.66,16.0,44.27,62.29,54.04,64.9,80.5,70.71,83.55,68.41,14.14,104.02,88.59,78.92,57.72,55.79,72.99,59.09,88.29,82.87,10.2,66.03,97.65,73.35,48.37,32.25,72.11,82.8,18.0,48.17,58.14,46.04,89.29,86.28,41.23,66.21,50.12,28.07,80.62,36.22,88.02,85.6,50.99,83.35,108.41,52.04,43.68,14.0,30.07,28.64,11.66,82.22,68.96,68.12,66.0,65.97,24.33,107.81,27.78,0.0,54.04,33.53,76.01,77.16,90.74,8.94,34.44,79.65,42.06,69.89,44.72,72.84,33.24,72.9,9.85
61,82.46,64.5,38.05,16.97,84.85,34.18,34.0,72.28,20.0,54.59,53.37,45.61,80.62,76.94,26.0,12.17,85.6,96.21,22.0,90.62,90.35,52.61,12.0,59.93,80.62,7.21,29.53,18.97,49.48,36.06,67.94,75.07,8.0,89.2,60.3,18.44,63.56,51.61,26.0,89.55,60.46,100.5,66.03,8.94,71.02,84.85,72.14,15.62,55.32,59.06,54.59,48.66,100.0,21.63,14.14,12.17,93.51,54.63,73.54,32.31,54.04,0.0,23.41,22.02,89.59,75.24,46.04,26.42,69.86,17.8,71.11,22.8,50.09,23.09,66.41,45.04
62,83.35,44.94,18.87,10.77,64.4,26.0,34.06,62.13,42.94,54.92,45.12,29.73,78.79,68.73,46.04,24.33,63.66,76.03,26.08,76.94,74.73,30.0,34.93,66.48,64.56,16.49,7.21,42.38,52.5,17.2,47.2,55.57,16.12,76.42,59.06,21.54,50.16,34.93,8.94,73.38,38.21,83.57,61.35,18.0,62.8,83.26,51.61,10.2,32.25,36.06,31.62,26.0,81.41,35.44,36.5,35.44,72.25,31.3,78.1,8.94,33.53,23.41,0.0,44.91,72.24,68.88,24.74,5.1,60.3,8.54,56.72,12.81,46.1,1.0,55.01,23.77
63,81.02,86.28,60.01,36.4,102.2,47.38,41.34,81.49,12.53,56.75,62.97,66.91,81.88,84.17,11.18,23.85,104.45,113.07,31.83,101.79,103.23,74.55,10.05,55.15,94.26,28.44,50.29,6.4,50.01,58.01,85.98,91.83,30.02,99.64,63.06,37.64,76.06,67.48,48.01,102.94,80.06,114.21,71.17,27.51,78.72,85.59,89.87,35.74,77.1,79.48,75.03,70.58,115.26,21.47,8.54,10.05,111.5,75.58,69.26,53.6,76.01,22.02,44.91,0.0,104.0,80.99,68.07,47.13,78.77,37.95,83.87,40.71,56.8,44.72,77.1,67.07
64,69.18,84.34,77.78,73.06,18.6,56.73,63.89,31.4,108.6,60.75,43.57,87.14,59.21,37.01,97.74,81.06,29.83,17.72,72.18,17.49,8.6,67.07,96.67,77.88,10.3,83.01,65.19,105.12,66.71,78.09,29.02,19.03,85.48,21.02,57.01,93.78,28.6,38.08,78.45,5.83,41.01,11.4,47.85,80.71,37.34,61.66,25.18,74.79,63.2,47.1,49.01,67.01,12.08,83.49,96.43,98.23,24.7,53.01,77.32,65.8,77.16,89.59,72.24,104.0,0.0,43.0,73.06,67.23,33.73,72.95,21.1,66.89,52.35,73.16,30.46,73.11
65,26.48,101.26,83.38,63.29,56.04,43.42,41.44,13.0,89.74,25.24,23.77,94.94,16.76,6.08,71.59,63.51,66.13,60.21,53.34,29.41,36.35,81.27,77.13,38.28,34.37,71.0,64.2,84.48,32.45,82.64,52.7,47.93,75.03,25.63,19.21,87.37,26.25,40.8,77.62,38.12,60.14,47.3,9.85,67.03,7.81,20.12,52.35,65.28,79.2,65.76,64.54,79.08,54.23,59.77,75.69,79.08,65.31,68.88,34.71,67.42,90.74,75.24,68.88,80.99,43.0,0.0,83.24,64.29,12.21,64.5,27.31,57.56,25.18,69.86,19.21,82.76
66,102.18,20.59,8.94,35.44,59.67,45.34,56.04,73.54,63.56,74.97,60.46,14.14,96.02,81.44,70.46,49.03,54.63,70.88,50.16,82.87,78.1,8.49,58.03,88.81,68.26,40.05,23.32,64.5,74.03,10.77,44.18,54.15,38.05,83.55,77.9,34.93,59.46,43.08,20.1,76.03,32.25,84.21,77.67,42.43,76.03,100.44,48.37,34.93,12.81,26.68,24.08,6.32,79.25,60.17,60.0,58.14,64.62,20.4,99.16,18.87,8.94,46.04,24.74,68.07,73.06,83.24,0.0,25.5,72.5,33.24,63.79,35.78,64.44,24.52,65.92,1.0
67,79.61,46.07,21.21,11.05,59.82,21.95,31.14,57.22,46.32,51.4,40.52,32.65,74.69,63.95,47.1,25.02,59.55,71.4,24.7,71.85,69.64,29.43,37.34,63.89,59.48,19.24,3.16,45.19,49.5,19.85,42.64,50.77,19.85,71.34,55.23,26.57,45.1,29.83,13.34,68.31,34.21,78.55,57.01,19.65,58.05,79.16,47.01,11.4,31.02,32.65,28.18,25.5,76.54,35.36,38.6,38.08,67.9,28.46,75.01,7.07,34.44,26.42,5.1,47.13,67.23,64.29,25.5,0.0,55.44,9.22,51.62,10.3,42.06,6.08,50.04,24.6
68,37.95,89.89,73.38,56.14,44.72,36.22,37.58,2.83,86.16,27.78,16.49,84.76,28.64,8.94,70.46,58.82,54.41,50.04,48.7,24.08,28.64,69.97,73.54,44.27,24.08,64.78,54.92,81.44,34.41,72.8,40.5,36.06,68.47,21.26,23.41,80.02,14.14,29.53,68.73,29.73,48.08,40.25,14.14,61.19,4.47,32.25,40.25,58.14,67.68,53.81,52.8,68.0,45.61,57.31,72.5,75.39,54.33,57.2,44.0,57.72,79.65,69.86,60.3,78.77,33.73,12.21,72.5,55.44,0.0,57.04,15.52,50.04,22.2,61.29,7.07,72.09
69,76.92,53.49,27.29,2.24,67.21,21.1,26.93,59.14,37.8,48.3,41.05,37.8,73.05,65.03,38.01,16.03,67.8,78.64,17.8,75.69,74.46,38.12,28.23,58.73,64.47,10.63,12.37,36.24,45.22,25.55,50.21,57.63,12.53,74.73,52.92,23.0,48.51,34.89,16.28,73.41,42.72,84.08,56.29,10.44,59.03,77.49,54.45,2.24,40.01,41.63,37.16,34.13,82.93,26.93,29.41,29.07,75.74,37.64,70.8,16.03,42.06,17.8,8.54,37.95,72.95,64.5,33.24,9.22,57.04,0.0,55.66,7.0,40.52,8.94,52.47,32.28
70,53.45,79.2,66.37,55.36,29.27,37.22,43.14,14.32,89.36,40.26,22.47,77.1,44.01,22.47,77.08,61.59,38.9,35.51,52.2,20.22,19.42,59.81,77.1,57.87,10.82,65.0,50.25,85.45,45.88,66.19,26.17,20.62,68.01,20.02,37.22,77.88,7.81,22.02,64.2,19.1,35.51,30.41,29.07,62.17,19.92,47.42,25.24,57.25,56.86,41.68,41.63,58.52,33.12,62.97,76.61,78.77,39.05,46.1,59.14,52.01,69.89,71.11,56.72,83.87,21.1,27.31,63.79,51.62,15.52,55.66,0.0,49.04,31.3,57.71,10.05,63.56
71,70.71,56.36,31.24,6.32,62.29,14.14,21.26,52.15,42.43,42.19,34.06,42.43,66.48,58.03,38.83,17.09,63.81,73.54,14.56,68.96,68.03,39.29,31.62,53.81,58.14,16.12,12.65,40.0,39.7,29.73,45.61,52.35,18.97,67.91,46.52,30.0,41.76,28.84,21.63,67.08,39.4,77.9,49.48,14.14,52.04,70.94,49.68,8.25,40.45,39.29,34.93,35.44,77.2,26.0,32.25,32.8,71.22,36.22,65.3,17.09,44.72,22.8,12.81,40.71,66.89,57.56,35.78,10.3,50.04,7.0,49.04,0.0,33.84,13.6,45.54,34.89
72,37.8,84.17,62.68,39.05,57.87,20.12,16.28,25.0,64.85,11.7,9.22,74.33,32.7,27.51,48.26,38.33,65.03,66.1,28.16,46.01,49.2,64.54,52.2,29.27,42.06,46.1,42.72,59.81,15.13,61.59,47.17,47.38,50.25,43.42,13.45,62.97,24.35,28.16,55.04,49.65,49.65,60.8,16.03,42.01,21.93,37.16,49.0,41.0,63.6,53.71,51.0,61.55,64.41,35.34,50.92,54.12,68.07,54.71,35.85,46.62,72.84,50.09,46.1,56.8,52.35,25.18,64.44,42.06,22.2,40.52,31.3,33.84,0.0,47.01,22.2,63.78
73,84.22,44.6,18.36,11.18,65.22,26.93,34.83,63.13,42.49,55.76,46.1,29.07,79.71,69.72,46.1,24.52,64.35,76.84,26.63,77.93,75.69,30.02,34.71,67.18,65.52,16.28,8.06,42.06,53.26,16.64,48.01,56.44,15.65,77.41,59.94,20.62,51.16,35.9,8.06,74.33,38.9,84.5,62.3,18.03,63.79,84.17,52.43,10.44,32.39,36.62,32.2,26.02,82.3,35.74,36.35,35.17,73.0,31.76,78.87,9.43,33.24,23.09,1.0,44.72,73.16,69.86,24.52,6.08,61.29,8.94,57.71,13.6,47.01,0.0,56.01,23.54
74,44.38,83.01,67.19,51.79,39.12,32.28,35.81,7.62,83.63,30.36,14.21,78.45,35.36,15.81,69.53,55.95,48.27,45.54,46.07,24.7,27.02,63.13,71.12,47.85,20.25,60.88,49.25,79.26,36.25,66.71,33.62,29.83,64.33,22.85,27.17,75.33,7.07,22.85,63.2,27.46,41.01,38.6,19.24,57.57,11.4,39.12,33.62,53.76,60.75,46.75,45.8,61.27,42.54,55.8,70.33,72.9,49.01,50.22,49.25,51.79,72.9,66.41,55.01,77.1,30.46,19.21,65.92,50.04,7.07,52.47,10.05,45.54,22.2,56.01,0.0,65.55
75,101.53,21.47,8.06,34.48,59.91,44.6,55.22,73.16,62.59,74.25,59.91,14.04,95.44,81.02,69.46,48.05,55.04,71.17,49.24,82.73,78.06,9.22,57.04,88.01,68.18,39.05,22.47,63.51,73.25,9.85,44.28,54.23,37.05,83.36,77.23,34.01,59.14,42.72,19.1,76.01,32.39,84.29,77.1,41.44,75.58,99.86,48.51,33.96,13.45,26.93,24.19,6.71,79.43,59.2,59.0,57.14,65.0,20.62,98.41,18.03,9.85,45.04,23.77,67.07,73.11,82.76,1.0,24.6,72.09,32.28,63.56,34.89,63.78,23.54,65.55,0.0
