vehicles
vehicle_idx, capacity, cost_per_unit_distance
1,100,1
2,100,1
3,100,1
4,100,1
5,100,1
6,100,1
7,100,1
8,100,1
9,100,1
depot
node_idx,x,y
0,61,37
home delivery customers
node_idx,x,y,service_time,demand
1,93,57,15,23
2,15,67,15,17
3,23,43,15,12
4,53,5,15,6
5,13,75,15,22
6,67,45,15,11
7,21,49,15,7
8,93,43,15,12
9,69,25,15,14
10,53,35,15,20
11,25,39,15,16
12,77,79,15,9
13,47,37,15,22
14,33,47,15,19
15,39,69,15,9
16,87,39,15,18
17,19,33,15,19
18,31,5,15,15
19,35,25,15,4
20,79,61,15,12
21,35,95,15,18
22,5,43,15,12
23,71,39,15,2
24,31,21,15,11
25,47,9,15,19
26,87,45,15,16
27,1,77,15,3
28,63,73,15,12
29,21,55,15,20
30,65,23,15,7
31,97,23,15,16
32,5,81,15,22
33,57,85,15,6
34,51,65,15,27
35,13,49,15,9
36,91,41,15,15
self pickup customers
node_idx,x,y,service_time,demand,locker_idxs
37,47,37,15,24,64-74-70-66-73-71-67-69-75
38,23,71,15,24,62-70-74-72-68
39,67,13,15,8,61-66-75-67-73-71
40,81,27,15,4,75-71-61-73-67-66
41,45,43,15,18,66-75-67-64-73-69-71-70-74-72
42,49,99,15,10,62-68-72-65-63-70-69
43,63,9,15,19,61-66-75-67-73-71-64
44,49,3,15,18,64-66-67
45,49,87,15,2,62-68-72-65-63-70-74-69
46,37,91,15,11,62-65-63-68-72-69-70-74
47,97,35,15,18,61-66-75-67-73-71
48,19,45,15,72,64-68-74-72-70
49,35,63,15,5,62-63-68-72-69-70-74-71-73
50,27,73,15,14,62-68-72-70-74
51,1,49,15,19,68-72-74-70
52,79,71,15,10,63-65-69-71-73-67-75
53,65,47,15,13,69-66-75-67-71-73-70-74
54,23,71,15,23,62-68-72-70-74
flexible customers
node_idx,x,y,service_time,demand,locker_idxs
55,29,73,15,3,63-62-69-68-72-70-74
56,85,69,15,16,63-65-73-67-71-75-69
57,31,75,15,14,69-74-70-63-72-68-62
58,73,73,15,8,65-63-69-75-67-73-71-70
59,53,27,15,18,64-74-66-71-73-75-67
60,89,23,15,12,61-75-66-67-71-73
lockers
node_idx,x,y,service_time,capacity,cost_per_unit_good
61,93,12,10,100,100
62,22,88,10,88,100
63,65,88,10,87,100
64,25,15,10,99,100
65,77,88,10,76,100
66,72,14,10,93,100
67,68,39,10,85,100
68,23,80,10,83,100
69,69,71,10,99,100
70,34,64,10,80,100
71,61,46,10,89,100
72,28,76,10,79,100
73,62,42,10,82,100
74,31,60,10,92,100
75,72,43,10,70,100
mrt lines
start_node_idx,end_node_idx,freight_capacity,cost_per_unit_good
61,62,100,1
62,61,100,1
63,64,99,1
64,63,99,1
65,66,93,1
66,65,93,1
distance matrix
,0,1,2,3,4,5,6,7,8,9,10,11,12,13,14,15,16,17,18,19,20,21,22,23,24,25,26,27,28,29,30,31,32,33,34,35,36,37,38,39,40,41,42,43,44,45,46,47,48,49,50,51,52,53,54,55,56,57,58,59,60,61,62,63,64,65,66,67,68,69,70,71,72,73,74,75,
0,0.0,37.74,54.92,38.47,32.98,61.22,10.0,41.76,32.56,14.42,8.25,36.06,44.94,14.0,29.73,38.83,26.08,42.19,43.86,28.64,30.0,63.56,56.32,10.2,34.0,31.3,27.2,72.11,36.06,43.86,14.56,38.63,71.22,48.17,29.73,49.48,30.27,14.0,50.99,24.74,22.36,17.09,63.15,28.07,36.06,51.42,59.09,36.06,42.76,36.77,49.52,61.19,38.47,10.77,50.99,48.17,40.0,48.41,37.95,12.81,31.3,40.61,64.2,51.16,42.19,53.45,25.5,7.28,57.38,34.93,38.18,9.0,51.09,5.1,37.8,12.53
1,37.74,0.0,78.64,71.39,65.6,82.0,28.64,72.44,14.0,40.0,45.65,70.34,27.2,50.16,60.83,55.32,18.97,77.79,80.92,66.24,14.56,69.34,89.11,28.43,71.69,66.48,13.42,94.15,34.0,72.03,44.05,34.23,91.21,45.61,42.76,80.4,16.12,50.16,71.39,51.11,32.31,50.0,60.83,56.6,69.66,53.25,65.51,22.36,74.97,58.31,67.91,92.35,19.8,29.73,71.39,65.97,14.42,64.56,25.61,50.0,34.23,45.0,77.47,41.77,79.92,34.89,47.85,30.81,73.68,27.78,59.41,33.84,67.72,34.44,62.07,25.24
2,54.92,78.64,0.0,25.3,72.72,8.25,56.46,18.97,81.61,68.41,49.68,29.73,63.15,43.86,26.91,24.08,77.25,34.23,64.03,46.52,64.28,34.41,26.0,62.61,48.7,66.24,75.29,17.2,48.37,13.42,66.6,93.06,17.2,45.69,36.06,18.11,80.32,43.86,8.94,74.97,77.18,38.42,46.69,75.29,72.47,39.45,32.56,88.02,22.36,20.4,13.42,22.8,64.12,53.85,8.94,15.23,70.03,17.89,58.31,55.17,86.09,95.44,22.14,54.23,52.95,65.46,77.83,59.94,15.26,54.15,19.24,50.57,15.81,53.24,17.46,61.85
3,38.47,71.39,25.3,0.0,48.41,33.53,44.05,6.32,70.0,49.4,31.05,4.47,64.9,24.74,10.77,30.53,64.12,10.77,38.83,21.63,58.82,53.37,18.0,48.17,23.41,41.62,64.03,40.5,50.0,12.17,46.52,76.66,42.05,54.04,35.61,11.66,68.03,24.74,28.0,53.25,60.17,22.0,61.74,52.5,47.71,51.11,50.0,74.43,4.47,23.32,30.27,22.8,62.61,42.19,28.0,30.59,67.23,32.98,58.31,34.0,68.96,76.56,45.01,61.55,28.07,70.29,56.94,45.18,37.0,53.85,23.71,38.12,33.38,39.01,18.79,49.0
4,32.98,65.6,72.72,48.41,0.0,80.62,42.38,54.41,55.17,25.61,30.0,44.05,77.79,32.56,46.52,65.51,48.08,44.05,22.0,26.91,61.74,91.78,61.22,38.47,27.2,7.21,52.5,88.81,68.73,59.36,21.63,47.54,89.89,80.1,60.03,59.46,52.35,32.56,72.5,16.12,35.61,38.83,94.09,10.77,4.47,82.1,87.48,53.25,52.5,60.73,72.8,68.12,70.94,43.68,72.5,72.11,71.55,73.38,70.88,22.0,40.25,40.61,88.6,83.86,29.73,86.4,21.02,37.16,80.78,67.91,61.98,41.77,75.27,38.08,59.24,42.49
5,61.22,82.0,8.25,33.53,80.62,0.0,61.77,27.2,86.16,75.07,56.57,37.95,64.12,50.99,34.41,26.68,82.29,42.43,72.28,54.63,67.47,29.73,32.98,68.26,56.92,74.24,79.85,12.17,50.04,21.54,73.54,98.79,10.0,45.12,39.29,26.0,85.09,50.99,10.77,82.22,83.23,45.25,43.27,82.8,80.5,37.95,28.84,93.04,30.59,25.06,14.14,28.64,66.12,59.06,10.77,16.12,72.25,18.0,60.03,62.48,92.09,101.83,15.81,53.6,61.19,65.31,84.86,65.73,11.18,56.14,23.71,56.08,15.03,59.08,23.43,67.12
6,10.0,28.64,56.46,44.05,42.38,61.77,0.0,46.17,26.08,20.1,17.2,42.43,35.44,21.54,34.06,36.88,20.88,49.48,53.81,37.74,20.0,59.36,62.03,7.21,43.27,41.18,20.0,73.35,28.28,47.07,22.09,37.2,71.69,41.23,25.61,54.15,24.33,21.54,51.11,32.0,22.8,22.09,56.92,36.22,45.69,45.69,54.92,31.62,48.0,36.72,48.83,66.12,28.64,2.83,51.11,47.2,30.0,46.86,28.64,22.8,31.11,42.01,62.24,43.05,51.61,44.15,31.4,6.08,56.22,26.08,38.08,6.08,49.82,5.83,39.0,5.39
7,41.76,72.44,18.97,6.32,54.41,27.2,46.17,0.0,72.25,53.67,34.93,10.77,63.53,28.64,12.17,26.91,66.75,16.12,45.12,27.78,59.23,48.08,17.09,50.99,29.73,47.71,66.12,34.41,48.37,6.0,51.11,80.32,35.78,50.91,34.0,8.0,70.46,28.64,22.09,58.41,63.91,24.74,57.31,58.0,53.85,47.2,44.94,77.28,4.47,19.8,24.74,20.0,62.03,44.05,22.09,25.3,67.05,27.86,57.27,38.83,72.8,80.95,39.01,58.8,34.23,68.24,61.85,48.05,31.06,52.8,19.85,40.11,27.89,41.59,14.87,51.35
8,32.56,14.0,81.61,70.0,55.17,86.16,26.08,72.25,0.0,30.0,40.79,68.12,39.4,46.39,60.13,59.93,7.21,74.67,72.72,60.73,22.8,77.9,88.0,22.36,65.79,57.2,6.32,98.08,42.43,72.99,34.41,20.4,95.85,55.32,47.41,80.22,2.83,46.39,75.39,39.7,20.0,48.0,71.22,45.34,59.46,62.23,73.76,8.94,74.03,61.35,72.5,92.2,31.3,28.28,75.39,70.68,27.2,69.77,36.06,43.08,20.4,31.0,84.06,53.0,73.54,47.76,35.81,25.32,79.18,36.88,62.63,32.14,72.9,31.02,64.29,21.0
9,14.42,40.0,68.41,49.4,25.61,75.07,20.1,53.67,30.0,0.0,18.87,46.17,54.59,25.06,42.19,53.25,22.8,50.64,42.94,34.0,37.36,77.82,66.48,14.14,38.21,27.2,26.91,85.6,48.37,56.6,4.47,28.07,85.04,61.19,43.86,60.93,27.2,25.06,65.05,12.17,12.17,30.0,76.66,17.09,29.73,65.15,73.35,29.73,53.85,50.99,63.78,72.11,47.07,22.36,65.05,62.48,46.82,62.8,48.17,16.12,20.1,27.29,78.6,63.13,45.12,63.51,11.4,14.04,71.7,46.0,52.4,22.47,65.44,18.38,51.66,18.25
10,8.25,45.65,49.68,31.05,30.0,56.57,17.2,34.93,40.79,18.87,0.0,28.28,50.12,6.32,23.32,36.77,34.23,34.06,37.2,20.59,36.77,62.64,48.66,18.44,26.08,26.68,35.44,66.84,39.29,37.74,16.97,45.61,66.48,50.16,30.07,42.38,38.47,6.32,46.86,26.08,29.12,11.31,64.12,27.86,32.25,52.15,58.24,44.0,35.44,33.29,46.04,53.85,44.41,16.97,46.86,44.94,46.69,45.65,42.94,8.0,37.95,46.14,61.4,54.34,34.41,58.18,28.32,15.52,54.08,39.4,34.67,13.6,48.02,11.4,33.3,20.62
11,36.06,70.34,29.73,4.47,44.05,37.95,42.43,10.77,68.12,46.17,28.28,0.0,65.6,22.09,11.31,33.11,62.0,8.49,34.53,17.2,58.31,56.89,20.4,46.0,18.97,37.2,62.29,44.94,50.99,16.49,43.08,73.76,46.52,56.04,36.77,15.62,66.03,22.09,32.06,49.4,57.27,20.4,64.62,48.41,43.27,53.67,53.37,72.11,8.49,26.0,34.06,26.0,62.77,40.79,32.06,34.23,67.08,36.5,58.82,30.46,65.97,73.16,49.09,63.25,24.0,71.45,53.24,43.0,41.05,54.41,26.57,36.67,37.12,37.12,21.84,47.17
12,44.94,27.2,63.15,64.9,77.79,64.12,35.44,63.53,39.4,54.59,50.12,65.6,0.0,51.61,54.41,39.29,41.23,74.03,87.13,68.41,18.11,44.94,80.5,40.45,74.03,76.16,35.44,76.03,15.23,60.93,57.27,59.46,72.03,20.88,29.53,70.68,40.5,51.61,54.59,66.75,52.15,48.17,34.41,71.39,80.99,29.12,41.76,48.33,67.23,44.94,50.36,81.71,8.25,34.18,54.59,48.37,12.81,46.17,7.21,57.27,57.27,68.88,55.73,15.0,82.46,9.0,65.19,41.0,54.01,11.31,45.54,36.67,49.09,39.92,49.77,36.35
13,14.0,50.16,43.86,24.74,32.56,50.99,21.54,28.64,46.39,25.06,6.32,22.09,51.61,0.0,17.2,32.98,40.05,28.28,35.78,16.97,40.0,59.23,42.43,24.08,22.63,28.0,40.79,60.96,39.4,31.62,22.8,51.92,60.83,49.03,28.28,36.06,44.18,0.0,41.62,31.24,35.44,6.32,62.03,32.25,34.06,50.04,54.92,50.04,29.12,28.64,41.18,47.54,46.69,20.59,41.62,40.25,49.68,41.23,44.41,11.66,44.27,52.35,56.8,54.08,31.11,59.17,33.97,21.1,49.24,40.5,29.97,16.64,43.38,15.81,28.02,25.71
14,29.73,60.83,26.91,10.77,46.52,34.41,34.06,12.17,60.13,42.19,23.32,11.31,54.41,17.2,0.0,22.8,54.59,19.8,42.05,22.09,48.08,48.04,28.28,38.83,26.08,40.5,54.04,43.86,39.7,14.42,40.0,68.35,44.05,44.94,25.46,20.1,58.31,17.2,26.0,48.08,52.0,12.65,54.41,48.41,46.82,43.08,44.18,65.12,14.14,16.12,26.68,32.06,51.88,32.0,26.0,26.31,56.46,28.07,47.71,28.28,60.93,69.46,42.45,52.01,32.98,60.14,51.09,35.9,34.48,43.27,17.03,28.02,29.43,29.43,13.15,39.2
15,38.83,55.32,24.08,30.53,65.51,26.68,36.88,26.91,59.93,53.25,36.77,33.11,39.29,32.98,22.8,0.0,56.6,41.18,64.5,44.18,40.79,26.31,42.8,43.86,48.66,60.53,53.67,38.83,24.33,22.8,52.84,74.03,36.06,24.08,12.65,32.8,59.06,32.98,16.12,62.61,59.4,26.68,31.62,64.62,66.75,20.59,22.09,67.23,31.24,7.21,12.65,42.94,40.05,34.06,16.12,10.77,46.0,10.0,34.23,44.27,67.94,78.52,25.5,32.2,55.79,42.49,64.14,41.73,19.42,30.07,7.07,31.83,13.04,35.47,12.04,42.01
16,26.08,18.97,77.25,64.12,48.08,82.29,20.88,66.75,7.21,22.8,34.23,62.0,41.23,40.05,54.59,56.6,0.0,68.26,65.51,53.85,23.41,76.42,82.1,16.0,58.82,50.0,6.0,94.02,41.62,67.91,27.2,18.87,92.13,54.92,44.41,74.67,4.47,40.05,71.55,32.8,13.42,42.19,71.02,38.42,52.35,61.22,72.14,10.77,68.26,57.27,68.96,86.58,32.98,23.41,71.55,67.23,30.07,66.57,36.77,36.06,16.12,27.66,81.4,53.71,66.48,50.01,29.15,19.0,76.01,36.72,58.6,26.93,69.64,25.18,59.81,15.52
17,42.19,77.79,34.23,10.77,44.05,42.43,49.48,16.12,74.67,50.64,34.06,8.49,74.03,28.28,19.8,41.18,68.26,0.0,30.46,17.89,66.21,64.03,17.2,52.35,16.97,36.88,69.05,47.54,59.46,22.09,47.07,78.64,50.0,64.4,45.25,17.09,72.44,28.28,38.21,52.0,62.29,27.86,72.5,50.12,42.43,61.77,60.73,78.03,12.0,34.0,40.79,24.08,71.02,48.08,38.21,41.23,75.18,43.68,67.2,34.53,70.71,76.92,55.08,71.7,18.97,79.93,56.3,49.37,47.17,62.8,34.44,43.97,43.93,43.93,29.55,53.94
18,43.86,80.92,64.03,38.83,22.0,72.28,53.81,45.12,72.72,42.94,37.2,34.53,87.13,35.78,42.05,64.5,65.51,30.46,0.0,20.4,73.76,90.09,46.04,52.5,16.0,16.49,68.82,78.0,75.15,50.99,38.47,68.41,80.32,84.12,63.25,47.54,69.97,35.78,66.48,36.88,54.63,40.5,95.71,32.25,18.11,83.95,86.21,72.5,41.76,58.14,68.12,53.25,81.61,54.04,66.48,68.03,83.74,70.0,79.92,31.11,60.73,62.39,83.49,89.69,11.66,94.89,41.98,50.25,75.43,76.16,59.08,50.8,71.06,48.27,55.0,55.9
19,28.64,66.24,46.52,21.63,26.91,54.63,37.74,27.78,60.73,34.0,20.59,17.2,68.41,16.97,22.09,44.18,53.85,17.89,20.4,0.0,56.85,70.0,34.99,38.63,5.66,20.0,55.71,62.13,55.57,33.11,30.07,62.03,63.53,63.91,43.08,32.56,58.24,16.97,47.54,34.18,46.04,20.59,75.31,32.25,26.08,63.56,66.03,62.8,25.61,38.0,48.66,41.62,63.66,37.2,47.54,48.37,66.6,50.16,61.22,18.11,54.04,59.44,64.33,69.78,14.14,75.72,38.6,35.85,56.29,57.2,39.01,33.42,51.48,31.91,35.23,41.15
20,30.0,14.56,64.28,58.82,61.74,67.47,20.0,59.23,22.8,37.36,36.77,58.31,18.11,40.0,48.08,40.79,23.41,66.21,73.76,56.85,0.0,55.61,76.16,23.41,62.48,61.06,17.89,79.62,20.0,58.31,40.5,42.05,76.66,32.56,28.28,67.08,23.32,40.0,56.89,49.48,34.06,38.47,48.41,54.41,65.3,39.7,51.61,31.62,62.1,44.05,53.37,78.92,10.0,19.8,56.89,51.42,10.0,50.0,13.42,42.8,39.29,50.96,63.07,30.41,70.94,27.07,47.52,24.6,59.14,14.14,45.1,23.43,53.16,25.5,48.01,19.31
21,63.56,69.34,34.41,53.37,91.78,29.73,59.36,48.08,77.9,77.82,62.64,56.89,44.94,59.23,48.04,26.31,76.42,64.03,90.09,70.0,55.61,0.0,60.03,66.57,74.11,86.83,72.14,38.47,35.61,42.38,78.0,95.02,33.11,24.17,34.0,50.99,77.79,59.23,26.83,88.02,82.1,52.95,14.56,90.44,93.06,16.12,4.47,86.28,52.5,32.0,23.41,57.2,50.12,56.6,26.83,22.8,56.36,20.4,43.91,70.34,90.0,101.26,14.76,30.81,80.62,42.58,89.05,65.0,19.21,41.62,31.02,55.47,20.25,59.48,35.23,63.82
22,56.32,89.11,26.0,18.0,61.22,32.98,62.03,17.09,88.0,66.48,48.66,20.4,80.5,42.43,28.28,42.8,82.1,17.2,46.04,34.99,76.16,60.03,0.0,66.12,34.06,54.04,82.02,34.23,65.3,20.0,63.25,94.15,38.0,66.84,50.99,10.0,86.02,42.43,33.29,68.88,77.67,40.0,71.22,67.23,59.46,62.23,57.69,92.35,14.14,36.06,37.2,7.21,79.12,60.13,33.29,38.42,84.12,41.23,74.32,50.6,86.35,93.3,48.1,75.0,34.41,84.91,73.01,63.13,41.15,69.86,35.81,56.08,40.22,57.01,31.06,67.0
23,10.2,28.43,62.61,48.17,38.47,68.26,7.21,50.99,22.36,14.14,18.44,46.0,40.45,24.08,38.83,43.86,16.0,52.35,52.5,38.63,23.41,66.57,66.12,0.0,43.86,38.42,17.09,79.65,34.93,52.5,17.09,30.53,78.23,48.08,32.8,58.86,20.1,24.08,57.69,26.31,15.62,26.31,63.91,31.05,42.19,52.8,62.13,26.31,52.35,43.27,55.61,70.71,32.98,10.0,57.69,54.04,33.11,53.81,34.06,21.63,24.08,34.83,69.3,49.37,51.88,49.37,25.02,3.0,63.13,32.06,44.65,12.21,56.73,9.49,45.18,4.12
24,34.0,71.69,48.7,23.41,27.2,56.92,43.27,29.73,65.79,38.21,26.08,18.97,74.03,22.63,26.08,48.66,58.82,16.97,16.0,5.66,62.48,74.11,34.06,43.86,0.0,20.0,60.93,63.53,61.06,35.44,34.06,66.03,65.39,69.08,48.33,33.29,63.25,22.63,50.64,36.88,50.36,26.08,80.05,34.18,25.46,68.41,70.26,67.47,26.83,42.19,52.15,41.04,69.31,42.8,50.64,52.04,72.25,54.0,66.84,22.8,58.03,62.65,67.6,75.13,8.49,81.27,41.59,41.15,59.54,62.8,43.1,39.05,55.08,37.44,39.0,46.53
25,31.3,66.48,66.24,41.62,7.21,74.24,41.18,47.71,57.2,27.2,26.68,37.2,76.16,28.0,40.5,60.53,50.0,36.88,16.49,20.0,61.06,86.83,54.04,38.42,20.0,0.0,53.81,82.1,65.97,52.84,22.8,51.92,83.35,76.66,56.14,52.5,54.41,28.0,66.48,20.4,38.47,34.06,90.02,16.0,6.32,78.03,82.61,56.36,45.61,55.32,67.05,60.96,69.77,42.05,66.48,66.48,71.02,67.91,69.08,18.97,44.27,46.1,82.86,81.02,22.8,84.5,25.5,36.62,74.95,65.79,56.52,39.56,69.64,36.25,53.45,42.2
26,27.2,13.42,75.29,64.03,52.5,79.85,20.0,66.12,6.32,26.91,35.44,62.29,35.44,40.79,54.04,53.67,6.0,69.05,68.82,55.71,17.89,72.14,82.02,17.09,60.93,53.81,0.0,91.76,36.88,66.75,31.11,24.17,89.55,50.0,41.18,74.11,5.66,40.79,69.08,37.74,18.97,42.05,66.03,43.27,56.64,56.64,67.94,14.14,68.0,55.03,66.21,86.09,27.2,22.09,69.08,64.4,24.08,63.53,31.3,38.47,22.09,33.54,77.94,48.3,68.88,44.15,34.44,19.92,72.95,31.62,56.3,26.02,66.65,25.18,57.97,15.13
27,72.11,94.15,17.2,40.5,88.81,12.17,73.35,34.41,98.08,85.6,66.84,44.94,76.03,60.96,43.86,38.83,94.02,47.54,78.0,62.13,79.62,38.47,34.23,79.65,63.53,82.1,91.76,0.0,62.13,29.73,83.74,110.15,5.66,56.57,51.42,30.46,96.93,60.96,22.8,91.93,94.34,55.61,52.8,92.02,88.2,49.03,38.63,104.79,36.72,36.77,26.31,28.0,78.23,70.68,22.8,28.28,84.38,30.07,72.11,72.14,103.25,112.65,23.71,64.94,66.48,76.79,94.92,77.03,22.2,68.26,35.47,67.54,27.02,70.33,34.48,78.72
28,36.06,34.0,48.37,50.0,68.73,50.04,28.28,48.37,42.43,48.37,39.29,50.99,15.23,39.4,39.7,24.33,41.62,59.46,75.15,55.57,20.0,35.61,65.3,34.93,61.06,65.97,36.88,62.13,0.0,45.69,50.04,60.46,58.55,13.42,14.42,55.46,42.52,39.4,40.05,60.13,49.4,34.99,29.53,64.0,71.39,19.8,31.62,50.99,52.15,29.73,36.0,66.48,16.12,26.08,40.05,34.0,22.36,32.06,10.0,47.07,56.36,67.98,43.66,15.13,69.34,20.52,59.68,34.37,40.61,6.32,30.36,27.07,35.13,31.02,34.54,31.32
29,43.86,72.03,13.42,12.17,59.36,21.54,47.07,6.0,72.99,56.6,37.74,16.49,60.93,31.62,14.42,22.8,67.91,22.09,50.99,33.11,58.31,42.38,20.0,52.5,35.44,52.84,66.75,29.73,45.69,0.0,54.41,82.46,30.53,46.86,31.62,10.0,71.39,31.62,16.12,62.29,66.21,26.83,52.15,62.29,59.06,42.52,39.4,78.59,10.2,16.12,18.97,20.88,60.17,44.72,16.12,19.7,65.51,22.36,55.03,42.52,75.15,83.86,33.02,55.0,40.2,65.0,65.44,49.65,25.08,50.6,15.81,41.0,22.14,43.01,11.18,52.39
30,14.56,44.05,66.6,46.52,21.63,73.54,22.09,51.11,34.41,4.47,16.97,43.08,57.27,22.8,40.0,52.84,27.2,47.07,38.47,30.07,40.5,78.0,63.25,17.09,34.06,22.8,31.11,83.74,50.04,54.41,0.0,32.0,83.45,62.51,44.27,58.14,31.62,22.8,63.78,10.2,16.49,28.28,77.67,14.14,25.61,65.97,73.54,34.18,50.99,50.0,62.8,69.08,50.0,24.0,63.78,61.61,50.16,62.13,50.64,12.65,24.0,30.08,77.94,65.0,40.79,66.1,11.4,16.28,70.8,48.17,51.4,23.35,64.64,19.24,50.25,21.19
31,38.63,34.23,93.06,76.66,47.54,98.79,37.2,80.32,20.4,28.07,45.61,73.76,59.46,51.92,68.35,74.03,18.87,78.64,68.41,62.03,42.05,95.02,94.15,30.53,66.03,51.92,24.17,110.15,60.46,82.46,32.0,0.0,108.76,73.78,62.29,87.93,18.97,51.92,88.2,31.62,16.49,55.71,89.89,36.77,52.0,80.0,90.69,12.0,81.04,73.78,86.02,99.46,51.26,40.0,88.2,84.4,47.54,84.02,55.46,44.18,8.0,11.7,99.25,72.45,72.44,68.01,26.57,33.12,93.41,55.57,75.17,42.72,87.01,39.82,75.66,32.02
32,71.22,91.21,17.2,42.05,89.89,10.0,71.69,35.78,95.85,85.04,66.48,46.52,72.03,60.83,44.05,36.06,92.13,50.0,80.32,63.53,76.66,33.11,38.0,78.23,65.39,83.35,89.55,5.66,58.55,30.53,83.45,108.76,0.0,52.15,48.7,32.98,94.85,60.83,20.59,92.02,93.23,55.17,47.54,92.46,89.55,44.41,33.53,102.86,38.63,34.99,23.41,32.25,74.67,68.96,20.59,25.3,80.89,26.68,68.47,72.25,102.08,111.83,18.38,60.41,68.96,72.34,94.75,75.72,18.03,64.78,33.62,66.04,23.54,69.07,33.42,77.03
33,48.17,45.61,45.69,54.04,80.1,45.12,41.23,50.91,55.32,61.19,50.16,56.04,20.88,49.03,44.94,24.08,54.92,64.4,84.12,63.91,32.56,24.17,66.84,48.08,69.08,76.66,50.0,56.57,13.42,46.86,62.51,73.78,52.15,0.0,20.88,56.85,55.61,49.03,36.77,72.69,62.77,43.68,16.12,76.24,82.39,8.25,20.88,64.03,55.17,31.11,32.31,66.57,26.08,38.83,36.77,30.46,32.25,27.86,20.0,58.14,69.77,81.39,35.13,8.54,76.97,20.22,72.57,47.3,34.37,18.44,31.14,39.2,30.36,43.29,36.07,44.6
34,29.73,42.76,36.06,35.61,60.03,39.29,25.61,34.0,47.41,43.86,30.07,36.77,29.53,28.28,25.46,12.65,44.41,45.25,63.25,43.08,28.28,34.0,50.99,32.8,48.33,56.14,41.18,51.42,14.42,31.62,44.27,62.29,48.7,20.88,0.0,41.23,46.65,28.28,28.64,54.41,48.41,22.8,34.06,57.27,62.03,22.09,29.53,54.92,37.74,16.12,25.3,52.5,28.64,22.8,28.64,23.41,34.23,22.36,23.41,38.05,56.64,67.62,37.01,26.93,56.36,34.71,55.15,31.06,31.76,18.97,17.03,21.47,25.5,25.5,20.62,30.41
35,49.48,80.4,18.11,11.66,59.46,26.0,54.15,8.0,80.22,60.93,42.38,15.62,70.68,36.06,20.1,32.8,74.67,17.09,47.54,32.56,67.08,50.99,10.0,58.86,33.29,52.5,74.11,30.46,55.46,10.0,58.14,87.93,32.98,56.85,41.23,0.0,78.41,36.06,24.17,64.9,71.47,32.56,61.61,64.03,58.41,52.35,48.37,85.16,7.21,26.08,27.78,12.0,69.57,52.04,24.17,28.84,74.73,31.62,64.62,45.65,80.32,88.14,40.02,65.0,36.06,74.95,68.6,55.9,32.57,60.17,25.81,48.09,30.89,49.5,21.1,59.3
36,30.27,16.12,80.32,68.03,52.35,85.09,24.33,70.46,2.83,27.2,38.47,66.03,40.5,44.18,58.31,59.06,4.47,72.44,69.97,58.24,23.32,77.79,86.02,20.1,63.25,54.41,5.66,96.93,42.52,71.39,31.62,18.97,94.85,55.61,46.65,78.41,0.0,44.18,74.32,36.88,17.2,46.04,71.61,42.52,56.64,62.29,73.59,8.49,72.11,60.17,71.55,90.35,32.31,26.68,74.32,69.77,28.64,68.96,36.72,40.5,18.11,29.07,83.49,53.71,70.94,49.04,33.02,23.09,78.39,37.2,61.47,30.41,72.07,29.02,62.94,19.1
37,14.0,50.16,43.86,24.74,32.56,50.99,21.54,28.64,46.39,25.06,6.32,22.09,51.61,0.0,17.2,32.98,40.05,28.28,35.78,16.97,40.0,59.23,42.43,24.08,22.63,28.0,40.79,60.96,39.4,31.62,22.8,51.92,60.83,49.03,28.28,36.06,44.18,0.0,41.62,31.24,35.44,6.32,62.03,32.25,34.06,50.04,54.92,50.04,29.12,28.64,41.18,47.54,46.69,20.59,41.62,40.25,49.68,41.23,44.41,11.66,44.27,52.35,56.8,54.08,31.11,59.17,33.97,21.1,49.24,40.5,29.97,16.64,43.38,15.81,28.02,25.71
38,50.99,71.39,8.94,28.0,72.5,10.77,51.11,22.09,75.39,65.05,46.86,32.06,54.59,41.62,26.0,16.12,71.55,38.21,66.48,47.54,56.89,26.83,33.29,57.69,50.64,66.48,69.08,22.8,40.05,16.12,63.78,88.2,20.59,36.77,28.64,24.17,74.32,41.62,0.0,72.8,72.8,35.61,38.21,73.78,72.8,30.53,24.41,82.29,26.31,14.42,4.47,31.11,56.0,48.37,0.0,6.32,62.03,8.94,50.04,53.25,81.61,91.55,17.03,45.31,56.04,56.61,75.17,55.22,9.0,46.0,13.04,45.49,7.07,48.6,13.6,56.44
39,24.74,51.11,74.97,53.25,16.12,82.22,32.0,58.41,39.7,12.17,26.08,49.4,66.75,31.24,48.08,62.61,32.8,52.0,36.88,34.18,49.48,88.02,68.88,26.31,36.88,20.4,37.74,91.93,60.13,62.29,10.2,31.62,92.02,72.69,54.41,64.9,36.88,31.24,72.8,0.0,19.8,37.2,87.86,5.66,20.59,76.16,83.57,37.2,57.69,59.36,72.11,75.18,59.23,34.06,72.8,71.02,58.82,71.69,60.3,19.8,24.17,26.02,87.46,75.03,42.05,75.66,5.1,26.02,80.16,58.03,60.75,33.54,74.09,29.43,59.2,30.41
40,22.36,32.31,77.18,60.17,35.61,83.23,22.8,63.91,20.0,12.17,29.12,57.27,52.15,35.44,52.0,59.4,13.42,62.29,54.63,46.04,34.06,82.1,77.67,15.62,50.36,38.47,18.97,94.34,49.4,66.21,16.49,16.49,93.23,62.77,48.41,71.47,17.2,35.44,72.8,19.8,0.0,39.4,78.79,25.46,40.0,68.0,77.67,17.89,64.56,58.41,70.94,82.97,44.05,25.61,72.8,69.43,42.19,69.31,46.69,28.0,8.94,19.21,84.86,63.06,57.27,61.13,15.81,17.69,78.57,45.61,59.82,27.59,72.18,24.21,59.91,18.36
41,17.09,50.0,38.42,22.0,38.83,45.25,22.09,24.74,48.0,30.0,11.31,20.4,48.17,6.32,12.65,26.68,42.19,27.86,40.5,20.59,38.47,52.95,40.0,26.31,26.08,34.06,42.05,55.61,34.99,26.83,28.28,55.71,55.17,43.68,22.8,32.56,46.04,6.32,35.61,37.2,39.4,0.0,56.14,38.47,40.2,44.18,48.66,52.61,26.08,22.36,34.99,44.41,44.05,20.4,35.61,34.0,47.71,34.93,41.04,17.89,48.33,57.14,50.54,49.24,34.41,55.22,39.62,23.35,43.05,36.88,23.71,16.28,37.12,17.03,22.02,27.0
42,63.15,60.83,46.69,61.74,94.09,43.27,56.92,57.31,71.22,76.66,64.12,64.62,34.41,62.03,54.41,31.62,71.02,72.5,95.71,75.31,48.41,14.56,71.22,63.91,80.05,90.02,66.03,52.8,29.53,52.15,77.67,89.89,47.54,16.12,34.06,61.61,71.61,62.03,38.21,87.86,78.79,56.14,0.0,91.08,96.0,12.0,14.42,80.0,61.77,38.63,34.06,69.31,41.04,54.41,38.21,32.8,46.86,30.0,35.38,72.11,85.88,97.49,29.15,19.42,87.36,30.08,88.06,62.94,32.2,34.41,38.08,54.34,31.14,58.46,42.95,60.54
43,28.07,56.6,75.29,52.5,10.77,82.8,36.22,58.0,45.34,17.09,27.86,48.41,71.39,32.25,48.41,64.62,38.42,50.12,32.25,32.25,54.41,90.44,67.23,31.05,34.18,16.0,43.27,92.02,64.0,62.29,14.14,36.77,92.46,76.24,57.27,64.03,42.52,32.25,73.78,5.66,25.46,38.47,91.08,0.0,15.23,79.25,86.02,42.8,56.85,60.83,73.43,73.78,64.03,38.05,73.78,72.47,63.91,73.35,64.78,20.59,29.53,30.15,89.01,79.03,38.47,80.23,10.3,30.41,81.49,62.29,62.18,37.05,75.59,33.02,60.21,35.17
44,36.06,69.66,72.47,47.71,4.47,80.5,45.69,53.85,59.46,29.73,32.25,43.27,80.99,34.06,46.82,66.75,52.35,42.43,18.11,26.08,65.3,93.06,59.46,42.19,25.46,6.32,56.64,88.2,71.39,59.06,25.61,52.0,89.55,82.39,62.03,58.41,56.64,34.06,72.8,20.59,40.0,40.2,96.0,15.23,0.0,84.0,88.81,57.69,51.61,61.61,73.38,66.48,74.32,46.82,72.8,72.8,75.18,74.22,74.0,24.33,44.72,44.91,89.19,86.49,26.83,89.49,25.5,40.71,81.27,70.88,62.82,44.64,75.96,41.11,59.77,46.14
45,51.42,53.25,39.45,51.11,82.1,37.95,45.69,47.2,62.23,65.15,52.15,53.67,29.12,50.04,43.08,20.59,61.22,61.77,83.95,63.56,39.7,16.12,62.23,52.8,68.41,78.03,56.64,49.03,19.8,42.52,65.97,80.0,44.41,8.25,22.09,52.35,62.29,50.04,30.53,76.16,68.0,44.18,12.0,79.25,84.0,0.0,12.65,70.77,51.61,27.78,26.08,61.22,34.0,43.08,30.53,24.41,40.25,21.63,27.78,60.13,75.47,86.95,27.02,16.03,75.89,28.02,76.54,51.62,26.93,25.61,27.46,42.72,23.71,46.84,32.45,49.65
46,59.09,65.51,32.56,50.0,87.48,28.84,54.92,44.94,73.76,73.35,58.24,53.37,41.76,54.92,44.18,22.09,72.14,60.73,86.21,66.03,51.61,4.47,57.69,62.13,70.26,82.61,67.94,38.63,31.62,39.4,73.54,90.69,33.53,20.88,29.53,48.37,73.59,54.92,24.41,83.57,77.67,48.66,14.42,86.02,88.81,12.65,0.0,82.07,49.4,28.07,20.59,55.32,46.52,52.15,24.41,19.7,52.8,17.09,40.25,65.97,85.6,96.83,15.3,28.16,76.94,40.11,84.58,60.54,17.8,37.74,27.17,51.0,17.49,55.01,31.58,59.41
47,36.06,22.36,88.02,74.43,53.25,93.04,31.62,77.28,8.94,29.73,44.0,72.11,48.33,50.04,65.12,67.23,10.77,78.03,72.5,62.8,31.62,86.28,92.35,26.31,67.47,56.36,14.14,104.79,50.99,78.59,34.18,12.0,102.86,64.03,54.92,85.16,8.49,50.04,82.29,37.2,17.89,52.61,80.0,42.8,57.69,70.77,82.07,0.0,78.64,68.03,79.65,97.02,40.25,34.18,82.29,77.9,36.06,77.18,44.94,44.72,14.42,23.35,91.84,61.91,74.73,56.65,32.65,29.27,86.61,45.61,69.35,37.64,80.26,35.69,70.58,26.25
48,42.76,74.97,22.36,4.47,52.5,30.59,48.0,4.47,74.03,53.85,35.44,8.49,67.23,29.12,14.14,31.24,68.26,12.0,41.76,25.61,62.1,52.5,14.14,52.35,26.83,45.61,68.0,36.72,52.15,10.2,50.99,81.04,38.63,55.17,37.74,7.21,72.11,29.12,26.31,57.69,64.56,26.08,61.77,56.85,51.61,51.61,49.4,78.64,0.0,24.08,29.12,18.44,65.39,46.04,26.31,29.73,70.23,32.31,60.83,38.47,73.38,81.02,43.1,62.97,30.59,72.2,61.4,49.37,35.23,56.36,24.21,42.01,32.28,43.1,19.21,53.04
49,36.77,58.31,20.4,23.32,60.73,25.06,36.72,19.8,61.35,50.99,33.29,26.0,44.94,28.64,16.12,7.21,57.27,34.0,58.14,38.0,44.05,32.0,36.06,43.27,42.19,55.32,55.03,36.77,29.73,16.12,50.0,73.78,34.99,31.11,16.12,26.08,60.17,28.64,14.42,59.36,58.41,22.36,38.63,60.83,61.61,27.78,28.07,68.03,24.08,0.0,12.81,36.77,44.72,34.0,14.42,11.66,50.36,12.65,39.29,40.25,67.2,77.23,28.18,39.05,49.03,48.88,61.4,40.8,20.81,34.93,1.41,31.06,14.76,34.21,5.0,42.06
50,49.52,67.91,13.42,30.27,72.8,14.14,48.83,24.74,72.5,63.78,46.04,34.06,50.36,41.18,26.68,12.65,68.96,40.79,68.12,48.66,53.37,23.41,37.2,55.61,52.15,67.05,66.21,26.31,36.0,18.97,62.8,86.02,23.41,32.31,25.3,27.78,71.55,41.18,4.47,72.11,70.94,34.99,34.06,73.43,73.38,26.08,20.59,79.65,29.12,12.81,0.0,35.38,52.04,46.04,4.47,2.0,58.14,4.47,46.0,52.84,79.65,89.87,15.81,40.85,58.03,52.2,74.2,53.26,8.06,42.05,11.4,43.42,3.16,46.75,13.6,54.08
51,61.19,92.35,22.8,22.8,68.12,28.64,66.12,20.0,92.2,72.11,53.85,26.0,81.71,47.54,32.06,42.94,86.58,24.08,53.25,41.62,78.92,57.2,7.21,70.71,41.04,60.96,86.09,28.0,66.48,20.88,69.08,99.46,32.25,66.57,52.5,12.0,90.35,47.54,31.11,75.18,82.97,44.41,69.31,73.78,66.48,61.22,55.32,97.02,18.44,36.77,35.38,0.0,81.04,64.03,31.11,36.88,86.35,39.7,75.89,56.46,91.76,99.16,44.29,74.95,41.62,85.42,79.16,67.74,38.01,71.47,36.25,60.07,38.18,61.4,31.95,71.25
52,38.47,19.8,64.12,62.61,70.94,66.12,28.64,62.03,31.3,47.07,44.41,62.77,8.25,46.69,51.88,40.05,32.98,71.02,81.61,63.66,10.0,50.12,79.12,32.98,69.31,69.77,27.2,78.23,16.12,60.17,50.0,51.26,74.67,26.08,28.64,69.57,32.31,46.69,56.0,59.23,44.05,44.05,41.04,64.03,74.32,34.0,46.52,40.25,65.39,44.72,52.04,81.04,0.0,27.78,56.0,50.04,6.32,48.17,6.32,51.11,49.03,60.64,59.48,22.02,77.79,17.12,57.43,33.84,56.72,10.0,45.54,30.81,51.24,33.62,49.24,28.86
53,10.77,29.73,53.85,42.19,43.68,59.06,2.83,44.05,28.28,22.36,16.97,40.79,34.18,20.59,32.0,34.06,23.41,48.08,54.04,37.2,19.8,56.6,60.13,10.0,42.8,42.05,22.09,70.68,26.08,44.72,24.0,40.0,68.96,38.83,22.8,52.04,26.68,20.59,48.37,34.06,25.61,20.4,54.41,38.05,46.82,43.08,52.15,34.18,46.04,34.0,46.04,64.03,27.78,0.0,48.37,44.41,29.73,44.05,27.2,23.32,33.94,44.82,59.41,41.0,51.22,42.72,33.73,8.54,53.41,24.33,35.36,4.12,47.01,5.83,36.4,8.06
54,50.99,71.39,8.94,28.0,72.5,10.77,51.11,22.09,75.39,65.05,46.86,32.06,54.59,41.62,26.0,16.12,71.55,38.21,66.48,47.54,56.89,26.83,33.29,57.69,50.64,66.48,69.08,22.8,40.05,16.12,63.78,88.2,20.59,36.77,28.64,24.17,74.32,41.62,0.0,72.8,72.8,35.61,38.21,73.78,72.8,30.53,24.41,82.29,26.31,14.42,4.47,31.11,56.0,48.37,0.0,6.32,62.03,8.94,50.04,53.25,81.61,91.55,17.03,45.31,56.04,56.61,75.17,55.22,9.0,46.0,13.04,45.49,7.07,48.6,13.6,56.44
55,48.17,65.97,15.23,30.59,72.11,16.12,47.2,25.3,70.68,62.48,44.94,34.23,48.37,40.25,26.31,10.77,67.23,41.23,68.03,48.37,51.42,22.8,38.42,54.04,52.04,66.48,64.4,28.28,34.0,19.7,61.61,84.4,25.3,30.46,23.41,28.84,69.77,40.25,6.32,71.02,69.43,34.0,32.8,72.47,72.8,24.41,19.7,77.9,29.73,11.66,2.0,36.88,50.04,44.41,6.32,0.0,56.14,2.83,44.0,51.88,78.1,88.41,16.55,39.0,58.14,50.29,73.01,51.74,9.22,40.05,10.3,41.87,3.16,45.28,13.15,52.43
56,40.0,14.42,70.03,67.23,71.55,72.25,30.0,67.05,27.2,46.82,46.69,67.08,12.81,49.68,56.46,46.0,30.07,75.18,83.74,66.6,10.0,56.36,84.12,33.11,72.25,71.02,24.08,84.38,22.36,65.51,50.16,47.54,80.89,32.25,34.23,74.73,28.64,49.68,62.03,58.82,42.19,47.71,46.86,63.91,75.18,40.25,52.8,36.06,70.23,50.36,58.14,86.35,6.32,29.73,62.03,56.14,0.0,54.33,12.65,52.8,46.17,57.56,65.8,27.59,80.72,20.62,56.52,34.48,62.97,16.12,51.24,33.24,57.43,35.47,54.74,29.07
57,48.41,64.56,17.89,32.98,73.38,18.0,46.86,27.86,69.77,62.8,45.65,36.5,46.17,41.23,28.07,10.0,66.57,43.68,70.0,50.16,50.0,20.4,41.23,53.81,54.0,67.91,63.53,30.07,32.06,22.36,62.13,84.02,26.68,27.86,22.36,31.62,68.96,41.23,8.94,71.69,69.31,34.93,30.0,73.35,74.22,21.63,17.09,77.18,32.31,12.65,4.47,39.7,48.17,44.05,8.94,2.83,54.33,0.0,42.05,52.8,77.9,88.39,15.81,36.4,60.3,47.8,73.5,51.62,9.43,38.21,11.4,41.73,3.16,45.28,15.0,52.01
58,37.95,25.61,58.31,58.31,70.88,60.03,28.64,57.27,36.06,48.17,42.94,58.82,7.21,44.41,47.71,34.23,36.77,67.2,79.92,61.22,13.42,43.91,74.32,34.06,66.84,69.08,31.3,72.11,10.0,55.03,50.64,55.46,68.47,20.0,23.41,64.62,36.72,44.41,50.04,60.3,46.69,41.04,35.38,64.78,74.0,27.78,40.25,44.94,60.83,39.29,46.0,75.89,6.32,27.2,50.04,44.0,12.65,42.05,0.0,50.16,52.5,64.2,53.16,17.0,75.29,15.52,59.01,34.37,50.49,4.47,40.02,29.55,45.1,32.89,43.97,30.02
59,12.81,50.0,55.17,34.0,22.0,62.48,22.8,38.83,43.08,16.12,8.0,30.46,57.27,11.66,28.28,44.27,36.06,34.53,31.11,18.11,42.8,70.34,50.6,21.63,22.8,18.97,38.47,72.14,47.07,42.52,12.65,44.18,72.25,58.14,38.05,45.65,40.5,11.66,53.25,19.8,28.0,17.89,72.11,20.59,24.33,60.13,65.97,44.72,38.47,40.25,52.84,56.46,51.11,23.32,53.25,51.88,52.8,52.8,50.16,0.0,36.22,42.72,68.43,62.17,30.46,65.55,23.02,19.21,60.9,46.82,41.59,20.62,55.01,17.49,39.66,24.84
60,31.3,34.23,86.09,68.96,40.25,92.09,31.11,72.8,20.4,20.1,37.95,65.97,57.27,44.27,60.93,67.94,16.12,70.71,60.73,54.04,39.29,90.0,86.35,24.08,58.03,44.27,22.09,103.25,56.36,75.15,24.0,8.0,102.08,69.77,56.64,80.32,18.11,44.27,81.61,24.17,8.94,48.33,85.88,29.53,44.72,75.47,85.6,14.42,73.38,67.2,79.65,91.76,49.03,33.94,81.61,78.1,46.17,77.9,52.5,36.22,0.0,11.7,93.35,69.29,64.5,66.1,19.24,26.4,87.21,52.0,68.6,36.24,80.81,33.02,68.8,26.25
61,40.61,45.0,95.44,76.56,40.61,101.83,42.01,80.95,31.0,27.29,46.14,73.16,68.88,52.35,69.46,78.52,27.66,76.92,62.39,59.44,50.96,101.26,93.3,34.83,62.65,46.1,33.54,112.65,67.98,83.86,30.08,11.7,111.83,81.39,67.62,88.14,29.07,52.35,91.55,26.02,19.21,57.14,97.49,30.15,44.91,86.95,96.83,23.35,81.02,77.23,89.87,99.16,60.64,44.82,91.55,88.41,57.56,88.39,64.2,42.72,11.7,0.0,104.0,80.99,68.07,77.67,21.1,36.8,97.59,63.69,78.64,46.69,91.22,43.14,78.41,37.44
62,64.2,77.47,22.14,45.01,88.6,15.81,62.24,39.01,84.06,78.6,61.4,49.09,55.73,56.8,42.45,25.5,81.4,55.08,83.49,64.33,63.07,14.76,48.1,69.3,67.6,82.86,77.94,23.71,43.66,33.02,77.94,99.25,18.38,35.13,37.01,40.02,83.49,56.8,17.03,87.46,84.86,50.54,29.15,89.01,89.19,27.02,15.3,91.84,43.1,28.18,15.81,44.29,59.48,59.41,17.03,16.55,65.8,15.81,53.16,68.43,93.35,104.0,0.0,43.0,73.06,55.0,89.31,67.21,8.06,49.98,26.83,57.31,13.42,60.96,29.41,67.27
63,51.16,41.77,54.23,61.55,83.86,53.6,43.05,58.8,53.0,63.13,54.34,63.25,15.0,54.08,52.01,32.2,53.71,71.7,89.69,69.78,30.41,30.81,75.0,49.37,75.13,81.02,48.3,64.94,15.13,55.0,65.0,72.45,60.41,8.54,26.93,65.0,53.71,54.08,45.31,75.03,63.06,49.24,19.42,79.03,86.49,16.03,28.16,61.91,62.97,39.05,40.85,74.95,22.02,41.0,45.31,39.0,27.59,36.4,17.0,62.17,69.29,80.99,43.0,0.0,83.24,12.0,74.33,49.09,42.76,17.46,39.2,42.19,38.9,46.1,44.05,45.54
64,42.19,79.92,52.95,28.07,29.73,61.19,51.61,34.23,73.54,45.12,34.41,24.0,82.46,31.11,32.98,55.79,66.48,18.97,11.66,14.14,70.94,80.62,34.41,51.88,8.49,22.8,68.88,66.48,69.34,40.2,40.79,72.44,68.96,76.97,56.36,36.06,70.94,31.11,56.04,42.05,57.27,34.41,87.36,38.47,26.83,75.89,76.94,74.73,30.59,49.03,58.03,41.62,77.79,51.22,56.04,58.14,80.72,60.3,75.29,30.46,64.5,68.07,73.06,83.24,0.0,89.63,47.01,49.24,65.03,71.22,49.82,47.51,61.07,45.8,45.4,54.71
65,53.45,34.89,65.46,70.29,86.4,65.31,44.15,68.24,47.76,63.51,58.18,71.45,9.0,59.17,60.14,42.49,50.01,79.93,94.89,75.72,27.07,42.58,84.91,49.37,81.27,84.5,44.15,76.79,20.52,65.0,66.1,68.01,72.34,20.22,34.71,74.95,49.04,59.17,56.61,75.66,61.13,55.22,30.08,80.23,89.49,28.02,40.11,56.65,72.2,48.88,52.2,85.42,17.12,42.72,56.61,50.29,20.62,47.8,15.52,65.55,66.1,77.67,55.0,12.0,89.63,0.0,74.17,49.82,54.59,18.79,49.24,44.94,50.45,48.38,53.85,45.28
66,25.5,47.85,77.83,56.94,21.02,84.86,31.4,61.85,35.81,11.4,28.32,53.24,65.19,33.97,51.09,64.14,29.15,56.3,41.98,38.6,47.52,89.05,73.01,25.02,41.59,25.5,34.44,94.92,59.68,65.44,11.4,26.57,94.75,72.57,55.15,68.6,33.02,33.97,75.17,5.1,15.81,39.62,88.06,10.3,25.5,76.54,84.58,32.65,61.4,61.4,74.2,79.16,57.43,33.73,75.17,73.01,56.52,73.5,59.01,23.02,19.24,21.1,89.31,74.33,47.01,74.17,0.0,25.32,82.2,57.08,62.8,33.84,76.03,29.73,61.62,29.0
67,7.28,30.81,59.94,45.18,37.16,65.73,6.08,48.05,25.32,14.04,15.52,43.0,41.0,21.1,35.9,41.73,19.0,49.37,50.25,35.85,24.6,65.0,63.13,3.0,41.15,36.62,19.92,77.03,34.37,49.65,16.28,33.12,75.72,47.3,31.06,55.9,23.09,21.1,55.22,26.02,17.69,23.35,62.94,30.41,40.71,51.62,60.54,29.27,49.37,40.8,53.26,67.74,33.84,8.54,55.22,51.74,34.48,51.62,34.37,19.21,26.4,36.8,67.21,49.09,49.24,49.82,25.32,0.0,60.88,32.02,42.2,9.9,54.49,6.71,42.54,5.66
68,57.38,73.68,15.26,37.0,80.78,11.18,56.22,31.06,79.18,71.7,54.08,41.05,54.01,49.24,34.48,19.42,76.01,47.17,75.43,56.29,59.14,19.21,41.15,63.13,59.54,74.95,72.95,22.2,40.61,25.08,70.8,93.41,18.03,34.37,31.76,32.57,78.39,49.24,9.0,80.16,78.57,43.05,32.2,81.49,81.27,26.93,17.8,86.61,35.23,20.81,8.06,38.01,56.72,53.41,9.0,9.22,62.97,9.43,50.49,60.9,87.21,97.59,8.06,42.76,65.03,54.59,82.2,60.88,0.0,46.87,19.42,50.99,6.4,54.45,21.54,61.4
69,34.93,27.78,54.15,53.85,67.91,56.14,26.08,52.8,36.88,46.0,39.4,54.41,11.31,40.5,43.27,30.07,36.72,62.8,76.16,57.2,14.14,41.62,69.86,32.06,62.8,65.79,31.62,68.26,6.32,50.6,48.17,55.57,64.78,18.44,18.97,60.17,37.2,40.5,46.0,58.03,45.61,36.88,34.41,62.29,70.88,25.61,37.74,45.61,56.36,34.93,42.05,71.47,10.0,24.33,46.0,40.05,16.12,38.21,4.47,46.82,52.0,63.69,49.98,17.46,71.22,18.79,57.08,32.02,46.87,0.0,35.69,26.25,41.3,29.83,39.56,28.16
70,38.18,59.41,19.24,23.71,61.98,23.71,38.08,19.85,62.63,52.4,34.67,26.57,45.54,29.97,17.03,7.07,58.6,34.44,59.08,39.01,45.1,31.02,35.81,44.65,43.1,56.52,56.3,35.47,30.36,15.81,51.4,75.17,33.62,31.14,17.03,25.81,61.47,29.97,13.04,60.75,59.82,23.71,38.08,62.18,62.82,27.46,27.17,69.35,24.21,1.41,11.4,36.25,45.54,35.36,13.04,10.3,51.24,11.4,40.02,41.59,68.6,78.64,26.83,39.2,49.82,49.24,62.8,42.2,19.42,35.69,0.0,32.45,13.42,35.61,5.0,43.42
71,9.0,33.84,50.57,38.12,41.77,56.08,6.08,40.11,32.14,22.47,13.6,36.67,36.67,16.64,28.02,31.83,26.93,43.97,50.8,33.42,23.43,55.47,56.08,12.21,39.05,39.56,26.02,67.54,27.07,41.0,23.35,42.72,66.04,39.2,21.47,48.09,30.41,16.64,45.49,33.54,27.59,16.28,54.34,37.05,44.64,42.72,51.0,37.64,42.01,31.06,43.42,60.07,30.81,4.12,45.49,41.87,33.24,41.73,29.55,20.62,36.24,46.69,57.31,42.19,47.51,44.94,33.84,9.9,50.99,26.25,32.45,0.0,44.6,4.12,33.11,11.4
72,51.09,67.72,15.81,33.38,75.27,15.03,49.82,27.89,72.9,65.44,48.02,37.12,49.09,43.38,29.43,13.04,69.64,43.93,71.06,51.48,53.16,20.25,40.22,56.73,55.08,69.64,66.65,27.02,35.13,22.14,64.64,87.01,23.54,30.36,25.5,30.89,72.07,43.38,7.07,74.09,72.18,37.12,31.14,75.59,75.96,23.71,17.49,80.26,32.28,14.76,3.16,38.18,51.24,47.01,7.07,3.16,57.43,3.16,45.1,55.01,80.81,91.22,13.42,38.9,61.07,50.45,76.03,54.49,6.4,41.3,13.42,44.6,0.0,48.08,16.28,55.0
73,5.1,34.44,53.24,39.01,38.08,59.08,5.83,41.59,31.02,18.38,11.4,37.12,39.92,15.81,29.43,35.47,25.18,43.93,48.27,31.91,25.5,59.48,57.01,9.49,37.44,36.25,25.18,70.33,31.02,43.01,19.24,39.82,69.07,43.29,25.5,49.5,29.02,15.81,48.6,29.43,24.21,17.03,58.46,33.02,41.11,46.84,55.01,35.69,43.1,34.21,46.75,61.4,33.62,5.83,48.6,45.28,35.47,45.28,32.89,17.49,33.02,43.14,60.96,46.1,45.8,48.38,29.73,6.71,54.45,29.83,35.61,4.12,48.08,0.0,35.85,10.05
74,37.8,62.07,17.46,18.79,59.24,23.43,39.0,14.87,64.29,51.66,33.3,21.84,49.77,28.02,13.15,12.04,59.81,29.55,55.0,35.23,48.01,35.23,31.06,45.18,39.0,53.45,57.97,34.48,34.54,11.18,50.25,75.66,33.42,36.07,20.62,21.1,62.94,28.02,13.6,59.2,59.91,22.02,42.95,60.21,59.77,32.45,31.58,70.58,19.21,5.0,13.6,31.95,49.24,36.4,13.6,13.15,54.74,15.0,43.97,39.66,68.8,78.41,29.41,44.05,45.4,53.85,61.62,42.54,21.54,39.56,5.0,33.11,16.28,35.85,0.0,44.38
75,12.53,25.24,61.85,49.0,42.49,67.12,5.39,51.35,21.0,18.25,20.62,47.17,36.35,25.71,39.2,42.01,15.52,53.94,55.9,41.15,19.31,63.82,67.0,4.12,46.53,42.2,15.13,78.72,31.32,52.39,21.19,32.02,77.03,44.6,30.41,59.3,19.1,25.71,56.44,30.41,18.36,27.0,60.54,35.17,46.14,49.65,59.41,26.25,53.04,42.06,54.08,71.25,28.86,8.06,56.44,52.43,29.07,52.01,30.02,24.84,26.25,37.44,67.27,45.54,54.71,45.28,29.0,5.66,61.4,28.16,43.42,11.4,55.0,10.05,44.38,0.0
