set K:= 1	2	3	4	5	6	7	8;
set C_H:= 1	2	3	4	5	6	7	8	9	10	11	12	13	14	15	16	17	18	19	20	21;
set C_S:= 22	23	24	25	26	27	28	29	30	31	32	33	34	35	36	37	38	39	40	41;
set C_F:= 42	43	44	45	46	47	48	49	50	51	52	53	54	55	56	57	58	59	60	61;
set M:= 62	63;
set L_B:= 64	65	66	67	68	69	70	71;
set A1:=
(0,*) 1 2 3 4 5 6 7 8 9 10 11 12 13 14 15 16 17 18 19 20 21 42 43 44 45 46 47 48 49 50 51 52 53 54 55 56 57 58 59 60 61 62 63 64 65 66 67 68 69 70 71
(1,*) 0 2 3 4 5 6 7 8 9 10 11 12 13 14 15 16 17 18 19 20 21 42 43 44 45 46 47 48 49 50 51 52 53 54 55 56 57 58 59 60 61 62 63 64 65 66 67 68 69 70 71
(2,*) 0 1 3 4 5 6 7 8 9 10 11 12 13 14 15 16 17 18 19 20 21 42 43 44 45 46 47 48 49 50 51 52 53 54 55 56 57 58 59 60 61 62 63 64 65 66 67 68 69 70 71
(3,*) 0 1 2 4 5 6 7 8 9 10 11 12 13 14 15 16 17 18 19 20 21 42 43 44 45 46 47 48 49 50 51 52 53 54 55 56 57 58 59 60 61 62 63 64 65 66 67 68 69 70 71
(4,*) 0 1 2 3 5 6 7 8 9 10 11 12 13 14 15 16 17 18 19 20 21 42 43 44 45 46 47 48 49 50 51 52 53 54 55 56 57 58 59 60 61 62 63 64 65 66 67 68 69 70 71
(5,*) 0 1 2 3 4 6 7 8 9 10 11 12 13 14 15 16 17 18 19 20 21 42 43 44 45 46 47 48 49 50 51 52 53 54 55 56 57 58 59 60 61 62 63 64 65 66 67 68 69 70 71
(6,*) 0 1 2 3 4 5 7 8 9 10 11 12 13 14 15 16 17 18 19 20 21 42 43 44 45 46 47 48 49 50 51 52 53 54 55 56 57 58 59 60 61 62 63 64 65 66 67 68 69 70 71
(7,*) 0 1 2 3 4 5 6 8 9 10 11 12 13 14 15 16 17 18 19 20 21 42 43 44 45 46 47 48 49 50 51 52 53 54 55 56 57 58 59 60 61 62 63 64 65 66 67 68 69 70 71
(8,*) 0 1 2 3 4 5 6 7 9 10 11 12 13 14 15 16 17 18 19 20 21 42 43 44 45 46 47 48 49 50 51 52 53 54 55 56 57 58 59 60 61 62 63 64 65 66 67 68 69 70 71
(9,*) 0 1 2 3 4 5 6 7 8 10 11 12 13 14 15 16 17 18 19 20 21 42 43 44 45 46 47 48 49 50 51 52 53 54 55 56 57 58 59 60 61 62 63 64 65 66 67 68 69 70 71
(10,*) 0 1 2 3 4 5 6 7 8 9 11 12 13 14 15 16 17 18 19 20 21 42 43 44 45 46 47 48 49 50 51 52 53 54 55 56 57 58 59 60 61 62 63 64 65 66 67 68 69 70 71
(11,*) 0 1 2 3 4 5 6 7 8 9 10 12 13 14 15 16 17 18 19 20 21 42 43 44 45 46 47 48 49 50 51 52 53 54 55 56 57 58 59 60 61 62 63 64 65 66 67 68 69 70 71
(12,*) 0 1 2 3 4 5 6 7 8 9 10 11 13 14 15 16 17 18 19 20 21 42 43 44 45 46 47 48 49 50 51 52 53 54 55 56 57 58 59 60 61 62 63 64 65 66 67 68 69 70 71
(13,*) 0 1 2 3 4 5 6 7 8 9 10 11 12 14 15 16 17 18 19 20 21 42 43 44 45 46 47 48 49 50 51 52 53 54 55 56 57 58 59 60 61 62 63 64 65 66 67 68 69 70 71
(14,*) 0 1 2 3 4 5 6 7 8 9 10 11 12 13 15 16 17 18 19 20 21 42 43 44 45 46 47 48 49 50 51 52 53 54 55 56 57 58 59 60 61 62 63 64 65 66 67 68 69 70 71
(15,*) 0 1 2 3 4 5 6 7 8 9 10 11 12 13 14 16 17 18 19 20 21 42 43 44 45 46 47 48 49 50 51 52 53 54 55 56 57 58 59 60 61 62 63 64 65 66 67 68 69 70 71
(16,*) 0 1 2 3 4 5 6 7 8 9 10 11 12 13 14 15 17 18 19 20 21 42 43 44 45 46 47 48 49 50 51 52 53 54 55 56 57 58 59 60 61 62 63 64 65 66 67 68 69 70 71
(17,*) 0 1 2 3 4 5 6 7 8 9 10 11 12 13 14 15 16 18 19 20 21 42 43 44 45 46 47 48 49 50 51 52 53 54 55 56 57 58 59 60 61 62 63 64 65 66 67 68 69 70 71
(18,*) 0 1 2 3 4 5 6 7 8 9 10 11 12 13 14 15 16 17 19 20 21 42 43 44 45 46 47 48 49 50 51 52 53 54 55 56 57 58 59 60 61 62 63 64 65 66 67 68 69 70 71
(19,*) 0 1 2 3 4 5 6 7 8 9 10 11 12 13 14 15 16 17 18 20 21 42 43 44 45 46 47 48 49 50 51 52 53 54 55 56 57 58 59 60 61 62 63 64 65 66 67 68 69 70 71
(20,*) 0 1 2 3 4 5 6 7 8 9 10 11 12 13 14 15 16 17 18 19 21 42 43 44 45 46 47 48 49 50 51 52 53 54 55 56 57 58 59 60 61 62 63 64 65 66 67 68 69 70 71
(21,*) 0 1 2 3 4 5 6 7 8 9 10 11 12 13 14 15 16 17 18 19 20 42 43 44 45 46 47 48 49 50 51 52 53 54 55 56 57 58 59 60 61 62 63 64 65 66 67 68 69 70 71
(42,*) 0 1 2 3 4 5 6 7 8 9 10 11 12 13 14 15 16 17 18 19 20 21 43 44 45 46 47 48 49 50 51 52 53 54 55 56 57 58 59 60 61 62 63 64 65 66 67 68 69 70 71
(43,*) 0 1 2 3 4 5 6 7 8 9 10 11 12 13 14 15 16 17 18 19 20 21 42 44 45 46 47 48 49 50 51 52 53 54 55 56 57 58 59 60 61 62 63 64 65 66 67 68 69 70 71
(44,*) 0 1 2 3 4 5 6 7 8 9 10 11 12 13 14 15 16 17 18 19 20 21 42 43 45 46 47 48 49 50 51 52 53 54 55 56 57 58 59 60 61 62 63 64 65 66 67 68 69 70 71
(45,*) 0 1 2 3 4 5 6 7 8 9 10 11 12 13 14 15 16 17 18 19 20 21 42 43 44 46 47 48 49 50 51 52 53 54 55 56 57 58 59 60 61 62 63 64 65 66 67 68 69 70 71
(46,*) 0 1 2 3 4 5 6 7 8 9 10 11 12 13 14 15 16 17 18 19 20 21 42 43 44 45 47 48 49 50 51 52 53 54 55 56 57 58 59 60 61 62 63 64 65 66 67 68 69 70 71
(47,*) 0 1 2 3 4 5 6 7 8 9 10 11 12 13 14 15 16 17 18 19 20 21 42 43 44 45 46 48 49 50 51 52 53 54 55 56 57 58 59 60 61 62 63 64 65 66 67 68 69 70 71
(48,*) 0 1 2 3 4 5 6 7 8 9 10 11 12 13 14 15 16 17 18 19 20 21 42 43 44 45 46 47 49 50 51 52 53 54 55 56 57 58 59 60 61 62 63 64 65 66 67 68 69 70 71
(49,*) 0 1 2 3 4 5 6 7 8 9 10 11 12 13 14 15 16 17 18 19 20 21 42 43 44 45 46 47 48 50 51 52 53 54 55 56 57 58 59 60 61 62 63 64 65 66 67 68 69 70 71
(50,*) 0 1 2 3 4 5 6 7 8 9 10 11 12 13 14 15 16 17 18 19 20 21 42 43 44 45 46 47 48 49 51 52 53 54 55 56 57 58 59 60 61 62 63 64 65 66 67 68 69 70 71
(51,*) 0 1 2 3 4 5 6 7 8 9 10 11 12 13 14 15 16 17 18 19 20 21 42 43 44 45 46 47 48 49 50 52 53 54 55 56 57 58 59 60 61 62 63 64 65 66 67 68 69 70 71
(52,*) 0 1 2 3 4 5 6 7 8 9 10 11 12 13 14 15 16 17 18 19 20 21 42 43 44 45 46 47 48 49 50 51 53 54 55 56 57 58 59 60 61 62 63 64 65 66 67 68 69 70 71
(53,*) 0 1 2 3 4 5 6 7 8 9 10 11 12 13 14 15 16 17 18 19 20 21 42 43 44 45 46 47 48 49 50 51 52 54 55 56 57 58 59 60 61 62 63 64 65 66 67 68 69 70 71
(54,*) 0 1 2 3 4 5 6 7 8 9 10 11 12 13 14 15 16 17 18 19 20 21 42 43 44 45 46 47 48 49 50 51 52 53 55 56 57 58 59 60 61 62 63 64 65 66 67 68 69 70 71
(55,*) 0 1 2 3 4 5 6 7 8 9 10 11 12 13 14 15 16 17 18 19 20 21 42 43 44 45 46 47 48 49 50 51 52 53 54 56 57 58 59 60 61 62 63 64 65 66 67 68 69 70 71
(56,*) 0 1 2 3 4 5 6 7 8 9 10 11 12 13 14 15 16 17 18 19 20 21 42 43 44 45 46 47 48 49 50 51 52 53 54 55 57 58 59 60 61 62 63 64 65 66 67 68 69 70 71
(57,*) 0 1 2 3 4 5 6 7 8 9 10 11 12 13 14 15 16 17 18 19 20 21 42 43 44 45 46 47 48 49 50 51 52 53 54 55 56 58 59 60 61 62 63 64 65 66 67 68 69 70 71
(58,*) 0 1 2 3 4 5 6 7 8 9 10 11 12 13 14 15 16 17 18 19 20 21 42 43 44 45 46 47 48 49 50 51 52 53 54 55 56 57 59 60 61 62 63 64 65 66 67 68 69 70 71
(59,*) 0 1 2 3 4 5 6 7 8 9 10 11 12 13 14 15 16 17 18 19 20 21 42 43 44 45 46 47 48 49 50 51 52 53 54 55 56 57 58 60 61 62 63 64 65 66 67 68 69 70 71
(60,*) 0 1 2 3 4 5 6 7 8 9 10 11 12 13 14 15 16 17 18 19 20 21 42 43 44 45 46 47 48 49 50 51 52 53 54 55 56 57 58 59 61 62 63 64 65 66 67 68 69 70 71
(61,*) 0 1 2 3 4 5 6 7 8 9 10 11 12 13 14 15 16 17 18 19 20 21 42 43 44 45 46 47 48 49 50 51 52 53 54 55 56 57 58 59 60 62 63 64 65 66 67 68 69 70 71
(62,*) 0 1 2 3 4 5 6 7 8 9 10 11 12 13 14 15 16 17 18 19 20 21 42 43 44 45 46 47 48 49 50 51 52 53 54 55 56 57 58 59 60 61 63 64 65 66 67 68 69 70 71
(63,*) 0 1 2 3 4 5 6 7 8 9 10 11 12 13 14 15 16 17 18 19 20 21 42 43 44 45 46 47 48 49 50 51 52 53 54 55 56 57 58 59 60 61 62 64 65 66 67 68 69 70 71
(64,*) 0 1 2 3 4 5 6 7 8 9 10 11 12 13 14 15 16 17 18 19 20 21 42 43 44 45 46 47 48 49 50 51 52 53 54 55 56 57 58 59 60 61 62 63 65 66 67 68 69 70 71
(65,*) 0 1 2 3 4 5 6 7 8 9 10 11 12 13 14 15 16 17 18 19 20 21 42 43 44 45 46 47 48 49 50 51 52 53 54 55 56 57 58 59 60 61 62 63 64 66 67 68 69 70 71
(66,*) 0 1 2 3 4 5 6 7 8 9 10 11 12 13 14 15 16 17 18 19 20 21 42 43 44 45 46 47 48 49 50 51 52 53 54 55 56 57 58 59 60 61 62 63 64 65 67 68 69 70 71
(67,*) 0 1 2 3 4 5 6 7 8 9 10 11 12 13 14 15 16 17 18 19 20 21 42 43 44 45 46 47 48 49 50 51 52 53 54 55 56 57 58 59 60 61 62 63 64 65 66 68 69 70 71
(68,*) 0 1 2 3 4 5 6 7 8 9 10 11 12 13 14 15 16 17 18 19 20 21 42 43 44 45 46 47 48 49 50 51 52 53 54 55 56 57 58 59 60 61 62 63 64 65 66 67 69 70 71
(69,*) 0 1 2 3 4 5 6 7 8 9 10 11 12 13 14 15 16 17 18 19 20 21 42 43 44 45 46 47 48 49 50 51 52 53 54 55 56 57 58 59 60 61 62 63 64 65 66 67 68 70 71
(70,*) 0 1 2 3 4 5 6 7 8 9 10 11 12 13 14 15 16 17 18 19 20 21 42 43 44 45 46 47 48 49 50 51 52 53 54 55 56 57 58 59 60 61 62 63 64 65 66 67 68 69 71
(71,*) 0 1 2 3 4 5 6 7 8 9 10 11 12 13 14 15 16 17 18 19 20 21 42 43 44 45 46 47 48 49 50 51 52 53 54 55 56 57 58 59 60 61 62 63 64 65 66 67 68 69 70
;
set A2:=
(62,*) 63
(63,*) 62
;
param BigM:=99999;
param n:= 8;
param d:=
1	16
2	8
3	4
4	9
5	1
6	4
7	7
8	2
9	22
10	14
11	14
12	2
13	9
14	2
15	19
16	16
17	21
18	2
19	23
20	21
21	2
22	26
23	18
24	7
25	2
26	22
27	3
28	20
29	1
30	2
31	4
32	16
33	3
34	23
35	10
36	24
37	19
38	16
39	6
40	2
41	7
42	11
43	9
44	16
45	7
46	6
47	23
48	12
49	6
50	11
51	12
52	20
53	18
54	18
55	26
56	9
57	24
58	12
59	2
60	16
61	26
;
param Q:=100;
param w:=
[62,*] 63 0.5
[63,*] 62 0.5
;
param V:=
[62,*] 63 89
[63,*] 62 89
;
param e:
	62	63	64	65	66	67	68	69	70	71:=
22	1	0	0	0	0	0	0	0	0	0	
23	0	0	0	1	0	0	0	0	0	0	
24	0	0	1	0	0	1	0	0	0	1	
25	0	0	0	0	0	0	1	0	0	1	
26	0	0	0	0	0	0	1	0	0	0	
27	0	0	0	0	0	0	0	0	0	1	
28	0	0	0	0	0	0	1	0	0	1	
29	1	0	0	0	0	0	0	0	0	0	
30	0	0	0	0	1	0	0	0	0	0	
31	0	0	0	1	0	0	0	0	0	0	
32	1	0	0	0	0	0	0	0	0	0	
33	1	0	0	0	0	0	0	0	0	0	
34	1	0	0	0	0	0	0	0	0	0	
35	0	0	0	1	0	0	0	0	0	0	
36	0	0	0	0	0	0	0	0	0	1	
37	0	0	1	0	0	0	0	0	0	0	
38	0	0	0	0	1	0	0	0	0	0	
39	0	0	0	1	0	0	0	0	0	0	
40	1	0	0	0	0	0	0	0	0	0	
41	0	1	0	0	0	0	0	1	0	0	
42	0	1	0	0	0	0	0	1	0	0	
43	1	0	1	0	0	0	0	0	0	0	
44	0	0	0	0	1	0	0	0	0	0	
45	0	0	1	0	0	1	0	0	1	0	
46	0	0	0	0	0	0	1	0	0	1	
47	0	0	0	1	0	0	0	0	0	0	
48	1	0	0	0	0	0	0	0	0	1	
49	0	0	1	0	0	1	0	0	1	0	
50	0	0	0	0	0	1	0	0	1	0	
51	1	0	0	0	0	0	0	0	0	0	
52	0	0	0	0	0	0	0	0	1	0	
53	0	0	1	0	0	0	0	0	1	0	
54	0	0	0	1	0	0	0	0	0	0	
55	0	1	0	0	1	0	0	1	0	0	
56	1	0	0	0	0	0	0	0	0	0	
57	1	0	0	0	0	0	0	0	0	0	
58	0	0	1	0	0	0	0	0	0	0	
59	0	0	0	0	0	0	1	0	0	1	
60	0	0	0	0	0	0	0	1	0	0	
61	0	0	1	0	0	0	0	0	0	0	
;
param p:=
1	3
2	3
3	3
4	3
5	3
6	3
7	3
8	3
;
param G:=
62	88
63	89
64	70
65	90
66	73
67	93
68	97
69	100
70	84
71	90
;
param s:=
0	0
1	10
2	10
3	10
4	10
5	10
6	10
7	10
8	10
9	10
10	10
11	10
12	10
13	10
14	10
15	10
16	10
17	10
18	10
19	10
20	10
21	10
42	10
43	10
44	10
45	10
46	10
47	10
48	10
49	10
50	10
51	10
52	10
53	10
54	10
55	10
56	10
57	10
58	10
59	10
60	10
61	10
62	10
63	10
64	10
65	10
66	10
67	10
68	10
69	10
70	10
71	10
;
param t:
	0	1	2	3	4	5	6	7	8	9	10	11	12	13	14	15	16	17	18	19	20	21	22	23	24	25	26	27	28	29	30	31	32	33	34	35	36	37	38	39	40	41	42	43	44	45	46	47	48	49	50	51	52	53	54	55	56	57	58	59	60	61	62	63	64	65	66	67	68	69	70	71:=
0	0.0	85.48	94.89	9.43	47.27	38.63	101.98	13.89	52.39	85.44	43.91	55.46	59.03	53.08	56.44	26.68	50.7	64.9	74.09	31.02	72.8	52.24	66.13	46.75	51.48	40.31	3.16	52.8	39.12	95.34	2.0	37.74	95.52	98.98	81.01	51.97	28.44	83.01	18.11	25.08	75.03	39.2	52.35	73.76	24.08	80.4	29.12	37.01	102.16	66.12	75.61	102.0	93.98	91.27	40.52	43.28	70.18	83.41	94.89	25.0	67.21	99.81	74.63	40.22	70.06	37.36	28.43	62.01	41.18	46.01	75.31	44.65
1	85.48	0.0	33.84	85.45	112.45	47.43	86.68	79.2	54.45	5.83	95.13	30.23	45.88	89.0	51.62	70.61	104.31	21.59	68.26	59.46	67.36	42.72	22.2	44.41	41.62	50.21	82.37	33.02	46.52	23.35	83.73	47.85	10.63	21.47	4.47	49.16	59.2	40.79	97.01	67.45	14.87	88.23	88.1	21.38	97.74	33.38	57.43	76.11	19.03	38.08	67.12	16.55	75.13	50.6	64.03	80.78	22.56	13.45	87.37	61.29	90.8	83.55	12.04	90.44	38.33	65.19	84.96	43.97	44.29	86.95	55.01	41.23
2	94.89	33.84	0.0	91.44	107.34	58.01	57.04	84.4	80.96	39.66	88.23	45.35	38.08	77.9	42.94	88.96	96.05	46.14	47.17	64.13	46.87	42.76	33.53	66.73	43.42	54.59	91.79	46.87	61.52	12.17	92.91	62.39	37.95	18.0	34.71	75.15	66.48	16.28	100.88	84.59	27.78	82.68	77.23	24.04	99.16	14.87	66.19	97.98	27.0	29.41	45.28	35.23	46.39	20.22	86.98	73.5	52.63	47.2	60.02	70.26	74.2	54.08	41.11	84.6	26.0	87.09	83.67	34.93	58.42	78.6	33.6	58.25
3	9.43	85.45	91.44	0.0	39.0	38.01	94.15	7.07	58.24	86.05	34.48	55.22	54.33	43.84	51.01	34.01	41.44	65.86	66.76	27.51	65.52	48.76	64.88	50.25	48.38	37.34	9.22	52.43	40.31	93.05	8.54	38.9	95.8	97.17	81.02	57.01	26.42	78.52	12.21	31.4	73.82	29.83	43.14	71.69	16.28	76.69	28.02	45.4	101.12	62.17	68.41	101.79	86.68	86.01	47.38	34.41	72.25	84.86	86.76	24.21	58.14	92.11	75.29	30.81	65.92	44.28	19.1	57.43	41.77	36.77	69.26	45.97
4	47.27	112.45	107.34	39.0	0.0	68.43	87.05	40.61	96.34	114.62	19.24	84.06	70.29	32.02	64.82	73.01	14.0	96.38	67.05	54.59	66.41	70.09	90.27	86.02	70.94	62.68	48.04	81.3	73.54	112.93	47.1	72.24	123.07	118.34	108.41	94.37	56.86	91.59	29.83	70.18	98.49	24.84	32.28	94.05	23.19	93.01	59.62	84.21	124.46	79.51	69.26	127.48	84.17	94.85	86.21	33.84	104.66	115.43	78.01	57.25	44.01	86.21	104.56	22.8	82.01	83.15	28.18	73.25	73.82	29.07	76.49	78.79
5	38.63	47.43	58.01	38.01	68.43	0.0	80.62	31.89	37.16	48.17	53.85	17.2	28.02	53.0	29.0	32.31	63.32	28.43	52.63	13.93	51.22	18.36	27.51	21.59	16.55	9.85	35.47	14.42	7.62	57.07	36.77	7.21	57.8	60.44	43.01	32.57	12.04	48.76	49.68	27.51	36.4	46.57	52.0	35.51	50.99	44.41	10.0	43.57	63.56	31.62	53.15	63.81	70.09	58.87	35.36	42.11	36.24	47.63	76.22	13.89	61.39	77.78	37.48	48.76	35.74	34.06	40.25	30.02	6.0	48.26	47.2	11.05
6	101.98	86.68	57.04	94.15	87.05	80.62	0.0	88.14	116.21	92.2	70.26	79.92	53.41	56.22	51.62	110.89	73.06	88.57	28.6	75.8	30.0	63.25	73.41	99.81	65.44	71.45	99.73	79.32	87.78	69.0	100.18	87.73	93.54	75.03	85.62	110.8	80.6	45.89	97.53	105.89	74.33	69.23	56.32	67.36	92.2	53.37	82.46	123.33	84.02	54.59	27.66	92.02	11.7	37.01	115.97	61.13	98.09	98.49	9.22	85.0	43.05	3.16	88.87	69.87	51.89	114.56	77.2	52.43	85.04	61.81	34.99	88.24
7	13.89	79.2	84.4	7.07	40.61	31.89	88.14	0.0	55.73	80.06	32.57	49.04	47.27	40.0	44.0	33.54	40.61	60.11	60.41	20.62	59.14	41.76	58.31	46.1	41.44	30.46	12.04	46.23	35.0	86.16	12.21	33.6	89.64	90.38	74.81	53.85	20.0	71.45	17.8	30.07	67.23	26.83	39.2	64.88	19.72	69.63	21.93	45.88	94.51	55.11	61.98	95.44	80.32	79.0	46.01	29.7	67.01	79.25	81.01	18.44	53.76	86.01	69.35	28.23	58.86	43.05	16.16	50.36	36.12	33.02	62.39	40.61
8	52.39	54.45	80.96	58.24	96.34	37.16	116.21	55.73	0.0	51.04	86.01	37.64	62.8	88.28	65.19	26.63	95.02	35.11	89.04	48.05	87.66	53.01	48.02	16.4	50.8	47.01	50.33	37.48	29.55	74.63	51.62	30.08	61.01	74.95	50.8	5.83	43.57	77.8	69.89	27.31	53.31	79.06	87.3	57.31	74.46	71.28	40.61	24.6	73.44	62.94	89.31	69.0	105.12	89.02	13.45	76.94	32.06	45.1	112.61	41.11	98.08	113.23	42.76	81.02	66.53	16.28	70.06	63.89	31.76	82.61	81.57	28.02
9	85.44	5.83	39.66	86.05	114.62	48.17	92.2	80.06	51.04	0.0	97.75	31.11	49.73	92.31	55.36	68.96	107.04	20.59	73.06	60.88	72.11	45.62	25.08	42.45	44.29	52.01	82.38	33.94	46.32	29.0	83.76	47.71	10.44	26.63	7.07	46.01	60.14	46.32	97.84	66.13	19.1	90.74	91.39	26.02	98.99	38.83	58.14	73.55	22.8	42.43	72.01	18.11	80.6	56.3	61.4	83.65	19.0	7.81	92.66	61.85	94.83	89.05	10.82	92.96	43.05	62.8	86.83	48.05	44.41	89.89	60.03	40.82
10	43.91	95.13	88.23	34.48	19.24	53.85	70.26	32.57	86.01	97.75	0.0	68.03	51.62	14.04	46.01	65.97	9.49	80.62	48.27	40.02	47.54	52.43	72.95	73.55	53.54	46.62	43.38	65.39	60.02	94.18	42.94	58.86	105.68	99.72	91.27	83.1	43.42	72.4	31.24	62.17	80.8	7.28	14.0	75.93	24.41	74.03	46.39	78.45	106.15	60.83	50.45	109.64	66.19	75.64	77.78	14.87	89.54	99.28	61.52	45.04	28.16	69.07	88.12	5.1	63.13	74.97	16.49	54.49	59.67	9.85	57.27	64.76
11	55.46	30.23	45.35	55.22	84.06	17.2	79.92	49.04	37.64	31.11	68.03	0.0	27.51	64.54	31.58	44.05	77.47	12.65	54.42	29.83	53.14	19.1	12.04	21.95	17.03	21.47	52.33	2.83	17.26	42.01	53.67	18.44	40.61	44.55	25.81	31.89	29.07	40.22	66.84	40.01	20.22	60.84	63.56	21.38	67.88	34.0	27.2	52.63	46.82	25.61	54.23	46.65	68.51	51.4	41.79	54.71	22.2	31.38	77.39	31.06	70.01	76.85	20.62	63.07	29.0	41.76	56.04	27.73	14.56	61.03	44.94	13.04
12	59.03	45.88	38.08	54.33	70.29	28.02	53.41	47.27	62.8	49.73	51.62	27.51	0.0	43.57	5.83	59.94	60.21	38.33	26.93	28.16	25.63	9.9	25.18	46.4	12.04	20.25	56.08	26.4	34.71	42.64	57.04	34.83	55.95	48.1	42.72	57.43	31.78	24.19	63.06	55.01	31.02	45.45	42.72	25.06	61.1	23.26	32.57	71.56	54.67	9.22	26.83	58.83	42.45	32.39	63.13	36.77	48.37	53.46	50.12	36.14	45.12	50.45	42.19	47.51	12.08	62.01	45.62	3.16	31.83	42.52	19.21	34.83
13	53.08	89.0	77.9	43.84	32.02	53.0	56.22	40.0	88.28	92.31	14.04	64.54	43.57	0.0	37.74	71.59	18.79	77.13	35.11	40.31	34.54	46.82	67.23	74.17	48.38	44.18	51.86	62.17	60.07	85.04	51.74	59.14	99.3	90.91	85.49	84.59	44.72	61.72	43.42	67.23	74.24	14.42	1.0	68.6	37.16	64.38	47.68	84.53	98.01	52.43	37.34	102.4	52.35	63.63	81.91	11.4	86.68	94.87	47.52	47.54	14.76	55.04	83.49	14.32	54.04	79.38	24.76	46.04	59.0	7.07	45.49	64.01
14	56.44	51.62	42.94	51.01	64.82	29.0	51.62	44.0	65.19	55.36	46.01	31.58	5.83	37.74	0.0	59.91	54.49	43.05	23.85	26.25	22.47	12.65	30.59	48.88	14.87	20.0	53.6	30.08	36.24	48.17	54.45	36.12	61.74	53.74	48.38	60.03	30.46	28.16	59.03	54.92	36.77	40.0	36.89	30.89	56.61	28.3	31.76	72.01	60.44	14.87	24.21	64.66	41.23	35.0	64.35	31.14	53.08	58.86	47.43	34.93	39.62	48.8	47.52	42.01	17.2	62.97	40.85	8.49	33.6	36.8	19.31	37.22
15	26.68	70.61	88.96	34.01	73.01	32.31	110.89	33.54	26.63	68.96	65.97	44.05	59.94	71.59	59.91	0.0	74.15	49.03	82.33	35.36	80.92	50.57	56.08	26.57	48.85	39.96	25.18	42.19	27.46	86.01	26.31	26.68	79.4	88.14	66.29	27.59	30.41	80.96	44.72	5.0	64.01	59.77	70.68	65.28	50.16	76.16	28.43	13.04	89.11	63.91	83.24	86.83	101.02	91.18	13.93	60.37	51.08	65.0	105.42	26.17	83.86	108.23	58.69	61.4	68.01	10.77	49.48	62.17	30.59	65.0	78.89	31.02
16	50.7	104.31	96.05	41.44	14.0	63.32	73.06	40.61	95.02	107.04	9.49	77.47	60.21	18.79	54.49	74.15	0.0	90.08	53.85	49.48	53.31	61.59	82.15	82.87	62.77	56.08	50.6	74.85	69.43	102.53	49.98	68.25	114.83	108.21	100.5	92.27	52.77	80.0	35.81	70.58	89.87	16.76	19.24	84.81	28.6	82.13	55.73	86.35	114.87	69.35	56.08	118.6	70.41	82.37	86.37	23.6	99.02	108.69	64.01	54.23	30.02	72.25	97.49	14.56	71.42	83.49	25.02	62.97	69.12	17.69	64.14	74.22
17	64.9	21.59	46.14	65.86	96.38	28.43	88.57	60.11	35.11	20.59	80.62	12.65	38.33	77.13	43.05	49.03	90.08	0.0	64.76	41.88	63.56	31.06	15.26	23.02	29.15	34.01	61.85	15.23	25.81	39.56	63.25	27.2	30.87	40.31	17.26	29.41	40.46	45.45	77.79	45.88	18.36	73.41	76.16	23.35	79.4	38.21	38.21	55.01	40.2	34.18	64.29	37.95	76.92	56.73	43.1	67.36	10.05	19.21	86.98	41.73	82.15	85.43	9.85	75.64	36.67	44.0	68.26	37.85	24.08	73.68	53.85	20.25
18	74.09	68.26	47.17	66.76	67.05	52.63	28.6	60.41	89.04	73.06	48.27	54.42	26.93	35.11	23.85	82.33	53.85	64.76	0.0	47.2	1.41	36.24	50.49	72.72	38.47	43.19	71.69	53.31	60.0	56.86	72.24	59.82	77.1	63.16	66.03	83.86	52.01	31.3	71.57	77.34	54.01	45.18	34.79	47.04	67.07	36.69	53.91	94.85	71.51	31.14	2.24	77.88	19.92	29.73	87.86	36.01	74.73	78.06	23.6	56.4	27.59	26.08	67.27	46.39	30.02	86.31	51.24	26.93	57.43	38.64	13.93	61.06
19	31.02	59.46	64.13	27.51	54.59	13.93	75.8	20.62	48.05	60.88	40.02	29.83	28.16	40.31	26.25	35.36	49.48	41.88	47.2	0.0	45.8	21.38	38.01	34.0	20.88	9.85	28.0	27.02	20.1	65.55	29.02	19.03	70.04	69.78	55.17	44.28	5.0	52.0	38.08	30.41	46.87	32.76	39.32	44.28	38.29	49.5	7.62	48.17	74.09	35.13	48.26	75.43	66.37	60.53	42.94	29.07	50.09	61.03	70.09	9.22	50.33	73.24	50.45	34.93	39.05	40.82	26.42	31.06	19.65	35.0	45.54	24.74
20	72.8	67.36	46.87	65.52	66.41	51.22	30.0	59.14	87.66	72.11	47.54	53.14	25.63	34.54	22.47	80.92	53.31	63.56	1.41	45.8	0.0	34.89	49.37	71.34	37.12	41.77	70.38	52.0	58.6	56.36	70.94	58.41	76.3	62.65	65.07	82.49	50.61	30.89	70.46	75.93	53.04	44.28	34.18	46.1	66.03	36.06	52.5	93.43	70.94	30.07	3.0	77.2	21.19	29.83	86.45	35.06	73.55	77.03	25.0	55.0	27.59	27.46	66.19	45.54	29.07	84.9	50.16	25.71	56.04	37.85	13.42	59.68
21	52.24	42.72	42.76	48.76	70.09	18.36	63.25	41.76	53.01	45.62	52.43	19.1	9.9	46.82	12.65	50.57	61.59	31.06	36.24	21.38	34.89	0.0	20.59	36.62	2.24	12.0	49.16	17.46	24.84	44.72	50.25	25.0	53.25	49.4	38.95	47.71	24.0	31.26	58.69	45.69	28.43	45.61	45.88	24.21	57.8	28.16	24.19	61.91	54.67	14.04	36.36	57.38	52.35	40.8	53.26	38.08	41.01	48.08	59.68	28.07	51.09	60.31	36.69	47.8	18.11	52.2	43.42	11.66	21.93	44.29	29.07	25.0
22	66.13	22.2	33.53	64.88	90.27	27.51	73.41	58.31	48.02	25.08	72.95	12.04	25.18	67.23	30.59	56.08	82.15	15.26	50.49	38.01	49.37	20.59	0.0	33.24	19.42	28.43	62.97	14.04	29.07	30.07	64.26	30.15	32.8	32.98	18.36	42.19	38.47	30.41	76.01	52.0	8.94	66.03	66.31	9.49	76.22	23.43	37.16	64.54	36.24	19.42	49.82	37.54	61.74	41.73	53.45	58.67	24.7	28.28	72.12	41.23	70.21	70.26	17.03	68.24	21.54	53.6	62.94	24.0	26.17	64.88	38.9	25.08
23	46.75	44.41	66.73	50.25	86.02	21.59	99.81	46.1	16.4	42.45	73.55	21.95	46.4	74.17	48.88	26.57	82.87	23.02	72.72	34.0	71.34	36.62	33.24	0.0	34.41	31.32	44.05	21.4	14.14	61.81	45.45	15.03	52.89	63.13	40.2	11.18	30.15	62.13	62.43	24.19	39.81	66.37	73.17	42.72	65.74	55.95	27.17	32.06	63.2	46.75	72.95	60.42	88.73	73.24	20.4	63.03	24.6	38.48	96.25	28.86	82.98	96.83	32.39	68.47	50.45	21.02	58.46	47.51	15.81	69.0	65.19	11.66
24	51.48	41.62	43.42	48.38	70.94	16.55	65.44	41.44	50.8	44.29	53.54	17.03	12.04	48.38	14.87	48.85	62.77	29.15	38.47	20.88	37.12	2.24	19.42	34.41	0.0	11.18	48.37	15.3	22.8	44.78	49.5	23.02	52.2	49.24	37.74	45.49	23.09	32.56	58.6	44.01	27.59	46.62	47.43	23.85	57.98	29.02	23.02	60.03	54.2	15.3	38.59	56.59	54.49	42.38	51.22	39.36	39.05	46.49	61.91	27.0	53.04	62.48	35.11	48.83	19.42	50.22	43.93	13.6	19.85	45.62	31.14	22.8
25	40.31	50.21	54.59	37.34	62.68	9.85	71.45	30.46	47.01	52.01	46.62	21.47	20.25	44.18	20.0	39.96	56.08	34.01	43.19	9.85	41.77	12.0	28.43	31.32	11.18	0.0	37.22	18.79	17.46	55.71	38.33	17.0	60.83	59.93	46.01	42.38	12.0	43.19	47.89	34.99	37.2	39.4	43.19	34.44	47.8	40.11	12.37	52.01	64.35	26.02	43.84	65.95	61.22	52.39	44.69	33.73	43.01	52.84	66.71	16.12	51.79	68.68	41.88	41.63	30.07	43.14	34.83	22.8	15.52	40.02	38.95	20.22
26	3.16	82.37	91.79	9.22	48.04	35.47	99.73	12.04	50.33	82.38	43.38	52.33	56.08	51.86	53.6	25.18	50.6	61.85	71.69	28.0	70.38	49.16	62.97	44.05	48.37	37.22	0.0	49.66	36.06	92.18	1.41	34.67	92.44	95.82	77.9	49.65	25.32	80.0	19.65	23.09	71.87	38.28	51.09	70.6	25.02	77.32	25.96	36.22	99.01	63.07	73.16	98.88	91.55	88.36	38.83	41.73	67.27	80.43	92.78	21.84	65.76	97.51	71.56	39.45	67.03	35.69	27.46	59.03	38.08	44.82	72.57	41.62
27	52.8	33.02	46.87	52.43	81.3	14.42	79.32	46.23	37.48	33.94	65.39	2.83	26.4	62.17	30.08	42.19	74.85	15.23	53.31	27.02	52.0	17.46	14.04	21.4	15.3	18.79	49.66	0.0	15.03	44.1	50.99	16.12	43.42	46.87	28.6	31.83	26.25	40.82	64.03	38.01	22.56	58.18	61.19	23.09	65.05	34.93	24.41	51.24	49.4	25.46	53.23	49.4	68.01	51.87	40.72	52.2	24.52	34.13	76.48	28.3	68.01	76.28	23.43	60.42	29.07	40.5	53.25	26.93	12.17	58.52	44.41	11.4
28	39.12	46.52	61.52	40.31	73.54	7.62	87.78	35.0	29.55	46.32	60.02	17.26	34.71	60.07	36.24	27.46	69.43	25.81	60.0	20.1	58.6	24.84	29.07	14.14	22.8	17.46	36.06	15.03	0.0	59.14	37.44	1.41	56.44	61.81	42.05	25.0	16.76	53.85	52.4	23.09	37.48	52.77	59.08	38.01	54.64	48.76	13.93	37.58	63.89	37.12	60.44	63.07	77.08	64.4	28.43	49.0	32.02	44.6	83.6	16.64	68.88	84.9	35.51	54.92	41.15	27.46	45.54	36.4	3.16	55.04	53.91	5.66
29	95.34	23.35	12.17	93.05	112.93	57.07	69.0	86.16	74.63	29.0	94.18	42.01	42.64	85.04	48.17	86.01	102.53	39.56	56.86	65.55	56.36	44.72	30.07	61.81	44.78	55.71	92.18	44.1	59.14	0.0	93.41	60.21	26.0	6.32	25.24	68.96	67.05	25.63	103.37	82.02	22.09	88.09	84.29	21.59	102.47	20.81	66.22	93.77	15.13	33.42	55.15	23.09	58.14	32.02	82.2	79.31	44.29	36.77	71.57	70.34	83.01	66.01	32.65	90.14	31.11	82.73	87.66	39.7	56.22	84.86	42.95	55.0
30	2.0	83.73	92.91	8.54	47.1	36.77	100.18	12.21	51.62	83.76	42.94	53.67	57.04	51.74	54.45	26.31	49.98	63.25	72.24	29.02	70.94	50.25	64.26	45.45	49.5	38.33	1.41	50.99	37.44	93.41	0.0	36.06	93.81	97.08	79.26	51.0	26.48	81.01	18.44	24.35	73.16	38.01	50.99	71.84	24.0	78.41	27.2	37.12	100.32	64.12	73.74	100.24	92.11	89.27	40.02	41.77	68.68	81.84	93.15	23.09	65.76	97.99	72.95	39.12	68.07	36.88	27.2	60.01	39.45	44.69	73.35	43.01
31	37.74	47.85	62.39	38.9	72.24	7.21	87.73	33.6	30.08	47.71	58.86	18.44	34.83	59.14	36.12	26.68	68.25	27.2	59.82	19.03	58.41	25.0	30.15	15.03	23.02	17.0	34.67	16.12	1.41	60.21	36.06	0.0	57.8	62.97	43.38	25.71	15.52	54.42	50.99	22.2	38.64	51.62	58.14	39.0	53.25	49.48	12.65	37.12	65.15	37.58	60.31	64.4	77.1	64.88	28.32	48.01	33.42	46.01	83.41	15.26	68.15	84.86	36.89	53.76	41.63	27.2	44.27	36.62	4.0	54.01	54.04	7.07
32	95.52	10.63	37.95	95.8	123.07	57.8	93.54	89.64	61.01	10.44	105.68	40.61	55.95	99.3	61.74	79.4	114.83	30.87	77.1	70.04	76.3	53.25	32.8	52.89	52.2	60.83	92.44	43.42	56.44	26.0	93.81	57.8	0.0	21.63	14.87	56.14	69.66	48.01	107.45	76.55	25.06	98.81	98.41	31.02	108.3	41.05	67.8	83.86	15.0	47.76	75.8	8.06	82.22	56.72	71.7	91.27	29.15	16.12	95.01	71.61	100.57	90.45	21.02	101.02	47.54	73.16	95.59	53.85	54.38	97.42	63.51	51.0
33	98.98	21.47	18.0	97.17	118.34	60.44	75.03	90.38	74.95	26.63	99.72	44.55	48.1	90.91	53.74	88.14	108.21	40.31	63.16	69.78	62.65	49.4	32.98	63.13	49.24	59.93	95.82	46.87	61.81	6.32	97.08	62.97	21.63	0.0	24.35	69.43	70.94	31.95	107.78	84.38	24.33	93.51	90.14	25.5	107.19	26.93	69.89	95.19	9.0	38.9	61.47	17.46	64.28	38.12	83.38	84.86	43.66	34.41	77.78	74.0	89.19	72.06	32.28	95.59	36.88	84.15	92.66	45.25	59.03	90.52	49.24	57.31
34	81.01	4.47	34.71	81.02	108.41	43.01	85.62	74.81	50.8	7.07	91.27	25.81	42.72	85.49	48.38	66.29	100.5	17.26	66.03	55.17	65.07	38.95	18.36	40.2	37.74	46.01	77.9	28.6	42.05	25.24	79.26	43.38	14.87	24.35	0.0	45.4	54.82	39.85	92.62	63.06	12.04	84.31	84.58	19.0	93.43	32.28	53.01	72.03	23.02	35.36	65.0	21.02	73.98	50.16	60.0	77.03	19.31	13.0	85.84	56.86	87.8	82.46	8.06	86.53	36.01	61.07	80.81	41.0	39.82	83.24	53.08	36.77
35	51.97	49.16	75.15	57.01	94.37	32.57	110.8	53.85	5.83	46.01	83.1	31.89	57.43	84.59	60.03	27.59	92.27	29.41	83.86	44.28	82.49	47.71	42.19	11.18	45.49	42.38	49.65	31.83	25.0	68.96	51.0	25.71	56.14	69.43	45.4	0.0	40.05	72.01	68.94	27.2	47.54	76.03	83.6	51.48	73.05	65.46	37.05	28.16	68.18	57.28	84.06	64.07	99.64	83.24	16.16	73.33	27.02	40.45	107.38	38.05	93.86	107.8	37.34	78.06	60.83	18.36	67.48	58.41	26.93	79.16	76.06	22.83
36	28.44	59.2	66.48	26.42	56.86	12.04	80.6	20.0	43.57	60.14	43.42	29.07	31.78	44.72	30.46	30.41	52.77	40.46	52.01	5.0	50.61	24.0	38.47	30.15	23.09	12.0	25.32	26.25	16.76	67.05	26.48	15.52	69.66	70.94	54.82	40.05	0.0	55.15	37.8	25.46	47.41	36.22	43.74	45.54	38.95	52.09	3.0	43.19	74.71	38.01	53.01	75.45	71.02	64.13	38.01	33.38	48.02	59.67	75.01	4.47	55.15	78.01	49.5	38.33	42.05	35.85	28.79	34.53	17.0	39.12	49.77	21.93
37	83.01	40.79	16.28	78.52	91.59	48.76	45.89	71.45	77.8	46.32	72.4	40.22	24.19	61.72	28.16	80.96	80.0	45.45	31.3	52.0	30.89	31.26	30.41	62.13	32.56	43.19	80.0	40.82	53.85	25.63	81.01	54.42	48.01	31.95	39.85	72.01	55.15	0.0	87.1	76.24	29.07	67.12	61.07	22.47	84.77	7.62	55.44	91.39	40.52	17.26	29.55	47.52	34.37	11.31	81.41	57.8	54.08	52.81	47.0	59.3	58.01	42.76	43.83	68.96	13.15	80.96	68.95	21.1	50.7	62.68	17.49	51.88
38	18.11	97.01	100.88	12.21	29.83	49.68	97.53	17.8	69.89	97.84	31.24	66.84	63.06	43.42	59.03	44.72	35.81	77.79	71.57	38.08	70.46	58.69	76.01	62.43	58.6	47.89	19.65	64.03	52.4	103.37	18.44	50.99	107.45	107.78	92.62	68.94	37.8	87.1	0.0	42.72	84.91	29.07	42.94	82.3	7.21	86.02	39.7	55.01	112.16	71.47	73.44	113.23	91.24	93.65	58.46	36.4	84.39	96.88	89.49	36.07	58.18	95.8	87.11	29.15	75.0	55.32	20.4	66.22	53.74	36.67	76.11	58.05
39	25.08	67.45	84.59	31.4	70.18	27.51	105.89	30.07	27.31	66.13	62.17	40.01	55.01	67.23	54.92	5.0	70.58	45.88	77.34	30.41	75.93	45.69	52.0	24.19	44.01	34.99	23.09	38.01	23.09	82.02	24.35	22.2	76.55	84.38	63.06	27.2	25.46	76.24	42.72	0.0	60.13	55.79	66.31	61.07	47.68	71.59	23.43	17.8	85.7	59.14	78.24	83.82	96.02	86.38	16.03	55.95	48.76	62.61	100.45	21.26	79.26	103.23	55.66	57.49	63.25	13.0	45.71	57.27	26.17	60.75	73.93	27.07
40	75.03	14.87	27.78	73.82	98.49	36.4	74.33	67.23	53.31	19.1	80.8	20.22	31.02	74.24	36.77	64.01	89.87	18.36	54.01	46.87	53.04	28.43	8.94	39.81	27.59	37.2	71.87	22.56	37.48	22.09	73.16	38.64	25.06	24.33	12.04	47.54	47.41	29.07	84.91	60.13	0.0	74.03	73.36	7.07	85.0	21.47	46.1	71.7	27.29	23.35	53.01	29.0	62.64	39.96	60.21	66.29	25.5	24.33	74.15	50.16	75.96	71.17	14.76	76.22	24.0	60.67	71.45	29.12	34.71	72.4	41.19	33.06
41	39.2	88.23	82.68	29.83	24.84	46.57	69.23	26.83	79.06	90.74	7.28	60.84	45.45	14.42	40.0	59.77	16.76	73.41	45.18	32.76	44.28	45.61	66.03	66.37	46.62	39.4	38.28	58.18	52.77	88.09	38.01	51.62	98.81	93.51	84.31	76.03	36.22	67.12	29.07	55.79	74.03	0.0	13.89	69.35	23.09	68.24	39.2	72.45	99.7	54.67	47.27	102.94	64.03	71.17	71.2	9.49	82.28	92.13	60.88	38.0	29.15	67.74	81.01	2.24	57.2	68.45	10.82	48.41	52.39	7.62	52.81	57.49
42	52.35	88.1	77.23	43.14	32.28	52.0	56.32	39.2	87.3	91.39	14.0	63.56	42.72	1.0	36.89	70.68	19.24	76.16	34.79	39.32	34.18	45.88	66.31	73.17	47.43	43.19	51.09	61.19	59.08	84.29	50.99	58.14	98.41	90.14	84.58	83.6	43.74	61.07	42.94	66.31	73.36	13.89	0.0	67.74	36.77	63.66	46.69	83.63	97.2	51.61	37.0	101.55	52.24	63.13	80.96	10.44	85.7	93.92	47.68	46.57	15.26	55.08	82.54	13.93	53.26	78.43	24.08	45.22	58.0	6.4	44.94	63.01
43	73.76	21.38	24.04	71.69	94.05	35.51	67.36	64.88	57.31	26.02	75.93	21.38	25.06	68.6	30.89	65.28	84.81	23.35	47.04	44.28	46.1	24.21	9.49	42.72	23.85	34.44	70.6	23.09	38.01	21.59	71.84	39.0	31.02	25.5	19.0	51.48	45.54	22.47	82.3	61.07	7.07	69.35	67.74	0.0	81.84	15.0	44.64	73.98	30.48	16.76	46.0	33.84	55.66	33.6	62.94	61.22	31.62	31.4	67.08	48.76	69.57	64.2	21.54	71.51	17.03	63.06	67.62	22.85	35.0	67.2	34.13	34.37
44	24.08	97.74	99.16	16.28	23.19	50.99	92.2	19.72	74.46	98.99	24.41	67.88	61.1	37.16	56.61	50.16	28.6	79.4	67.07	38.29	66.03	57.8	76.22	65.74	57.98	47.8	25.02	65.05	54.64	102.47	24.0	53.25	108.3	107.19	93.43	73.05	38.95	84.77	7.21	47.68	85.0	23.09	36.77	81.84	0.0	84.31	41.23	61.07	112.07	69.86	69.03	113.7	86.47	90.61	63.64	31.26	86.61	98.6	83.93	38.01	51.89	90.61	88.41	22.85	73.16	60.53	16.12	64.26	55.61	30.68	72.69	60.22
45	80.4	33.38	14.87	76.69	93.01	44.41	53.37	69.63	71.28	38.83	74.03	34.0	23.26	64.38	28.3	76.16	82.13	38.21	36.69	49.5	36.06	28.16	23.43	55.95	29.02	40.11	77.32	34.93	48.76	20.81	78.41	49.48	41.05	26.93	32.28	65.46	52.09	7.62	86.02	71.59	21.47	68.24	63.66	15.0	84.31	0.0	52.0	86.03	34.93	14.56	35.17	41.23	41.77	18.6	75.64	59.2	46.62	45.22	54.08	56.01	62.27	50.22	36.24	70.21	11.18	75.39	68.88	20.12	45.61	64.54	22.8	46.24
46	29.12	57.43	66.19	28.02	59.62	10.0	82.46	21.93	40.61	58.14	46.39	27.2	32.57	47.68	31.76	28.43	55.73	38.21	53.91	7.62	52.5	24.19	37.16	27.17	23.02	12.37	25.96	24.41	13.93	66.22	27.2	12.65	67.8	69.89	53.01	37.05	3.0	55.44	39.7	23.43	46.1	39.2	46.69	44.64	41.23	52.0	0.0	41.01	73.35	38.21	54.82	73.78	72.67	64.76	35.36	36.35	45.49	57.38	77.08	4.12	57.94	79.81	47.42	41.3	42.3	33.29	31.62	35.17	14.42	42.11	50.99	19.24
47	37.01	76.11	97.98	45.4	84.21	43.57	123.33	45.88	24.6	73.55	78.45	52.63	71.56	84.53	72.01	13.04	86.35	55.01	94.85	48.17	93.43	61.91	64.54	32.06	60.03	52.01	36.22	51.24	37.58	93.77	37.12	37.12	83.86	95.19	72.03	28.16	43.19	91.39	55.01	17.8	71.7	72.45	83.63	73.98	61.07	86.03	41.01	0.0	95.05	74.69	95.67	91.66	113.23	101.98	12.17	73.36	54.74	68.45	118.09	39.05	96.9	120.62	64.07	74.0	78.72	11.05	61.98	73.57	40.72	77.88	90.7	39.85
48	102.16	19.03	27.0	101.12	124.46	63.56	84.02	94.51	73.44	22.8	106.15	46.82	54.67	98.01	60.44	89.11	114.87	40.2	71.51	74.09	70.94	54.67	36.24	63.2	54.2	64.35	99.01	49.4	63.89	15.13	100.32	65.15	15.0	9.0	23.02	68.18	74.71	40.52	112.16	85.7	27.29	99.7	97.2	30.48	112.07	34.93	73.35	95.05	0.0	45.61	69.89	8.94	73.25	47.1	83.01	91.35	41.44	30.08	86.7	77.39	97.06	81.06	31.0	101.83	44.1	84.1	98.08	52.01	61.35	97.19	57.58	58.94
49	66.12	38.08	29.41	62.17	79.51	31.62	54.59	55.11	62.94	42.43	60.83	25.61	9.22	52.43	14.87	63.91	69.35	34.18	31.14	35.13	30.07	14.04	19.42	46.75	15.3	26.02	63.07	25.46	37.12	33.42	64.12	37.58	47.76	38.9	35.36	57.28	38.01	17.26	71.47	59.14	23.35	54.67	51.61	16.76	69.86	14.56	38.21	74.69	45.61	0.0	30.41	50.12	43.05	27.31	65.19	45.97	43.97	47.0	52.81	42.11	52.81	51.48	36.12	56.73	4.12	64.5	54.59	6.4	34.0	51.66	19.7	35.81
50	75.61	67.12	45.28	68.41	69.26	53.15	27.66	61.98	89.31	72.01	50.45	54.23	26.83	37.34	24.21	83.24	56.08	64.29	2.24	48.26	3.0	36.36	49.82	72.95	38.59	43.84	73.16	53.23	60.44	55.15	73.74	60.31	75.8	61.47	65.0	84.06	53.01	29.55	73.44	78.24	53.01	47.27	37.0	46.0	69.03	35.17	54.82	95.67	69.89	30.41	0.0	76.4	18.38	27.59	88.46	38.05	74.22	77.16	23.32	57.43	29.73	25.0	66.48	48.51	29.02	86.98	53.15	26.57	57.8	40.79	12.37	61.29
51	102.0	16.55	35.23	101.79	127.48	63.81	92.02	95.44	69.0	18.11	109.64	46.65	58.83	102.4	64.66	86.83	118.6	37.95	77.88	75.43	77.2	57.38	37.54	60.42	56.59	65.95	98.88	49.4	63.07	23.09	100.24	64.4	8.06	17.46	21.02	64.07	75.45	47.52	113.23	83.82	29.0	102.94	101.55	33.84	113.7	41.23	73.78	91.66	8.94	50.12	76.4	0.0	81.02	55.01	79.51	95.0	37.05	24.19	94.26	77.7	102.55	89.01	28.16	105.12	49.24	80.89	100.42	56.44	60.83	101.02	64.03	57.78
52	93.98	75.13	46.39	86.68	84.17	70.09	11.7	80.32	105.12	80.6	66.19	68.51	42.45	52.35	41.23	101.02	70.41	76.92	19.92	66.37	21.19	52.35	61.74	88.73	54.49	61.22	91.55	68.01	77.08	58.14	92.11	77.1	82.22	64.28	73.98	99.64	71.02	34.37	91.24	96.02	62.64	64.03	52.24	55.66	86.47	41.77	72.67	113.23	73.25	43.05	18.38	81.02	0.0	26.17	105.42	55.23	86.41	86.83	13.93	75.47	41.11	8.54	77.16	65.0	40.25	104.14	70.86	41.23	74.25	57.01	23.6	77.23
53	91.27	50.6	20.22	86.01	94.85	58.87	37.01	79.0	89.02	56.3	75.64	51.4	32.39	63.63	35.0	91.18	82.37	56.73	29.73	60.53	29.83	40.8	41.73	73.24	42.38	52.39	88.36	51.87	64.4	32.02	89.27	64.88	56.72	38.12	50.16	83.24	64.13	11.31	93.65	86.38	39.96	71.17	63.13	33.6	90.61	18.6	64.76	101.98	47.1	27.31	27.59	55.01	26.17	0.0	92.28	61.68	65.22	63.16	39.81	68.45	57.31	34.0	54.71	72.8	23.26	91.71	74.53	29.61	61.27	65.8	18.38	62.77
54	40.52	64.03	86.98	47.38	86.21	35.36	115.97	46.01	13.45	61.4	77.78	41.79	63.13	81.91	64.35	13.93	86.37	43.1	87.86	42.94	86.45	53.26	53.45	20.4	51.22	44.69	38.83	40.72	28.43	82.2	40.02	28.32	71.7	83.38	60.0	16.16	38.01	81.41	58.46	16.03	60.21	71.2	80.96	62.94	63.64	75.64	35.36	12.17	83.01	65.19	88.46	79.51	105.42	92.28	0.0	70.52	42.58	56.29	111.4	34.54	93.11	113.14	52.01	72.99	69.12	3.16	61.4	64.82	31.4	75.69	82.33	29.53
55	43.28	80.78	73.5	34.41	33.84	42.11	61.13	29.7	76.94	83.65	14.87	54.71	36.77	11.4	31.14	60.37	23.6	67.36	36.01	29.07	35.06	38.08	58.67	63.03	39.36	33.73	41.73	52.2	49.0	79.31	41.77	48.01	91.27	84.86	77.03	73.33	33.38	57.8	36.4	55.95	66.29	9.49	10.44	61.22	31.26	59.2	36.35	73.36	91.35	45.97	38.05	95.0	55.23	61.68	70.52	0.0	76.66	85.62	53.14	36.14	24.08	59.44	74.32	11.18	48.27	68.01	16.16	39.62	48.09	6.32	43.32	53.15
56	70.18	22.56	52.63	72.25	104.66	36.24	98.09	67.01	32.06	19.0	89.54	22.2	48.37	86.68	53.08	51.08	99.02	10.05	74.73	50.09	73.55	41.01	24.7	24.6	39.05	43.01	67.27	24.52	32.02	44.29	68.68	33.42	29.15	43.66	19.31	27.02	48.02	54.08	84.39	48.76	25.5	82.28	85.7	31.62	86.61	46.62	45.49	54.74	41.44	43.97	74.22	37.05	86.41	65.22	42.58	76.66	0.0	13.93	96.77	48.6	92.09	94.94	11.66	84.5	46.24	44.15	76.48	47.85	31.06	82.97	63.57	26.4
57	83.41	13.45	47.2	84.86	115.43	47.63	98.49	79.25	45.1	7.81	99.28	31.38	53.46	94.87	58.86	65.0	108.69	19.21	78.06	61.03	77.03	48.08	28.28	38.48	46.49	52.84	80.43	34.13	44.6	36.77	81.84	46.01	16.12	34.41	13.0	40.45	59.67	52.81	96.88	62.61	24.33	92.13	93.92	31.4	98.6	45.22	57.38	68.45	30.08	47.0	77.16	24.19	86.83	63.16	56.29	85.62	13.93	0.0	98.48	60.83	98.48	95.34	11.4	94.37	48.17	57.97	87.37	52.15	43.14	91.92	65.49	38.95
58	94.89	87.37	60.02	86.76	78.01	76.22	9.22	81.01	112.61	92.66	61.52	77.39	50.12	47.52	47.43	105.42	64.01	86.98	23.6	70.09	25.0	59.68	72.12	96.25	61.91	66.71	92.78	76.48	83.6	71.57	93.15	83.41	95.01	77.78	85.84	107.38	75.01	47.0	89.49	100.45	74.15	60.88	47.68	67.08	83.93	54.08	77.08	118.09	86.7	52.81	23.32	94.26	13.93	39.81	111.4	53.14	96.77	98.48	0.0	79.31	34.0	9.43	88.29	61.39	50.7	109.79	69.29	49.66	81.02	53.37	33.24	84.6
59	25.0	61.29	70.26	24.21	57.25	13.89	85.0	18.44	41.11	61.85	45.04	31.06	36.14	47.54	34.93	26.17	54.23	41.73	56.4	9.22	55.0	28.07	41.23	28.86	27.0	16.12	21.84	28.3	16.64	70.34	23.09	15.26	71.61	74.0	56.86	38.05	4.47	59.3	36.07	21.26	50.16	38.0	46.57	48.76	38.01	56.01	4.12	39.05	77.39	42.11	57.43	77.7	75.47	68.45	34.54	36.14	48.6	60.83	79.31	0.0	58.6	82.42	51.09	40.01	46.17	32.2	29.61	38.83	17.69	41.59	54.23	22.2
60	67.21	90.8	74.2	58.14	44.01	61.39	43.05	53.76	98.08	94.83	28.16	70.01	45.12	14.76	39.62	83.86	30.02	82.15	27.59	50.33	27.59	51.09	70.21	82.98	53.04	51.79	65.76	68.01	68.88	83.01	65.76	68.15	100.57	89.19	87.8	93.86	55.15	58.01	58.18	79.26	75.96	29.15	15.26	69.57	51.89	62.27	57.94	96.9	97.06	52.81	29.73	102.55	41.11	57.31	93.11	24.08	92.09	98.48	34.0	58.6	0.0	42.3	87.13	29.07	53.31	90.8	39.2	46.84	67.27	21.63	40.61	72.01
61	99.81	83.55	54.08	92.11	86.21	77.78	3.16	86.01	113.23	89.05	69.07	76.85	50.45	55.04	48.8	108.23	72.25	85.43	26.08	73.24	27.46	60.31	70.26	96.83	62.48	68.68	97.51	76.28	84.9	66.01	97.99	84.86	90.45	72.06	82.46	107.8	78.01	42.76	95.8	103.23	71.17	67.74	55.08	64.2	90.61	50.22	79.81	120.62	81.06	51.48	25.0	89.01	8.54	34.0	113.14	59.44	94.94	95.34	9.43	82.42	42.3	0.0	85.7	68.47	48.75	111.76	75.43	49.41	82.13	60.41	31.91	85.28
62	74.63	12.04	41.11	75.29	104.56	37.48	88.87	69.35	42.76	10.82	88.12	20.62	42.19	83.49	47.52	58.69	97.49	9.85	67.27	50.45	66.19	36.69	17.03	32.39	35.11	41.88	71.56	23.43	35.51	32.65	72.95	36.89	21.02	32.28	8.06	37.34	49.5	43.83	87.11	55.66	14.76	81.01	82.54	21.54	88.41	36.24	47.42	64.07	31.0	36.12	66.48	28.16	77.16	54.71	52.01	74.32	11.66	11.4	88.29	51.09	87.13	85.7	0.0	83.24	37.66	53.15	76.61	41.01	33.6	80.62	55.11	30.02
63	40.22	90.44	84.6	30.81	22.8	48.76	69.87	28.23	81.02	92.96	5.1	63.07	47.51	14.32	42.01	61.4	14.56	75.64	46.39	34.93	45.54	47.8	68.24	68.47	48.83	41.63	39.45	60.42	54.92	90.14	39.12	53.76	101.02	95.59	86.53	78.06	38.33	68.96	29.15	57.49	76.22	2.24	13.93	71.51	22.85	70.21	41.3	74.0	101.83	56.73	48.51	105.12	65.0	72.8	72.99	11.18	84.5	94.37	61.39	40.01	29.07	68.47	83.24	0.0	59.2	70.21	12.08	50.45	54.57	8.06	54.42	59.67
64	70.06	38.33	26.0	65.92	82.01	35.74	51.89	58.86	66.53	43.05	63.13	29.0	12.08	54.04	17.2	68.01	71.42	36.67	30.02	39.05	29.07	18.11	21.54	50.45	19.42	30.07	67.03	29.07	41.15	31.11	68.07	41.63	47.54	36.88	36.01	60.83	42.05	13.15	75.0	63.25	24.0	57.2	53.26	17.03	73.16	11.18	42.3	78.72	44.1	4.12	29.02	49.24	40.25	23.26	69.12	48.27	46.24	48.17	50.7	46.17	53.31	48.75	37.66	59.2	0.0	68.48	57.7	8.94	38.01	53.76	17.46	39.66
65	37.36	65.19	87.09	44.28	83.15	34.06	114.56	43.05	16.28	62.8	74.97	41.76	62.01	79.38	62.97	10.77	83.49	44.0	86.31	40.82	84.9	52.2	53.6	21.02	50.22	43.14	35.69	40.5	27.46	82.73	36.88	27.2	73.16	84.15	61.07	18.36	35.85	80.96	55.32	13.0	60.67	68.45	78.43	63.06	60.53	75.39	33.29	11.05	84.1	64.5	86.98	80.89	104.14	91.71	3.16	68.01	44.15	57.97	109.79	32.2	90.8	111.76	53.15	70.21	68.48	0.0	58.55	63.82	30.53	73.08	81.22	29.15
66	28.43	84.96	83.67	19.1	28.18	40.25	77.2	16.16	70.06	86.83	16.49	56.04	45.62	24.76	40.85	49.48	25.02	68.26	51.24	26.42	50.16	43.42	62.94	58.46	43.93	34.83	27.46	53.25	45.54	87.66	27.2	44.27	95.59	92.66	80.81	67.48	28.79	68.95	20.4	45.71	71.45	10.82	24.08	67.62	16.12	68.88	31.62	61.98	98.08	54.59	53.15	100.42	70.86	74.53	61.4	16.16	76.48	87.37	69.29	29.61	39.2	75.43	76.61	12.08	57.7	58.55	0.0	48.75	45.69	17.69	56.57	50.7
67	62.01	43.97	34.93	57.43	73.25	30.02	52.43	50.36	63.89	48.05	54.49	27.73	3.16	46.04	8.49	62.17	62.97	37.85	26.93	31.06	25.71	11.66	24.0	47.51	13.6	22.8	59.03	26.93	36.4	39.7	60.01	36.62	53.85	45.25	41.0	58.41	34.53	21.1	66.22	57.27	29.12	48.41	45.22	22.85	64.26	20.12	35.17	73.57	52.01	6.4	26.57	56.44	41.23	29.61	64.82	39.62	47.85	52.15	49.66	38.83	46.84	49.41	41.01	50.45	8.94	63.82	48.75	0.0	33.42	45.28	17.69	36.07
68	41.18	44.29	58.42	41.77	73.82	6.0	85.04	36.12	31.76	44.41	59.67	14.56	31.83	59.0	33.6	30.59	69.12	24.08	57.43	19.65	56.04	21.93	26.17	15.81	19.85	15.52	38.08	12.17	3.16	56.22	39.45	4.0	54.38	59.03	39.82	26.93	17.0	50.7	53.74	26.17	34.71	52.39	58.0	35.0	55.61	45.61	14.42	40.72	61.35	34.0	57.8	60.83	74.25	61.27	31.4	48.09	31.06	43.14	81.02	17.69	67.27	82.13	33.6	54.57	38.01	30.53	45.69	33.42	0.0	54.23	50.99	5.1
69	46.01	86.95	78.6	36.77	29.07	48.26	61.81	33.02	82.61	89.89	9.85	61.03	42.52	7.07	36.8	65.0	17.69	73.68	38.64	35.0	37.85	44.29	64.88	69.0	45.62	40.02	44.82	58.52	55.04	84.86	44.69	54.01	97.42	90.52	83.24	79.16	39.12	62.68	36.67	60.75	72.4	7.62	6.4	67.2	30.68	64.54	42.11	77.88	97.19	51.66	40.79	101.02	57.01	65.8	75.69	6.32	82.97	91.92	53.37	41.59	21.63	60.41	80.62	8.06	53.76	73.08	17.69	45.28	54.23	0.0	47.42	59.3
