vehicles
vehicle_idx, capacity, cost_per_unit_distance
1,100,1
2,100,1
3,100,1
4,100,1
5,100,1
6,100,1
7,100,1
8,100,1
9,100,1
depot
node_idx,x,y
0,97,33
home delivery customers
node_idx,x,y,service_time,demand
1,55,57,15,23
2,21,39,15,24
3,5,91,15,1
4,25,11,15,4
5,67,65,15,18
6,67,15,15,8
7,29,1,15,4
8,47,41,15,26
9,51,41,15,16
10,23,93,15,4
11,39,45,15,8
12,45,7,15,26
13,85,51,15,16
14,47,79,15,2
15,59,91,15,21
16,83,51,15,23
17,49,65,15,8
18,21,55,15,5
19,51,21,15,8
20,69,43,15,26
21,37,41,15,12
22,37,95,15,8
23,5,71,15,3
24,17,71,15,16
25,5,71,15,2
26,81,17,15,3
27,59,33,15,17
28,63,87,15,7
29,21,77,15,5
30,71,51,15,8
31,9,7,15,12
32,65,43,15,19
33,13,57,15,26
34,47,43,15,24
35,27,59,15,9
36,63,69,15,19
37,33,3,15,11
38,53,11,15,12
39,51,49,15,54
self pickup customers
node_idx,x,y,service_time,demand,locker_idxs
40,1,33,15,15,67
41,29,37,15,23,71-70-73-72-78-77-75-67
42,93,37,15,17,64-69-74
43,47,37,15,2,74-70-72-78-69-77-73-71-75-67
44,87,25,15,5,64-69-71-73
45,71,57,15,13,68-66-76-74-78-70-72-77-73
46,59,79,15,18,68-66-65-76-74-70-78-72
47,93,83,15,16,68-66-74
48,87,95,15,23,68-66-76-74
49,83,73,15,19,68-74-72-66-70-76
50,21,17,15,4,67-71-75-73-77
51,25,63,15,19,65-76-70-78-72-77
52,77,9,15,5,75-71-73-77-64-69
53,21,33,15,22,67-75-71-73-77-72-78-70
54,83,9,15,18,64-69-71-73
55,9,35,15,15,67-75-77
56,25,55,15,5,75-73-65-77-76-78-72-70
57,9,23,15,8,75-67
flexible customers
node_idx,x,y,service_time,demand,locker_idxs
58,57,81,15,10,65-68-66-76-74-78-70-72
59,71,89,15,9,68-66-76-70-74
60,45,79,15,23,68-66-65-74-76-70-72-78
61,35,93,15,5,72-70-78-66-76-65
62,37,47,15,8,71-73-75-67-77-76-70-72-78
63,57,55,15,8,68-71-73-74-66-77-76-70-72-78
lockers
node_idx,x,y,service_time,capacity,cost_per_unit_good
64,93,12,10,100,100
65,22,88,10,93,100
66,65,88,10,89,100
67,25,15,10,89,100
68,77,88,10,91,100
69,72,14,10,99,100
70,49,60,10,82,100
71,52,20,10,97,100
72,47,57,10,99,100
73,51,26,10,90,100
74,71,68,10,78,100
75,39,19,10,89,100
76,53,81,10,87,100
77,48,32,10,80,100
78,41,59,10,74,100
mrt lines
start_node_idx,end_node_idx,freight_capacity,cost_per_unit_good
64,65,100,1
65,64,100,1
66,67,89,1
67,66,89,1
68,69,99,1
69,68,99,1
distance matrix
,0,1,2,3,4,5,6,7,8,9,10,11,12,13,14,15,16,17,18,19,20,21,22,23,24,25,26,27,28,29,30,31,32,33,34,35,36,37,38,39,40,41,42,43,44,45,46,47,48,49,50,51,52,53,54,55,56,57,58,59,60,61,62,63,64,65,66,67,68,69,70,71,72,73,74,75,76,77,78,
0,0.0,48.37,76.24,108.76,75.29,43.86,34.99,75.15,50.64,46.69,95.27,59.23,58.14,21.63,67.94,69.34,22.8,57.69,79.12,47.54,29.73,60.53,86.28,99.54,88.57,99.54,22.63,38.0,63.81,87.82,31.62,91.76,33.53,87.36,50.99,74.67,49.52,70.68,49.19,48.7,96.0,68.12,5.66,50.16,12.81,35.38,59.67,50.16,62.8,42.38,77.67,78.0,31.24,76.0,27.78,88.02,75.29,88.57,62.48,61.74,69.43,86.28,61.61,45.65,21.38,93.01,63.63,74.22,58.52,31.4,55.07,46.84,55.46,46.53,43.6,59.67,65.12,49.01,61.74
1,48.37,0.0,38.47,60.46,54.92,14.42,43.68,61.74,17.89,16.49,48.17,20.0,50.99,30.59,23.41,34.23,28.64,10.0,34.06,36.22,19.8,24.08,42.05,51.92,40.5,51.92,47.71,24.33,31.05,39.45,17.09,67.94,17.2,42.0,16.12,28.07,14.42,58.31,46.04,8.94,59.09,32.8,42.94,21.54,45.25,16.0,22.36,46.04,49.68,32.25,52.5,30.59,52.8,41.62,55.57,50.99,30.07,57.2,24.08,35.78,24.17,41.18,20.59,2.83,58.9,45.28,32.57,51.61,38.01,46.24,6.71,37.12,8.0,31.26,19.42,41.23,24.08,25.96,14.14
2,76.24,38.47,0.0,54.41,28.28,52.84,51.88,38.83,26.08,30.07,54.04,18.97,40.0,65.12,47.71,64.4,63.15,38.21,16.0,34.99,48.17,16.12,58.24,35.78,32.25,35.78,63.91,38.47,63.78,38.0,51.42,34.18,44.18,19.7,26.31,20.88,51.61,37.95,42.52,31.62,20.88,8.25,72.03,26.08,67.47,53.14,55.17,84.38,86.56,70.71,22.0,24.33,63.53,6.0,68.88,12.65,16.49,20.0,55.32,70.71,46.65,55.79,17.89,39.4,76.9,49.01,65.86,24.33,74.41,56.8,35.0,36.36,31.62,32.7,57.8,26.91,52.8,27.89,28.28
3,108.76,60.46,54.41,0.0,82.46,67.23,98.08,93.15,65.3,67.94,18.11,57.2,93.04,89.44,43.68,54.0,87.66,51.11,39.4,83.76,80.0,59.36,32.25,20.0,23.32,20.0,106.08,79.25,58.14,21.26,77.18,84.1,76.84,34.93,63.78,38.83,62.03,92.35,93.3,62.29,58.14,59.09,103.25,68.41,105.26,74.24,55.32,88.36,82.1,80.05,75.71,34.41,109.12,60.17,113.17,56.14,41.18,68.12,52.95,66.03,41.76,30.07,54.41,63.25,118.26,17.26,60.07,78.59,72.06,102.07,53.82,85.15,54.04,79.63,69.89,79.62,49.03,73.01,48.17
4,75.29,54.92,28.28,82.46,0.0,68.41,42.19,10.77,37.2,39.7,82.02,36.77,20.4,72.11,71.47,86.93,70.46,59.09,44.18,27.86,54.41,32.31,84.85,63.25,60.53,63.25,56.32,40.5,84.97,66.12,60.96,16.49,51.22,47.54,38.83,48.04,69.34,11.31,28.0,46.04,32.56,26.31,72.8,34.06,63.56,65.05,76.03,99.04,104.4,84.9,7.21,52.0,52.04,22.36,58.03,28.84,44.0,20.0,76.97,90.55,70.88,82.61,37.95,54.41,68.01,77.06,86.77,4.0,92.91,47.1,54.56,28.46,50.99,30.02,73.25,16.12,75.39,31.14,50.6
5,43.86,14.42,52.84,67.23,68.41,0.0,50.0,74.43,31.24,28.84,52.15,34.41,62.03,22.8,24.41,27.2,21.26,18.0,47.07,46.82,22.09,38.42,42.43,62.29,50.36,62.29,50.0,32.98,22.36,47.54,14.56,82.02,22.09,54.59,29.73,40.45,5.66,70.71,55.79,22.63,73.35,47.2,38.21,34.41,44.72,8.94,16.12,31.62,36.06,17.89,66.48,42.05,56.89,56.04,58.24,65.3,43.17,71.61,18.87,24.33,26.08,42.52,34.99,14.14,59.03,50.54,23.09,65.3,25.08,51.24,18.68,47.43,21.54,42.15,5.0,53.85,21.26,38.08,26.68
6,34.99,43.68,51.88,98.08,42.19,50.0,0.0,40.5,32.8,30.53,89.55,41.04,23.41,40.25,67.05,76.42,39.4,53.14,60.96,17.09,28.07,39.7,85.44,83.55,75.07,83.55,14.14,19.7,72.11,77.2,36.22,58.55,28.07,68.41,34.41,59.46,54.15,36.06,14.56,37.58,68.41,43.91,34.06,29.73,22.36,42.19,64.5,72.8,82.46,60.17,46.04,63.78,11.66,49.4,17.09,61.35,58.0,58.55,66.75,74.11,67.68,84.31,43.86,41.23,26.17,85.76,73.03,42.0,73.68,5.1,48.47,15.81,46.52,19.42,53.15,28.28,67.47,25.5,51.11
7,75.15,61.74,38.83,93.15,10.77,74.43,40.5,0.0,43.86,45.65,92.2,45.12,17.09,75.07,80.05,94.87,73.59,67.05,54.59,29.73,58.0,40.79,94.34,74.0,71.02,74.0,54.41,43.86,92.48,76.42,65.3,20.88,55.32,58.24,45.69,58.03,76.03,4.47,26.0,52.8,42.52,36.0,73.43,40.25,62.77,70.0,83.57,104.02,110.45,90.0,17.89,62.13,48.66,32.98,54.59,39.45,54.15,29.73,84.76,97.51,79.62,92.2,46.69,60.83,64.94,87.28,94.15,14.56,99.36,44.92,62.3,29.83,58.82,33.3,79.08,20.59,83.52,36.36,59.23
8,50.64,17.89,26.08,65.3,37.2,31.24,32.8,43.86,0.0,4.0,57.27,8.94,34.06,39.29,38.0,51.42,37.36,24.08,29.53,20.4,22.09,10.0,54.92,51.61,42.43,51.61,41.62,14.42,48.7,44.41,26.0,50.99,18.11,37.58,2.0,26.91,32.25,40.5,30.59,8.94,46.69,18.44,46.17,4.0,43.08,28.84,39.85,62.29,67.2,48.17,35.38,31.11,43.86,27.2,48.17,38.47,26.08,42.05,41.23,53.67,38.05,53.37,11.66,17.2,54.38,53.24,50.33,34.06,55.76,36.8,19.1,21.59,16.0,15.52,36.12,23.41,40.45,9.06,18.97
9,46.69,16.49,30.07,67.94,39.7,28.84,30.53,45.65,4.0,0.0,59.06,12.65,34.53,35.44,38.21,50.64,33.53,24.08,33.11,20.0,18.11,14.0,55.79,54.92,45.34,54.92,38.42,11.31,47.54,46.86,22.36,54.04,14.14,41.23,4.47,30.0,30.46,42.05,30.07,8.0,50.64,22.36,42.19,5.66,39.4,25.61,38.83,59.4,64.9,45.25,38.42,34.06,41.23,31.05,45.25,42.43,29.53,45.69,40.45,52.0,38.47,54.41,15.23,15.23,51.04,55.23,49.04,36.77,53.71,34.21,19.1,21.02,16.49,15.0,33.6,25.06,40.05,9.49,20.59
10,95.27,48.17,54.04,18.11,82.02,52.15,89.55,92.2,57.27,59.06,0.0,50.6,88.77,74.89,27.78,36.06,73.24,38.21,38.05,77.25,67.94,53.85,14.14,28.43,22.8,28.43,95.6,69.97,40.45,16.12,63.78,87.13,65.3,37.36,55.46,34.23,46.65,90.55,87.32,52.15,63.91,56.32,89.64,60.93,93.38,60.0,38.63,70.71,64.03,63.25,76.03,30.07,99.86,60.03,103.23,59.67,38.05,71.39,36.06,48.17,26.08,12.0,48.08,50.99,107.06,5.1,42.3,78.03,54.23,92.96,42.01,78.55,43.27,72.62,54.12,75.71,32.31,65.92,38.47
11,59.23,20.0,18.97,57.2,36.77,34.41,41.04,45.12,8.94,12.65,50.6,0.0,38.47,46.39,34.93,50.16,44.41,22.36,20.59,26.83,30.07,4.47,50.04,42.8,34.06,42.8,50.48,23.32,48.37,36.72,32.56,48.41,26.08,28.64,8.25,18.44,33.94,42.43,36.77,12.65,39.85,12.81,54.59,11.31,52.0,34.18,39.45,66.03,69.31,52.15,33.29,22.8,52.35,21.63,56.85,31.62,17.2,37.2,40.25,54.41,34.53,48.17,2.83,20.59,63.29,46.24,50.25,33.11,57.38,45.28,18.03,28.18,14.42,22.47,39.41,26.0,38.63,15.81,14.14
12,58.14,50.99,40.0,93.04,20.4,62.03,23.41,17.09,34.06,34.53,88.77,38.47,0.0,59.46,72.03,85.16,58.14,58.14,53.67,15.23,43.27,34.93,88.36,75.47,69.86,75.47,37.36,29.53,82.0,74.0,51.11,36.0,41.18,59.36,36.06,55.03,64.56,12.65,8.94,42.43,51.11,34.0,56.6,30.07,45.69,56.36,73.35,89.89,97.51,76.16,26.0,59.46,32.06,35.38,38.05,45.61,52.0,39.4,74.97,86.02,72.0,86.58,40.79,49.48,48.26,84.2,83.43,21.54,87.09,27.89,53.15,14.76,50.04,19.92,66.31,13.42,74.43,25.18,52.15
13,21.63,30.59,65.12,89.44,72.11,22.8,40.25,75.07,39.29,35.44,74.89,46.39,59.46,0.0,47.2,47.71,2.0,38.63,64.12,45.34,17.89,49.03,65.12,82.46,70.88,82.46,34.23,31.62,42.19,69.08,14.0,87.82,21.54,72.25,38.83,58.55,28.43,70.77,51.22,34.06,85.91,57.72,16.12,40.5,26.08,15.23,38.21,32.98,44.05,22.09,72.47,61.19,42.76,66.48,42.05,77.67,60.13,80.99,41.04,40.5,48.83,65.3,48.17,28.28,39.81,73.06,42.06,69.97,37.85,39.22,37.11,45.28,38.47,42.2,22.02,56.04,43.86,41.59,44.72
14,67.94,23.41,47.71,43.68,71.47,24.41,67.05,80.05,38.0,38.21,27.78,34.93,72.03,47.2,0.0,16.97,45.61,14.14,35.38,58.14,42.19,39.29,18.87,42.76,31.05,42.76,70.71,47.54,17.89,26.08,36.88,81.41,40.25,40.5,36.0,28.28,18.87,77.28,68.26,30.27,65.05,45.69,62.29,42.0,67.2,32.56,12.0,46.17,43.08,36.5,67.23,27.2,76.16,52.84,78.71,58.14,32.56,67.68,10.2,26.0,2.0,18.44,33.53,26.0,81.27,26.57,20.12,67.68,31.32,69.64,19.1,59.21,22.0,53.15,26.4,60.53,6.32,47.01,20.88
15,69.34,34.23,64.4,54.0,86.93,27.2,76.42,94.87,51.42,50.64,36.06,50.16,85.16,47.71,16.97,0.0,46.65,27.86,52.35,70.46,49.03,54.63,22.36,57.58,46.52,57.58,77.2,58.0,5.66,40.5,41.76,97.75,48.37,57.2,49.48,45.25,22.36,91.76,80.22,42.76,82.02,61.77,63.81,55.32,71.69,36.06,12.0,34.93,28.28,30.0,83.19,44.05,83.95,69.34,85.44,75.07,49.52,84.4,10.2,12.17,18.44,24.08,49.19,36.06,86.01,37.12,6.71,83.26,18.25,78.09,32.57,71.34,36.06,65.49,25.94,74.73,11.66,60.02,36.72
16,22.8,28.64,63.15,87.66,70.46,21.26,39.4,73.59,37.36,33.53,73.24,44.41,58.14,2.0,45.61,46.65,0.0,36.77,62.13,43.86,16.12,47.07,63.66,80.52,68.96,80.52,34.06,30.0,41.18,67.23,12.0,86.09,19.7,70.26,36.88,56.57,26.91,69.31,50.0,32.06,83.95,55.79,17.2,38.63,26.31,13.42,36.88,33.53,44.18,22.0,70.71,59.23,42.43,64.56,42.0,75.71,58.14,79.12,39.7,39.85,47.2,63.78,46.17,26.31,40.26,71.34,41.15,68.26,37.48,38.6,35.17,43.84,36.5,40.61,20.81,54.41,42.43,39.82,42.76
17,57.69,10.0,38.21,51.11,59.09,18.0,53.14,67.05,24.08,24.08,38.21,22.36,58.14,38.63,14.14,27.86,36.77,0.0,29.73,44.05,29.73,26.83,32.31,44.41,32.56,44.41,57.69,33.53,26.08,30.46,26.08,70.46,27.2,36.88,22.09,22.8,14.56,64.03,54.15,16.12,57.69,34.41,52.15,28.07,55.17,23.41,17.2,47.54,48.41,34.93,55.57,24.08,62.61,42.52,65.51,50.0,26.0,58.0,17.89,32.56,14.56,31.3,21.63,12.81,68.88,35.47,28.02,55.46,36.24,55.95,5.0,45.1,8.25,39.05,22.2,47.07,16.49,33.02,10.0
18,79.12,34.06,16.0,39.4,44.18,47.07,60.96,54.59,29.53,33.11,38.05,20.59,53.67,64.12,35.38,52.35,62.13,29.73,0.0,45.34,49.48,21.26,43.08,22.63,16.49,22.63,71.02,43.91,52.8,22.0,50.16,49.48,45.61,8.25,28.64,7.21,44.27,53.37,54.41,30.59,29.73,19.7,74.22,31.62,72.5,50.04,44.94,77.25,77.18,64.56,38.0,8.94,72.47,22.0,77.2,23.32,4.0,34.18,44.41,60.46,33.94,40.5,17.89,36.0,83.86,33.02,55.0,40.2,65.0,65.44,28.44,46.75,26.08,41.73,51.66,40.25,41.23,35.47,20.4
19,47.54,36.22,34.99,83.76,27.86,46.82,17.09,29.73,20.4,20.0,77.25,26.83,15.23,45.34,58.14,70.46,43.86,44.05,45.34,0.0,28.43,24.41,75.31,67.94,60.46,67.94,30.27,14.42,67.08,63.53,36.06,44.27,26.08,52.35,22.36,44.94,49.48,25.46,10.2,28.0,51.42,27.2,44.94,16.49,36.22,41.18,58.55,74.89,82.29,61.06,30.27,49.4,28.64,32.31,34.18,44.27,42.8,42.05,60.3,70.88,58.31,73.76,29.53,34.53,42.95,73.01,68.45,26.68,71.87,22.14,39.05,1.41,36.22,5.0,51.08,12.17,60.03,11.4,39.29
20,29.73,19.8,48.17,80.0,54.41,22.09,28.07,58.0,22.09,18.11,67.94,30.07,43.27,17.89,42.19,49.03,16.12,29.73,49.48,28.43,0.0,32.06,61.06,69.86,59.06,69.86,28.64,14.14,44.41,58.82,8.25,69.97,4.0,57.72,22.0,44.94,26.68,53.81,35.78,18.97,68.73,40.45,24.74,22.8,25.46,14.14,37.36,46.65,55.03,33.11,54.59,48.33,34.93,49.03,36.77,60.53,45.61,63.25,39.85,46.04,43.27,60.46,32.25,16.97,39.2,65.07,45.18,52.15,45.71,29.15,26.25,28.6,26.08,24.76,25.08,38.42,41.23,23.71,32.25
21,60.53,24.08,16.12,59.36,32.31,38.42,39.7,40.79,10.0,14.0,53.85,4.47,34.93,49.03,39.29,54.63,47.07,26.83,21.26,24.41,32.06,0.0,54.0,43.86,36.06,43.86,50.12,23.41,52.84,39.4,35.44,44.05,28.07,28.84,10.2,20.59,38.21,38.21,34.0,16.12,36.88,8.94,56.14,10.77,52.5,37.58,43.91,70.0,73.59,56.04,28.84,25.06,51.22,17.89,56.04,28.64,18.44,33.29,44.72,58.82,38.83,52.04,6.0,24.41,63.06,49.34,54.71,28.64,61.72,44.2,22.47,25.81,18.87,20.52,43.42,22.09,43.08,14.21,18.44
22,86.28,42.05,58.24,32.25,84.85,42.43,85.44,94.34,54.92,55.79,14.14,50.04,88.36,65.12,18.87,22.36,63.66,32.31,43.08,75.31,61.06,54.0,0.0,40.0,31.24,40.0,89.55,65.79,27.2,24.08,55.61,92.35,59.06,44.94,52.95,37.36,36.77,92.09,85.51,48.08,71.69,58.55,80.62,58.86,86.02,50.99,27.2,57.27,50.0,50.99,79.62,34.18,94.85,64.03,97.53,66.21,41.76,77.25,24.41,34.53,17.89,2.83,48.0,44.72,100.12,16.55,28.86,80.89,40.61,88.24,37.0,76.49,39.29,70.41,43.42,76.03,21.26,63.95,36.22
23,99.54,51.92,35.78,20.0,63.25,62.29,83.55,74.0,51.61,54.92,28.43,42.8,75.47,82.46,42.76,57.58,80.52,44.41,22.63,67.94,69.86,43.86,40.0,0.0,12.0,0.0,93.23,66.03,60.17,17.09,68.96,64.12,66.21,16.12,50.48,25.06,58.03,73.54,76.84,50.99,38.21,41.62,94.34,54.04,94.02,67.47,54.59,88.81,85.44,78.03,56.32,21.54,95.02,41.23,99.64,36.22,25.61,48.17,52.95,68.41,40.79,37.2,40.0,54.41,105.95,24.04,62.36,59.46,73.98,87.97,45.35,69.35,44.27,64.35,66.07,62.13,49.03,58.05,37.95
24,88.57,40.5,32.25,23.32,60.53,50.36,75.07,71.02,42.43,45.34,22.8,34.06,69.86,70.88,31.05,46.52,68.96,32.56,16.49,60.46,59.06,36.06,31.24,12.0,0.0,12.0,83.74,56.64,48.7,7.21,57.58,64.5,55.57,14.56,41.04,15.62,46.04,69.86,69.97,40.5,41.23,36.06,83.26,45.34,83.76,55.79,42.76,76.94,74.0,66.03,54.15,11.31,86.28,38.21,90.55,36.88,17.89,48.66,41.23,56.92,29.12,28.43,31.24,43.08,96.21,17.72,50.92,56.57,62.36,79.21,33.84,61.85,33.11,56.4,54.08,56.46,37.36,49.82,26.83
25,99.54,51.92,35.78,20.0,63.25,62.29,83.55,74.0,51.61,54.92,28.43,42.8,75.47,82.46,42.76,57.58,80.52,44.41,22.63,67.94,69.86,43.86,40.0,0.0,12.0,0.0,93.23,66.03,60.17,17.09,68.96,64.12,66.21,16.12,50.48,25.06,58.03,73.54,76.84,50.99,38.21,41.62,94.34,54.04,94.02,67.47,54.59,88.81,85.44,78.03,56.32,21.54,95.02,41.23,99.64,36.22,25.61,48.17,52.95,68.41,40.79,37.2,40.0,54.41,105.95,24.04,62.36,59.46,73.98,87.97,45.35,69.35,44.27,64.35,66.07,62.13,49.03,58.05,37.95
26,22.63,47.71,63.91,106.08,56.32,50.0,14.14,54.41,41.62,38.42,95.6,50.48,37.36,34.23,70.71,77.2,34.06,57.69,71.02,30.27,28.64,50.12,89.55,93.23,83.74,93.23,0.0,27.2,72.28,84.85,35.44,72.69,30.53,78.89,42.8,68.41,55.03,50.0,28.64,43.86,81.58,55.71,23.32,39.45,10.0,41.23,65.79,67.08,78.23,56.04,60.0,72.47,8.94,62.1,8.25,74.22,67.68,72.25,68.35,72.69,71.69,88.84,53.25,44.94,13.0,92.31,72.78,56.04,71.11,9.49,53.6,29.15,52.5,31.32,51.97,42.05,69.86,36.25,58.0
27,38.0,24.33,38.47,79.25,40.5,32.98,19.7,43.86,14.42,11.31,69.97,23.32,29.53,31.62,47.54,58.0,30.0,33.53,43.91,14.42,14.14,23.41,65.79,66.03,56.64,66.03,27.2,0.0,54.15,58.14,21.63,56.36,11.66,51.88,15.62,41.23,36.22,39.7,22.8,17.89,58.0,30.27,34.23,12.65,29.12,26.83,46.0,60.46,68.03,46.65,41.23,45.34,30.0,38.0,33.94,50.04,40.5,50.99,48.04,57.27,48.08,64.62,26.08,22.09,39.96,66.29,55.33,38.47,57.87,23.02,28.79,14.76,26.83,10.63,37.0,24.41,48.37,11.05,31.62
28,63.81,31.05,63.78,58.14,84.97,22.36,72.11,92.48,48.7,47.54,40.45,48.37,82.0,42.19,17.89,5.66,41.18,26.08,52.8,67.08,44.41,52.84,27.2,60.17,48.7,60.17,72.28,54.15,0.0,43.17,36.88,96.52,44.05,58.31,46.82,45.61,18.0,89.2,76.66,39.85,82.22,60.46,58.31,52.5,66.48,31.05,8.94,30.27,25.3,24.41,81.63,44.94,79.25,68.41,80.52,74.97,49.68,83.74,8.49,8.25,19.7,28.64,47.71,32.56,80.78,41.01,2.24,81.41,14.04,73.55,30.41,67.9,34.0,62.17,20.62,72.11,11.66,57.01,35.61
29,87.82,39.45,38.0,21.26,66.12,47.54,77.2,76.42,44.41,46.86,16.12,36.72,74.0,69.08,26.08,40.5,67.23,30.46,22.0,63.53,58.82,39.4,24.08,17.09,7.21,17.09,84.85,58.14,43.17,0.0,56.36,71.02,55.61,21.54,42.8,18.97,42.76,74.97,73.35,41.04,48.33,40.79,82.37,47.71,84.02,53.85,38.05,72.25,68.41,62.13,60.0,14.56,88.09,44.0,92.02,43.68,22.36,55.32,36.22,51.42,24.08,21.26,34.0,42.19,97.0,11.05,45.35,62.13,57.07,81.06,32.76,64.88,32.8,59.17,50.8,60.73,32.25,52.48,26.91
30,31.62,17.09,51.42,77.18,60.96,14.56,36.22,65.3,26.0,22.36,63.78,32.56,51.11,14.0,36.88,41.76,12.0,26.08,50.16,36.06,8.25,35.44,55.61,68.96,57.58,68.96,35.44,21.63,36.88,56.36,0.0,76.03,10.0,58.31,25.3,44.72,19.7,61.22,43.86,20.1,72.28,44.27,26.08,27.78,30.53,6.0,30.46,38.83,46.82,25.06,60.46,47.54,42.43,53.14,43.68,64.03,46.17,68.03,33.11,38.0,38.21,55.32,34.23,14.56,44.78,61.4,37.48,58.41,37.48,37.01,23.77,36.36,24.74,32.02,17.0,45.25,34.99,29.83,31.05
31,91.76,67.94,34.18,84.1,16.49,82.02,58.55,20.88,50.99,54.04,87.13,48.41,36.0,87.82,81.41,97.75,86.09,70.46,49.48,44.27,69.97,44.05,92.35,64.12,64.5,64.12,72.69,56.36,96.52,71.02,76.03,0.0,66.57,50.16,52.35,55.03,82.22,24.33,44.18,59.4,27.2,36.06,89.2,48.41,80.05,79.65,87.66,113.28,117.59,99.16,15.62,58.24,68.03,28.64,74.03,28.0,50.6,16.0,88.2,102.8,80.5,89.84,48.83,67.88,84.15,82.04,98.47,17.89,105.76,63.39,66.4,44.92,62.8,46.1,86.98,32.31,86.09,46.32,61.06
32,33.53,17.2,44.18,76.84,51.22,22.09,28.07,55.32,18.11,14.14,65.3,26.08,41.18,21.54,40.25,48.37,19.7,27.2,45.61,26.08,4.0,28.07,59.06,66.21,55.57,66.21,30.53,11.66,44.05,55.61,10.0,66.57,0.0,53.85,18.0,41.23,26.08,51.22,34.18,15.23,64.78,36.5,28.64,18.97,28.43,15.23,36.5,48.83,56.46,34.99,51.11,44.72,36.06,45.12,38.47,56.57,41.76,59.46,38.83,46.39,41.18,58.31,28.28,14.42,41.77,62.24,45.0,48.83,46.57,29.83,23.35,26.42,22.8,22.02,25.71,35.38,39.85,20.25,28.84
33,87.36,42.0,19.7,34.93,47.54,54.59,68.41,58.24,37.58,41.23,37.36,28.64,59.36,72.25,40.5,57.2,70.26,36.88,8.25,52.35,57.72,28.84,44.94,16.12,14.56,16.12,78.89,51.88,58.31,21.54,58.31,50.16,53.85,0.0,36.77,14.14,51.42,57.58,60.96,38.83,26.83,25.61,82.46,39.45,80.62,58.0,50.99,84.12,83.19,71.81,40.79,13.42,80.0,25.3,84.88,22.36,12.17,34.23,50.12,66.24,38.83,42.19,26.0,44.05,91.79,32.28,60.54,43.68,71.11,73.01,36.12,53.76,34.0,49.04,59.03,46.04,46.65,43.01,28.07
34,50.99,16.12,26.31,63.78,38.83,29.73,34.41,45.69,2.0,4.47,55.46,8.25,36.06,38.83,36.0,49.48,36.88,22.09,28.64,22.36,22.0,10.2,52.95,50.48,41.04,50.48,42.8,15.62,46.82,42.8,25.3,52.35,18.0,36.77,0.0,25.61,30.53,42.38,32.56,7.21,47.07,18.97,46.39,6.0,43.86,27.78,37.95,60.96,65.6,46.86,36.77,29.73,45.34,27.86,49.52,38.83,25.06,42.94,39.29,51.88,36.06,51.42,10.77,15.62,55.47,51.48,48.47,35.61,54.08,38.29,17.12,23.54,14.0,17.46,34.66,25.3,38.47,11.05,17.09
35,74.67,28.07,20.88,38.83,48.04,40.45,59.46,58.03,26.91,30.0,34.23,18.44,55.03,58.55,28.28,45.25,56.57,22.8,7.21,44.94,44.94,20.59,37.36,25.06,15.62,25.06,68.41,41.23,45.61,18.97,44.72,55.03,41.23,14.14,25.61,0.0,37.36,56.32,54.59,26.0,36.77,22.09,69.57,29.73,68.96,44.05,37.74,70.23,69.97,57.72,42.43,4.47,70.71,26.68,75.07,30.0,4.47,40.25,37.2,53.25,26.91,34.93,15.62,30.27,81.02,29.43,47.8,44.05,57.8,63.64,22.02,46.32,20.1,40.8,44.91,41.76,34.06,34.21,14.0
36,49.52,14.42,51.61,62.03,69.34,5.66,54.15,76.03,32.25,30.46,46.65,33.94,64.56,28.43,18.87,22.36,26.91,14.56,44.27,49.48,26.68,38.21,36.77,58.03,46.04,58.03,55.03,36.22,18.0,42.76,19.7,82.22,26.08,51.42,30.53,37.36,0.0,72.5,58.86,23.32,71.69,46.69,43.86,35.78,50.12,14.42,10.77,33.11,35.38,20.4,66.84,38.47,61.61,55.32,63.25,63.81,40.5,70.94,13.42,21.54,20.59,36.88,34.06,15.23,64.41,45.19,19.1,66.03,23.6,55.73,16.64,50.22,20.0,44.64,8.06,55.46,15.62,39.92,24.17
37,70.68,58.31,37.95,92.35,11.31,70.71,36.06,4.47,40.5,42.05,90.55,42.43,12.65,70.77,77.28,91.76,69.31,64.03,53.37,25.46,53.81,38.21,92.09,73.54,69.86,73.54,50.0,39.7,89.2,74.97,61.22,24.33,51.22,57.58,42.38,56.32,72.5,0.0,21.54,49.4,43.86,34.23,68.96,36.77,58.31,66.03,80.32,100.0,106.68,86.02,18.44,60.53,44.41,32.31,50.36,40.0,52.61,31.24,81.61,94.02,76.94,90.02,44.18,57.27,60.67,85.71,90.82,14.42,95.71,40.52,59.2,25.5,55.79,29.21,75.29,17.09,80.52,32.65,56.57
38,49.19,46.04,42.52,93.3,28.0,55.79,14.56,26.0,30.59,30.07,87.32,36.77,8.94,51.22,68.26,80.22,50.0,54.15,54.41,10.2,35.78,34.0,85.51,76.84,69.97,76.84,28.64,22.8,76.66,73.35,43.86,44.18,34.18,60.96,32.56,54.59,58.86,21.54,0.0,38.05,56.46,35.38,47.71,26.68,36.77,49.4,68.26,82.37,90.62,68.88,32.56,59.06,24.08,38.83,30.07,50.12,52.15,45.61,70.11,80.05,68.47,83.95,39.4,44.18,40.01,83.01,77.93,28.28,80.65,19.24,49.16,9.06,46.39,15.13,59.77,16.12,70.0,21.59,49.48
39,48.7,8.94,31.62,62.29,46.04,22.63,37.58,52.8,8.94,8.0,52.15,12.65,42.43,34.06,30.27,42.76,32.06,16.12,30.59,28.0,18.97,16.12,48.08,50.99,40.5,50.99,43.86,17.89,39.85,41.04,20.1,59.4,15.23,38.83,7.21,26.0,23.32,49.4,38.05,0.0,52.5,25.06,43.68,12.65,43.27,21.54,31.05,54.04,58.41,40.0,43.86,29.53,47.71,34.0,51.22,44.27,26.68,49.4,32.56,44.72,30.59,46.82,14.14,8.49,55.97,48.6,41.44,42.8,46.87,40.82,11.18,29.02,8.94,23.0,27.59,32.31,32.06,17.26,14.14
40,96.0,59.09,20.88,58.14,32.56,73.35,68.41,42.52,46.69,50.64,63.91,39.85,51.11,85.91,65.05,82.02,83.95,57.69,29.73,51.42,68.73,36.88,71.69,38.21,41.23,38.21,81.58,58.0,82.22,48.33,72.28,27.2,64.78,26.83,47.07,36.77,71.69,43.86,56.46,52.5,0.0,28.28,92.09,46.17,86.37,74.0,74.03,104.71,106.02,91.24,25.61,38.42,79.7,20.0,85.44,8.25,32.56,12.81,73.76,89.64,63.66,68.96,38.63,60.17,94.37,58.87,84.39,30.0,93.81,73.5,55.07,52.63,51.88,50.49,78.26,40.5,70.77,47.01,47.71
41,68.12,32.8,8.25,59.09,26.31,47.2,43.91,36.0,18.44,22.36,56.32,12.81,34.0,57.72,45.69,61.77,55.79,34.41,19.7,27.2,40.45,8.94,58.55,41.62,36.06,41.62,55.71,30.27,60.46,40.79,44.27,36.06,36.5,25.61,18.97,22.09,46.69,34.23,35.38,25.06,28.28,0.0,64.0,18.0,59.23,46.52,51.61,78.82,82.02,64.9,21.54,26.31,55.57,8.94,60.83,20.1,18.44,24.41,52.15,66.84,44.94,56.32,12.81,33.29,68.71,51.48,62.43,22.36,70.04,48.76,30.48,28.6,26.91,24.6,52.2,20.59,50.12,19.65,25.06
42,5.66,42.94,72.03,103.25,72.8,38.21,34.06,73.43,46.17,42.19,89.64,54.59,56.6,16.12,62.29,63.81,17.2,52.15,74.22,44.94,24.74,56.14,80.62,94.34,83.26,94.34,23.32,34.23,58.31,82.37,26.08,89.2,28.64,82.46,46.39,69.57,43.86,68.96,47.71,43.68,92.09,64.0,0.0,46.0,13.42,29.73,54.04,46.0,58.31,37.36,74.73,72.8,32.25,72.11,29.73,84.02,70.34,85.16,56.85,56.46,63.78,80.62,56.89,40.25,25.0,87.42,58.18,71.47,53.45,31.14,49.65,44.38,50.16,43.42,38.01,56.92,59.46,45.28,56.46
43,50.16,21.54,26.08,68.41,34.06,34.41,29.73,40.25,4.0,5.66,60.93,11.31,30.07,40.5,42.0,55.32,38.63,28.07,31.62,16.49,22.8,10.77,58.86,54.04,45.34,54.04,39.45,12.65,52.5,47.71,27.78,48.41,18.97,39.45,6.0,29.73,35.78,36.77,26.68,12.65,46.17,18.0,46.0,0.0,41.76,31.24,43.68,65.05,70.46,50.91,32.8,34.06,41.04,26.31,45.61,38.05,28.43,40.5,45.12,57.27,42.05,57.27,14.14,20.59,52.35,56.8,54.08,31.11,59.17,33.97,23.09,17.72,20.0,11.7,39.2,19.7,44.41,5.1,22.8
44,12.81,45.25,67.47,105.26,63.56,44.72,22.36,62.77,43.08,39.4,93.38,52.0,45.69,26.08,67.2,71.69,26.31,55.17,72.5,36.22,25.46,52.5,86.02,94.02,83.76,94.02,10.0,29.12,66.48,84.02,30.53,80.05,28.43,80.62,43.86,68.96,50.12,58.31,36.77,43.27,86.37,59.23,13.42,41.76,0.0,35.78,60.83,58.31,70.0,48.17,66.48,72.72,18.87,66.48,16.49,78.64,68.88,78.03,63.53,65.97,68.41,85.6,54.63,42.43,14.32,90.52,66.73,62.8,63.79,18.6,51.66,35.36,51.22,36.01,45.88,48.37,65.51,39.62,57.2
45,35.38,16.0,53.14,74.24,65.05,8.94,42.19,70.0,28.84,25.61,60.0,34.18,56.36,15.23,32.56,36.06,13.42,23.41,50.04,41.18,14.14,37.58,50.99,67.47,55.79,67.47,41.23,26.83,31.05,53.85,6.0,79.65,15.23,58.0,27.78,44.05,14.42,66.03,49.4,21.54,74.0,46.52,29.73,31.24,35.78,0.0,25.06,34.06,41.23,20.0,64.03,46.39,48.37,55.46,49.48,65.79,46.04,70.71,27.78,32.0,34.06,50.91,35.44,14.14,50.09,57.98,31.58,62.29,31.58,43.01,22.2,41.59,24.0,36.89,11.0,49.68,30.0,33.97,30.07
46,59.67,22.36,55.17,55.32,76.03,16.12,64.5,83.57,39.85,38.83,38.63,39.45,73.35,38.21,12.0,12.0,36.88,17.2,44.94,58.55,37.36,43.91,27.2,54.59,42.76,54.59,65.79,46.0,8.94,38.05,30.46,87.66,36.5,50.99,37.95,37.74,10.77,80.32,68.26,31.05,74.03,51.61,54.04,43.68,60.83,25.06,0.0,34.23,32.25,24.74,72.72,37.58,72.28,59.67,74.0,66.6,41.62,75.07,2.83,15.62,14.0,27.78,38.83,24.08,75.13,38.08,10.82,72.47,20.12,66.29,21.47,59.41,25.06,53.6,16.28,63.25,6.32,48.27,26.91
47,50.16,46.04,84.38,88.36,99.04,31.62,72.8,104.02,62.29,59.4,70.71,66.03,89.89,32.98,46.17,34.93,33.53,47.54,77.25,74.89,46.65,70.0,57.27,88.81,76.94,88.81,67.08,60.46,30.27,72.25,38.83,113.28,48.83,84.12,60.96,70.23,33.11,100.0,82.37,54.04,104.71,78.82,46.0,65.05,58.31,34.06,34.23,0.0,13.42,14.14,97.67,70.88,75.71,87.66,74.67,96.75,73.54,103.23,36.06,22.8,48.17,58.86,66.57,45.61,71.0,71.18,28.44,96.17,16.76,72.12,49.65,75.17,52.84,70.8,26.63,83.74,40.05,68.01,57.27
48,62.8,49.68,86.56,82.1,104.4,36.06,82.46,110.45,67.2,64.9,64.03,69.31,97.51,44.05,43.08,28.28,44.18,48.41,77.18,82.29,55.03,73.59,50.0,85.44,74.0,85.44,78.23,68.03,25.3,68.41,46.82,117.59,56.46,83.19,65.6,69.97,35.38,106.68,90.62,58.41,106.02,82.02,58.31,70.46,70.0,41.23,32.25,13.42,0.0,22.36,102.18,69.77,86.58,90.55,86.09,98.41,73.78,106.15,33.11,17.09,44.94,52.04,69.31,50.0,83.22,65.38,23.09,101.21,12.21,82.38,51.66,82.76,55.17,77.83,31.38,89.89,36.77,74.09,58.41
49,42.38,32.25,70.71,80.05,84.9,17.89,60.17,90.0,48.17,45.25,63.25,52.15,76.16,22.09,36.5,30.0,22.0,34.93,64.56,61.06,33.11,56.04,50.99,78.03,66.03,78.03,56.04,46.65,24.41,62.13,25.06,99.16,34.99,71.81,46.86,57.72,20.4,86.02,68.88,40.0,91.24,64.9,37.36,50.91,48.17,20.0,24.74,14.14,22.36,0.0,83.55,58.86,64.28,73.78,64.0,83.19,60.73,89.31,27.2,20.0,38.47,52.0,52.84,31.62,61.81,62.82,23.43,82.02,16.16,60.02,36.4,61.4,39.4,56.86,13.0,69.66,31.05,53.91,44.27
50,77.67,52.5,22.0,75.71,7.21,66.48,46.04,17.89,35.38,38.42,76.03,33.29,26.0,72.47,67.23,83.19,70.71,55.57,38.0,30.27,54.59,28.84,79.62,56.32,54.15,56.32,60.0,41.23,81.63,60.0,60.46,15.62,51.11,40.79,36.77,42.43,66.84,18.44,32.56,43.86,25.61,21.54,74.73,32.8,66.48,64.03,72.72,97.67,102.18,83.55,0.0,46.17,56.57,16.0,62.51,21.63,38.21,13.42,73.43,87.66,66.48,77.28,34.0,52.35,72.17,71.01,83.53,4.47,90.43,51.09,51.31,31.14,47.71,31.32,71.42,18.11,71.55,30.89,46.52
51,78.0,30.59,24.33,34.41,52.0,42.05,63.78,62.13,31.11,34.06,30.07,22.8,59.46,61.19,27.2,44.05,59.23,24.08,8.94,49.4,48.33,25.06,34.18,21.54,11.31,21.54,72.47,45.34,44.94,14.56,47.54,58.24,44.72,13.42,29.73,4.47,38.47,60.53,59.06,29.53,38.42,26.31,72.8,34.06,72.72,46.39,37.58,70.88,69.77,58.86,46.17,0.0,74.97,30.27,79.25,32.25,8.0,43.08,36.72,52.84,25.61,31.62,20.0,32.98,85.0,25.18,47.17,48.0,57.7,67.9,24.19,50.77,22.8,45.22,46.27,46.17,33.29,38.6,16.49
52,31.24,52.8,63.53,109.12,52.04,56.89,11.66,48.66,43.86,41.23,99.86,52.35,32.06,42.76,76.16,83.95,42.43,62.61,72.47,28.64,34.93,51.22,94.85,95.02,86.28,95.02,8.94,30.0,79.25,88.09,42.43,68.03,36.06,80.0,45.34,70.71,61.61,44.41,24.08,47.71,79.7,55.57,32.25,41.04,18.87,48.37,72.28,75.71,86.58,64.28,56.57,74.97,0.0,60.93,6.0,72.8,69.43,69.43,74.73,80.22,76.97,93.91,55.17,50.16,16.28,96.26,79.91,52.35,79.0,7.07,58.18,27.31,56.6,31.06,59.3,39.29,75.89,37.01,61.61
53,76.0,41.62,6.0,60.17,22.36,56.04,49.4,32.98,27.2,31.05,60.03,21.63,35.38,66.48,52.84,69.34,64.56,42.52,22.0,32.31,49.03,17.89,64.03,41.23,38.21,41.23,62.1,38.0,68.41,44.0,53.14,28.64,45.12,25.3,27.86,26.68,55.32,32.31,38.83,34.0,20.0,8.94,72.11,26.31,66.48,55.46,59.67,87.66,90.55,73.78,16.0,30.27,60.93,0.0,66.48,12.17,22.36,15.62,60.0,75.07,51.88,61.61,21.26,42.19,75.0,55.01,70.43,18.44,78.49,54.42,38.9,33.62,35.38,30.81,61.03,22.8,57.69,27.02,32.8
54,27.78,55.57,68.88,113.17,58.03,58.24,17.09,54.59,48.17,45.25,103.23,56.85,38.05,42.05,78.71,85.44,42.0,65.51,77.2,34.18,36.77,56.04,97.53,99.64,90.55,99.64,8.25,33.94,80.52,92.02,43.68,74.03,38.47,84.88,49.52,75.07,63.25,50.36,30.07,51.22,85.44,60.83,29.73,45.61,16.49,49.48,74.0,74.67,86.09,64.0,62.51,79.25,6.0,66.48,0.0,78.43,74.03,75.31,76.55,80.89,79.65,96.75,59.67,52.84,10.44,99.81,81.02,58.31,79.23,12.08,61.29,32.89,60.0,36.24,60.21,45.12,78.0,41.88,65.3
55,88.02,50.99,12.65,56.14,28.84,65.3,61.35,39.45,38.47,42.43,59.67,31.62,45.61,77.67,58.14,75.07,75.71,50.0,23.32,44.27,60.53,28.64,66.21,36.22,36.88,36.22,74.22,50.04,74.97,43.68,64.03,28.0,56.57,22.36,38.83,30.0,63.81,40.0,50.12,44.27,8.25,20.1,84.02,38.05,78.64,65.79,66.6,96.75,98.41,83.19,21.63,32.25,72.8,12.17,78.43,0.0,25.61,12.0,66.48,82.22,56.85,63.56,30.46,52.0,87.09,54.57,77.1,25.61,86.21,66.41,47.17,45.54,43.91,42.95,70.24,34.0,63.66,39.12,40.0
56,75.29,30.07,16.49,41.18,44.0,43.17,58.0,54.15,26.08,29.53,38.05,17.2,52.0,60.13,32.56,49.52,58.14,26.0,4.0,42.8,45.61,18.44,41.76,25.61,17.89,25.61,67.68,40.5,49.68,22.36,46.17,50.6,41.76,12.17,25.06,4.47,40.5,52.61,52.15,26.68,32.56,18.44,70.34,28.43,68.88,46.04,41.62,73.54,73.78,60.73,38.21,8.0,69.43,22.36,74.03,25.61,0.0,35.78,41.23,57.2,31.24,39.29,14.42,32.0,80.45,33.14,51.86,40.0,61.59,62.37,24.52,44.2,22.09,38.95,47.8,38.63,38.21,32.53,16.49
57,88.57,57.2,20.0,68.12,20.0,71.61,58.55,29.73,42.05,45.69,71.39,37.2,39.4,80.99,67.68,84.4,79.12,58.0,34.18,42.05,63.25,33.29,77.25,48.17,48.66,48.17,72.25,50.99,83.74,55.32,68.03,16.0,59.46,34.23,42.94,40.25,70.94,31.24,45.61,49.4,12.81,24.41,85.16,40.5,78.03,70.71,75.07,103.23,106.15,89.31,13.42,43.08,69.43,15.62,75.31,12.0,35.78,0.0,75.29,90.55,66.57,74.67,36.88,57.69,84.72,66.29,85.8,17.89,94.07,63.64,54.49,43.1,50.99,42.11,76.61,30.27,72.8,40.02,48.17
58,62.48,24.08,55.32,52.95,76.97,18.87,66.75,84.76,41.23,40.45,36.06,40.25,74.97,41.04,10.2,10.2,39.7,17.89,44.41,60.3,39.85,44.72,24.41,52.95,41.23,52.95,68.35,48.04,8.49,36.22,33.11,88.2,38.83,50.12,39.29,37.2,13.42,81.61,70.11,32.56,73.76,52.15,56.85,45.12,63.53,27.78,2.83,36.06,33.11,27.2,73.43,36.72,74.73,60.0,76.55,66.48,41.23,75.29,0.0,16.12,12.17,25.06,39.45,26.0,77.83,35.69,10.63,73.35,21.19,68.66,22.47,61.2,26.0,55.33,19.1,64.56,4.0,49.82,27.2
59,61.74,35.78,70.71,66.03,90.55,24.33,74.11,97.51,53.67,52.0,48.17,54.41,86.02,40.5,26.0,12.17,39.85,32.56,60.46,70.88,46.04,58.82,34.53,68.41,56.92,68.41,72.69,57.27,8.25,51.42,38.0,102.8,46.39,66.24,51.88,53.25,21.54,94.02,80.05,44.72,89.64,66.84,56.46,57.27,65.97,32.0,15.62,22.8,17.09,20.0,87.66,52.84,80.22,75.07,80.89,82.22,57.2,90.55,16.12,0.0,27.86,36.22,54.04,36.77,80.08,49.01,6.08,87.13,6.08,75.01,36.4,71.57,40.0,66.1,21.0,76.97,19.7,61.47,42.43
60,69.43,24.17,46.65,41.76,70.88,26.08,67.68,79.62,38.05,38.47,26.08,34.53,72.0,48.83,2.0,18.44,47.2,14.56,33.94,58.31,43.27,38.83,17.89,40.79,29.12,40.79,71.69,48.08,19.7,24.08,38.21,80.5,41.18,38.83,36.06,26.91,20.59,76.94,68.47,30.59,63.66,44.94,63.78,42.05,68.41,34.06,14.0,48.17,44.94,38.47,66.48,25.61,76.97,51.88,79.65,56.85,31.24,66.57,12.17,27.86,0.0,17.2,32.98,26.83,82.42,24.7,21.93,67.05,33.24,70.38,19.42,59.41,22.09,53.34,28.23,60.3,8.25,47.1,20.4
61,86.28,41.18,55.79,30.07,82.61,42.52,84.31,92.2,53.37,54.41,12.0,48.17,86.58,65.3,18.44,24.08,63.78,31.3,40.5,73.76,60.46,52.04,2.83,37.2,28.43,37.2,88.84,64.62,28.64,21.26,55.32,89.84,58.31,42.19,51.42,34.93,36.88,90.02,83.95,46.82,68.96,56.32,80.62,57.27,85.6,50.91,27.78,58.86,52.04,52.0,77.28,31.62,93.91,61.61,96.75,63.56,39.29,74.67,25.06,36.22,17.2,0.0,46.04,43.91,99.62,13.93,30.41,78.64,42.3,87.24,35.85,74.95,37.95,68.88,43.83,74.11,21.63,62.37,34.53
62,61.61,20.59,17.89,54.41,37.95,34.99,43.86,46.69,11.66,15.23,48.08,2.83,40.79,48.17,33.53,49.19,46.17,21.63,17.89,29.53,32.25,6.0,48.0,40.0,31.24,40.0,53.25,26.08,47.71,34.0,34.23,48.83,28.28,26.0,10.77,15.62,34.06,44.18,39.4,14.14,38.63,12.81,56.89,14.14,54.63,35.44,38.83,66.57,69.31,52.84,34.0,20.0,55.17,21.26,59.67,30.46,14.42,36.88,39.45,54.04,32.98,46.04,0.0,21.54,66.04,43.66,49.65,34.18,57.28,48.1,17.69,30.89,14.14,25.24,39.96,28.07,37.58,18.6,12.65
63,45.65,2.83,39.4,63.25,54.41,14.14,41.23,60.83,17.2,15.23,50.99,20.59,49.48,28.28,26.0,36.06,26.31,12.81,36.0,34.53,16.97,24.41,44.72,54.41,43.08,54.41,44.94,22.09,32.56,42.19,14.56,67.88,14.42,44.05,15.62,30.27,15.23,57.27,44.18,8.49,60.17,33.29,40.25,20.59,42.43,14.14,24.08,45.61,50.0,31.62,52.35,32.98,50.16,42.19,52.84,52.0,32.0,57.69,26.0,36.77,26.83,43.91,21.54,0.0,56.08,48.1,33.96,51.22,38.59,43.66,9.43,35.36,10.2,29.61,19.1,40.25,26.31,24.7,16.49
64,21.38,58.9,76.9,118.26,68.01,59.03,26.17,64.94,54.38,51.04,107.06,63.29,48.26,39.81,81.27,86.01,40.26,68.88,83.86,42.95,39.2,63.06,100.12,105.95,96.21,105.95,13.0,39.96,80.78,97.0,44.78,84.15,41.77,91.79,55.47,81.02,64.41,60.67,40.01,55.97,94.37,68.71,25.0,52.35,14.32,50.09,75.13,71.0,83.22,61.81,72.17,85.0,16.28,75.0,10.44,87.09,80.45,84.72,77.83,80.08,82.42,99.62,66.04,56.08,0.0,104.0,80.99,68.07,77.67,21.1,65.12,41.77,64.35,44.27,60.17,54.45,79.76,49.24,70.09
65,93.01,45.28,49.01,17.26,77.06,50.54,85.76,87.28,53.24,55.23,5.1,46.24,84.2,73.06,26.57,37.12,71.34,35.47,33.02,73.01,65.07,49.34,16.55,24.04,17.72,24.04,92.31,66.29,41.01,11.05,61.4,82.04,62.24,32.28,51.48,29.43,45.19,85.71,83.01,48.6,58.87,51.48,87.42,56.8,90.52,57.98,38.08,71.18,65.38,62.82,71.01,25.18,96.26,55.01,99.81,54.57,33.14,66.29,35.69,49.01,24.7,13.93,43.66,48.1,104.0,0.0,43.0,73.06,55.0,89.31,38.9,74.32,39.82,68.45,52.92,71.06,31.78,61.74,34.67
66,63.63,32.57,65.86,60.07,86.77,23.09,73.03,94.15,50.33,49.04,42.3,50.25,83.43,42.06,20.12,6.71,41.15,28.02,55.0,68.45,45.18,54.71,28.86,62.36,50.92,62.36,72.78,55.33,2.24,45.35,37.48,98.47,45.0,60.54,48.47,47.8,19.1,90.82,77.93,41.44,84.39,62.43,58.18,54.08,66.73,31.58,10.82,28.44,23.09,23.43,83.53,47.17,79.91,70.43,81.02,77.1,51.86,85.8,10.63,6.08,21.93,30.41,49.65,33.96,80.99,43.0,0.0,83.24,12.0,74.33,32.25,69.23,35.85,63.56,20.88,73.74,13.89,58.52,37.64
67,74.22,51.61,24.33,78.59,4.0,65.3,42.0,14.56,34.06,36.77,78.03,33.11,21.54,69.97,67.68,83.26,68.26,55.46,40.2,26.68,52.15,28.64,80.89,59.46,56.57,59.46,56.04,38.47,81.41,62.13,58.41,17.89,48.83,43.68,35.61,44.05,66.03,14.42,28.28,42.8,30.0,22.36,71.47,31.11,62.8,62.29,72.47,96.17,101.21,82.02,4.47,48.0,52.35,18.44,58.31,25.61,40.0,17.89,73.35,87.13,67.05,78.64,34.18,51.22,68.07,73.06,83.24,0.0,89.63,47.01,51.0,27.46,47.41,28.23,70.18,14.56,71.69,28.6,46.82
68,58.52,38.01,74.41,72.06,92.91,25.08,73.68,99.36,55.76,53.71,54.23,57.38,87.09,37.85,31.32,18.25,37.48,36.24,65.0,71.87,45.71,61.72,40.61,73.98,62.36,73.98,71.11,57.87,14.04,57.07,37.48,105.76,46.57,71.11,54.08,57.8,23.6,95.71,80.65,46.87,93.81,70.04,53.45,59.17,63.79,31.58,20.12,16.76,12.21,16.16,90.43,57.7,79.0,78.49,79.23,86.21,61.59,94.07,21.19,6.08,33.24,42.3,57.28,38.59,77.67,55.0,12.0,89.63,0.0,74.17,39.6,72.45,43.14,67.23,20.88,78.77,25.0,63.06,46.23
69,31.4,46.24,56.8,102.07,47.1,51.24,5.1,44.92,36.8,34.21,92.96,45.28,27.89,39.22,69.64,78.09,38.6,55.95,65.44,22.14,29.15,44.2,88.24,87.97,79.21,87.97,9.49,23.02,73.55,81.06,37.01,63.39,29.83,73.01,38.29,63.64,55.73,40.52,19.24,40.82,73.5,48.76,31.14,33.97,18.6,43.01,66.29,72.12,82.38,60.02,51.09,67.9,7.07,54.42,12.08,66.41,62.37,63.64,68.66,75.01,70.38,87.24,48.1,43.66,21.1,89.31,74.33,47.01,74.17,0.0,51.43,20.88,49.74,24.19,54.01,33.38,69.64,30.0,54.64
70,55.07,6.71,35.0,53.82,54.56,18.68,48.47,62.3,19.1,19.1,42.01,18.03,53.15,37.11,19.1,32.57,35.17,5.0,28.44,39.05,26.25,22.47,37.0,45.35,33.84,45.35,53.6,28.79,30.41,32.76,23.77,66.4,23.35,36.12,17.12,22.02,16.64,59.2,49.16,11.18,55.07,30.48,49.65,23.09,51.66,22.2,21.47,49.65,51.66,36.4,51.31,24.19,58.18,38.9,61.29,47.17,24.52,54.49,22.47,36.4,19.42,35.85,17.69,9.43,65.12,38.9,32.25,51.0,39.6,51.43,0.0,40.11,3.61,34.06,23.41,42.2,21.38,28.02,8.06
71,46.84,37.12,36.36,85.15,28.46,47.43,15.81,29.83,21.59,21.02,78.55,28.18,14.76,45.28,59.21,71.34,43.84,45.1,46.75,1.41,28.6,25.81,76.49,69.35,61.85,69.35,29.15,14.76,67.9,64.88,36.36,44.92,26.42,53.76,23.54,46.32,50.22,25.5,9.06,29.02,52.63,28.6,44.38,17.72,35.36,41.59,59.41,75.17,82.76,61.4,31.14,50.77,27.31,33.62,32.89,45.54,44.2,43.1,61.2,71.57,59.41,74.95,30.89,35.36,41.77,74.32,69.23,27.46,72.45,20.88,40.11,0.0,37.34,6.08,51.62,13.04,61.01,12.65,40.52
72,55.46,8.0,31.62,54.04,50.99,21.54,46.52,58.82,16.0,16.49,43.27,14.42,50.04,38.47,22.0,36.06,36.5,8.25,26.08,36.22,26.08,18.87,39.29,44.27,33.11,44.27,52.5,26.83,34.0,32.8,24.74,62.8,22.8,34.0,14.0,20.1,20.0,55.79,46.39,8.94,51.88,26.91,50.16,20.0,51.22,24.0,25.06,52.84,55.17,39.4,47.71,22.8,56.6,35.38,60.0,43.91,22.09,50.99,26.0,40.0,22.09,37.95,14.14,10.2,64.35,39.82,35.85,47.41,43.14,49.74,3.61,37.34,0.0,31.26,26.4,38.83,24.74,25.02,6.32
73,46.53,31.26,32.7,79.63,30.02,42.15,19.42,33.3,15.52,15.0,72.62,22.47,19.92,42.2,53.15,65.49,40.61,39.05,41.73,5.0,24.76,20.52,70.41,64.35,56.4,64.35,31.32,10.63,62.17,59.17,32.02,46.1,22.02,49.04,17.46,40.8,44.64,29.21,15.13,23.0,50.49,24.6,43.42,11.7,36.01,36.89,53.6,70.8,77.83,56.86,31.32,45.22,31.06,30.81,36.24,42.95,38.95,42.11,55.33,66.1,53.34,68.88,25.24,29.61,44.27,68.45,63.56,28.23,67.23,24.19,34.06,6.08,31.26,0.0,46.52,13.89,55.04,6.71,34.48
74,43.6,19.42,57.8,69.89,73.25,5.0,53.15,79.08,36.12,33.6,54.12,39.41,66.31,22.02,26.4,25.94,20.81,22.2,51.66,51.08,25.08,43.42,43.42,66.07,54.08,66.07,51.97,37.0,20.62,50.8,17.0,86.98,25.71,59.03,34.66,44.91,8.06,75.29,59.77,27.59,78.26,52.2,38.01,39.2,45.88,11.0,16.28,26.63,31.38,13.0,71.42,46.27,59.3,61.03,60.21,70.24,47.8,76.61,19.1,21.0,28.23,43.83,39.96,19.1,60.17,52.92,20.88,70.18,20.88,54.01,23.41,51.62,26.4,46.52,0.0,58.52,22.2,42.72,31.32
75,59.67,41.23,26.91,79.62,16.12,53.85,28.28,20.59,23.41,25.06,75.71,26.0,13.42,56.04,60.53,74.73,54.41,47.07,40.25,12.17,38.42,22.09,76.03,62.13,56.46,62.13,42.05,24.41,72.11,60.73,45.25,32.31,35.38,46.04,25.3,41.76,55.46,17.09,16.12,32.31,40.5,20.59,56.92,19.7,48.37,49.68,63.25,83.74,89.89,69.66,18.11,46.17,39.29,22.8,45.12,34.0,38.63,30.27,64.56,76.97,60.3,74.11,28.07,40.25,54.45,71.06,73.74,14.56,78.77,33.38,42.2,13.04,38.83,13.89,58.52,0.0,63.56,15.81,40.05
76,65.12,24.08,52.8,49.03,75.39,21.26,67.47,83.52,40.45,40.05,32.31,38.63,74.43,43.86,6.32,11.66,42.43,16.49,41.23,60.03,41.23,43.08,21.26,49.03,37.36,49.03,69.86,48.37,11.66,32.25,34.99,86.09,39.85,46.65,38.47,34.06,15.62,80.52,70.0,32.06,70.77,50.12,59.46,44.41,65.51,30.0,6.32,40.05,36.77,31.05,71.55,33.29,75.89,57.69,78.0,63.66,38.21,72.8,4.0,19.7,8.25,21.63,37.58,26.31,79.76,31.78,13.89,71.69,25.0,69.64,21.38,61.01,24.74,55.04,22.2,63.56,0.0,49.25,25.06
77,49.01,25.96,27.89,73.01,31.14,38.08,25.5,36.36,9.06,9.49,65.92,15.81,25.18,41.59,47.01,60.02,39.82,33.02,35.47,11.4,23.71,14.21,63.95,58.05,49.82,58.05,36.25,11.05,57.01,52.48,29.83,46.32,20.25,43.01,11.05,34.21,39.92,32.65,21.59,17.26,47.01,19.65,45.28,5.1,39.62,33.97,48.27,68.01,74.09,53.91,30.89,38.6,37.01,27.02,41.88,39.12,32.53,40.02,49.82,61.47,47.1,62.37,18.6,24.7,49.24,61.74,58.52,28.6,63.06,30.0,28.02,12.65,25.02,6.71,42.72,15.81,49.25,0.0,27.89
78,61.74,14.14,28.28,48.17,50.6,26.68,51.11,59.23,18.97,20.59,38.47,14.14,52.15,44.72,20.88,36.72,42.76,10.0,20.4,39.29,32.25,18.44,36.22,37.95,26.83,37.95,58.0,31.62,35.61,26.91,31.05,61.06,28.84,28.07,17.09,14.0,24.17,56.57,49.48,14.14,47.71,25.06,56.46,22.8,57.2,30.07,26.91,57.27,58.41,44.27,46.52,16.49,61.61,32.8,65.3,40.0,16.49,48.17,27.2,42.43,20.4,34.53,12.65,16.49,70.09,34.67,37.64,46.82,46.23,54.64,8.06,40.52,6.32,34.48,31.32,40.05,25.06,27.89,0.0
