vehicles
vehicle_idx, capacity, cost_per_unit_distance
1,100,1
2,100,1
3,100,1
4,100,1
5,100,1
6,100,1
7,100,1
8,100,1
9,100,1
depot
node_idx,x,y
0,27,93
home delivery customers
node_idx,x,y,service_time,demand
1,29,39,15,2
2,7,81,15,7
3,1,59,15,11
4,21,53,15,17
5,45,9,15,6
6,7,65,15,19
7,95,27,15,18
8,81,85,15,20
9,37,81,15,13
10,69,69,15,5
11,15,95,15,11
12,89,75,15,24
13,11,95,15,1
14,45,11,15,20
15,35,43,15,24
16,83,69,15,19
17,19,39,15,17
18,83,17,15,2
19,31,61,15,9
20,59,69,15,5
21,29,15,15,9
22,93,83,15,2
23,15,69,15,11
24,31,97,15,21
25,57,9,15,20
26,85,37,15,21
27,21,29,15,18
28,53,11,15,48
29,15,77,15,1
30,41,69,15,17
31,45,17,15,42
32,13,25,15,2
33,63,57,15,4
34,3,31,15,21
35,47,7,15,11
36,61,69,15,9
37,45,47,15,9
self pickup customers
node_idx,x,y,service_time,demand,locker_idxs
38,33,27,15,16,69-72-63-64-70
39,49,9,15,9,66-69-72-63
40,79,89,15,21,62-71-65-68
41,81,83,15,23,62-65-71-68
42,85,11,15,10,60-66-69-72
43,57,83,15,3,62-71-65-68-61-67-70
44,3,57,15,5,61-67-64-70
45,85,77,15,2,68-71-62-65
46,83,87,15,17,71-62-65-68
47,1,13,15,9,63
48,41,97,15,6,65-62-68-67-61
49,65,57,15,19,72-70-69-68-62-65-71
50,95,5,15,24,60-66-69
51,55,91,15,18,61-62-65-67-68-71
52,85,35,15,18,60-66-71-69-72
53,89,81,15,22,68-62-65-71
54,65,93,15,23,62-65-71-68
flexible customers
node_idx,x,y,service_time,demand,locker_idxs
55,33,93,15,2,61-67-62-65-70-68
56,43,61,15,23,62-65-71-61-68-67-64-70
57,19,83,15,18,64-61-67-70-68
58,15,39,15,11,64-70-63
59,63,97,15,14,68-71-62-65
lockers
node_idx,x,y,service_time,capacity,cost_per_unit_good
60,93,12,10,90,100
61,22,88,10,97,100
62,65,88,10,88,100
63,25,15,10,75,100
64,17,55,10,86,100
65,65,82,10,82,100
66,80,3,10,74,100
67,26,79,10,93,100
68,53,71,10,80,100
69,66,27,10,86,100
70,28,56,10,96,100
71,69,62,10,99,100
72,54,20,10,82,100
mrt lines
start_node_idx,end_node_idx,freight_capacity,cost_per_unit_good
60,61,97,1
61,60,97,1
62,63,88,1
63,62,88,1
distance matrix
,0,1,2,3,4,5,6,7,8,9,10,11,12,13,14,15,16,17,18,19,20,21,22,23,24,25,26,27,28,29,30,31,32,33,34,35,36,37,38,39,40,41,42,43,44,45,46,47,48,49,50,51,52,53,54,55,56,57,58,59,60,61,62,63,64,65,66,67,68,69,70,71,72,
0,0.0,54.04,23.32,42.8,40.45,85.91,34.41,94.76,54.59,15.62,48.37,12.17,64.56,16.12,83.95,50.64,60.93,54.59,94.4,32.25,40.0,78.03,66.75,26.83,5.66,89.2,80.62,64.28,86.02,20.0,27.78,78.1,69.43,50.91,66.48,88.29,41.62,49.4,66.27,86.83,52.15,54.92,100.44,31.62,43.27,60.17,56.32,84.12,14.56,52.35,111.21,28.07,82.02,63.15,38.0,6.0,35.78,12.81,55.32,36.22,104.48,7.07,38.33,78.03,39.29,39.56,104.45,14.04,34.06,76.66,37.01,52.2,77.83
1,54.04,0.0,47.41,34.41,16.12,34.0,34.06,67.08,69.43,42.76,50.0,57.72,69.97,58.82,32.25,7.21,61.77,10.0,58.31,22.09,42.43,24.0,77.67,33.11,58.03,41.04,56.04,12.81,36.88,40.5,32.31,27.2,21.26,38.47,27.2,36.72,43.86,17.89,12.65,36.06,70.71,68.12,62.61,52.15,31.62,67.68,72.25,38.21,59.23,40.25,74.24,58.14,56.14,73.24,64.9,54.15,26.08,45.12,14.0,67.23,69.46,49.5,60.8,24.33,20.0,56.08,62.43,40.11,40.0,38.9,17.03,46.14,31.4
2,23.32,47.41,0.0,22.8,31.3,81.41,16.0,103.25,74.11,30.0,63.15,16.12,82.22,14.56,79.65,47.2,76.94,43.68,99.36,31.24,53.37,69.57,86.02,14.42,28.84,87.66,89.55,53.85,83.76,8.94,36.06,74.43,56.32,60.93,50.16,84.12,55.32,50.99,59.93,83.35,72.44,74.03,104.8,50.04,24.33,78.1,76.24,68.26,37.58,62.77,116.28,49.03,90.55,82.0,59.23,28.64,41.18,12.17,42.76,58.24,110.26,16.55,58.42,68.41,27.86,58.01,106.83,19.1,47.07,79.98,32.65,64.85,77.01
3,42.8,34.41,22.8,0.0,20.88,66.6,8.49,99.3,84.12,42.19,68.73,38.63,89.44,37.36,65.12,37.58,82.61,26.91,92.13,30.07,58.86,52.15,95.08,17.2,48.41,75.07,86.83,36.06,70.77,22.8,41.23,60.83,36.06,62.03,28.07,69.43,60.83,45.61,45.25,69.31,83.57,83.52,96.75,60.93,2.83,85.91,86.65,46.0,55.17,64.03,108.41,62.77,87.36,90.71,72.47,46.69,42.05,30.0,24.41,72.72,103.31,35.81,70.26,50.12,16.49,68.01,96.83,32.02,53.37,72.45,27.17,68.07,65.8
4,40.45,16.12,31.3,20.88,0.0,50.12,18.44,78.43,68.0,32.25,50.6,42.43,71.47,43.17,48.37,17.2,64.03,14.14,71.69,12.81,41.23,38.83,78.0,17.09,45.12,56.85,65.97,24.0,52.8,24.74,25.61,43.27,29.12,42.19,28.43,52.84,43.08,24.74,28.64,52.15,68.26,67.08,76.55,46.86,18.44,68.35,70.71,44.72,48.33,44.18,88.2,50.99,66.48,73.54,59.46,41.76,23.41,30.07,15.23,60.83,82.86,35.01,56.22,38.21,4.47,52.7,77.34,26.48,36.72,51.97,7.62,48.84,46.67
5,85.91,34.0,81.41,66.6,50.12,0.0,67.68,53.14,84.1,72.44,64.62,91.08,79.32,92.48,2.0,35.44,71.02,39.7,38.83,53.85,61.61,17.09,88.2,67.08,89.11,12.0,48.83,31.24,8.25,74.32,60.13,8.0,35.78,51.26,47.41,2.83,62.1,38.0,21.63,4.0,86.93,82.29,40.05,74.97,63.78,78.89,86.76,44.18,88.09,52.0,50.16,82.61,47.71,84.38,86.35,84.85,52.04,78.43,42.43,89.82,48.09,82.28,81.49,20.88,53.85,75.69,35.51,72.53,62.51,27.66,49.98,58.18,14.21
6,34.41,34.06,16.0,8.49,18.44,67.68,0.0,95.85,76.66,34.0,62.13,31.05,82.61,30.27,66.03,35.61,76.11,28.64,89.89,24.33,52.15,54.63,87.86,8.94,40.0,75.07,82.87,38.63,70.94,14.42,34.23,61.22,40.45,56.57,34.23,70.46,54.15,42.05,46.04,70.0,75.89,76.16,94.87,53.14,8.94,78.92,79.12,52.35,46.69,58.55,106.51,54.59,83.57,83.55,64.4,38.21,36.22,21.63,27.2,64.5,101.02,27.46,62.39,53.14,14.14,60.44,95.78,23.6,46.39,70.18,22.85,62.07,65.07
7,94.76,67.08,103.25,99.3,78.43,53.14,95.85,0.0,59.67,79.25,49.4,105.0,48.37,108.07,52.5,62.1,43.68,76.94,15.62,72.47,55.32,67.08,56.04,90.35,94.85,42.05,14.14,74.03,44.94,94.34,68.41,50.99,82.02,43.86,92.09,52.0,54.04,53.85,62.0,49.4,64.03,57.72,18.87,67.68,96.77,50.99,61.19,95.04,88.41,42.43,22.0,75.47,12.81,54.33,72.5,90.55,62.13,94.4,80.89,76.97,15.13,95.13,67.98,71.02,82.87,62.65,28.3,86.4,60.83,29.0,73.01,43.6,41.59
8,54.59,69.43,74.11,84.12,68.0,84.1,76.66,59.67,0.0,44.18,20.0,66.75,12.81,70.71,82.29,62.29,16.12,77.2,68.03,55.46,27.2,87.2,12.17,67.91,51.42,79.7,48.17,82.07,79.12,66.48,43.08,76.94,90.69,33.29,94.87,85.09,25.61,52.35,75.29,82.46,4.47,2.0,74.11,24.08,82.87,8.94,2.83,107.63,41.76,32.25,81.22,26.68,50.16,8.94,17.89,48.66,44.94,62.03,80.45,21.63,73.98,59.08,16.28,89.64,70.68,16.28,82.01,55.33,31.3,59.91,60.42,25.94,70.38
9,15.62,42.76,30.0,42.19,32.25,72.44,34.0,79.25,44.18,0.0,34.18,26.08,52.35,29.53,70.46,38.05,47.54,45.69,78.82,20.88,25.06,66.48,56.04,25.06,17.09,74.73,65.12,54.41,71.81,22.36,12.65,64.5,60.93,35.38,60.46,74.67,26.83,34.93,54.15,72.99,42.76,44.05,84.88,20.1,41.62,48.17,46.39,76.94,16.49,36.88,95.6,20.59,66.48,52.0,30.46,12.65,20.88,18.11,47.41,30.53,88.87,16.55,28.86,67.08,32.8,28.02,89.07,11.18,18.87,61.29,26.57,37.22,63.32
10,48.37,50.0,63.15,68.73,50.6,64.62,62.13,49.4,20.0,34.18,0.0,59.93,20.88,63.56,62.77,42.8,14.0,58.31,53.85,38.83,10.0,67.2,27.78,54.0,47.2,61.19,35.78,62.48,60.17,54.59,28.0,57.27,71.22,13.42,76.16,65.79,8.0,32.56,55.32,63.25,22.36,18.44,60.17,18.44,67.08,17.89,22.8,88.09,39.6,12.65,69.08,26.08,37.58,23.32,24.33,43.27,27.2,51.92,61.77,28.64,61.85,50.7,19.42,69.66,53.85,13.6,66.91,44.15,16.12,42.11,43.01,7.0,51.24
11,12.17,57.72,16.12,38.63,42.43,91.08,31.05,105.0,66.75,26.08,59.93,0.0,76.66,4.0,89.2,55.71,72.8,56.14,103.48,37.58,51.11,81.22,78.92,26.0,16.12,95.71,90.91,66.27,92.2,18.0,36.77,83.57,70.03,61.22,65.12,93.64,52.84,56.6,70.34,92.48,64.28,67.08,109.34,43.68,39.85,72.28,68.47,83.19,26.08,62.8,120.42,40.2,92.2,75.31,50.04,18.11,44.05,12.65,56.0,48.04,113.9,9.9,50.49,80.62,40.05,51.66,112.65,19.42,44.94,85.0,41.11,63.29,84.53
12,64.56,69.97,82.22,89.44,71.47,79.32,82.61,48.37,12.81,52.35,20.88,76.66,0.0,80.52,77.67,62.77,8.49,78.71,58.31,59.67,30.59,84.85,8.94,74.24,62.03,73.35,38.21,82.1,73.43,74.03,48.37,72.8,90.97,31.62,96.6,79.92,28.64,52.15,73.76,77.18,17.2,11.31,64.12,32.98,87.86,4.47,13.42,107.65,52.8,30.0,70.26,37.58,40.2,6.0,30.0,58.82,48.08,70.46,82.29,34.06,63.13,68.25,27.29,87.73,74.73,25.0,72.56,63.13,36.22,53.23,63.89,23.85,65.19
13,16.12,58.82,14.56,37.36,43.17,92.48,30.27,108.07,70.71,29.53,63.56,4.0,80.52,0.0,90.62,57.27,76.55,56.57,106.15,39.45,54.59,82.0,82.87,26.31,20.1,97.53,94.02,66.75,93.91,18.44,39.7,85.09,70.03,64.4,64.5,95.08,56.36,58.82,71.47,94.02,68.26,71.02,111.95,47.54,38.83,76.16,72.44,82.61,30.07,66.03,123.11,44.18,95.27,79.25,54.04,22.09,46.69,14.42,56.14,52.04,116.67,13.04,54.45,81.22,40.45,55.54,115.0,21.93,48.37,87.46,42.54,66.73,86.45
14,83.95,32.25,79.65,65.12,48.37,2.0,66.03,52.5,82.29,70.46,62.77,89.2,77.67,90.62,0.0,33.53,69.34,38.21,38.47,51.92,59.67,16.49,86.53,65.3,87.13,12.17,47.71,30.0,8.0,72.5,58.14,6.0,34.93,49.4,46.52,4.47,60.17,36.0,20.0,4.47,85.09,80.5,40.0,72.99,62.29,77.18,84.97,44.05,86.09,50.16,50.36,80.62,46.65,82.68,84.4,82.87,50.04,76.55,41.04,87.86,48.01,80.36,79.56,20.4,52.15,73.76,35.9,70.6,60.53,26.4,48.1,56.36,12.73
15,50.64,7.21,47.2,37.58,17.2,35.44,35.61,62.1,62.29,38.05,42.8,55.71,62.77,57.27,33.53,0.0,54.59,16.49,54.59,18.44,35.38,28.64,70.46,32.8,54.15,40.5,50.36,19.8,36.72,39.45,26.68,27.86,28.43,31.3,34.18,37.95,36.77,10.77,16.12,36.77,63.66,60.96,59.36,45.65,34.93,60.46,65.12,45.34,54.33,33.11,71.02,52.0,50.64,66.03,58.31,50.04,19.7,43.08,20.4,60.83,65.76,46.84,54.08,29.73,21.63,49.2,60.21,37.11,33.29,34.89,14.76,38.95,29.83
16,60.93,61.77,76.94,82.61,64.03,71.02,76.11,43.68,16.12,47.54,14.0,72.8,8.49,76.55,69.34,54.59,0.0,70.68,52.0,52.61,24.0,76.37,17.2,68.0,59.06,65.39,32.06,73.78,65.3,68.47,42.0,64.4,82.68,23.32,88.57,71.69,22.0,43.91,65.3,68.96,20.4,14.14,58.03,29.53,80.89,8.25,18.0,99.3,50.48,21.63,65.12,35.61,34.06,13.42,30.0,55.46,40.79,65.51,74.32,34.41,57.87,63.89,26.17,79.25,67.47,22.2,66.07,57.87,30.07,45.31,56.52,15.65,56.94
17,54.59,10.0,43.68,26.91,14.14,39.7,28.64,76.94,77.2,45.69,58.31,56.14,78.71,56.57,38.21,16.49,70.68,0.0,67.68,25.06,50.0,26.0,86.09,30.27,59.23,48.41,66.03,10.2,44.05,38.21,37.2,34.06,15.23,47.54,17.89,42.52,51.61,27.2,18.44,42.43,78.1,76.03,71.69,58.14,24.08,76.16,80.0,31.62,62.03,49.4,83.26,63.25,66.12,81.63,70.94,55.79,32.56,44.0,4.0,72.8,78.77,49.09,67.21,24.74,16.12,62.97,70.83,40.61,46.69,48.51,19.24,55.04,39.82
18,94.4,58.31,99.36,92.13,71.69,38.83,89.89,15.62,68.03,78.82,53.85,103.48,58.31,106.15,38.47,54.59,52.0,67.68,0.0,68.12,57.27,54.04,66.75,85.6,95.41,27.2,20.1,63.15,30.59,90.69,66.84,38.0,70.46,44.72,81.22,37.36,56.46,48.41,50.99,34.93,72.11,66.03,6.32,70.94,89.44,60.03,70.0,82.1,90.35,43.86,16.97,79.12,18.11,64.28,78.1,90.97,59.46,91.93,71.47,82.46,11.18,93.61,73.25,58.03,76.16,67.45,14.32,84.22,61.77,19.72,67.42,47.13,29.15
19,32.25,22.09,31.24,30.07,12.81,53.85,24.33,72.47,55.46,20.88,38.83,37.58,59.67,39.45,51.92,18.44,52.61,25.06,68.12,0.0,29.12,46.04,65.79,17.89,36.0,58.14,59.09,33.53,54.63,22.63,12.81,46.17,40.25,32.25,41.04,56.32,31.05,19.8,34.06,55.03,55.57,54.63,73.59,34.06,28.28,56.32,58.14,56.6,37.36,34.23,85.04,38.42,59.93,61.35,46.69,32.06,12.0,25.06,27.2,48.17,79.03,28.46,43.42,46.39,15.23,39.96,75.93,18.68,24.17,48.8,5.83,38.01,47.01
20,40.0,42.43,53.37,58.86,41.23,61.61,52.15,55.32,27.2,25.06,10.0,51.11,30.59,54.59,59.67,35.38,24.0,50.0,57.27,29.12,0.0,61.77,36.77,44.0,39.6,60.03,41.23,55.17,58.31,44.72,18.0,53.85,63.66,12.65,67.68,63.15,2.0,26.08,49.4,60.83,28.28,26.08,63.56,14.14,57.27,27.2,30.0,80.62,33.29,13.42,73.43,22.36,42.8,32.31,24.74,35.38,17.89,42.38,53.25,28.28,66.37,41.59,19.92,63.81,44.27,14.32,69.26,34.48,6.32,42.58,33.62,12.21,49.25
21,78.03,24.0,69.57,52.15,38.83,17.09,54.63,67.08,87.2,66.48,67.2,81.22,84.85,82.0,16.49,28.64,76.37,26.0,54.04,46.04,61.77,0.0,93.38,55.79,82.02,28.64,60.17,16.12,24.33,63.56,55.32,16.12,18.87,54.04,30.53,19.7,62.77,35.78,12.65,20.88,89.31,85.6,56.14,73.54,49.4,83.55,90.0,28.07,82.87,55.32,66.75,80.32,59.46,89.2,85.91,78.1,48.08,68.73,27.78,88.77,64.07,73.33,81.39,4.0,41.76,76.06,52.39,64.07,60.93,38.9,41.01,61.72,25.5
22,66.75,77.67,86.02,95.08,78.0,88.2,87.86,56.04,12.17,56.04,27.78,78.92,8.94,82.87,86.53,70.46,17.2,86.09,66.75,65.79,36.77,93.38,0.0,79.25,63.56,82.29,46.69,90.0,82.37,78.23,53.85,81.61,98.81,39.7,103.94,88.84,34.93,60.0,82.07,86.09,15.23,12.0,72.44,36.0,93.68,10.0,10.77,115.6,53.85,38.21,78.03,38.83,48.66,4.47,29.73,60.83,54.63,74.0,89.55,33.11,71.0,71.18,28.44,96.17,80.99,28.02,81.05,67.12,41.76,62.17,70.38,31.89,74.09
23,26.83,33.11,14.42,17.2,17.09,67.08,8.94,90.35,67.91,25.06,54.0,26.0,74.24,26.31,65.3,32.8,68.0,30.27,85.6,17.89,44.0,55.79,79.25,0.0,32.25,73.24,76.97,40.45,69.34,8.0,26.0,60.03,44.05,49.48,39.85,69.77,46.0,37.2,45.69,68.96,67.05,67.47,90.91,44.27,16.97,70.46,70.34,57.72,38.21,51.42,102.45,45.65,77.82,74.97,55.46,30.0,29.12,14.56,30.0,55.57,96.61,20.25,53.49,54.92,14.14,51.66,92.63,14.87,38.05,66.07,18.38,54.45,62.63
24,5.66,58.03,28.84,48.41,45.12,89.11,40.0,94.85,51.42,17.09,47.2,16.12,62.03,20.1,87.13,54.15,59.06,59.23,95.41,36.0,39.6,82.02,63.56,32.25,0.0,91.76,80.72,68.73,88.77,25.61,29.73,81.22,74.22,51.22,71.69,91.41,41.04,51.92,70.03,89.82,48.66,51.92,101.55,29.53,48.83,57.58,52.95,89.2,10.0,52.5,112.07,24.74,82.22,60.17,34.23,4.47,37.95,18.44,60.17,32.0,105.21,12.73,35.17,82.22,44.27,37.16,106.0,18.68,34.06,78.26,41.11,51.66,80.36
25,89.2,41.04,87.66,75.07,56.85,12.0,75.07,42.05,79.7,74.73,61.19,95.71,73.35,97.53,12.17,40.5,65.39,48.41,27.2,58.14,60.03,28.64,82.29,73.24,91.76,0.0,39.6,41.18,4.47,79.92,62.1,14.42,46.82,48.37,58.31,10.2,60.13,39.85,30.0,8.0,82.97,77.79,28.07,74.0,72.25,73.54,82.22,56.14,89.44,48.66,38.21,82.02,38.21,78.79,84.38,87.36,53.85,83.19,51.61,88.2,36.12,86.41,79.4,32.56,60.96,73.44,23.77,76.56,62.13,20.12,55.23,54.34,11.4
26,80.62,56.04,89.55,86.83,65.97,48.83,82.87,14.14,48.17,65.12,35.78,90.91,38.21,94.02,47.71,50.36,32.06,66.03,20.1,59.09,41.23,60.17,46.69,76.97,80.72,39.6,0.0,64.5,41.23,80.62,54.41,44.72,72.99,29.73,82.22,48.41,40.0,41.23,52.95,45.61,52.35,46.17,26.0,53.85,84.4,40.0,50.04,87.36,74.4,28.28,33.53,61.77,2.0,44.18,59.46,76.42,48.37,80.45,70.03,63.91,26.25,81.06,54.78,63.91,70.34,49.24,34.37,72.42,46.69,21.47,60.08,29.68,35.36
27,64.28,12.81,53.85,36.06,24.0,31.24,38.63,74.03,82.07,54.41,62.48,66.27,82.1,66.75,30.0,19.8,73.78,10.2,63.15,33.53,55.17,16.12,90.0,40.45,68.73,41.18,64.5,0.0,36.72,48.37,44.72,26.83,8.94,50.48,18.11,34.06,56.57,30.0,12.17,34.41,83.45,80.72,66.48,64.9,33.29,80.0,84.9,25.61,70.88,52.15,77.79,70.71,64.28,85.6,77.67,65.12,38.83,54.04,11.66,79.92,73.98,59.01,73.6,14.56,26.31,68.88,64.47,50.25,52.8,45.04,27.89,58.25,34.21
28,86.02,36.88,83.76,70.77,52.8,8.25,70.94,44.94,79.12,71.81,60.17,92.2,73.43,93.91,8.0,36.72,65.3,44.05,30.59,54.63,58.31,24.33,82.37,69.34,88.77,4.47,41.23,36.72,0.0,76.16,59.23,10.0,42.38,47.07,53.85,7.21,58.55,36.88,25.61,4.47,82.22,77.25,32.0,72.11,67.94,73.35,81.71,52.04,86.83,47.54,42.43,80.02,40.0,78.71,82.87,84.4,50.99,79.62,47.2,86.58,40.01,83.01,77.93,28.28,56.85,72.01,28.16,73.16,60.0,20.62,51.48,53.45,9.06
29,20.0,40.5,8.94,22.8,24.74,74.32,14.42,94.34,66.48,22.36,54.59,18.0,74.03,18.44,72.5,39.45,68.47,38.21,90.69,22.63,44.72,63.56,78.23,8.0,25.61,79.92,80.62,48.37,76.16,0.0,27.2,67.08,52.04,52.0,47.54,76.97,46.69,42.43,53.14,76.03,65.12,66.27,96.21,42.43,23.32,70.0,68.73,65.51,32.8,53.85,107.63,42.38,81.63,74.11,52.5,24.08,32.25,7.21,38.0,52.0,101.53,13.04,51.2,62.8,22.09,50.25,98.49,11.18,38.47,71.42,24.7,56.04,69.07
30,27.78,32.31,36.06,41.23,25.61,60.13,34.23,68.41,43.08,12.65,28.0,36.77,48.37,39.7,58.14,26.68,42.0,37.2,66.84,12.81,18.0,55.32,53.85,26.0,29.73,62.1,54.41,44.72,59.23,27.2,0.0,52.15,52.15,25.06,53.74,62.29,20.0,22.36,42.76,60.53,42.94,42.38,72.8,21.26,39.85,44.72,45.69,68.82,28.0,26.83,83.74,26.08,55.61,49.48,33.94,25.3,8.25,26.08,39.7,35.61,77.16,26.87,30.61,56.32,27.78,27.29,76.66,18.03,12.17,48.88,18.38,28.86,50.7
31,78.1,27.2,74.43,60.83,43.27,8.0,61.22,50.99,76.94,64.5,57.27,83.57,72.8,85.09,6.0,27.86,64.4,34.06,38.0,46.17,53.85,16.12,81.61,60.03,81.22,14.42,44.72,26.83,10.0,67.08,52.15,0.0,32.98,43.86,44.27,10.2,54.41,30.0,15.62,8.94,79.62,75.18,40.45,67.08,58.0,72.11,79.65,44.18,80.1,44.72,51.42,74.67,43.86,77.67,78.59,76.94,44.05,70.94,37.2,82.0,48.26,74.63,73.76,20.1,47.2,68.01,37.7,64.85,54.59,23.26,42.54,51.0,9.49
32,69.43,21.26,56.32,36.06,29.12,35.78,40.45,82.02,90.69,60.93,71.22,70.03,90.97,70.03,34.93,28.43,82.68,15.23,70.46,40.25,63.66,18.87,98.81,44.05,74.22,46.82,72.99,8.94,42.38,52.04,52.15,32.98,0.0,59.36,11.66,38.47,65.12,38.83,20.1,39.4,91.93,89.38,73.35,72.8,33.53,88.81,93.51,16.97,77.25,61.06,84.4,78.23,72.69,94.4,85.6,70.88,46.86,58.31,14.14,87.66,81.05,63.64,81.69,15.62,30.27,77.16,70.52,55.54,60.96,53.04,34.44,67.12,41.3
33,50.91,38.47,60.93,62.03,42.19,51.26,56.57,43.86,33.29,35.38,13.42,61.22,31.62,64.4,49.4,31.3,23.32,47.54,44.72,32.25,12.65,54.04,39.7,49.48,51.22,48.37,29.73,50.48,47.07,52.0,25.06,43.86,59.36,0.0,65.39,52.5,12.17,20.59,42.43,50.0,35.78,31.62,50.99,26.68,60.0,29.73,36.06,76.03,45.65,2.0,61.06,34.93,31.11,35.38,36.06,46.86,20.4,51.11,51.26,40.0,54.08,51.4,31.06,56.64,46.04,25.08,56.61,43.05,17.2,30.15,35.01,7.81,38.08
34,66.48,27.2,50.16,28.07,28.43,47.41,34.23,92.09,94.87,60.46,76.16,65.12,96.6,64.5,46.52,34.18,88.57,17.89,81.22,41.04,67.68,30.53,103.94,39.85,71.69,58.31,82.22,18.11,53.85,47.54,53.74,44.27,11.66,65.39,0.0,50.12,69.34,44.94,30.27,50.99,95.6,93.74,84.4,74.97,26.0,94.02,97.65,18.11,76.16,67.23,95.6,79.4,82.1,99.48,87.68,68.88,50.0,54.41,14.42,89.2,91.98,60.08,84.22,27.2,27.78,80.28,81.93,53.23,64.03,63.13,35.36,72.92,52.17
35,88.29,36.72,84.12,69.43,52.84,2.83,70.46,52.0,85.09,74.67,65.79,93.64,79.92,95.08,4.47,37.95,71.69,42.52,37.36,56.32,63.15,19.7,88.84,69.77,91.41,10.2,48.41,34.06,7.21,76.97,62.29,10.2,38.47,52.5,50.12,0.0,63.56,40.05,24.41,2.83,88.02,83.26,38.21,76.66,66.6,79.65,87.73,46.39,90.2,53.14,48.04,84.38,47.2,85.09,87.86,87.13,54.15,80.99,45.25,91.41,46.27,84.77,82.98,23.41,56.6,77.13,33.24,75.0,64.28,27.59,52.55,59.24,14.76
36,41.62,43.86,55.32,60.83,43.08,62.1,54.15,54.04,25.61,26.83,8.0,52.84,28.64,56.36,60.17,36.77,22.0,51.61,56.46,31.05,2.0,62.77,34.93,46.0,41.04,60.13,40.0,56.57,58.55,46.69,20.0,54.41,65.12,12.17,69.34,63.56,0.0,27.2,50.48,61.19,26.91,24.41,62.77,14.56,59.23,25.3,28.43,82.07,34.41,12.65,72.47,22.8,41.62,30.46,24.33,36.88,19.7,44.27,54.92,28.07,65.37,43.38,19.42,64.9,46.17,13.6,68.68,36.4,8.25,42.3,35.47,10.63,49.5
37,49.4,17.89,50.99,45.61,24.74,38.0,42.05,53.85,52.35,34.93,32.56,56.6,52.15,58.82,36.0,10.77,43.91,27.2,48.41,19.8,26.08,35.78,60.0,37.2,51.92,39.85,41.23,30.0,36.88,42.43,22.36,30.0,38.83,20.59,44.94,40.05,27.2,0.0,23.32,38.21,54.04,50.91,53.81,37.95,43.17,50.0,55.17,55.61,50.16,22.36,65.3,45.12,41.76,55.61,50.16,47.54,14.14,44.41,31.05,53.14,59.41,47.01,45.62,37.74,29.12,40.31,56.22,37.22,25.3,29.0,19.24,28.3,28.46
38,66.27,12.65,59.93,45.25,28.64,21.63,46.04,62.0,75.29,54.15,55.32,70.34,73.76,71.47,20.0,16.12,65.3,18.44,50.99,34.06,49.4,12.65,82.07,45.69,70.03,30.0,52.95,12.17,25.61,53.14,42.76,15.62,20.1,42.43,30.27,24.41,50.48,23.32,0.0,24.08,77.2,73.76,54.41,60.93,42.43,72.14,78.1,34.93,70.46,43.86,65.79,67.68,52.61,77.79,73.35,66.0,35.44,57.72,21.63,76.16,61.85,61.98,68.88,14.42,32.25,63.63,52.77,52.47,48.33,33.0,29.43,50.21,22.14
39,86.83,36.06,83.35,69.31,52.15,4.0,70.0,49.4,82.46,72.99,63.25,92.48,77.18,94.02,4.47,36.77,68.96,42.43,34.93,55.03,60.83,20.88,86.09,68.96,89.82,8.0,45.61,34.41,4.47,76.03,60.53,8.94,39.4,50.0,50.99,2.83,61.19,38.21,24.08,0.0,85.44,80.62,36.06,74.43,66.48,76.94,85.09,48.17,88.36,50.6,46.17,82.22,44.41,82.37,85.51,85.51,52.35,79.85,45.34,89.11,44.1,83.49,80.6,24.74,56.04,74.73,31.58,73.68,62.13,24.76,51.48,56.65,12.08
40,52.15,70.71,72.44,83.57,68.26,86.93,75.89,64.03,4.47,42.76,22.36,64.28,17.2,68.26,85.09,63.66,20.4,78.1,72.11,55.57,28.28,89.31,15.23,67.05,48.66,82.97,52.35,83.45,82.22,65.12,42.94,79.62,91.93,35.78,95.6,88.02,26.91,54.04,77.2,85.44,0.0,6.32,78.23,22.8,82.46,13.42,4.47,108.9,38.83,34.93,85.51,24.08,54.33,12.81,14.56,46.17,45.61,60.3,81.22,17.89,78.26,57.01,14.04,91.61,70.71,15.65,86.01,53.94,31.62,63.35,60.75,28.79,73.39
41,54.92,68.12,74.03,83.52,67.08,82.29,76.16,57.72,2.0,44.05,18.44,67.08,11.31,71.02,80.5,60.96,14.14,76.03,66.03,54.63,26.08,85.6,12.0,67.47,51.92,77.79,46.17,80.72,77.25,66.27,42.38,75.18,89.38,31.62,93.74,83.26,24.41,50.91,73.76,80.62,6.32,0.0,72.11,24.0,82.22,7.21,4.47,106.3,42.38,30.53,79.25,27.2,48.17,8.25,18.87,49.03,43.91,62.0,79.32,22.8,72.01,59.21,16.76,88.09,69.86,16.03,80.01,55.15,30.46,57.97,59.48,24.19,68.54
42,100.44,62.61,104.8,96.75,76.55,40.05,94.87,18.87,74.11,84.88,60.17,109.34,64.12,111.95,40.0,59.36,58.03,71.69,6.32,73.59,63.56,56.14,72.44,90.91,101.55,28.07,26.0,66.48,32.0,96.21,72.8,40.45,73.35,50.99,84.4,38.21,62.77,53.81,54.41,36.06,78.23,72.11,0.0,77.25,94.02,66.0,76.03,84.02,96.6,50.16,11.66,85.44,24.0,70.11,84.4,97.1,65.3,97.67,75.39,88.77,8.06,99.49,79.56,60.13,80.99,73.76,9.43,90.03,68.0,24.84,72.62,53.45,32.28
43,31.62,52.15,50.04,60.93,46.86,74.97,53.14,67.68,24.08,20.1,18.44,43.68,32.98,47.54,72.99,45.65,29.53,58.14,70.94,34.06,14.14,73.54,36.0,44.27,29.53,74.0,53.85,64.9,72.11,42.43,21.26,67.08,72.8,26.68,74.97,76.66,14.56,37.95,60.93,74.43,22.8,24.0,77.25,0.0,59.93,28.64,26.31,89.64,21.26,27.2,86.76,8.25,55.57,32.06,12.81,26.0,26.08,38.0,60.83,15.23,79.61,35.36,9.43,75.15,48.83,8.06,83.24,31.26,12.65,56.72,39.62,24.19,63.07
44,43.27,31.62,24.33,2.83,18.44,63.78,8.94,96.77,82.87,41.62,67.08,39.85,87.86,38.83,62.29,34.93,80.89,24.08,89.44,28.28,57.27,49.4,93.68,16.97,48.83,72.25,84.4,33.29,67.94,23.32,39.85,58.0,33.53,60.0,26.0,66.6,59.23,43.17,42.43,66.48,82.46,82.22,94.02,59.93,0.0,84.4,85.44,44.05,55.17,62.0,105.68,62.13,84.9,89.29,71.69,46.86,40.2,30.53,21.63,72.11,100.62,36.36,69.32,47.41,14.14,66.85,94.05,31.83,51.92,69.78,25.02,66.19,63.01
45,60.17,67.68,78.1,85.91,68.35,78.89,78.92,50.99,8.94,48.17,17.89,72.28,4.47,76.16,77.18,60.46,8.25,76.16,60.03,56.32,27.2,83.55,10.0,70.46,57.58,73.54,40.0,80.0,73.35,70.0,44.72,72.11,88.81,29.73,94.02,79.65,25.3,50.0,72.14,76.94,13.42,7.21,66.0,28.64,84.4,0.0,10.2,105.6,48.33,28.28,72.69,33.11,42.0,5.66,25.61,54.41,44.94,66.27,79.65,29.73,65.49,63.95,22.83,86.28,71.47,20.62,74.17,59.03,32.56,53.49,60.75,21.93,64.88
46,56.32,72.25,76.24,86.65,70.71,86.76,79.12,61.19,2.83,46.39,22.8,68.47,13.42,72.44,84.97,65.12,18.0,80.0,70.0,58.14,30.0,90.0,10.77,70.34,52.95,82.22,50.04,84.9,81.71,68.73,45.69,79.65,93.51,36.06,97.65,87.73,28.43,55.17,78.1,85.09,4.47,4.47,76.03,26.31,85.44,10.2,0.0,110.45,43.17,34.99,82.87,28.28,52.04,8.49,18.97,50.36,47.71,64.12,83.23,22.36,75.66,61.01,18.03,92.46,73.35,18.68,84.05,57.56,34.0,62.36,63.13,28.65,73.01
47,84.12,38.21,68.26,46.0,44.72,44.18,52.35,95.04,107.63,76.94,88.09,83.19,107.65,82.61,44.05,45.34,99.3,31.62,82.1,56.6,80.62,28.07,115.6,57.72,89.2,56.14,87.36,25.61,52.04,65.51,68.82,44.18,16.97,76.03,18.11,46.39,82.07,55.61,34.93,48.17,108.9,106.3,84.02,89.64,44.05,105.6,110.45,0.0,93.04,77.67,94.34,94.87,86.83,111.21,102.45,86.16,63.78,72.28,29.53,104.4,92.01,77.88,98.6,24.08,44.94,94.11,79.63,70.58,77.9,66.49,50.77,83.82,53.46
48,14.56,59.23,37.58,55.17,48.33,88.09,46.69,88.41,41.76,16.49,39.6,26.08,52.8,30.07,86.09,54.33,50.48,62.03,90.35,37.36,33.29,82.87,53.85,38.21,10.0,89.44,74.4,70.88,86.83,32.8,28.0,80.1,77.25,45.65,76.16,90.2,34.41,50.16,70.46,88.36,38.83,42.38,96.6,21.26,55.17,48.33,43.17,93.04,0.0,46.65,106.68,15.23,76.03,50.6,24.33,8.94,36.06,26.08,63.56,22.0,99.64,21.02,25.63,83.55,48.37,28.3,101.77,23.43,28.64,74.33,43.01,44.82,78.09
49,52.35,40.25,62.77,64.03,44.18,52.0,58.55,42.43,32.25,36.88,12.65,62.8,30.0,66.03,50.16,33.11,21.63,49.4,43.86,34.23,13.42,55.32,38.21,51.42,52.5,48.66,28.28,52.15,47.54,53.85,26.83,44.72,61.06,2.0,67.23,53.14,12.65,22.36,43.86,50.6,34.93,30.53,50.16,27.2,62.0,28.28,34.99,77.67,46.65,0.0,60.03,35.44,29.73,33.94,36.0,48.17,22.36,52.84,53.14,40.05,53.0,53.01,31.0,58.0,48.04,25.0,56.04,44.78,18.44,30.02,37.01,6.4,38.6
50,111.21,74.24,116.28,108.41,88.2,50.16,106.51,22.0,81.22,95.6,69.08,120.42,70.26,123.11,50.36,71.02,65.12,83.26,16.97,85.04,73.43,66.75,78.03,102.45,112.07,38.21,33.53,77.79,42.43,107.63,83.74,51.42,84.4,61.06,95.6,48.04,72.47,65.3,65.79,46.17,85.51,79.25,11.66,86.76,105.68,72.69,82.87,94.34,106.68,60.03,0.0,94.85,31.62,76.24,92.97,107.65,76.42,108.9,86.93,97.41,7.28,110.54,88.26,70.71,92.65,82.64,15.13,101.18,78.23,36.4,84.2,62.65,43.66
51,28.07,58.14,49.03,62.77,50.99,82.61,54.59,75.47,26.68,20.59,26.08,40.2,37.58,44.18,80.62,52.0,35.61,63.25,79.12,38.42,22.36,80.32,38.83,45.65,24.74,82.02,61.77,70.71,80.02,42.38,26.08,74.67,78.23,34.93,79.4,84.38,22.8,45.12,67.68,82.22,24.08,27.2,85.44,8.25,62.13,33.11,28.28,94.87,15.23,35.44,94.85,0.0,63.53,35.44,10.2,22.09,32.31,36.88,65.6,10.0,87.66,33.14,10.44,81.71,52.35,13.45,91.48,31.38,20.1,64.94,44.2,32.2,71.01
52,82.02,56.14,90.55,87.36,66.48,47.71,83.57,12.81,50.16,66.48,37.58,92.2,40.2,95.27,46.65,50.64,34.06,66.12,18.11,59.93,42.8,59.46,48.66,77.82,82.22,38.21,2.0,64.28,40.0,81.63,55.61,43.86,72.69,31.11,82.1,47.2,41.62,41.76,52.61,44.41,54.33,48.17,24.0,55.57,84.9,42.0,52.04,86.83,76.03,29.73,31.62,63.53,0.0,46.17,61.35,77.9,49.4,81.61,70.11,65.79,24.35,82.33,56.65,63.25,70.88,51.08,32.39,73.6,48.17,20.62,60.75,31.38,34.44
53,63.15,73.24,82.0,90.71,73.54,84.38,83.55,54.33,8.94,52.0,23.32,75.31,6.0,79.25,82.68,66.03,13.42,81.63,64.28,61.35,32.31,89.2,4.47,74.97,60.17,78.79,44.18,85.6,78.71,74.11,49.48,77.67,94.4,35.38,99.48,85.09,30.46,55.61,77.79,82.37,12.81,8.25,70.11,32.06,89.29,5.66,8.49,111.21,50.6,33.94,76.24,35.44,46.17,0.0,26.83,57.27,50.16,70.03,85.09,30.53,69.12,67.36,25.0,91.93,76.55,24.02,78.52,63.03,37.36,58.69,65.92,27.59,70.33
54,38.0,64.9,59.23,72.47,59.46,86.35,64.4,72.5,17.89,30.46,24.33,50.04,30.0,54.04,84.4,58.31,30.0,70.94,78.1,46.69,24.74,85.91,29.73,55.46,34.23,84.38,59.46,77.67,82.87,52.5,33.94,78.59,85.6,36.06,87.68,87.86,24.33,50.16,73.35,85.51,14.56,18.87,84.4,12.81,71.69,25.61,18.97,102.45,24.33,36.0,92.97,10.2,61.35,26.83,0.0,32.0,38.83,47.07,73.59,4.47,85.7,43.29,5.0,87.66,61.22,11.0,91.24,41.44,25.06,66.01,52.33,31.26,73.82
55,6.0,54.15,28.64,46.69,41.76,84.85,38.21,90.55,48.66,12.65,43.27,18.11,58.82,22.09,82.87,50.04,55.46,55.79,90.97,32.06,35.38,78.1,60.83,30.0,4.47,87.36,76.42,65.12,84.4,24.08,25.3,76.94,70.88,46.86,68.88,87.13,36.88,47.54,66.0,85.51,46.17,49.03,97.1,26.0,46.86,54.41,50.36,86.16,8.94,48.17,107.65,22.09,77.9,57.27,32.0,0.0,33.53,17.2,56.92,30.27,100.8,12.08,32.39,78.41,41.23,33.84,101.53,15.65,29.73,73.79,37.34,47.51,75.96
56,35.78,26.08,41.18,42.05,23.41,52.04,36.22,62.13,44.94,20.88,27.2,44.05,48.08,46.69,50.04,19.7,40.79,32.56,59.46,12.0,17.89,48.08,54.63,29.12,37.95,53.85,48.37,38.83,50.99,32.25,8.25,44.05,46.86,20.4,50.0,54.15,19.7,14.14,35.44,52.35,45.61,43.91,65.3,26.08,40.2,44.94,47.71,63.78,36.06,22.36,76.42,32.31,49.4,50.16,38.83,33.53,0.0,32.56,35.61,41.18,70.01,34.21,34.83,49.4,26.68,30.41,68.8,24.76,14.14,41.05,15.81,26.02,42.45
57,12.81,45.12,12.17,30.0,30.07,78.43,21.63,94.4,62.03,18.11,51.92,12.65,70.46,14.42,76.55,43.08,65.51,44.0,91.93,25.06,42.38,68.73,74.0,14.56,18.44,83.19,80.45,54.04,79.62,7.21,26.08,70.94,58.31,51.11,54.41,80.99,44.27,44.41,57.72,79.85,60.3,62.0,97.67,38.0,30.53,66.27,64.12,72.28,26.08,52.84,108.9,36.88,81.61,70.03,47.07,17.2,32.56,0.0,44.18,46.17,102.55,5.83,46.27,68.26,28.07,46.01,100.6,8.06,36.06,73.11,28.46,54.23,72.07
58,55.32,14.0,42.76,24.41,15.23,42.43,27.2,80.89,80.45,47.41,61.77,56.0,82.29,56.14,41.04,20.4,74.32,4.0,71.47,27.2,53.25,27.78,89.55,30.0,60.17,51.61,70.03,11.66,47.2,38.0,39.7,37.2,14.14,51.26,14.42,45.25,54.92,31.05,21.63,45.34,81.22,79.32,75.39,60.83,21.63,79.65,83.23,29.53,63.56,53.14,86.93,65.6,70.11,85.09,73.59,56.92,35.61,44.18,0.0,75.29,82.54,49.5,70.01,26.0,16.12,65.95,74.3,41.48,49.68,52.39,21.4,58.69,43.38
59,36.22,67.23,58.24,72.72,60.83,89.82,64.5,76.97,21.63,30.53,28.64,48.04,34.06,52.04,87.86,60.83,34.41,72.8,82.46,48.17,28.28,88.77,33.11,55.57,32.0,88.2,63.91,79.92,86.58,52.0,35.61,82.0,87.66,40.0,89.2,91.41,28.07,53.14,76.16,89.11,17.89,22.8,88.77,15.23,72.11,29.73,22.36,104.4,22.0,40.05,97.41,10.0,65.79,30.53,4.47,30.27,41.18,46.17,75.29,0.0,90.14,41.98,9.22,90.38,62.29,15.13,95.52,41.15,27.86,70.06,53.91,35.51,77.52
60,104.48,69.46,110.26,103.31,82.86,48.09,101.02,15.13,73.98,88.87,61.85,113.9,63.13,116.67,48.01,65.76,57.87,78.77,11.18,79.03,66.37,64.07,71.0,96.61,105.21,36.12,26.25,73.98,40.01,101.53,77.16,48.26,81.05,54.08,91.98,46.27,65.37,59.41,61.85,44.1,78.26,72.01,8.06,79.61,100.62,65.49,75.66,92.01,99.64,53.0,7.28,87.66,24.35,69.12,85.7,100.8,70.01,102.55,82.54,90.14,0.0,104.0,80.99,68.07,87.32,75.39,15.81,94.75,71.28,30.89,78.49,55.46,39.81
61,7.07,49.5,16.55,35.81,35.01,82.28,27.46,95.13,59.08,16.55,50.7,9.9,68.25,13.04,80.36,46.84,63.89,49.09,93.61,28.46,41.59,73.33,71.18,20.25,12.73,86.41,81.06,59.01,83.01,13.04,26.87,74.63,63.64,51.4,60.08,84.77,43.38,47.01,61.98,83.49,57.01,59.21,99.49,35.36,36.36,63.95,61.01,77.88,21.02,53.01,110.54,33.14,82.33,67.36,43.29,12.08,34.21,5.83,49.5,41.98,104.0,0.0,43.0,73.06,33.38,43.42,102.9,9.85,35.36,75.21,32.56,53.71,75.15
62,38.33,60.8,58.42,70.26,56.22,81.49,62.39,67.98,16.28,28.86,19.42,50.49,27.29,54.45,79.56,54.08,26.17,67.21,73.25,43.42,19.92,81.39,28.44,53.49,35.17,79.4,54.78,73.6,77.93,51.2,30.61,73.76,81.69,31.06,84.22,82.98,19.42,45.62,68.88,80.6,14.04,16.76,79.56,9.43,69.32,22.83,18.03,98.6,25.63,31.0,88.26,10.44,56.65,25.0,5.0,32.39,34.83,46.27,70.01,9.22,80.99,43.0,0.0,83.24,58.25,6.0,86.31,40.02,20.81,61.01,48.92,26.31,68.88
63,78.03,24.33,68.41,50.12,38.21,20.88,53.14,71.02,89.64,67.08,69.66,80.62,87.73,81.22,20.4,29.73,79.25,24.74,58.03,46.39,63.81,4.0,96.17,54.92,82.22,32.56,63.91,14.56,28.28,62.8,56.32,20.1,15.62,56.64,27.2,23.41,64.9,37.74,14.42,24.74,91.61,88.09,60.13,75.15,47.41,86.28,92.46,24.08,83.55,58.0,70.71,81.71,63.25,91.93,87.66,78.41,49.4,68.26,26.0,90.38,68.07,73.06,83.24,0.0,40.79,78.03,56.29,64.01,62.61,42.72,41.11,64.38,29.43
64,39.29,20.0,27.86,16.49,4.47,53.85,14.14,82.87,70.68,32.8,53.85,40.05,74.73,40.45,52.15,21.63,67.47,16.12,76.16,15.23,44.27,41.76,80.99,14.14,44.27,60.96,70.34,26.31,56.85,22.09,27.78,47.2,30.27,46.04,27.78,56.6,46.17,29.12,32.25,56.04,70.71,69.86,80.99,48.83,14.14,71.47,73.35,44.94,48.37,48.04,92.65,52.35,70.88,76.55,61.22,41.23,26.68,28.07,16.12,62.29,87.32,33.38,58.25,40.79,0.0,55.07,81.69,25.63,39.4,56.44,11.05,52.47,50.93
65,39.56,56.08,58.01,68.01,52.7,75.69,60.44,62.65,16.28,28.02,13.6,51.66,25.0,55.54,73.76,49.2,22.2,62.97,67.45,39.96,14.32,76.06,28.02,51.66,37.16,73.44,49.24,68.88,72.01,50.25,27.29,68.01,77.16,25.08,80.28,77.13,13.6,40.31,63.63,74.73,15.65,16.03,73.76,8.06,66.85,20.62,18.68,94.11,28.3,25.0,82.64,13.45,51.08,24.02,11.0,33.84,30.41,46.01,65.95,15.13,75.39,43.42,6.0,78.03,55.07,0.0,80.41,39.12,16.28,55.01,45.22,20.4,62.97
66,104.45,62.43,106.83,96.83,77.34,35.51,95.78,28.3,82.01,89.07,66.91,112.65,72.56,115.0,35.9,60.21,66.07,70.83,14.32,75.93,69.26,52.39,81.05,92.63,106.0,23.77,34.37,64.47,28.16,98.49,76.66,37.7,70.52,56.61,81.93,33.24,68.68,56.22,52.77,31.58,86.01,80.01,9.43,83.24,94.05,74.17,84.05,79.63,101.77,56.04,15.13,91.48,32.39,78.52,91.24,101.53,68.8,100.6,74.3,95.52,15.81,102.9,86.31,56.29,81.69,80.41,0.0,93.23,73.16,27.78,74.25,60.02,31.06
67,14.04,40.11,19.1,32.02,26.48,72.53,23.6,86.4,55.33,11.18,44.15,19.42,63.13,21.93,70.6,37.11,57.87,40.61,84.22,18.68,34.48,64.07,67.12,14.87,18.68,76.56,72.42,50.25,73.16,11.18,18.03,64.85,55.54,43.05,53.23,75.0,36.4,37.22,52.47,73.68,53.94,55.15,90.03,31.26,31.83,59.03,57.56,70.58,23.43,44.78,101.18,31.38,73.6,63.03,41.44,15.65,24.76,8.06,41.48,41.15,94.75,9.85,40.02,64.01,25.63,39.12,93.23,0.0,28.16,65.6,23.09,46.24,65.31
68,34.06,40.0,47.07,53.37,36.72,62.51,46.39,60.83,31.3,18.87,16.12,44.94,36.22,48.37,60.53,33.29,30.07,46.69,61.77,24.17,6.32,60.93,41.76,38.05,34.06,62.13,46.69,52.8,60.0,38.47,12.17,54.59,60.96,17.2,64.03,64.28,8.25,25.3,48.33,62.13,31.62,30.46,68.0,12.65,51.92,32.56,34.0,77.9,28.64,18.44,78.23,20.1,48.17,37.36,25.06,29.73,14.14,36.06,49.68,27.86,71.28,35.36,20.81,62.61,39.4,16.28,73.16,28.16,0.0,45.88,29.15,18.36,51.01
69,76.66,38.9,79.98,72.45,51.97,27.66,70.18,29.0,59.91,61.29,42.11,85.0,53.23,87.46,26.4,34.89,45.31,48.51,19.72,48.8,42.58,38.9,62.17,66.07,78.26,20.12,21.47,45.04,20.62,71.42,48.88,23.26,53.04,30.15,63.13,27.59,42.3,29.0,33.0,24.76,63.35,57.97,24.84,56.72,69.78,53.49,62.36,66.49,74.33,30.02,36.4,64.94,20.62,58.69,66.01,73.79,41.05,73.11,52.39,70.06,30.89,75.21,61.01,42.72,56.44,55.01,27.78,65.6,45.88,0.0,47.8,35.13,13.89
70,37.01,17.03,32.65,27.17,7.62,49.98,22.85,73.01,60.42,26.57,43.01,41.11,63.89,42.54,48.1,14.76,56.52,19.24,67.42,5.83,33.62,41.01,70.38,18.38,41.11,55.23,60.08,27.89,51.48,24.7,18.38,42.54,34.44,35.01,35.36,52.55,35.47,19.24,29.43,51.48,60.75,59.48,72.62,39.62,25.02,60.75,63.13,50.77,43.01,37.01,84.2,44.2,60.75,65.92,52.33,37.34,15.81,28.46,21.4,53.91,78.49,32.56,48.92,41.11,11.05,45.22,74.25,23.09,29.15,47.8,0.0,41.44,44.41
71,52.2,46.14,64.85,68.07,48.84,58.18,62.07,43.6,25.94,37.22,7.0,63.29,23.85,66.73,56.36,38.95,15.65,55.04,47.13,38.01,12.21,61.72,31.89,54.45,51.66,54.34,29.68,58.25,53.45,56.04,28.86,51.0,67.12,7.81,72.92,59.24,10.63,28.3,50.21,56.65,28.79,24.19,53.45,24.19,66.19,21.93,28.65,83.82,44.82,6.4,62.65,32.2,31.38,27.59,31.26,47.51,26.02,54.23,58.69,35.51,55.46,53.71,26.31,64.38,52.47,20.4,60.02,46.24,18.36,35.13,41.44,0.0,44.6
72,77.83,31.4,77.01,65.8,46.67,14.21,65.07,41.59,70.38,63.32,51.24,84.53,65.19,86.45,12.73,29.83,56.94,39.82,29.15,47.01,49.25,25.5,74.09,62.63,80.36,11.4,35.36,34.21,9.06,69.07,50.7,9.49,41.3,38.08,52.17,14.76,49.5,28.46,22.14,12.08,73.39,68.54,32.28,63.07,63.01,64.88,73.01,53.46,78.09,38.6,43.66,71.01,34.44,70.33,73.82,75.96,42.45,72.07,43.38,77.52,39.81,75.15,68.88,29.43,50.93,62.97,31.06,65.31,51.01,13.89,44.41,44.6,0.0
