vehicles
vehicle_idx, capacity, cost_per_unit_distance
1,100,1
2,100,1
3,100,1
4,100,1
5,100,1
6,100,1
7,100,1
8,100,1
9,100,1
10,100,1
depot
node_idx,x,y
0,76,75
home delivery customers
node_idx,x,y,service_time,demand
1,91,14,15,26
2,70,95,15,17
3,86,31,15,5
4,20,0,15,17
5,41,55,15,1
6,46,1,15,16
7,95,45,15,22
8,16,89,15,2
9,60,94,15,25
10,55,25,15,20
11,71,41,15,20
12,61,70,15,26
13,80,36,15,12
14,100,26,15,5
15,65,85,15,11
16,19,71,15,21
17,34,50,15,17
18,36,61,15,12
19,61,94,15,15
20,61,54,15,2
21,76,90,15,17
22,79,81,15,16
23,34,36,15,21
24,74,99,15,16
25,55,10,15,2
26,25,86,15,11
27,30,45,15,63
28,71,35,15,7
29,56,81,15,1
30,25,76,15,6
31,60,34,15,17
32,6,55,15,25
33,60,54,15,25
34,40,96,15,25
35,20,71,15,16
36,31,41,15,22
37,40,49,15,17
38,56,80,15,6
self pickup customers
node_idx,x,y,service_time,demand,locker_idxs
39,60,14,15,11,66-72-69-71-75-67-73-63
40,21,15,15,15,66-69-75
41,40,51,15,5,64-66-76-70-68-72-69-75-71-67-73
42,69,50,15,12,65-76-74-70-68-72-73-67-71-75-69
43,51,91,15,12,65-64-76-70-72-68
44,41,75,15,16,64-65-76-70-68-72
45,1,40,15,26,66
46,15,91,15,12,68-64
47,21,11,15,22,66-69-75
48,75,14,15,2,63-73-67-71-75-69
49,65,54,15,6,65-76-70-68-74-69-72-75-67-71-73
50,100,6,15,6,63-73
51,99,91,15,10,65-76-74
52,75,16,15,1,69-71-75-67-73-63
53,21,85,15,10,64-68-70
54,75,80,15,21,74-65-76-72-70-68
55,85,76,15,26,74-65-76-70-68-72
56,41,44,15,10,66-73-75-69-67-71-70-72-68
flexible customers
node_idx,x,y,service_time,demand,locker_idxs
57,46,5,15,20,66-69-75-67-73-71
58,41,1,15,22,66-69-75-67-71
59,39,35,15,21,66-69-75-67-73-71-72-68
60,19,11,15,21,66-69
61,35,100,15,15,65-76-64-70-68
62,94,45,15,5,63-75-67-73-71-72-74
lockers
node_idx,x,y,service_time,capacity,cost_per_unit_good
63,93,12,10,95,100
64,22,88,10,74,100
65,65,88,10,78,100
66,25,15,10,88,100
67,64,29,10,77,100
68,46,68,10,73,100
69,54,22,10,86,100
70,55,77,10,100,100
71,60,33,10,78,100
72,55,55,10,76,100
73,71,31,10,92,100
74,89,62,10,92,100
75,60,23,10,76,100
76,64,83,10,92,100
mrt lines
start_node_idx,end_node_idx,freight_capacity,cost_per_unit_good
63,64,95,1
64,63,95,1
65,66,88,1
66,65,88,1
distance matrix
,0,1,2,3,4,5,6,7,8,9,10,11,12,13,14,15,16,17,18,19,20,21,22,23,24,25,26,27,28,29,30,31,32,33,34,35,36,37,38,39,40,41,42,43,44,45,46,47,48,49,50,51,52,53,54,55,56,57,58,59,60,61,62,63,64,65,66,67,68,69,70,71,72,73,74,75,76,
0,0.0,62.82,20.88,45.12,93.6,40.31,79.85,35.51,61.61,24.84,54.23,34.37,15.81,39.2,54.56,14.87,57.14,48.88,42.38,24.21,25.81,15.0,6.71,57.31,24.08,68.31,52.17,54.92,40.31,20.88,51.01,44.01,72.8,26.4,41.68,56.14,56.4,44.41,20.62,63.06,81.39,43.27,25.96,29.68,35.0,82.76,63.06,84.39,61.01,23.71,73.05,28.02,59.01,55.9,5.1,9.06,46.75,76.16,81.86,54.49,85.7,48.02,34.99,65.25,55.54,17.03,78.75,47.54,30.81,57.38,21.1,44.94,29.0,44.28,18.38,54.41,14.42
1,62.82,0.0,83.68,17.72,72.37,64.66,46.84,31.26,106.07,85.8,37.64,33.6,63.53,24.6,15.0,75.61,91.83,67.42,72.35,85.44,50.0,77.47,68.07,61.1,86.68,36.22,97.67,68.43,29.0,75.59,90.55,36.89,94.37,50.61,96.57,91.05,65.8,61.85,74.71,31.0,70.01,63.01,42.19,86.77,78.87,93.68,108.19,70.06,16.0,47.71,12.04,77.41,16.12,99.7,67.91,62.29,58.31,45.89,51.66,56.08,72.06,102.63,31.14,2.83,101.18,78.43,66.01,30.89,70.29,37.85,72.56,36.36,54.56,26.25,48.04,32.28,74.09
2,20.88,83.68,0.0,65.97,107.35,49.41,97.02,55.9,54.33,10.05,71.59,54.01,26.57,59.84,75.24,11.18,56.36,57.63,48.08,9.06,41.98,7.81,16.64,69.12,5.66,86.31,45.89,64.03,60.01,19.8,48.85,61.81,75.47,42.2,30.02,55.46,66.61,54.92,20.52,81.61,93.81,53.25,45.01,19.42,35.23,88.24,55.15,97.25,81.15,41.3,93.92,29.27,79.16,50.01,15.81,24.21,58.67,93.15,98.37,67.54,98.27,35.36,55.46,86.13,48.51,8.6,91.79,66.27,36.12,74.73,23.43,62.8,42.72,64.01,38.08,72.69,13.42
3,45.12,17.72,65.97,0.0,72.92,51.0,50.0,16.64,90.91,68.15,31.58,18.03,46.32,7.81,14.87,57.94,78.03,55.36,58.31,67.78,33.97,59.84,50.49,52.24,69.05,37.44,82.13,57.72,15.52,58.31,75.8,26.17,83.52,34.71,79.63,77.18,55.9,49.4,57.45,31.06,66.94,50.16,25.5,69.46,62.94,85.48,92.96,68.01,20.25,31.14,28.65,61.39,18.6,84.5,50.22,45.01,46.84,47.71,54.08,47.17,69.92,85.8,16.12,20.25,85.7,60.75,63.06,22.09,54.49,33.24,55.47,26.08,39.2,15.0,31.14,27.2,56.46
4,93.6,72.37,107.35,72.92,0.0,58.87,26.02,87.46,89.09,102.16,43.01,65.44,81.12,69.97,84.12,96.18,71.01,51.92,63.06,102.55,67.8,106.0,100.21,38.63,112.77,36.4,86.15,46.1,61.85,88.64,76.16,52.5,56.75,67.2,98.06,71.0,42.45,52.92,87.73,42.38,15.03,54.78,70.01,96.14,77.88,44.28,91.14,11.05,56.75,70.29,80.22,120.51,57.28,85.01,97.08,100.0,48.75,26.48,21.02,39.82,11.05,101.12,86.61,73.98,88.02,98.84,15.81,52.7,72.8,40.5,84.58,51.86,65.19,59.68,92.76,46.14,93.94
5,40.31,64.66,49.41,51.0,58.87,0.0,54.23,54.92,42.2,43.38,33.11,33.11,25.0,43.38,65.74,38.42,27.2,8.6,7.81,43.83,20.02,49.5,46.04,20.25,55.0,47.13,34.89,14.87,36.06,30.02,26.4,28.32,35.0,19.03,41.01,26.4,17.2,6.08,29.15,45.19,44.72,4.12,28.44,37.36,20.0,42.72,44.41,48.33,53.26,24.02,76.69,68.26,51.74,36.06,42.2,48.75,11.0,50.25,54.0,20.1,49.19,45.4,53.94,67.48,38.08,40.8,43.08,34.71,13.93,35.47,26.08,29.07,14.0,38.42,48.51,37.22,36.24
6,79.85,46.84,97.02,50.0,26.02,54.23,0.0,65.86,92.97,94.05,25.63,47.17,70.61,48.8,59.51,86.12,75.03,50.45,60.83,94.2,55.08,93.92,86.54,37.0,101.92,12.73,87.56,46.82,42.2,80.62,77.88,35.85,67.2,54.82,95.19,74.67,42.72,48.37,79.63,19.1,28.65,50.36,54.13,90.14,74.17,59.55,95.19,26.93,31.78,56.3,54.23,104.45,32.65,87.64,84.15,84.53,43.29,4.0,5.0,34.71,28.79,99.61,65.12,48.27,90.25,89.05,25.24,33.29,67.0,22.47,76.53,34.93,54.74,39.05,74.63,26.08,83.95
7,35.51,31.26,55.9,16.64,87.46,54.92,65.86,0.0,90.43,60.22,44.72,24.33,42.2,17.49,19.65,50.0,80.32,61.2,61.13,59.64,35.17,48.85,39.4,61.66,57.94,53.15,81.12,65.0,26.0,53.08,76.56,36.69,89.56,36.14,75.01,79.38,64.12,55.15,52.4,46.75,79.85,55.33,26.48,63.66,61.77,94.13,92.28,81.44,36.89,31.32,39.32,46.17,35.23,84.12,40.31,32.57,54.01,63.25,69.66,56.89,83.26,81.39,1.0,33.06,84.72,52.43,76.16,34.89,54.13,47.01,51.22,37.0,41.23,27.78,18.03,41.34,49.04
8,61.61,106.07,54.33,90.91,89.09,42.2,92.97,90.43,0.0,44.28,74.95,73.0,48.85,83.1,105.0,49.16,18.25,42.95,34.41,45.28,57.01,60.01,63.51,55.97,58.86,88.1,9.49,46.17,77.08,40.79,15.81,70.43,35.44,56.22,25.0,18.44,50.29,46.65,41.0,86.95,74.17,44.94,65.8,35.06,28.65,51.24,2.24,78.16,95.43,60.22,118.09,83.02,93.86,6.4,59.68,70.21,51.48,89.2,91.48,58.69,78.06,21.95,89.55,108.89,6.08,49.01,74.55,76.84,36.62,77.03,40.8,71.22,51.74,79.93,77.83,79.32,48.37
9,24.84,85.8,10.05,68.15,102.16,43.38,94.05,60.22,44.28,0.0,69.18,54.13,24.02,61.35,78.89,10.3,47.01,51.11,40.8,1.0,40.01,16.49,23.02,63.56,14.87,84.15,35.9,57.45,60.02,13.6,39.36,60.0,66.61,40.0,20.1,46.14,60.42,49.24,14.56,80.0,88.1,47.42,44.91,9.49,26.87,79.98,45.1,91.71,81.39,40.31,96.66,39.12,79.43,40.02,20.52,30.81,53.49,90.09,94.92,62.63,92.57,25.71,59.64,88.39,38.47,7.81,86.41,65.12,29.53,72.25,17.72,61.0,39.32,63.95,43.19,71.0,11.7
10,54.23,37.64,71.59,31.58,43.01,33.11,25.63,44.72,74.95,69.18,0.0,22.63,45.4,27.31,45.01,60.83,58.41,32.65,40.71,69.26,29.61,68.31,60.93,23.71,76.4,15.0,67.98,32.02,18.87,56.01,59.17,10.3,57.45,29.43,72.57,57.8,28.84,28.3,55.01,12.08,35.44,30.02,28.65,66.12,51.92,56.04,77.18,36.77,22.83,30.68,48.85,79.32,21.93,68.96,58.52,59.17,23.6,21.93,27.78,18.87,38.63,77.62,43.83,40.16,71.12,63.79,31.62,9.85,43.93,3.16,52.0,9.43,30.0,17.09,50.25,5.39,58.69
11,34.37,33.6,54.01,18.03,65.44,33.11,47.17,24.33,73.0,54.13,22.63,0.0,30.68,10.3,32.65,44.41,60.03,38.08,40.31,53.94,16.4,49.25,40.79,37.34,58.08,34.89,64.35,41.19,6.0,42.72,57.8,13.04,66.49,17.03,63.13,59.17,40.0,32.02,41.79,29.15,56.36,32.57,9.22,53.85,45.34,70.01,75.07,58.31,27.29,14.32,45.45,57.31,25.32,66.6,39.2,37.7,30.15,43.83,50.0,32.56,60.03,69.12,23.35,36.4,67.9,47.38,52.84,13.89,36.8,25.5,39.4,13.6,21.26,10.0,27.66,21.1,42.58
12,15.81,63.53,26.57,46.32,81.12,25.0,70.61,42.2,48.85,24.02,45.4,30.68,0.0,38.95,58.8,15.52,42.01,33.6,26.57,24.0,16.0,25.0,21.1,43.42,31.78,60.3,39.4,39.82,36.4,12.08,36.5,36.01,57.01,16.03,33.42,41.01,41.73,29.7,11.18,56.01,68.01,28.32,21.54,23.26,20.62,67.08,50.57,71.28,57.72,16.49,74.95,43.42,55.79,42.72,17.2,24.74,32.8,66.71,71.84,41.34,72.42,39.7,41.4,66.24,42.95,18.44,65.73,41.11,15.13,48.51,9.22,37.01,16.16,40.26,29.12,47.01,13.34
13,39.2,24.6,59.84,7.81,69.97,43.38,48.8,17.49,83.1,61.35,27.31,10.3,38.95,0.0,22.36,51.24,70.33,48.08,50.61,61.03,26.17,54.15,45.01,46.0,63.29,36.07,74.33,50.8,9.06,51.0,68.01,20.1,76.4,26.91,72.11,69.46,49.25,42.06,50.12,29.73,62.63,42.72,17.8,62.18,55.15,79.1,85.15,64.08,22.56,23.43,36.06,58.19,20.62,76.69,44.28,40.31,39.81,46.01,52.4,41.01,65.92,78.24,16.64,27.29,77.9,54.12,58.87,17.46,46.69,29.53,48.02,20.22,31.4,10.3,27.51,23.85,49.65
14,54.56,15.0,75.24,14.87,84.12,65.74,59.51,19.65,105.0,78.89,45.01,32.65,58.8,22.36,0.0,68.6,92.66,70.23,72.95,78.39,48.01,68.35,58.87,66.75,77.49,47.76,96.05,72.53,30.36,70.43,90.14,40.79,98.37,48.83,92.2,91.79,70.61,64.26,69.66,41.76,79.76,65.0,39.2,81.4,76.69,99.98,107.0,80.41,27.73,44.82,20.0,65.01,26.93,98.6,59.51,52.2,61.68,57.94,64.08,61.66,82.38,98.49,19.92,15.65,99.64,71.2,75.8,36.12,68.41,46.17,68.01,40.61,53.54,29.43,37.64,40.11,67.42
15,14.87,75.61,11.18,57.94,96.18,38.42,86.12,50.0,49.16,10.3,60.83,44.41,15.52,51.24,68.6,0.0,48.08,46.75,37.64,9.85,31.26,12.08,14.56,57.98,16.64,75.66,40.01,53.15,50.36,9.85,41.0,51.24,66.19,31.4,27.31,47.13,55.61,43.83,10.3,71.18,82.68,42.2,35.23,15.23,26.0,78.24,50.36,86.09,71.7,31.0,86.41,34.53,69.72,44.0,11.18,21.93,47.51,82.23,87.36,56.36,87.13,33.54,49.41,78.19,43.1,3.0,80.62,56.01,25.5,63.95,12.81,52.24,31.62,54.33,33.24,62.2,2.24
16,57.14,91.83,56.36,78.03,71.01,27.2,75.03,80.32,18.25,47.01,58.41,60.03,42.01,70.33,92.66,48.08,0.0,25.81,19.72,47.89,45.31,60.08,60.83,38.08,61.72,70.83,16.16,28.23,63.25,38.33,7.81,55.23,20.62,44.38,32.65,1.0,32.31,30.41,38.08,70.21,56.04,29.0,54.23,37.74,22.36,35.85,20.4,60.03,79.91,49.04,103.86,82.46,78.49,14.14,56.72,66.19,34.83,71.31,73.38,41.18,60.0,33.12,79.38,94.64,17.26,49.04,56.32,61.55,27.17,60.22,36.5,55.9,39.4,65.6,70.58,63.13,46.57
17,48.88,67.42,57.63,55.36,51.92,8.6,50.45,61.2,42.95,51.11,32.65,38.08,33.6,48.08,70.23,46.75,25.81,0.0,11.18,51.62,27.29,58.0,54.64,14.0,63.25,45.18,37.11,6.4,39.92,38.01,27.51,30.53,28.44,26.31,46.39,25.24,9.49,6.08,37.2,44.41,37.34,6.08,35.0,44.38,25.96,34.48,45.19,41.11,54.56,31.26,79.32,76.85,53.26,37.34,50.8,57.25,9.22,46.57,49.5,15.81,41.79,50.01,60.21,70.18,39.85,49.04,36.14,36.62,21.63,34.41,34.21,31.06,21.59,41.59,56.29,37.48,44.6
18,42.38,72.35,48.08,58.31,63.06,7.81,60.83,61.13,34.41,40.8,40.71,40.31,26.57,50.61,72.95,37.64,19.72,11.18,0.0,41.4,25.96,49.41,47.42,25.08,53.74,54.42,27.31,17.09,43.6,28.28,18.6,36.12,30.59,25.0,35.23,18.87,20.62,12.65,27.59,52.77,48.38,10.77,34.79,33.54,14.87,40.82,36.62,52.2,61.07,29.83,84.39,69.78,59.55,28.3,43.38,51.24,17.72,56.89,60.21,26.17,52.81,39.01,60.17,75.17,30.41,39.62,47.3,42.52,12.21,42.95,24.84,36.88,19.92,46.1,53.01,44.94,35.61
19,24.21,85.44,9.06,67.78,102.55,43.83,94.2,59.64,45.28,1.0,69.26,53.94,24.0,61.03,78.39,9.85,47.89,51.62,41.4,0.0,40.0,15.52,22.2,63.98,13.93,84.21,36.88,57.98,59.84,13.93,40.25,60.01,67.42,40.01,21.1,47.01,60.9,49.66,14.87,80.01,88.55,47.85,44.72,10.44,27.59,80.72,46.1,92.14,81.22,40.2,96.25,38.12,79.25,41.0,19.8,30.0,53.85,90.26,95.13,62.97,93.02,26.68,59.08,88.02,39.46,7.21,86.82,65.07,30.02,72.34,18.03,61.01,39.46,63.79,42.52,71.01,11.4
20,25.81,50.0,41.98,33.97,67.8,20.02,55.08,35.17,57.01,40.01,29.61,16.4,16.0,26.17,48.01,31.26,45.31,27.29,25.96,40.0,0.0,39.0,32.45,32.45,46.84,44.41,48.17,32.28,21.47,27.46,42.19,20.02,55.01,1.0,46.96,44.38,32.7,21.59,26.48,40.01,55.87,21.21,8.94,38.33,29.0,61.61,59.03,58.73,42.38,4.0,61.85,53.04,40.5,50.61,29.53,32.56,22.36,51.24,56.65,29.07,60.11,52.84,34.21,52.8,51.74,34.23,53.08,25.18,20.52,32.76,23.77,21.02,6.08,25.08,29.12,31.02,29.15
21,15.0,77.47,7.81,59.84,106.0,49.5,93.92,48.85,60.01,16.49,68.31,49.25,25.0,54.15,68.35,12.08,60.08,58.0,49.41,15.52,39.0,0.0,9.49,68.41,9.22,82.71,51.16,64.35,55.23,21.93,52.89,58.24,78.26,39.4,36.5,59.14,66.53,54.56,22.36,77.67,93.01,53.08,40.61,25.02,38.08,90.14,61.01,96.26,76.01,37.64,87.36,23.02,74.01,55.23,10.05,16.64,57.8,90.14,95.63,66.29,97.42,42.2,48.47,79.83,54.04,11.18,90.7,62.17,37.2,71.47,24.7,59.2,40.82,59.21,30.87,68.88,13.89
22,6.71,68.07,16.64,50.49,100.21,46.04,86.54,39.4,63.51,23.02,60.93,40.79,21.1,45.01,58.87,14.56,60.83,54.64,47.42,22.2,32.45,9.49,0.0,63.64,18.68,74.95,54.23,60.8,46.69,23.0,54.23,50.7,77.49,33.02,41.79,59.84,62.48,50.45,23.02,69.64,87.86,49.2,32.57,29.73,38.47,88.12,64.78,90.91,67.12,30.41,77.88,22.36,65.12,58.14,4.12,7.81,53.04,82.86,88.57,60.96,92.2,47.93,39.0,70.41,57.43,15.65,85.28,54.12,35.47,64.08,24.33,51.62,35.38,50.64,21.47,61.03,15.13
23,57.31,61.1,69.12,52.24,38.63,20.25,37.0,61.66,55.97,63.56,23.71,37.34,43.42,46.0,66.75,57.98,38.08,14.0,25.08,63.98,32.45,68.41,63.64,0.0,74.63,33.42,50.8,9.85,37.01,50.09,41.0,26.08,33.84,31.62,60.3,37.7,5.83,14.32,49.19,34.06,24.7,16.16,37.7,57.57,39.62,33.24,58.19,28.18,46.53,35.85,72.5,85.15,45.62,50.7,60.14,64.82,10.63,33.24,35.69,5.1,29.15,64.01,60.67,63.69,53.37,60.54,22.85,30.81,34.18,24.41,46.07,26.17,28.32,37.34,60.84,29.07,55.76
24,24.08,86.68,5.66,69.05,112.77,55.0,101.92,57.94,58.86,14.87,76.4,58.08,31.78,63.29,77.49,16.64,61.72,63.25,53.74,13.93,46.84,9.22,18.68,74.63,0.0,91.01,50.7,69.66,64.07,25.46,54.13,66.49,80.99,47.13,34.13,60.83,72.2,60.46,26.17,86.15,99.32,58.82,49.25,24.35,40.8,93.86,59.54,102.73,85.01,45.89,96.57,26.25,83.01,54.82,19.03,25.5,64.14,98.08,103.41,72.95,103.77,39.01,57.58,89.05,53.15,14.21,97.25,70.71,41.77,79.56,29.07,67.47,47.93,68.07,39.92,77.28,18.87
25,68.31,36.22,86.31,37.44,36.4,47.13,12.73,53.15,88.1,84.15,15.0,34.89,60.3,36.07,47.76,75.66,70.83,45.18,54.42,84.21,44.41,82.71,74.95,33.42,91.01,0.0,81.71,43.01,29.68,71.01,72.5,24.52,66.53,44.28,87.3,70.33,39.2,41.79,70.01,6.4,34.37,43.66,42.38,81.1,66.49,61.77,90.34,34.01,20.4,45.12,45.18,92.18,20.88,82.35,72.8,72.5,36.77,10.3,16.64,29.68,36.01,92.2,52.4,38.05,84.69,78.64,30.41,21.02,58.69,12.04,67.0,23.54,45.0,26.4,62.13,13.93,73.55
26,52.17,97.67,45.89,82.13,86.15,34.89,87.56,81.12,9.49,35.9,67.98,64.35,39.4,74.33,96.05,40.01,16.16,37.11,27.31,36.88,48.17,51.16,54.23,50.8,50.7,81.71,0.0,41.3,68.68,31.4,10.0,62.68,36.36,47.42,18.03,15.81,45.4,39.92,31.58,80.06,71.11,38.08,56.85,26.48,19.42,51.88,11.18,75.11,87.66,51.22,109.66,74.17,86.02,4.12,50.36,60.83,44.94,83.68,86.49,52.89,75.24,17.2,80.26,100.5,3.61,40.05,71.0,69.07,27.66,70.26,31.32,63.51,43.14,71.7,68.35,72.07,39.12
27,54.92,68.43,64.03,57.72,46.1,14.87,46.82,65.0,46.17,57.45,32.02,41.19,39.82,50.8,72.53,53.15,28.23,6.4,17.09,57.98,32.28,64.35,60.8,9.85,69.66,43.01,41.3,0.0,42.2,44.41,31.4,31.95,26.0,31.32,51.97,27.86,4.12,10.77,43.6,43.14,31.32,11.66,39.32,50.57,31.95,29.43,48.38,35.17,54.64,36.14,80.13,82.93,53.54,41.0,57.01,63.13,11.05,43.08,45.35,13.45,35.74,55.23,64.0,71.12,43.74,55.44,30.41,37.58,28.02,33.24,40.61,32.31,26.93,43.32,61.4,37.2,50.99
28,40.31,29.0,60.01,15.52,61.85,36.06,42.2,26.0,77.08,60.02,18.87,6.0,36.4,9.06,30.36,50.36,63.25,39.92,43.6,59.84,21.47,55.23,46.69,37.01,64.07,29.68,68.68,42.2,0.0,48.38,61.62,11.05,68.01,21.95,68.43,62.43,40.45,34.01,47.43,23.71,53.85,34.89,15.13,59.46,50.0,70.18,79.2,55.46,21.38,19.92,41.01,62.61,19.42,70.71,45.18,43.32,31.32,39.05,45.34,32.0,57.27,74.3,25.08,31.83,72.18,53.34,50.16,9.22,41.4,21.4,44.94,11.18,25.61,4.0,32.45,16.28,48.51
29,20.88,75.59,19.8,58.31,88.64,30.02,80.62,53.08,40.79,13.6,56.01,42.72,12.08,51.0,70.43,9.85,38.33,38.01,28.28,13.93,27.46,21.93,23.0,50.09,25.46,71.01,31.4,44.41,48.38,0.0,31.4,47.17,56.36,27.29,21.93,37.36,47.17,35.78,1.0,67.12,74.71,34.0,33.62,11.18,16.16,68.6,42.2,78.26,69.64,28.46,86.95,44.15,67.72,35.23,19.03,29.43,39.92,76.66,81.39,49.04,79.18,28.32,52.35,78.29,34.71,11.4,72.92,52.61,16.4,59.03,4.12,48.17,26.02,52.2,38.08,58.14,8.25
30,51.01,90.55,48.85,75.8,76.16,26.4,77.88,76.56,15.81,39.36,59.17,57.8,36.5,68.01,90.14,41.0,7.81,27.51,18.6,40.25,42.19,52.89,54.23,41.0,54.13,72.5,10.0,31.4,61.62,31.4,0.0,54.67,28.32,41.34,25.0,7.07,35.51,30.89,31.26,71.2,61.13,29.15,51.11,30.02,16.03,43.27,18.03,65.12,79.65,45.65,102.59,75.5,78.1,9.85,50.16,60.0,35.78,74.04,76.69,43.32,65.28,26.0,75.64,93.38,12.37,41.76,61.0,61.07,22.47,61.29,30.02,55.44,36.62,64.35,65.51,63.51,39.62
31,44.01,36.89,61.81,26.17,52.5,28.32,35.85,36.69,70.43,60.0,10.3,13.04,36.01,20.1,40.79,51.24,55.23,30.53,36.12,60.01,20.02,58.24,50.7,26.08,66.49,24.52,62.68,31.95,11.05,47.17,54.67,0.0,57.94,20.0,65.15,54.49,29.83,25.0,46.17,20.0,43.38,26.25,18.36,57.71,45.19,59.3,72.62,45.28,25.0,20.62,48.83,69.07,23.43,64.2,48.38,48.88,21.47,32.2,38.08,21.02,47.01,70.58,35.74,39.66,66.03,54.23,39.82,6.4,36.77,13.42,43.29,1.0,21.59,11.4,40.31,11.0,49.16
32,72.8,94.37,75.47,83.52,56.75,35.0,67.2,89.56,35.44,66.61,57.45,66.49,57.01,76.4,98.37,66.19,20.62,28.44,30.59,67.42,55.01,78.26,77.49,33.84,80.99,66.53,36.36,26.0,68.01,56.36,28.32,57.94,0.0,54.01,53.26,21.26,28.65,34.53,55.9,67.8,42.72,34.23,63.2,57.63,40.31,15.81,37.11,46.49,80.26,59.01,106.0,99.72,79.26,33.54,73.39,81.74,36.69,64.03,64.35,38.59,45.88,53.54,88.57,97.05,36.67,67.6,44.28,63.56,42.06,58.25,53.71,58.31,49.0,69.29,83.29,62.77,64.4
33,26.4,50.61,42.2,34.71,67.2,19.03,54.82,36.14,56.22,40.0,29.43,17.03,16.03,26.91,48.83,31.4,44.38,26.31,25.0,40.01,1.0,39.4,33.02,31.62,47.13,44.28,47.42,31.32,21.95,27.29,41.34,20.0,54.01,0.0,46.52,43.46,31.78,20.62,26.31,40.0,55.15,20.22,9.85,38.08,28.32,60.64,58.26,58.05,42.72,5.0,62.48,53.76,40.85,49.82,30.02,33.3,21.47,50.96,56.3,28.32,59.41,52.35,35.17,53.41,50.99,34.37,52.4,25.32,19.8,32.56,23.54,21.0,5.1,25.5,30.08,31.0,29.27
34,41.68,96.57,30.02,79.63,98.06,41.01,95.19,75.01,25.0,20.1,72.57,63.13,33.42,72.11,92.2,27.31,32.65,46.39,35.23,21.1,46.96,36.5,41.79,60.3,34.13,87.3,18.03,51.97,68.43,21.93,25.0,65.15,53.26,46.52,0.0,32.02,55.73,47.0,22.63,84.4,83.2,45.0,54.38,12.08,21.02,68.24,25.5,87.1,89.16,48.88,108.17,59.21,87.32,21.95,38.48,49.24,52.01,91.2,95.01,61.01,87.56,6.4,74.28,99.32,19.7,26.25,82.38,71.17,28.64,75.31,24.21,66.1,43.66,72.01,59.64,75.69,27.29
35,56.14,91.05,55.46,77.18,71.0,26.4,74.67,79.38,18.44,46.14,57.8,59.17,41.01,69.46,91.79,47.13,1.0,25.24,18.87,47.01,44.38,59.14,59.84,37.7,60.83,70.33,15.81,27.86,62.43,37.36,7.07,54.49,21.26,43.46,32.02,0.0,31.95,29.73,37.11,69.63,56.01,28.28,53.31,36.89,21.38,36.36,20.62,60.01,79.21,48.1,103.08,81.49,77.78,14.04,55.73,65.19,34.21,70.94,73.08,40.71,60.01,32.65,78.43,93.86,17.12,48.1,56.22,60.83,26.17,59.64,35.51,55.17,38.48,64.82,69.58,62.48,45.61
36,56.4,65.8,66.61,55.9,42.45,17.2,42.72,64.12,50.29,60.42,28.84,40.0,41.73,49.25,70.61,55.61,32.31,9.49,20.62,60.9,32.7,66.53,62.48,5.83,72.2,39.2,45.4,4.12,40.45,47.17,35.51,29.83,28.65,31.78,55.73,31.95,0.0,12.04,46.32,39.62,27.86,13.45,39.05,53.85,35.44,30.02,52.5,31.62,51.62,36.4,77.37,84.4,50.61,45.12,58.8,64.35,10.44,39.0,41.23,10.0,32.31,59.14,63.13,68.45,47.85,58.01,26.68,35.11,30.89,29.83,43.27,30.08,27.78,41.23,61.68,34.13,53.41
37,44.41,61.85,54.92,49.4,52.92,6.08,48.37,55.15,46.65,49.24,28.3,32.02,29.7,42.06,64.26,43.83,30.41,6.08,12.65,49.66,21.59,54.56,50.45,14.32,60.46,41.79,39.92,10.77,34.01,35.78,30.89,25.0,34.53,20.62,47.0,29.73,12.04,0.0,34.89,40.31,38.95,2.0,29.02,43.42,26.02,40.02,48.88,42.49,49.5,25.5,73.82,72.42,48.1,40.71,46.75,52.48,5.1,44.41,48.01,14.04,43.42,51.24,54.15,64.64,42.95,46.32,37.16,31.24,19.92,30.41,31.76,25.61,16.16,35.85,50.7,32.8,41.62
38,20.62,74.71,20.52,57.45,87.73,29.15,79.63,52.4,41.0,14.56,55.01,41.79,11.18,50.12,69.66,10.3,38.08,37.2,27.59,14.87,26.48,22.36,23.02,49.19,26.17,70.01,31.58,43.6,47.43,1.0,31.26,46.17,55.9,26.31,22.63,37.11,46.32,34.89,0.0,66.12,73.82,33.12,32.7,12.08,15.81,68.01,42.45,77.37,68.68,27.51,86.09,44.38,66.76,35.36,19.0,29.27,39.0,75.66,80.41,48.1,78.29,29.0,51.66,77.41,34.93,12.04,72.01,51.62,15.62,58.03,3.16,47.17,25.02,51.24,37.59,57.14,8.54
39,63.06,31.0,81.61,31.06,42.38,45.19,19.1,46.75,86.95,80.0,12.08,29.15,56.01,29.73,41.76,71.18,70.21,44.41,52.77,80.01,40.01,77.67,69.64,34.06,86.15,6.4,80.06,43.14,23.71,67.12,71.2,20.0,67.8,40.0,84.4,69.63,39.62,40.31,66.12,0.0,39.01,42.06,37.11,77.52,63.89,64.47,89.19,39.12,15.0,40.31,40.79,86.31,15.13,81.01,67.68,66.85,35.51,16.64,23.02,29.7,41.11,89.56,46.01,33.06,83.19,74.17,35.01,15.52,55.79,10.0,63.2,19.0,41.3,20.25,56.08,9.0,69.12
40,81.39,70.01,93.81,66.94,15.03,44.72,28.65,79.85,74.17,88.1,35.44,56.36,68.01,62.63,79.76,82.68,56.04,37.34,48.38,88.55,55.87,93.01,87.86,24.7,99.32,34.37,71.11,31.32,53.85,74.71,61.13,43.38,42.72,55.15,83.2,56.01,27.86,38.95,73.82,39.01,0.0,40.71,59.41,81.71,63.25,32.02,76.24,4.0,54.01,58.8,79.51,108.9,54.01,70.0,84.5,88.41,35.23,26.93,24.41,26.91,4.47,86.15,78.92,72.06,73.01,85.23,4.0,45.22,58.6,33.73,70.71,42.95,52.5,52.5,82.66,39.81,80.45
41,43.27,63.01,53.25,50.16,54.78,4.12,50.36,55.33,44.94,47.42,30.02,32.57,28.32,42.72,65.0,42.2,29.0,6.08,10.77,47.85,21.21,53.08,49.2,16.16,58.82,43.66,38.08,11.66,34.89,34.0,29.15,26.25,34.23,20.22,45.0,28.28,13.45,2.0,33.12,42.06,40.71,0.0,29.02,41.48,24.02,40.52,47.17,44.28,50.93,25.18,75.0,71.28,49.5,38.95,45.45,51.48,7.07,46.39,50.01,16.03,45.18,49.25,54.33,65.8,41.15,44.65,39.0,32.56,18.03,32.2,30.02,26.91,15.52,36.89,50.22,34.41,40.0
42,25.96,42.19,45.01,25.5,70.01,28.44,54.13,26.48,65.8,44.91,28.65,9.22,21.54,17.8,39.2,35.23,54.23,35.0,34.79,44.72,8.94,40.61,32.57,37.7,49.25,42.38,56.85,39.32,15.13,33.62,51.11,18.36,63.2,9.85,54.38,53.31,39.05,29.02,32.7,37.11,59.41,29.02,0.0,44.78,37.54,68.73,67.8,61.85,36.5,5.66,53.82,50.8,34.53,59.41,30.59,30.53,28.64,50.54,56.44,33.54,63.41,60.46,25.5,44.94,60.44,38.21,56.22,21.59,29.21,31.76,30.41,19.24,14.87,19.1,23.32,28.46,33.38
43,29.68,86.77,19.42,69.46,96.14,37.36,90.14,63.66,35.06,9.49,66.12,53.85,23.26,62.18,81.4,15.23,37.74,44.38,33.54,10.44,38.33,25.02,29.73,57.57,24.35,81.1,26.48,50.57,59.46,11.18,30.02,57.71,57.63,38.08,12.08,36.89,53.85,43.42,12.08,77.52,81.71,41.48,44.78,0.0,18.87,71.42,36.0,85.44,80.65,39.56,98.11,48.0,78.75,30.59,26.4,37.16,48.05,86.15,90.55,57.27,86.16,18.36,62.97,89.47,29.15,14.32,80.32,63.35,23.54,69.07,14.56,58.69,36.22,63.25,47.8,68.59,15.26
44,35.0,78.87,35.23,62.94,77.88,20.0,74.17,61.77,28.65,26.87,51.92,45.34,20.62,55.15,76.69,26.0,22.36,25.96,14.87,27.59,29.0,38.08,38.47,39.62,40.8,66.49,19.42,31.95,50.0,16.16,16.03,45.19,40.31,28.32,21.02,21.38,35.44,26.02,15.81,63.89,63.25,24.02,37.54,18.87,0.0,53.15,30.53,67.05,69.84,31.89,90.79,60.17,68.1,22.36,34.37,44.01,31.0,70.18,74.0,40.05,67.68,25.71,60.9,81.69,23.02,27.29,62.1,51.43,8.6,54.57,14.14,46.1,24.41,53.25,49.73,55.36,24.35
45,82.76,93.68,88.24,85.48,44.28,42.72,59.55,94.13,51.24,79.98,56.04,70.01,67.08,79.1,99.98,78.24,35.85,34.48,40.82,80.72,61.61,90.14,88.12,33.24,93.86,61.77,51.88,29.43,70.18,68.6,43.27,59.3,15.81,60.64,68.24,36.36,30.02,40.02,68.01,64.47,32.02,40.52,68.73,71.42,53.15,0.0,52.89,35.23,78.43,65.51,104.68,110.48,77.79,49.24,84.12,91.39,40.2,57.01,55.87,38.33,34.13,68.96,93.13,96.17,52.39,80.0,34.66,63.95,53.0,55.97,65.46,59.41,56.04,70.58,90.71,61.4,76.28
46,63.06,108.19,55.15,92.96,91.14,44.41,95.19,92.28,2.24,45.1,77.18,75.07,50.57,85.15,107.0,50.36,20.4,45.19,36.62,46.1,59.03,61.01,64.78,58.19,59.54,90.34,11.18,48.38,79.2,42.2,18.03,72.62,37.11,58.26,25.5,20.62,52.5,48.88,42.45,89.19,76.24,47.17,67.8,36.0,30.53,52.89,0.0,80.22,97.62,62.2,120.21,84.0,96.05,8.49,61.0,71.59,53.71,91.42,93.68,60.93,80.1,21.93,91.42,111.02,7.62,50.09,76.66,79.03,38.6,79.26,42.38,73.41,53.81,82.07,79.48,81.54,49.65
47,84.39,70.06,97.25,68.01,11.05,48.33,26.93,81.44,78.16,91.71,36.77,58.31,71.28,64.08,80.41,86.09,60.03,41.11,52.2,92.14,58.73,96.26,90.91,28.18,102.73,34.01,75.11,35.17,55.46,78.26,65.12,45.28,46.49,58.05,87.1,60.01,31.62,42.49,77.37,39.12,4.0,44.28,61.85,85.44,67.05,35.23,80.22,0.0,54.08,61.52,79.16,111.73,54.23,74.0,87.62,91.22,38.59,25.71,22.36,30.0,2.0,90.09,80.53,72.01,77.01,88.68,5.66,46.62,62.24,34.79,74.24,44.78,55.61,53.85,85.0,40.8,83.86
48,61.01,16.0,81.15,20.25,56.75,53.26,31.78,36.89,95.43,81.39,22.83,27.29,57.72,22.56,27.73,71.7,79.91,54.56,61.07,81.22,42.38,76.01,67.12,46.53,85.01,20.4,87.66,54.64,21.38,69.64,79.65,25.0,80.26,42.72,89.16,79.21,51.62,49.5,68.68,15.0,54.01,50.93,36.5,80.65,69.84,78.43,97.62,54.08,0.0,41.23,26.25,80.65,2.0,89.2,66.0,62.8,45.34,30.36,36.4,41.68,56.08,94.85,36.36,18.11,91.02,74.67,50.01,18.6,61.29,22.47,66.1,24.21,45.62,17.46,50.0,17.49,69.87
49,23.71,47.71,41.3,31.14,70.29,24.02,56.3,31.32,60.22,40.31,30.68,14.32,16.49,23.43,44.82,31.0,49.04,31.26,29.83,40.2,4.0,37.64,30.41,35.85,45.89,45.12,51.22,36.14,19.92,28.46,45.65,20.62,59.01,5.0,48.88,48.1,36.4,25.5,27.51,40.31,58.8,25.18,5.66,39.56,31.89,65.51,62.2,61.52,41.23,0.0,59.41,50.25,39.29,53.82,27.86,29.73,26.0,52.55,58.18,32.2,62.97,54.92,30.36,50.48,54.82,34.0,55.87,25.02,23.6,33.84,25.08,21.59,10.05,23.77,25.3,31.4,29.02
50,73.05,12.04,93.92,28.65,80.22,76.69,54.23,39.32,118.09,96.66,48.85,45.45,74.95,36.06,20.0,86.41,103.86,79.32,84.39,96.25,61.85,87.36,77.88,72.5,96.57,45.18,109.66,80.13,41.01,86.95,102.59,48.83,106.0,62.48,108.17,103.08,77.37,73.82,86.09,40.79,79.51,75.0,53.82,98.11,90.79,104.68,120.21,79.16,26.25,59.41,0.0,85.01,26.93,111.72,78.11,71.59,70.18,54.01,59.21,67.54,81.15,114.28,39.46,9.22,113.17,89.16,75.54,42.72,82.22,48.7,84.06,48.26,66.53,38.29,57.07,43.46,85.0
51,28.02,77.41,29.27,61.39,120.51,68.26,104.45,46.17,83.02,39.12,79.32,57.31,43.42,58.19,65.01,34.53,82.46,76.85,69.78,38.12,53.04,23.02,22.36,85.15,26.25,92.18,74.17,82.93,62.61,44.15,75.5,69.07,99.72,53.76,59.21,81.49,84.4,72.42,44.38,86.31,108.9,71.28,50.8,48.0,60.17,110.48,84.0,111.73,80.65,50.25,85.01,0.0,78.75,78.23,26.4,20.52,74.65,101.02,107.07,82.07,113.14,64.63,46.27,79.23,77.06,34.13,106.08,71.2,57.78,82.38,46.17,69.89,56.85,66.21,30.68,78.39,35.9
52,59.01,16.12,79.16,18.6,57.28,51.74,32.65,35.23,93.86,79.43,21.93,25.32,55.79,20.62,26.93,69.72,78.49,53.26,59.55,79.25,40.5,74.01,65.12,45.62,83.01,20.88,86.02,53.54,19.42,67.72,78.1,23.43,79.26,40.85,87.32,77.78,50.61,48.1,66.76,15.13,54.01,49.5,34.53,78.75,68.1,77.79,96.05,54.23,2.0,39.29,26.93,78.75,0.0,87.62,64.0,60.83,44.05,31.02,37.16,40.71,56.22,93.04,34.67,18.44,89.4,72.69,50.01,17.03,59.54,21.84,64.2,22.67,43.83,15.52,48.08,16.55,67.9
53,55.9,99.7,50.01,84.5,85.01,36.06,87.64,84.12,6.4,40.02,68.96,66.6,42.72,76.69,98.6,44.0,14.14,37.34,28.3,41.0,50.61,55.23,58.14,50.7,54.82,82.35,4.12,41.0,70.71,35.23,9.85,64.2,33.54,49.82,21.95,14.04,45.12,40.71,35.36,81.01,70.0,38.95,59.41,30.59,22.36,49.24,8.49,74.0,89.2,53.82,111.72,78.23,87.62,0.0,54.23,64.63,45.62,83.82,86.35,53.14,74.03,20.52,83.24,102.53,3.16,44.1,70.11,70.6,30.23,71.12,34.93,65.0,45.34,73.59,71.78,73.25,43.05
54,5.1,67.91,15.81,50.22,97.08,42.2,84.15,40.31,59.68,20.52,58.52,39.2,17.2,44.28,59.51,11.18,56.72,50.8,43.38,19.8,29.53,10.05,4.12,60.14,19.03,72.8,50.36,57.01,45.18,19.03,50.16,48.38,73.39,30.02,38.48,55.73,58.8,46.75,19.0,67.68,84.5,45.45,30.59,26.4,34.37,84.12,61.0,87.62,66.0,27.86,78.11,26.4,64.0,54.23,0.0,10.77,49.52,80.41,86.01,57.63,88.87,44.72,39.82,70.34,53.6,12.81,82.01,52.17,31.38,61.68,20.22,49.34,32.02,49.16,22.8,58.94,11.4
55,9.06,62.29,24.21,45.01,100.0,48.75,84.53,32.57,70.21,30.81,59.17,37.7,24.74,40.31,52.2,21.93,66.19,57.25,51.24,30.0,32.56,16.64,7.81,64.82,25.5,72.5,60.83,63.13,43.32,29.43,60.0,48.88,81.74,33.3,49.24,65.19,64.35,52.48,29.27,66.85,88.41,51.48,30.53,37.16,44.01,91.39,71.59,91.22,62.8,29.73,71.59,20.52,60.83,64.63,10.77,0.0,54.41,81.01,86.95,61.62,92.63,55.46,32.28,64.5,64.13,23.32,85.56,51.48,39.81,62.27,30.02,49.74,36.62,47.13,14.56,58.6,22.14
56,46.75,58.31,58.67,46.84,48.75,11.0,43.29,54.01,51.48,53.49,23.6,30.15,32.8,39.81,61.68,47.51,34.83,9.22,17.72,53.85,22.36,57.8,53.04,10.63,64.14,36.77,44.94,11.05,31.32,39.92,35.78,21.47,36.69,21.47,52.01,34.21,10.44,5.1,39.0,35.51,35.23,7.07,28.64,48.05,31.0,40.2,53.71,38.59,45.34,26.0,70.18,74.65,44.05,45.62,49.52,54.41,0.0,39.32,43.0,9.22,39.66,56.32,53.01,61.06,47.93,50.12,33.12,27.46,24.52,25.55,35.85,21.95,17.8,32.7,51.26,28.32,45.28
57,76.16,45.89,93.15,47.71,26.48,50.25,4.0,63.25,89.2,90.09,21.93,43.83,66.71,46.01,57.94,82.23,71.31,46.57,56.89,90.26,51.24,90.14,82.86,33.24,98.08,10.3,83.68,43.08,39.05,76.66,74.04,32.2,64.03,50.96,91.2,70.94,39.0,44.41,75.66,16.64,26.93,46.39,50.54,86.15,70.18,57.01,91.42,25.71,30.36,52.55,54.01,101.02,31.02,83.82,80.41,81.01,39.32,0.0,6.4,30.81,27.66,95.63,62.48,47.52,86.4,85.15,23.26,30.0,63.0,18.79,72.56,31.3,50.8,36.07,71.4,22.8,80.05
58,81.86,51.66,98.37,54.08,21.02,54.0,5.0,69.66,91.48,94.92,27.78,50.0,71.84,52.4,64.08,87.36,73.38,49.5,60.21,95.13,56.65,95.63,88.57,35.69,103.41,16.64,86.49,45.35,45.34,81.39,76.69,38.08,64.35,56.3,95.01,73.08,41.23,48.01,80.41,23.02,24.41,50.01,56.44,90.55,74.0,55.87,93.68,22.36,36.4,58.18,59.21,107.07,37.16,86.35,86.01,86.95,43.0,6.4,0.0,34.06,24.17,99.18,68.88,53.15,89.05,90.25,21.26,36.24,67.19,24.7,77.28,37.22,55.79,42.43,77.62,29.07,85.16
59,54.49,56.08,67.54,47.17,39.82,20.1,34.71,56.89,58.69,62.63,18.87,32.56,41.34,41.01,61.66,56.36,41.18,15.81,26.17,62.97,29.07,66.29,60.96,5.1,72.95,29.68,52.89,13.45,32.0,49.04,43.32,21.02,38.59,28.32,61.01,40.71,10.0,14.04,48.1,29.7,26.91,16.03,33.54,57.27,40.05,38.33,60.93,30.0,41.68,32.2,67.54,82.07,40.71,53.14,57.63,61.62,9.22,30.81,34.06,0.0,31.24,65.12,55.9,58.69,55.66,59.03,24.41,25.71,33.73,19.85,44.94,21.1,25.61,32.25,56.82,24.19,54.12
60,85.7,72.06,98.27,69.92,11.05,49.19,28.79,83.26,78.06,92.57,38.63,60.03,72.42,65.92,82.38,87.13,60.0,41.79,52.81,93.02,60.11,97.42,92.2,29.15,103.77,36.01,75.24,35.74,57.27,79.18,65.28,47.01,45.88,59.41,87.56,60.01,32.31,43.42,78.29,41.11,4.47,45.18,63.41,86.16,67.68,34.13,80.1,2.0,56.08,62.97,81.15,113.14,56.22,74.03,88.87,92.63,39.66,27.66,24.17,31.24,0.0,90.43,82.35,74.01,77.06,89.69,7.21,48.47,63.07,36.69,75.18,46.53,56.85,55.71,86.61,42.72,84.91
61,48.02,102.63,35.36,85.8,101.12,45.4,99.61,81.39,21.95,25.71,77.62,69.12,39.7,78.24,98.49,33.54,33.12,50.01,39.01,26.68,52.84,42.2,47.93,64.01,39.01,92.2,17.2,55.23,74.3,28.32,26.0,70.58,53.54,52.35,6.4,32.65,59.14,51.24,29.0,89.56,86.15,49.25,60.46,18.36,25.71,68.96,21.93,90.09,94.85,54.92,114.28,64.63,93.04,20.52,44.72,55.46,56.32,95.63,99.18,65.12,90.43,0.0,80.66,105.39,17.69,32.31,85.59,76.69,33.84,80.28,30.48,71.51,49.24,77.83,66.03,80.96,33.62
62,34.99,31.14,55.46,16.12,86.61,53.94,65.12,1.0,89.55,59.64,43.83,23.35,41.4,16.64,19.92,49.41,79.38,60.21,60.17,59.08,34.21,48.47,39.0,60.67,57.58,52.4,80.26,64.0,25.08,52.35,75.64,35.74,88.57,35.17,74.28,78.43,63.13,54.15,51.66,46.01,78.92,54.33,25.5,62.97,60.9,93.13,91.42,80.53,36.36,30.36,39.46,46.27,34.67,83.24,39.82,32.28,53.01,62.48,68.88,55.9,82.35,80.66,0.0,33.02,83.86,51.87,75.24,34.0,53.23,46.14,50.45,36.06,40.26,26.93,17.72,40.5,48.41
63,65.25,2.83,86.13,20.25,73.98,67.48,48.27,33.06,108.89,88.39,40.16,36.4,66.24,27.29,15.65,78.19,94.64,70.18,75.17,88.02,52.8,79.83,70.41,63.69,89.05,38.05,100.5,71.12,31.83,78.29,93.38,39.66,97.05,53.41,99.32,93.86,68.45,64.64,77.41,33.06,72.06,65.8,44.94,89.47,81.69,96.17,111.02,72.01,18.11,50.48,9.22,79.23,18.44,102.53,70.34,64.5,61.06,47.52,53.15,58.69,74.01,105.39,33.02,0.0,104.0,80.99,68.07,33.62,73.11,40.26,75.29,39.12,57.38,29.07,50.16,34.79,76.69
64,55.54,101.18,48.51,85.7,88.02,38.08,90.25,84.72,6.08,38.47,71.12,67.9,42.95,77.9,99.64,43.1,17.26,39.85,30.41,39.46,51.74,54.04,57.43,53.37,53.15,84.69,3.61,43.74,72.18,34.71,12.37,66.03,36.67,50.99,19.7,17.12,47.85,42.95,34.93,83.19,73.01,41.15,60.44,29.15,23.02,52.39,7.62,77.01,91.02,54.82,113.17,77.06,89.4,3.16,53.6,64.13,47.93,86.4,89.05,55.66,77.06,17.69,83.86,104.0,0.0,43.0,73.06,72.42,31.24,73.35,34.79,66.85,46.67,75.17,71.87,75.29,42.3
65,17.03,78.43,8.6,60.75,98.84,40.8,89.05,52.43,49.01,7.81,63.79,47.38,18.44,54.12,71.2,3.0,49.04,49.04,39.62,7.21,34.23,11.18,15.65,60.54,14.21,78.64,40.05,55.44,53.34,11.4,41.76,54.23,67.6,34.37,26.25,48.1,58.01,46.32,12.04,74.17,85.23,44.65,38.21,14.32,27.29,80.0,50.09,88.68,74.67,34.0,89.16,34.13,72.69,44.1,12.81,23.32,50.12,85.15,90.25,59.03,89.69,32.31,51.87,80.99,43.0,0.0,83.24,59.01,27.59,66.91,14.87,55.23,34.48,57.31,35.38,65.19,5.1
66,78.75,66.01,91.79,63.06,15.81,43.08,25.24,76.16,74.55,86.41,31.62,52.84,65.73,58.87,75.8,80.62,56.32,36.14,47.3,86.82,53.08,90.7,85.28,22.85,97.25,30.41,71.0,30.41,50.16,72.92,61.0,39.82,44.28,52.4,82.38,56.22,26.68,37.16,72.01,35.01,4.0,39.0,56.22,80.32,62.1,34.66,76.66,5.66,50.01,55.87,75.54,106.08,50.01,70.11,82.01,85.56,33.12,23.26,21.26,24.41,7.21,85.59,75.24,68.07,73.06,83.24,0.0,41.44,57.01,29.83,68.88,39.36,50.0,48.7,79.4,35.9,78.39
67,47.54,30.89,66.27,22.09,52.7,34.71,33.29,34.89,76.84,65.12,9.85,13.89,41.11,17.46,36.12,56.01,61.55,36.62,42.52,65.07,25.18,62.17,54.12,30.81,70.71,21.02,69.07,37.58,9.22,52.61,61.07,6.4,63.56,25.32,71.17,60.83,35.11,31.24,51.62,15.52,45.22,32.56,21.59,63.35,51.43,63.95,79.03,46.62,18.6,25.02,42.72,71.2,17.03,70.6,52.17,51.48,27.46,30.0,36.24,25.71,48.47,76.69,34.0,33.62,72.42,59.01,41.44,0.0,42.95,12.21,48.84,5.66,27.51,7.28,41.4,7.21,54.0
68,30.81,70.29,36.12,54.49,72.8,13.93,67.0,54.13,36.62,29.53,43.93,36.8,15.13,46.69,68.41,25.5,27.17,21.63,12.21,30.02,20.52,37.2,35.47,34.18,41.77,58.69,27.66,28.02,41.4,16.4,22.47,36.77,42.06,19.8,28.64,26.17,30.89,19.92,15.62,55.79,58.6,18.03,29.21,23.54,8.6,53.0,38.6,62.24,61.29,23.6,82.22,57.78,59.54,30.23,31.38,39.81,24.52,63.0,67.19,33.73,63.07,33.84,53.23,73.11,31.24,27.59,57.01,42.95,0.0,46.69,12.73,37.7,15.81,44.65,43.42,47.13,23.43
69,57.38,37.85,74.73,33.24,40.5,35.47,22.47,47.01,77.03,72.25,3.16,25.5,48.51,29.53,46.17,63.95,60.22,34.41,42.95,72.34,32.76,71.47,64.08,24.41,79.56,12.04,70.26,33.24,21.4,59.03,61.29,13.42,58.25,32.56,75.31,59.64,29.83,30.41,58.03,10.0,33.73,32.2,31.76,69.07,54.57,55.97,79.26,34.79,22.47,33.84,48.7,82.38,21.84,71.12,61.68,62.27,25.55,18.79,24.7,19.85,36.69,80.28,46.14,40.26,73.35,66.91,29.83,12.21,46.69,0.0,55.01,12.53,33.02,19.24,53.15,6.08,61.81
70,21.1,72.56,23.43,55.47,84.58,26.08,76.53,51.22,40.8,17.72,52.0,39.4,9.22,48.02,68.01,12.81,36.5,34.21,24.84,18.03,23.77,24.7,24.33,46.07,29.07,67.0,31.32,40.61,44.94,4.12,30.02,43.29,53.71,23.54,24.21,35.51,43.27,31.76,3.16,63.2,70.71,30.02,30.41,14.56,14.14,65.46,42.38,74.24,66.1,25.08,84.06,46.17,64.2,34.93,20.22,30.02,35.85,72.56,77.28,44.94,75.18,30.48,50.45,75.29,34.79,14.87,68.88,48.84,12.73,55.01,0.0,44.28,22.0,48.7,37.16,54.23,10.82
71,44.94,36.36,62.8,26.08,51.86,29.07,34.93,37.0,71.22,61.0,9.43,13.6,37.01,20.22,40.61,52.24,55.9,31.06,36.88,61.01,21.02,59.2,51.62,26.17,67.47,23.54,63.51,32.31,11.18,48.17,55.44,1.0,58.31,21.0,66.1,55.17,30.08,25.61,47.17,19.0,42.95,26.91,19.24,58.69,46.1,59.41,73.41,44.78,24.21,21.59,48.26,69.89,22.67,65.0,49.34,49.74,21.95,31.3,37.22,21.1,46.53,71.51,36.06,39.12,66.85,55.23,39.36,5.66,37.7,12.53,44.28,0.0,22.56,11.18,41.01,10.0,50.16
72,29.0,54.56,42.72,39.2,65.19,14.0,54.74,41.23,51.74,39.32,30.0,21.26,16.16,31.4,53.54,31.62,39.4,21.59,19.92,39.46,6.08,40.82,35.38,28.32,47.93,45.0,43.14,26.93,25.61,26.02,36.62,21.59,49.0,5.1,43.66,38.48,27.78,16.16,25.02,41.3,52.5,15.52,14.87,36.22,24.41,56.04,53.81,55.61,45.62,10.05,66.53,56.85,43.83,45.34,32.02,36.62,17.8,50.8,55.79,25.61,56.85,49.24,40.26,57.38,46.67,34.48,50.0,27.51,15.81,33.02,22.0,22.56,0.0,28.84,34.71,32.39,29.41
73,44.28,26.25,64.01,15.0,59.68,38.42,39.05,27.78,79.93,63.95,17.09,10.0,40.26,10.3,29.43,54.33,65.6,41.59,46.1,63.79,25.08,59.21,50.64,37.34,68.07,26.4,71.7,43.32,4.0,52.2,64.35,11.4,69.29,25.5,72.01,64.82,41.23,35.85,51.24,20.25,52.5,36.89,19.1,63.25,53.25,70.58,82.07,53.85,17.46,23.77,38.29,66.21,15.52,73.59,49.16,47.13,32.7,36.07,42.43,32.25,55.71,77.83,26.93,29.07,75.17,57.31,48.7,7.28,44.65,19.24,48.7,11.18,28.84,0.0,35.85,13.6,52.47
74,18.38,48.04,38.08,31.14,92.76,48.51,74.63,18.03,77.83,43.19,50.25,27.66,29.12,27.51,37.64,33.24,70.58,56.29,53.01,42.52,29.12,30.87,21.47,60.84,39.92,62.13,68.35,61.4,32.45,38.08,65.51,40.31,83.29,30.08,59.64,69.58,61.68,50.7,37.59,56.08,82.66,50.22,23.32,47.8,49.73,90.71,79.48,85.0,50.0,25.3,57.07,30.68,48.08,71.78,22.8,14.56,51.26,71.4,77.62,56.82,86.61,66.03,17.72,50.16,71.87,35.38,79.4,41.4,43.42,53.15,37.16,41.01,34.71,35.85,0.0,48.6,32.65
75,54.41,32.28,72.69,27.2,46.14,37.22,26.08,41.34,79.32,71.0,5.39,21.1,47.01,23.85,40.11,62.2,63.13,37.48,44.94,71.01,31.02,68.88,61.03,29.07,77.28,13.93,72.07,37.2,16.28,58.14,63.51,11.0,62.77,31.0,75.69,62.48,34.13,32.8,57.14,9.0,39.81,34.41,28.46,68.59,55.36,61.4,81.54,40.8,17.49,31.4,43.46,78.39,16.55,73.25,58.94,58.6,28.32,22.8,29.07,24.19,42.72,80.96,40.5,34.79,75.29,65.19,35.9,7.21,47.13,6.08,54.23,10.0,32.39,13.6,48.6,0.0,60.13
76,14.42,74.09,13.42,56.46,93.94,36.24,83.95,49.04,48.37,11.7,58.69,42.58,13.34,49.65,67.42,2.24,46.57,44.6,35.61,11.4,29.15,13.89,15.13,55.76,18.87,73.55,39.12,50.99,48.51,8.25,39.62,49.16,64.4,29.27,27.29,45.61,53.41,41.62,8.54,69.12,80.45,40.0,33.38,15.26,24.35,76.28,49.65,83.86,69.87,29.02,85.0,35.9,67.9,43.05,11.4,22.14,45.28,80.05,85.16,54.12,84.91,33.62,48.41,76.69,42.3,5.1,78.39,54.0,23.43,61.81,10.82,50.16,29.41,52.47,32.65,60.13,0.0
