vehicles
vehicle_idx, capacity, cost_per_unit_distance
1,100,1
2,100,1
3,100,1
4,100,1
5,100,1
6,100,1
7,100,1
8,100,1
9,100,1
depot
node_idx,x,y
0,27,93
home delivery customers
node_idx,x,y,service_time,demand
1,29,39,15,2
2,7,81,15,7
3,1,59,15,11
4,21,53,15,17
5,81,83,15,23
6,7,65,15,19
7,37,81,15,13
8,15,95,15,11
9,89,75,15,24
10,33,93,15,2
11,57,83,15,3
12,11,95,15,1
13,3,57,15,5
14,45,11,15,20
15,43,61,15,23
16,85,77,15,2
17,83,87,15,17
18,1,13,15,9
19,15,39,15,11
20,83,17,15,2
21,31,61,15,9
22,59,69,15,5
23,29,15,15,9
24,63,97,15,14
25,65,57,15,19
26,15,69,15,11
27,31,97,15,21
28,57,9,15,20
29,85,37,15,21
30,41,69,15,17
31,13,25,15,2
32,95,5,15,24
33,3,31,15,21
34,47,7,15,11
35,85,35,15,18
36,45,47,15,9
37,65,93,15,23
self pickup customers
node_idx,x,y,service_time,demand,locker_idxs
38,79,89,15,21,66-63-69
39,85,11,15,10,60-67-64-70
40,45,9,15,6,67-64-70
41,81,85,15,20,66-69-63
42,69,69,15,5,70-63-66-69
43,19,83,15,18,61-62-68-65
44,19,39,15,17,65-62-68
45,41,97,15,6,69-63-68-61
46,93,83,15,2,63-69-66
47,21,29,15,18,65-62-68
48,53,11,15,48,67-64-70
49,15,77,15,1,62-65-68-61
50,45,17,15,42,67-64-70
51,63,57,15,4,63-69-66-62-70-64
52,55,91,15,18,66-61-69-63
53,61,69,15,9,68-62-70-63-69-66
54,89,81,15,22,63-66-69
flexible customers
node_idx,x,y,service_time,demand,locker_idxs
55,33,27,15,16,70-64-68-62-65
56,49,9,15,9,67-64-70
57,95,27,15,18,70-64-60-67
58,35,43,15,24,64-70-65-62-68
59,83,69,15,19,66-63-69
lockers
node_idx,x,y,service_time,capacity,cost_per_unit_good
60,93,12,10,84,100
61,22,88,10,76,100
62,26,54,10,78,100
63,60,81,10,72,100
64,65,21,10,76,100
65,11,55,10,92,100
66,80,65,10,70,100
67,83,9,10,91,100
68,23,63,10,94,100
69,69,72,10,94,100
70,67,30,10,83,100
mrt lines
start_node_idx,end_node_idx,freight_capacity,cost_per_unit_good
60,61,84,1
61,60,84,1
distance matrix
,0,1,2,3,4,5,6,7,8,9,10,11,12,13,14,15,16,17,18,19,20,21,22,23,24,25,26,27,28,29,30,31,32,33,34,35,36,37,38,39,40,41,42,43,44,45,46,47,48,49,50,51,52,53,54,55,56,57,58,59,60,61,62,63,64,65,66,67,68,69,70,
0,0.0,54.04,23.32,42.8,40.45,54.92,34.41,15.62,12.17,64.56,6.0,31.62,16.12,43.27,83.95,35.78,60.17,56.32,84.12,55.32,94.4,32.25,40.0,78.03,36.22,52.35,26.83,5.66,89.2,80.62,27.78,69.43,111.21,66.48,88.29,82.02,49.4,38.0,52.15,100.44,85.91,54.59,48.37,12.81,54.59,14.56,66.75,64.28,86.02,20.0,78.1,50.91,28.07,41.62,63.15,66.27,86.83,94.76,50.64,60.93,104.48,7.07,39.01,35.11,81.41,41.23,59.94,100.96,30.27,46.96,74.63
1,54.04,0.0,47.41,34.41,16.12,68.12,34.06,42.76,57.72,69.97,54.15,52.15,58.82,31.62,32.25,26.08,67.68,72.25,38.21,14.0,58.31,22.09,42.43,24.0,67.23,40.25,33.11,58.03,41.04,56.04,32.31,21.26,74.24,27.2,36.72,56.14,17.89,64.9,70.71,62.61,34.0,69.43,50.0,45.12,10.0,59.23,77.67,12.81,36.88,40.5,27.2,38.47,58.14,43.86,73.24,12.65,36.06,67.08,7.21,61.77,69.46,49.5,15.3,52.2,40.25,24.08,57.25,61.77,24.74,51.86,39.05
2,23.32,47.41,0.0,22.8,31.3,74.03,16.0,30.0,16.12,82.22,28.64,50.04,14.56,24.33,79.65,41.18,78.1,76.24,68.26,42.76,99.36,31.24,53.37,69.57,58.24,62.77,14.42,28.84,87.66,89.55,36.06,56.32,116.28,50.16,84.12,90.55,50.99,59.23,72.44,104.8,81.41,74.11,63.15,12.17,43.68,37.58,86.02,53.85,83.76,8.94,74.43,60.93,49.03,55.32,82.0,59.93,83.35,103.25,47.2,76.94,110.26,16.55,33.02,53.0,83.45,26.31,74.73,104.69,24.08,62.65,78.75
3,42.8,34.41,22.8,0.0,20.88,83.52,8.49,42.19,38.63,89.44,46.69,60.93,37.36,2.83,65.12,42.05,85.91,86.65,46.0,24.41,92.13,30.07,58.86,52.15,72.72,64.03,17.2,48.41,75.07,86.83,41.23,36.06,108.41,28.07,69.43,87.36,45.61,72.47,83.57,96.75,66.6,84.12,68.73,30.0,26.91,55.17,95.08,36.06,70.77,22.8,60.83,62.03,62.77,60.83,90.71,45.25,69.31,99.3,37.58,82.61,103.31,35.81,25.5,62.97,74.43,10.77,79.23,96.04,22.36,69.23,72.09
4,40.45,16.12,31.3,20.88,0.0,67.08,18.44,32.25,42.43,71.47,41.76,46.86,43.17,18.44,48.37,23.41,68.35,70.71,44.72,15.23,71.69,12.81,41.23,38.83,60.83,44.18,17.09,45.12,56.85,65.97,25.61,29.12,88.2,28.43,52.84,66.48,24.74,59.46,68.26,76.55,50.12,68.0,50.6,30.07,14.14,48.33,78.0,24.0,52.8,24.74,43.27,42.19,50.99,43.08,73.54,28.64,52.15,78.43,17.2,64.03,82.86,35.01,5.1,48.01,54.41,10.2,60.21,76.03,10.2,51.62,51.43
5,54.92,68.12,74.03,83.52,67.08,0.0,76.16,44.05,67.08,11.31,49.03,24.0,71.02,82.22,80.5,43.91,7.21,4.47,106.3,79.32,66.03,54.63,26.08,85.6,22.8,30.53,67.47,51.92,77.79,46.17,42.38,89.38,79.25,93.74,83.26,48.17,50.91,18.87,6.32,72.11,82.29,2.0,18.44,62.0,76.03,42.38,12.0,80.72,77.25,66.27,75.18,31.62,27.2,24.41,8.25,73.76,80.62,57.72,60.96,14.14,72.01,59.21,62.18,21.1,64.03,75.39,18.03,74.03,61.35,16.28,54.82
6,34.41,34.06,16.0,8.49,18.44,76.16,0.0,34.0,31.05,82.61,38.21,53.14,30.27,8.94,66.03,36.22,78.92,79.12,52.35,27.2,89.89,24.33,52.15,54.63,64.5,58.55,8.94,40.0,75.07,82.87,34.23,40.45,106.51,34.23,70.46,83.57,42.05,64.4,75.89,94.87,67.68,76.66,62.13,21.63,28.64,46.69,87.86,38.63,70.94,14.42,61.22,56.57,54.59,54.15,83.55,46.04,70.0,95.85,35.61,76.11,101.02,27.46,21.95,55.36,72.8,10.77,73.0,94.4,16.12,62.39,69.46
7,15.62,42.76,30.0,42.19,32.25,44.05,34.0,0.0,26.08,52.35,12.65,20.1,29.53,41.62,70.46,20.88,48.17,46.39,76.94,47.41,78.82,20.88,25.06,66.48,30.53,36.88,25.06,17.09,74.73,65.12,12.65,60.93,95.6,60.46,74.67,66.48,34.93,30.46,42.76,84.88,72.44,44.18,34.18,18.11,45.69,16.49,56.04,54.41,71.81,22.36,64.5,35.38,20.59,26.83,52.0,54.15,72.99,79.25,38.05,47.54,88.87,16.55,29.15,23.0,66.21,36.77,45.88,85.44,22.8,33.24,59.17
8,12.17,57.72,16.12,38.63,42.43,67.08,31.05,26.08,0.0,76.66,18.11,43.68,4.0,39.85,89.2,44.05,72.28,68.47,83.19,56.0,103.48,37.58,51.11,81.22,48.04,62.8,26.0,16.12,95.71,90.91,36.77,70.03,120.42,65.12,93.64,92.2,56.6,50.04,64.28,109.34,91.08,66.75,59.93,12.65,56.14,26.08,78.92,66.27,92.2,18.0,83.57,61.22,40.2,52.84,75.31,70.34,92.48,105.0,55.71,72.8,113.9,9.9,42.45,47.13,89.31,40.2,71.59,109.64,32.98,58.69,83.24
9,64.56,69.97,82.22,89.44,71.47,11.31,82.61,52.35,76.66,0.0,58.82,32.98,80.52,87.86,77.67,48.08,4.47,13.42,107.65,82.29,58.31,59.67,30.59,84.85,34.06,30.0,74.24,62.03,73.35,38.21,48.37,90.97,70.26,96.6,79.92,40.2,52.15,30.0,17.2,64.12,79.32,12.81,20.88,70.46,78.71,52.8,8.94,82.1,73.43,74.03,72.8,31.62,37.58,28.64,6.0,73.76,77.18,48.37,62.77,8.49,63.13,68.25,66.41,29.61,59.09,80.52,13.45,66.27,67.08,20.22,50.09
10,6.0,54.15,28.64,46.69,41.76,49.03,38.21,12.65,18.11,58.82,0.0,26.0,22.09,46.86,82.87,33.53,54.41,50.36,86.16,56.92,90.97,32.06,35.38,78.1,30.27,48.17,30.0,4.47,87.36,76.42,25.3,70.88,107.65,68.88,87.13,77.9,47.54,32.0,46.17,97.1,84.85,48.66,43.27,17.2,55.79,8.94,60.83,65.12,84.4,24.08,76.94,46.86,22.09,36.88,57.27,66.0,85.51,90.55,50.04,55.46,100.8,12.08,39.62,29.55,78.79,43.91,54.71,97.75,31.62,41.68,71.59
11,31.62,52.15,50.04,60.93,46.86,24.0,53.14,20.1,43.68,32.98,26.0,0.0,47.54,59.93,72.99,26.08,28.64,26.31,89.64,60.83,70.94,34.06,14.14,73.54,15.23,27.2,44.27,29.53,74.0,53.85,21.26,72.8,86.76,74.97,76.66,55.57,37.95,12.81,22.8,77.25,74.97,24.08,18.44,38.0,58.14,21.26,36.0,64.9,72.11,42.43,67.08,26.68,8.25,14.56,32.06,60.93,74.43,67.68,45.65,29.53,79.61,35.36,42.45,3.61,62.51,53.85,29.21,78.43,39.45,16.28,53.94
12,16.12,58.82,14.56,37.36,43.17,71.02,30.27,29.53,4.0,80.52,22.09,47.54,0.0,38.83,90.62,46.69,76.16,72.44,82.61,56.14,106.15,39.45,54.59,82.0,52.04,66.03,26.31,20.1,97.53,94.02,39.7,70.03,123.11,64.5,95.08,95.27,58.82,54.04,68.26,111.95,92.48,70.71,63.56,14.42,56.57,30.07,82.87,66.75,93.91,18.44,85.09,64.4,44.18,56.36,79.25,71.47,94.02,108.07,57.27,76.55,116.67,13.04,43.66,50.96,91.61,40.0,75.24,112.16,34.18,62.39,85.8
13,43.27,31.62,24.33,2.83,18.44,82.22,8.94,41.62,39.85,87.86,46.86,59.93,38.83,0.0,62.29,40.2,84.4,85.44,44.05,21.63,89.44,28.28,57.27,49.4,72.11,62.0,16.97,48.83,72.25,84.4,39.85,33.53,105.68,26.0,66.6,84.9,43.17,71.69,82.46,94.02,63.78,82.87,67.08,30.53,24.08,55.17,93.68,33.29,67.94,23.32,58.0,60.0,62.13,59.23,89.29,42.43,66.48,96.77,34.93,80.89,100.62,36.36,23.19,61.85,71.69,8.25,77.41,93.3,20.88,67.68,69.46
14,83.95,32.25,79.65,65.12,48.37,80.5,66.03,70.46,89.2,77.67,82.87,72.99,90.62,62.29,0.0,50.04,77.18,84.97,44.05,41.04,38.47,51.92,59.67,16.49,87.86,50.16,65.3,87.13,12.17,47.71,58.14,34.93,50.36,46.52,4.47,46.65,36.0,84.4,85.09,40.0,2.0,82.29,62.77,76.55,38.21,86.09,86.53,30.0,8.0,72.5,6.0,49.4,80.62,60.17,82.68,20.0,4.47,52.5,33.53,69.34,48.01,80.36,47.01,71.59,22.36,55.61,64.35,38.05,56.46,65.55,29.07
15,35.78,26.08,41.18,42.05,23.41,43.91,36.22,20.88,44.05,48.08,33.53,26.08,46.69,40.2,50.04,0.0,44.94,47.71,63.78,35.61,59.46,12.0,17.89,48.08,41.18,22.36,29.12,37.95,53.85,48.37,8.25,46.86,76.42,50.0,54.15,49.4,14.14,38.83,45.61,65.3,52.04,44.94,27.2,32.56,32.56,36.06,54.63,38.83,50.99,32.25,44.05,20.4,32.31,19.7,50.16,35.44,52.35,62.13,19.7,40.79,70.01,34.21,18.38,26.25,45.65,32.56,37.22,65.6,20.1,28.23,39.2
16,60.17,67.68,78.1,85.91,68.35,7.21,78.92,48.17,72.28,4.47,54.41,28.64,76.16,84.4,77.18,44.94,0.0,10.2,105.6,79.65,60.03,56.32,27.2,83.55,29.73,28.28,70.46,57.58,73.54,40.0,44.72,88.81,72.69,94.02,79.65,42.0,50.0,25.61,13.42,66.0,78.89,8.94,17.89,66.27,76.16,48.33,10.0,80.0,73.35,70.0,72.11,29.73,33.11,25.3,5.66,72.14,76.94,50.99,60.46,8.25,65.49,63.95,63.32,25.32,59.46,77.2,13.0,68.03,63.56,16.76,50.33
17,56.32,72.25,76.24,86.65,70.71,4.47,79.12,46.39,68.47,13.42,50.36,26.31,72.44,85.44,84.97,47.71,10.2,0.0,110.45,83.23,70.0,58.14,30.0,90.0,22.36,34.99,70.34,52.95,82.22,50.04,45.69,93.51,82.87,97.65,87.73,52.04,55.17,18.97,4.47,76.03,86.76,2.83,22.8,64.12,80.0,43.17,10.77,84.9,81.71,68.73,79.65,36.06,28.28,28.43,8.49,78.1,85.09,61.19,65.12,18.0,75.66,61.01,65.86,23.77,68.41,78.79,22.2,78.0,64.62,20.52,59.2
18,84.12,38.21,68.26,46.0,44.72,106.3,52.35,76.94,83.19,107.65,86.16,89.64,82.61,44.05,44.05,63.78,105.6,110.45,0.0,29.53,82.1,56.6,80.62,28.07,104.4,77.67,57.72,89.2,56.14,87.36,68.82,16.97,94.34,18.11,46.39,86.83,55.61,102.45,108.9,84.02,44.18,107.63,88.09,72.28,31.62,93.04,115.6,25.61,52.04,65.51,44.18,76.03,94.87,82.07,111.21,34.93,48.17,95.04,45.34,99.3,92.01,77.88,48.02,90.03,64.5,43.17,94.58,82.1,54.63,90.03,68.15
19,55.32,14.0,42.76,24.41,15.23,79.32,27.2,47.41,56.0,82.29,56.92,60.83,56.14,21.63,41.04,35.61,79.65,83.23,29.53,0.0,71.47,27.2,53.25,27.78,75.29,53.14,30.0,60.17,51.61,70.03,39.7,14.14,86.93,14.42,45.25,70.11,31.05,73.59,81.22,75.39,42.43,80.45,61.77,44.18,4.0,63.56,89.55,11.66,47.2,38.0,37.2,51.26,65.6,54.92,85.09,21.63,45.34,80.89,20.4,74.32,82.54,49.5,18.6,61.55,53.14,16.49,70.01,74.32,25.3,63.29,52.77
20,94.4,58.31,99.36,92.13,71.69,66.03,89.89,78.82,103.48,58.31,90.97,70.94,106.15,89.44,38.47,59.46,60.03,70.0,82.1,71.47,0.0,68.12,57.27,54.04,82.46,43.86,85.6,95.41,27.2,20.1,66.84,70.46,16.97,81.22,37.36,18.11,48.41,78.1,72.11,6.32,38.83,68.03,53.85,91.93,67.68,90.35,66.75,63.15,30.59,90.69,38.0,44.72,79.12,56.46,64.28,50.99,34.93,15.62,54.59,52.0,11.18,93.61,67.96,68.01,18.44,81.41,48.09,8.0,75.6,56.75,20.62
21,32.25,22.09,31.24,30.07,12.81,54.63,24.33,20.88,37.58,59.67,32.06,34.06,39.45,28.28,51.92,12.0,56.32,58.14,56.6,27.2,68.12,0.0,29.12,46.04,48.17,34.23,17.89,36.0,58.14,59.09,12.81,40.25,85.04,41.04,56.32,59.93,19.8,46.69,55.57,73.59,53.85,55.46,38.83,25.06,25.06,37.36,65.79,33.53,54.63,22.63,46.17,32.25,38.42,31.05,61.35,34.06,55.03,72.47,18.44,52.61,79.03,28.46,8.6,35.23,52.5,20.88,49.16,73.54,8.25,39.56,47.51
22,40.0,42.43,53.37,58.86,41.23,26.08,52.15,25.06,51.11,30.59,35.38,14.14,54.59,57.27,59.67,17.89,27.2,30.0,80.62,53.25,57.27,29.12,0.0,61.77,28.28,13.42,44.0,39.6,60.03,41.23,18.0,63.66,73.43,67.68,63.15,42.8,26.08,24.74,28.28,63.56,61.61,27.2,10.0,42.38,50.0,33.29,36.77,55.17,58.31,44.72,53.85,12.65,22.36,2.0,32.31,49.4,60.83,55.32,35.38,24.0,66.37,41.59,36.25,12.04,48.37,50.0,21.38,64.62,36.5,10.44,39.81
23,78.03,24.0,69.57,52.15,38.83,85.6,54.63,66.48,81.22,84.85,78.1,73.54,82.0,49.4,16.49,48.08,83.55,90.0,28.07,27.78,54.04,46.04,61.77,0.0,88.77,55.32,55.79,82.02,28.64,60.17,55.32,18.87,66.75,30.53,19.7,59.46,35.78,85.91,89.31,56.14,17.09,87.2,67.2,68.73,26.0,82.87,93.38,16.12,24.33,63.56,16.12,54.04,80.32,62.77,89.2,12.65,20.88,67.08,28.64,76.37,64.07,73.33,39.12,72.92,36.5,43.86,71.42,54.33,48.37,69.63,40.85
24,36.22,67.23,58.24,72.72,60.83,22.8,64.5,30.53,48.04,34.06,30.27,15.23,52.04,72.11,87.86,41.18,29.73,22.36,104.4,75.29,82.46,48.17,28.28,88.77,0.0,40.05,55.57,32.0,88.2,63.91,35.61,87.66,97.41,89.2,91.41,65.79,53.14,4.47,17.89,88.77,89.82,21.63,28.64,46.17,72.8,22.0,33.11,79.92,86.58,52.0,82.0,40.0,10.0,28.07,30.53,76.16,89.11,76.97,60.83,34.41,90.14,41.98,56.73,16.28,76.03,66.84,36.24,90.24,52.5,25.71,67.12
25,52.35,40.25,62.77,64.03,44.18,30.53,58.55,36.88,62.8,30.0,48.17,27.2,66.03,62.0,50.16,22.36,28.28,34.99,77.67,53.14,43.86,34.23,13.42,55.32,40.05,0.0,51.42,52.5,48.66,28.28,26.83,61.06,60.03,67.23,53.14,29.73,22.36,36.0,34.93,50.16,52.0,32.25,12.65,52.84,49.4,46.65,38.21,52.15,47.54,53.85,44.72,2.0,35.44,12.65,33.94,43.86,50.6,42.43,33.11,21.63,53.0,53.01,39.12,24.52,36.0,54.04,17.0,51.26,42.43,15.52,27.07
26,26.83,33.11,14.42,17.2,17.09,67.47,8.94,25.06,26.0,74.24,30.0,44.27,26.31,16.97,65.3,29.12,70.46,70.34,57.72,30.0,85.6,17.89,44.0,55.79,55.57,51.42,0.0,32.25,73.24,76.97,26.0,44.05,102.45,39.85,69.77,77.82,37.2,55.46,67.05,90.91,67.08,67.91,54.0,14.56,30.27,38.21,79.25,40.45,69.34,8.0,60.03,49.48,45.65,46.0,74.97,45.69,68.96,90.35,32.8,68.0,96.61,20.25,18.6,46.57,69.31,14.56,65.12,90.69,10.0,54.08,65.0
27,5.66,58.03,28.84,48.41,45.12,51.92,40.0,17.09,16.12,62.03,4.47,29.53,20.1,48.83,87.13,37.95,57.58,52.95,89.2,60.17,95.41,36.0,39.6,82.02,32.0,52.5,32.25,0.0,91.76,80.72,29.73,74.22,112.07,71.69,91.41,82.22,51.92,34.23,48.66,101.55,89.11,51.42,47.2,18.44,59.23,10.0,63.56,68.73,88.77,25.61,81.22,51.22,24.74,41.04,60.17,70.03,89.82,94.85,54.15,59.06,105.21,12.73,43.29,33.12,83.26,46.52,58.52,102.22,34.93,45.49,76.06
28,89.2,41.04,87.66,75.07,56.85,77.79,75.07,74.73,95.71,73.35,87.36,74.0,97.53,72.25,12.17,53.85,73.54,82.22,56.14,51.61,27.2,58.14,60.03,28.64,88.2,48.66,73.24,91.76,0.0,39.6,62.1,46.82,38.21,58.31,10.2,38.21,39.85,84.38,82.97,28.07,12.0,79.7,61.19,83.19,48.41,89.44,82.29,41.18,4.47,79.92,14.42,48.37,82.02,60.13,78.79,30.0,8.0,42.05,40.5,65.39,36.12,86.41,54.64,72.06,14.42,65.05,60.54,26.0,63.81,64.13,23.26
29,80.62,56.04,89.55,86.83,65.97,46.17,82.87,65.12,90.91,38.21,76.42,53.85,94.02,84.4,47.71,48.37,40.0,50.04,87.36,70.03,20.1,59.09,41.23,60.17,63.91,28.28,76.97,80.72,39.6,0.0,54.41,72.99,33.53,82.22,48.41,2.0,41.23,59.46,52.35,26.0,48.83,48.17,35.78,80.45,66.03,74.4,46.69,64.5,41.23,80.62,44.72,29.73,61.77,40.0,44.18,52.95,45.61,14.14,50.36,32.06,26.25,81.06,61.4,50.61,25.61,76.16,28.44,28.07,67.23,38.48,19.31
30,27.78,32.31,36.06,41.23,25.61,42.38,34.23,12.65,36.77,48.37,25.3,21.26,39.7,39.85,58.14,8.25,44.72,45.69,68.82,39.7,66.84,12.81,18.0,55.32,35.61,26.83,26.0,29.73,62.1,54.41,0.0,52.15,83.74,53.74,62.29,55.61,22.36,33.94,42.94,72.8,60.13,43.08,28.0,26.08,37.2,28.0,53.85,44.72,59.23,27.2,52.15,25.06,26.08,20.0,49.48,42.76,60.53,68.41,26.68,42.0,77.16,26.87,21.21,22.47,53.67,33.11,39.2,73.24,18.97,28.16,46.87
31,69.43,21.26,56.32,36.06,29.12,89.38,40.45,60.93,70.03,90.97,70.88,72.8,70.03,33.53,34.93,46.86,88.81,93.51,16.97,14.14,70.46,40.25,63.66,18.87,87.66,61.06,44.05,74.22,46.82,72.99,52.15,0.0,84.4,11.66,38.47,72.69,38.83,85.6,91.93,73.35,35.78,90.69,71.22,58.31,15.23,77.25,98.81,8.94,42.38,52.04,32.98,59.36,78.23,65.12,94.4,20.1,39.4,82.02,28.43,82.68,81.05,63.64,31.78,73.11,52.15,30.07,78.03,71.81,39.29,73.11,54.23
32,111.21,74.24,116.28,108.41,88.2,79.25,106.51,95.6,120.42,70.26,107.65,86.76,123.11,105.68,50.36,76.42,72.69,82.87,94.34,86.93,16.97,85.04,73.43,66.75,97.41,60.03,102.45,112.07,38.21,33.53,83.74,84.4,0.0,95.6,48.04,31.62,65.3,92.97,85.51,11.66,50.16,81.22,69.08,108.9,83.26,106.68,78.03,77.79,42.43,107.63,51.42,61.06,94.85,72.47,76.24,65.79,46.17,22.0,71.02,65.12,7.28,110.54,84.63,83.67,34.0,97.75,61.85,12.65,92.46,71.87,37.54
33,66.48,27.2,50.16,28.07,28.43,93.74,34.23,60.46,65.12,96.6,68.88,74.97,64.5,26.0,46.52,50.0,94.02,97.65,18.11,14.42,81.22,41.04,67.68,30.53,89.2,67.23,39.85,71.69,58.31,82.22,53.74,11.66,95.6,0.0,50.12,82.1,44.94,87.68,95.6,84.4,47.41,94.87,76.16,54.41,17.89,76.16,103.94,18.11,53.85,47.54,44.27,65.39,79.4,69.34,99.48,30.27,50.99,92.09,34.18,88.57,91.98,60.08,32.53,75.82,62.8,25.3,84.17,82.97,37.74,77.7,64.01
34,88.29,36.72,84.12,69.43,52.84,83.26,70.46,74.67,93.64,79.92,87.13,76.66,95.08,66.6,4.47,54.15,79.65,87.73,46.39,45.25,37.36,56.32,63.15,19.7,91.41,53.14,69.77,91.41,10.2,48.41,62.29,38.47,48.04,50.12,0.0,47.2,40.05,87.86,88.02,38.21,2.83,85.09,65.79,80.99,42.52,90.2,88.84,34.06,7.21,76.97,10.2,52.5,84.38,63.56,85.09,24.41,2.83,52.0,37.95,71.69,46.27,84.77,51.48,75.13,22.8,60.0,66.73,36.06,60.93,68.62,30.48
35,82.02,56.14,90.55,87.36,66.48,48.17,83.57,66.48,92.2,40.2,77.9,55.57,95.27,84.9,46.65,49.4,42.0,52.04,86.83,70.11,18.11,59.93,42.8,59.46,65.79,29.73,77.82,82.22,38.21,2.0,55.61,72.69,31.62,82.1,47.2,0.0,41.76,61.35,54.33,24.0,47.71,50.16,37.58,81.61,66.12,76.03,48.66,64.28,40.0,81.63,43.86,31.11,63.53,41.62,46.17,52.61,44.41,12.81,50.64,34.06,24.35,82.33,61.98,52.35,24.41,76.66,30.41,26.08,68.03,40.31,18.68
36,49.4,17.89,50.99,45.61,24.74,50.91,42.05,34.93,56.6,52.15,47.54,37.95,58.82,43.17,36.0,14.14,50.0,55.17,55.61,31.05,48.41,19.8,26.08,35.78,53.14,22.36,37.2,51.92,39.85,41.23,22.36,38.83,65.3,44.94,40.05,41.76,0.0,50.16,54.04,53.81,38.0,52.35,32.56,44.41,27.2,50.16,60.0,30.0,36.88,42.43,30.0,20.59,45.12,27.2,55.61,23.32,38.21,53.85,10.77,43.91,59.41,47.01,20.25,37.16,32.8,34.93,39.36,53.74,27.2,34.66,27.8
37,38.0,64.9,59.23,72.47,59.46,18.87,64.4,30.46,50.04,30.0,32.0,12.81,54.04,71.69,84.4,38.83,25.61,18.97,102.45,73.59,78.1,46.69,24.74,85.91,4.47,36.0,55.46,34.23,84.38,59.46,33.94,85.6,92.97,87.68,87.86,61.35,50.16,0.0,14.56,84.4,86.35,17.89,24.33,47.07,70.94,24.33,29.73,77.67,82.87,52.5,78.59,36.06,10.2,24.33,26.83,73.35,85.51,72.5,58.31,30.0,85.7,43.29,55.15,13.0,72.0,66.03,31.76,85.91,51.61,21.38,63.03
38,52.15,70.71,72.44,83.57,68.26,6.32,75.89,42.76,64.28,17.2,46.17,22.8,68.26,82.46,85.09,45.61,13.42,4.47,108.9,81.22,72.11,55.57,28.28,89.31,17.89,34.93,67.05,48.66,82.97,52.35,42.94,91.93,85.51,95.6,88.02,54.33,54.04,14.56,0.0,78.23,86.93,4.47,22.36,60.3,78.1,38.83,15.23,83.45,82.22,65.12,79.62,35.78,24.08,26.91,12.81,77.2,85.44,64.03,63.66,20.4,78.26,57.01,63.51,20.62,69.43,76.03,24.02,80.1,61.74,19.72,60.21
39,100.44,62.61,104.8,96.75,76.55,72.11,94.87,84.88,109.34,64.12,97.1,77.25,111.95,94.02,40.0,65.3,66.0,76.03,84.02,75.39,6.32,73.59,63.56,56.14,88.77,50.16,90.91,101.55,28.07,26.0,72.8,73.35,11.66,84.4,38.21,24.0,53.81,84.4,78.23,0.0,40.05,74.11,60.17,97.67,71.69,96.6,72.44,66.48,32.0,96.21,40.45,50.99,85.44,62.77,70.11,54.41,36.06,18.87,59.36,58.03,8.06,99.49,73.01,74.33,22.36,86.09,54.23,2.83,80.92,63.06,26.17
40,85.91,34.0,81.41,66.6,50.12,82.29,67.68,72.44,91.08,79.32,84.85,74.97,92.48,63.78,2.0,52.04,78.89,86.76,44.18,42.43,38.83,53.85,61.61,17.09,89.82,52.0,67.08,89.11,12.0,48.83,60.13,35.78,50.16,47.41,2.83,47.71,38.0,86.35,86.93,40.05,0.0,84.1,64.62,78.43,39.7,88.09,88.2,31.24,8.25,74.32,8.0,51.26,82.61,62.1,84.38,21.63,4.0,53.14,35.44,71.02,48.09,82.28,48.85,73.55,23.32,57.2,66.04,38.0,58.31,67.42,30.41
41,54.59,69.43,74.11,84.12,68.0,2.0,76.66,44.18,66.75,12.81,48.66,24.08,70.71,82.87,82.29,44.94,8.94,2.83,107.63,80.45,68.03,55.46,27.2,87.2,21.63,32.25,67.91,51.42,79.7,48.17,43.08,90.69,81.22,94.87,85.09,50.16,52.35,17.89,4.47,74.11,84.1,0.0,20.0,62.03,77.2,41.76,12.17,82.07,79.12,66.48,76.94,33.29,26.68,25.61,8.94,75.29,82.46,59.67,62.29,16.12,73.98,59.08,63.13,21.38,65.97,76.16,20.02,76.03,62.03,17.69,56.75
42,48.37,50.0,63.15,68.73,50.6,18.44,62.13,34.18,59.93,20.88,43.27,18.44,63.56,67.08,62.77,27.2,17.89,22.8,88.09,61.77,53.85,38.83,10.0,67.2,28.64,12.65,54.0,47.2,61.19,35.78,28.0,71.22,69.08,76.16,65.79,37.58,32.56,24.33,22.36,60.17,64.62,20.0,0.0,51.92,58.31,39.6,27.78,62.48,60.17,54.59,57.27,13.42,26.08,8.0,23.32,55.32,63.25,49.4,42.8,14.0,61.85,50.7,45.54,15.0,48.17,59.67,11.7,61.61,46.39,3.0,39.05
43,12.81,45.12,12.17,30.0,30.07,62.0,21.63,18.11,12.65,70.46,17.2,38.0,14.42,30.53,76.55,32.56,66.27,64.12,72.28,44.18,91.93,25.06,42.38,68.73,46.17,52.84,14.56,18.44,83.19,80.45,26.08,58.31,108.9,54.41,80.99,81.61,44.41,47.07,60.3,97.67,78.43,62.03,51.92,0.0,44.0,26.08,74.0,54.04,79.62,7.21,70.94,51.11,36.88,44.27,70.03,57.72,79.85,94.4,43.08,65.51,102.55,5.83,29.83,41.05,77.2,29.12,63.6,97.84,20.4,51.2,71.51
44,54.59,10.0,43.68,26.91,14.14,76.03,28.64,45.69,56.14,78.71,55.79,58.14,56.57,24.08,38.21,32.56,76.16,80.0,31.62,4.0,67.68,25.06,50.0,26.0,72.8,49.4,30.27,59.23,48.41,66.03,37.2,15.23,83.26,17.89,42.52,66.12,27.2,70.94,78.1,71.69,39.7,77.2,58.31,44.0,0.0,62.03,86.09,10.2,44.05,38.21,34.06,47.54,63.25,51.61,81.63,18.44,42.43,76.94,16.49,70.68,78.77,49.09,16.55,58.69,49.4,17.89,66.31,70.68,24.33,59.91,48.84
45,14.56,59.23,37.58,55.17,48.33,42.38,46.69,16.49,26.08,52.8,8.94,21.26,30.07,55.17,86.09,36.06,48.33,43.17,93.04,63.56,90.35,37.36,33.29,82.87,22.0,46.65,38.21,10.0,89.44,74.4,28.0,77.25,106.68,76.16,90.2,76.03,50.16,24.33,38.83,96.6,88.09,41.76,39.6,26.08,62.03,0.0,53.85,70.88,86.83,32.8,80.1,45.65,15.23,34.41,50.6,70.46,88.36,88.41,54.33,50.48,99.64,21.02,45.54,24.84,79.7,51.61,50.45,97.51,38.47,37.54,71.87
46,66.75,77.67,86.02,95.08,78.0,12.0,87.86,56.04,78.92,8.94,60.83,36.0,82.87,93.68,86.53,54.63,10.0,10.77,115.6,89.55,66.75,65.79,36.77,93.38,33.11,38.21,79.25,63.56,82.29,46.69,53.85,98.81,78.03,103.94,88.84,48.66,60.0,29.73,15.23,72.44,88.2,12.17,27.78,74.0,86.09,53.85,0.0,90.0,82.37,78.23,81.61,39.7,38.83,34.93,4.47,82.07,86.09,56.04,70.46,17.2,71.0,71.18,73.01,33.06,68.03,86.65,22.2,74.67,72.8,26.4,59.03
47,64.28,12.81,53.85,36.06,24.0,80.72,38.63,54.41,66.27,82.1,65.12,64.9,66.75,33.29,30.0,38.83,80.0,84.9,25.61,11.66,63.15,33.53,55.17,16.12,79.92,52.15,40.45,68.73,41.18,64.5,44.72,8.94,77.79,18.11,34.06,64.28,30.0,77.67,83.45,66.48,31.24,82.07,62.48,54.04,10.2,70.88,90.0,0.0,36.72,48.37,26.83,50.48,70.71,56.57,85.6,12.17,34.41,74.03,19.8,73.78,73.98,59.01,25.5,65.0,44.72,27.86,69.12,65.15,34.06,64.44,46.01
48,86.02,36.88,83.76,70.77,52.8,77.25,70.94,71.81,92.2,73.43,84.4,72.11,93.91,67.94,8.0,50.99,73.35,81.71,52.04,47.2,30.59,54.63,58.31,24.33,86.58,47.54,69.34,88.77,4.47,41.23,59.23,42.38,42.43,53.85,7.21,40.0,36.88,82.87,82.22,32.0,8.25,79.12,60.17,79.62,44.05,86.83,82.37,36.72,0.0,76.16,10.0,47.07,80.02,58.55,78.71,25.61,4.47,44.94,36.72,65.3,40.01,83.01,50.77,70.35,15.62,60.83,60.37,30.07,60.03,63.06,23.6
49,20.0,40.5,8.94,22.8,24.74,66.27,14.42,22.36,18.0,74.03,24.08,42.43,18.44,23.32,72.5,32.25,70.0,68.73,65.51,38.0,90.69,22.63,44.72,63.56,52.0,53.85,8.0,25.61,79.92,80.62,27.2,52.04,107.63,47.54,76.97,81.63,42.43,52.5,65.12,96.21,74.32,66.48,54.59,7.21,38.21,32.8,78.23,48.37,76.16,0.0,67.08,52.0,42.38,46.69,74.11,53.14,76.03,94.34,39.45,68.47,101.53,13.04,25.5,45.18,75.07,22.36,66.1,96.17,16.12,54.23,70.09
50,78.1,27.2,74.43,60.83,43.27,75.18,61.22,64.5,83.57,72.8,76.94,67.08,85.09,58.0,6.0,44.05,72.11,79.65,44.18,37.2,38.0,46.17,53.85,16.12,82.0,44.72,60.03,81.22,14.42,44.72,52.15,32.98,51.42,44.27,10.2,43.86,30.0,78.59,79.62,40.45,8.0,76.94,57.27,70.94,34.06,80.1,81.61,26.83,10.0,67.08,0.0,43.86,74.67,54.41,77.67,15.62,8.94,50.99,27.86,64.4,48.26,74.63,41.59,65.73,20.4,50.99,59.41,38.83,50.99,60.01,25.55
51,50.91,38.47,60.93,62.03,42.19,31.62,56.57,35.38,61.22,31.62,46.86,26.68,64.4,60.0,49.4,20.4,29.73,36.06,76.03,51.26,44.72,32.25,12.65,54.04,40.0,2.0,49.48,51.22,48.37,29.73,25.06,59.36,61.06,65.39,52.5,31.11,20.59,36.06,35.78,50.99,51.26,33.29,13.42,51.11,47.54,45.65,39.7,50.48,47.07,52.0,43.86,0.0,34.93,12.17,35.38,42.43,50.0,43.86,31.3,23.32,54.08,51.4,37.12,24.19,36.06,52.04,18.79,52.0,40.45,16.16,27.29
52,28.07,58.14,49.03,62.77,50.99,27.2,54.59,20.59,40.2,37.58,22.09,8.25,44.18,62.13,80.62,32.31,33.11,28.28,94.87,65.6,79.12,38.42,22.36,80.32,10.0,35.44,45.65,24.74,82.02,61.77,26.08,78.23,94.85,79.4,84.38,63.53,45.12,10.2,24.08,85.44,82.61,26.68,26.08,36.88,63.25,15.23,38.83,70.71,80.02,42.38,74.67,34.93,0.0,22.8,35.44,67.68,82.22,75.47,52.0,35.61,87.66,33.14,47.01,11.18,70.71,56.85,36.07,86.65,42.52,23.6,62.17
53,41.62,43.86,55.32,60.83,43.08,24.41,54.15,26.83,52.84,28.64,36.88,14.56,56.36,59.23,60.17,19.7,25.3,28.43,82.07,54.92,56.46,31.05,2.0,62.77,28.07,12.65,46.0,41.04,60.13,40.0,20.0,65.12,72.47,69.34,63.56,41.62,27.2,24.33,26.91,62.77,62.1,25.61,8.0,44.27,51.61,34.41,34.93,56.57,58.55,46.69,54.41,12.17,22.8,0.0,30.46,50.48,61.19,54.04,36.77,22.0,65.37,43.38,38.08,12.04,48.17,51.92,19.42,63.91,38.47,8.54,39.46
54,63.15,73.24,82.0,90.71,73.54,8.25,83.55,52.0,75.31,6.0,57.27,32.06,79.25,89.29,82.68,50.16,5.66,8.49,111.21,85.09,64.28,61.35,32.31,89.2,30.53,33.94,74.97,60.17,78.79,44.18,49.48,94.4,76.24,99.48,85.09,46.17,55.61,26.83,12.81,70.11,84.38,8.94,23.32,70.03,81.63,50.6,4.47,85.6,78.71,74.11,77.67,35.38,35.44,30.46,0.0,77.79,82.37,54.33,66.03,13.42,69.12,67.36,68.54,29.0,64.62,82.22,18.36,72.25,68.41,21.93,55.54
55,66.27,12.65,59.93,45.25,28.64,73.76,46.04,54.15,70.34,73.76,66.0,60.93,71.47,42.43,20.0,35.44,72.14,78.1,34.93,21.63,50.99,34.06,49.4,12.65,76.16,43.86,45.69,70.03,30.0,52.95,42.76,20.1,65.79,30.27,24.41,52.61,23.32,73.35,77.2,54.41,21.63,75.29,55.32,57.72,18.44,70.46,82.07,12.17,25.61,53.14,15.62,42.43,67.68,50.48,77.79,0.0,24.08,62.0,16.12,65.3,61.85,61.98,27.89,60.37,32.56,35.61,60.44,53.14,37.36,57.63,34.13
56,86.83,36.06,83.35,69.31,52.15,80.62,70.0,72.99,92.48,77.18,85.51,74.43,94.02,66.48,4.47,52.35,76.94,85.09,48.17,45.34,34.93,55.03,60.83,20.88,89.11,50.6,68.96,89.82,8.0,45.61,60.53,39.4,46.17,50.99,2.83,44.41,38.21,85.51,85.44,36.06,4.0,82.46,63.25,79.85,42.43,88.36,86.09,34.41,4.47,76.03,8.94,50.0,82.22,61.19,82.37,24.08,0.0,49.4,36.77,68.96,44.1,83.49,50.54,72.84,20.0,59.67,64.01,34.0,59.93,66.1,27.66
57,94.76,67.08,103.25,99.3,78.43,57.72,95.85,79.25,105.0,48.37,90.55,67.68,108.07,96.77,52.5,62.13,50.99,61.19,95.04,80.89,15.62,72.47,55.32,67.08,76.97,42.43,90.35,94.85,42.05,14.14,68.41,82.02,22.0,92.09,52.0,12.81,53.85,72.5,64.03,18.87,53.14,59.67,49.4,94.4,76.94,88.41,56.04,74.03,44.94,94.34,50.99,43.86,75.47,54.04,54.33,62.0,49.4,0.0,62.1,43.68,15.13,95.13,74.09,64.35,30.59,88.54,40.85,21.63,80.5,51.97,28.16
58,50.64,7.21,47.2,37.58,17.2,60.96,35.61,38.05,55.71,62.77,50.04,45.65,57.27,34.93,33.53,19.7,60.46,65.12,45.34,20.4,54.59,18.44,35.38,28.64,60.83,33.11,32.8,54.15,40.5,50.36,26.68,28.43,71.02,34.18,37.95,50.64,10.77,58.31,63.66,59.36,35.44,62.29,42.8,43.08,16.49,54.33,70.46,19.8,36.72,39.45,27.86,31.3,52.0,36.77,66.03,16.12,36.77,62.1,0.0,54.59,65.76,46.84,14.21,45.49,37.2,26.83,50.09,58.82,23.32,44.69,34.54
59,60.93,61.77,76.94,82.61,64.03,14.14,76.11,47.54,72.8,8.49,55.46,29.53,76.55,80.89,69.34,40.79,8.25,18.0,99.3,74.32,52.0,52.61,24.0,76.37,34.41,21.63,68.0,59.06,65.39,32.06,42.0,82.68,65.12,88.57,71.69,34.06,43.91,30.0,20.4,58.03,71.02,16.12,14.0,65.51,70.68,50.48,17.2,73.78,65.3,68.47,64.4,23.32,35.61,22.0,13.42,65.3,68.96,43.68,54.59,0.0,57.87,63.89,58.94,25.94,51.26,73.35,5.0,60.0,60.3,14.32,42.15
60,104.48,69.46,110.26,103.31,82.86,72.01,101.02,88.87,113.9,63.13,100.8,79.61,116.67,100.62,48.01,70.01,65.49,75.66,92.01,82.54,11.18,79.03,66.37,64.07,90.14,53.0,96.61,105.21,36.12,26.25,77.16,81.05,7.28,91.98,46.27,24.35,59.41,85.7,78.26,8.06,48.09,73.98,61.85,102.55,78.77,99.64,71.0,73.98,40.01,101.53,48.26,54.08,87.66,65.37,69.12,61.85,44.1,15.13,65.76,57.87,0.0,104.0,79.08,76.49,29.41,92.59,54.57,10.44,86.61,64.62,31.62
61,7.07,49.5,16.55,35.81,35.01,59.21,27.46,16.55,9.9,68.25,12.08,35.36,13.04,36.36,80.36,34.21,63.95,61.01,77.88,49.5,93.61,28.46,41.59,73.33,41.98,53.01,20.25,12.73,86.41,81.06,26.87,63.64,110.54,60.08,84.77,82.33,47.01,43.29,57.01,99.49,82.28,59.08,50.7,5.83,49.09,21.02,71.18,59.01,83.01,13.04,74.63,51.4,33.14,43.38,67.36,61.98,83.49,95.13,46.84,63.89,104.0,0.0,34.23,38.64,79.61,34.79,62.39,99.81,25.02,49.65,73.41
62,39.01,15.3,33.02,25.5,5.1,62.18,21.95,29.15,42.45,66.41,39.62,42.45,43.66,23.19,47.01,18.38,63.32,65.86,48.02,18.6,67.96,8.6,36.25,39.12,56.73,39.12,18.6,43.29,54.64,61.4,21.21,31.78,84.63,32.53,51.48,61.98,20.25,55.15,63.51,73.01,48.85,63.13,45.54,29.83,16.55,45.54,73.01,25.5,50.77,25.5,41.59,37.12,47.01,38.08,68.54,27.89,50.54,74.09,14.21,58.94,79.08,34.23,0.0,43.42,51.09,15.03,55.11,72.62,9.49,46.62,47.51
63,35.11,52.2,53.0,62.97,48.01,21.1,55.36,23.0,47.13,29.61,29.55,3.61,50.96,61.85,71.59,26.25,25.32,23.77,90.03,61.55,68.01,35.23,12.04,72.92,16.28,24.52,46.57,33.12,72.06,50.61,22.47,73.11,83.67,75.82,75.13,52.35,37.16,13.0,20.62,74.33,73.55,21.38,15.0,41.05,58.69,24.84,33.06,65.0,70.35,45.18,65.73,24.19,11.18,12.04,29.0,60.37,72.84,64.35,45.49,25.94,76.49,38.64,43.42,0.0,60.21,55.47,25.61,75.58,41.15,12.73,51.48
64,81.41,40.25,83.45,74.43,54.41,64.03,72.8,66.21,89.31,59.09,78.79,62.51,91.61,71.69,22.36,45.65,59.46,68.41,64.5,53.14,18.44,52.5,48.37,36.5,76.03,36.0,69.31,83.26,14.42,25.61,53.67,52.15,34.0,62.8,22.8,24.41,32.8,72.0,69.43,22.36,23.32,65.97,48.17,77.2,49.4,79.7,68.03,44.72,15.62,75.07,20.4,36.06,70.71,48.17,64.62,32.56,20.0,30.59,37.2,51.26,29.41,79.61,51.09,60.21,0.0,63.81,46.49,21.63,59.4,51.16,9.22
65,41.23,24.08,26.31,10.77,10.2,75.39,10.77,36.77,40.2,80.52,43.91,53.85,40.0,8.25,55.61,32.56,77.2,78.79,43.17,16.49,81.41,20.88,50.0,43.86,66.84,54.04,14.56,46.52,65.05,76.16,33.11,30.07,97.75,25.3,60.0,76.66,34.93,66.03,76.03,86.09,57.2,76.16,59.67,29.12,17.89,51.61,86.65,27.86,60.83,22.36,50.99,52.04,56.85,51.92,82.22,35.61,59.67,88.54,26.83,73.35,92.59,34.79,15.03,55.47,63.81,0.0,69.72,85.44,14.42,60.44,61.33
66,59.94,57.25,74.73,79.23,60.21,18.03,73.0,45.88,71.59,13.45,54.71,29.21,75.24,77.41,64.35,37.22,13.0,22.2,94.58,70.01,48.09,49.16,21.38,71.42,36.24,17.0,65.12,58.52,60.54,28.44,39.2,78.03,61.85,84.17,66.73,30.41,39.36,31.76,24.02,54.23,66.04,20.02,11.7,63.6,66.31,50.45,22.2,69.12,60.37,66.1,59.41,18.79,36.07,19.42,18.36,60.44,64.01,40.85,50.09,5.0,54.57,62.39,55.11,25.61,46.49,69.72,0.0,56.08,57.04,13.04,37.34
67,100.96,61.77,104.69,96.04,76.03,74.03,94.4,85.44,109.64,66.27,97.75,78.43,112.16,93.3,38.05,65.6,68.03,78.0,82.1,74.32,8.0,73.54,64.62,54.33,90.24,51.26,90.69,102.22,26.0,28.07,73.24,71.81,12.65,82.97,36.06,26.08,53.74,85.91,80.1,2.83,38.0,76.03,61.61,97.84,70.68,97.51,74.67,65.15,30.07,96.17,38.83,52.0,86.65,63.91,72.25,53.14,34.0,21.63,58.82,60.0,10.44,99.81,72.62,75.58,21.63,85.44,56.08,0.0,80.72,64.54,26.4
68,30.27,24.74,24.08,22.36,10.2,61.35,16.12,22.8,32.98,67.08,31.62,39.45,34.18,20.88,56.46,20.1,63.56,64.62,54.63,25.3,75.6,8.25,36.5,48.37,52.5,42.43,10.0,34.93,63.81,67.23,18.97,39.29,92.46,37.74,60.93,68.03,27.2,51.61,61.74,80.92,58.31,62.03,46.39,20.4,24.33,38.47,72.8,34.06,60.03,16.12,50.99,40.45,42.52,38.47,68.41,37.36,59.93,80.5,23.32,60.3,86.61,25.02,9.49,41.15,59.4,14.42,57.04,80.72,0.0,46.87,55.0
69,46.96,51.86,62.65,69.23,51.62,16.28,62.39,33.24,58.69,20.22,41.68,16.28,62.39,67.68,65.55,28.23,16.76,20.52,90.03,63.29,56.75,39.56,10.44,69.63,25.71,15.52,54.08,45.49,64.13,38.48,28.16,73.11,71.87,77.7,68.62,40.31,34.66,21.38,19.72,63.06,67.42,17.69,3.0,51.2,59.91,37.54,26.4,64.44,63.06,54.23,60.01,16.16,23.6,8.54,21.93,57.63,66.1,51.97,44.69,14.32,64.62,49.65,46.62,12.73,51.16,60.44,13.04,64.54,46.87,0.0,42.05
70,74.63,39.05,78.75,72.09,51.43,54.82,69.46,59.17,83.24,50.09,71.59,53.94,85.8,69.46,29.07,39.2,50.33,59.2,68.15,52.77,20.62,47.51,39.81,40.85,67.12,27.07,65.0,76.06,23.26,19.31,46.87,54.23,37.54,64.01,30.48,18.68,27.8,63.03,60.21,26.17,30.41,56.75,39.05,71.51,48.84,71.87,59.03,46.01,23.6,70.09,25.55,27.29,62.17,39.46,55.54,34.13,27.66,28.16,34.54,42.15,31.62,73.41,47.51,51.48,9.22,61.33,37.34,26.4,55.0,42.05,0.0
