vehicles
vehicle_idx, capacity, cost_per_unit_distance
1,100,1
2,100,1
3,100,1
4,100,1
5,100,1
6,100,1
7,100,1
8,100,1
9,100,1
depot
node_idx,x,y
0,59,44
home delivery customers
node_idx,x,y,service_time,demand
1,9,23,15,2
2,84,68,15,1
3,87,9,15,9
4,40,98,15,5
5,72,43,15,3
6,64,90,15,12
7,11,8,15,1
8,46,7,15,1
9,33,54,15,18
10,23,84,15,10
11,67,18,15,5
12,19,25,15,9
13,70,64,15,12
14,95,39,15,20
15,38,54,15,23
16,50,73,15,39
17,48,46,15,17
18,64,4,15,8
19,39,28,15,2
20,61,36,15,17
21,28,50,15,3
22,51,91,15,2
23,14,9,15,23
24,94,87,15,10
25,12,91,15,12
26,2,22,15,20
27,25,16,15,13
28,11,57,15,21
29,13,52,15,5
30,40,39,15,12
31,32,89,15,23
32,36,14,15,10
33,82,13,15,7
34,10,25,15,15
35,96,97,15,5
36,72,74,15,15
37,90,20,15,9
38,4,44,15,23
39,43,59,15,5
40,94,54,15,12
41,14,40,15,25
42,80,25,15,22
self pickup customers
node_idx,x,y,service_time,demand,locker_idxs
43,36,93,15,6,76-73-70-79
44,34,16,15,16,71-77-74
45,0,60,15,9,76-70-79
46,34,93,15,5,76-79-70-73
47,14,9,15,16,71
48,5,78,15,6,76-79-70
49,79,30,15,13,72-75-69-78-74-77
50,3,51,15,25,79-71
51,9,76,15,4,76-70-73-79
52,58,18,15,13,69-74-78-71-77
53,9,92,15,19,76-70-79-73
54,40,91,15,13,76-73-70-79
55,41,24,15,7,71-77-74-78
56,54,22,15,8,71-77-74-69-78
57,3,70,15,8,76-70-79
58,37,0,15,24,71-74
59,88,55,15,8,72-75-78-74
60,37,64,15,7,70-73-79-71-78-77-74
61,87,47,15,24,72-69-75-78-74
62,18,68,15,18,76-70-79-73-71-77
flexible customers
node_idx,x,y,service_time,demand,locker_idxs
63,58,50,15,6,72-75-78-73-74-77-71
64,68,59,15,7,74-72-77-78-75-73
65,68,29,15,7,72-75-69-78-74-77-71
66,20,21,15,15,71-77-74
67,33,31,15,30,74-71-77
68,94,16,15,25,72-69-78-74
lockers
node_idx,x,y,service_time,capacity,cost_per_unit_good
69,93,12,10,82,100
70,22,88,10,77,100
71,33,35,10,92,100
72,89,54,10,83,100
73,47,86,10,90,100
74,57,32,10,91,100
75,79,61,10,86,100
76,2,97,10,79,100
77,43,41,10,99,100
78,72,46,10,82,100
79,22,73,10,77,100
mrt lines
start_node_idx,end_node_idx,freight_capacity,cost_per_unit_good
69,70,82,1
70,69,82,1
distance matrix
,0,1,2,3,4,5,6,7,8,9,10,11,12,13,14,15,16,17,18,19,20,21,22,23,24,25,26,27,28,29,30,31,32,33,34,35,36,37,38,39,40,41,42,43,44,45,46,47,48,49,50,51,52,53,54,55,56,57,58,59,60,61,62,63,64,65,66,67,68,69,70,71,72,73,74,75,76,77,78,79,
0,0.0,54.23,34.66,44.82,57.25,13.04,46.27,60.0,39.22,27.86,53.81,27.2,44.28,22.83,36.35,23.26,30.36,11.18,40.31,25.61,8.25,31.58,47.68,57.01,55.44,66.47,61.1,44.05,49.73,46.69,19.65,52.48,37.8,38.6,52.55,64.64,32.7,39.2,55.0,21.93,36.4,45.18,28.32,54.13,37.54,61.13,55.01,57.01,63.81,24.41,56.44,59.36,26.02,69.31,50.7,26.91,22.56,61.74,49.19,31.02,29.73,28.16,47.51,6.08,17.49,17.49,45.28,29.07,44.82,46.69,57.49,27.51,31.62,43.68,12.17,26.25,77.83,16.28,13.15,47.01
1,54.23,0.0,87.46,79.25,81.15,66.1,86.68,15.13,40.31,39.2,62.59,58.22,10.2,73.5,87.48,42.45,64.66,45.28,58.19,30.41,53.6,33.02,79.92,14.87,106.4,68.07,7.07,17.46,34.06,29.27,34.89,69.89,28.46,73.68,2.24,114.21,81.06,81.06,21.59,49.52,90.48,17.72,71.03,75.03,25.96,38.08,74.33,14.87,55.15,70.35,28.64,53.0,49.25,69.0,74.73,32.02,45.01,47.38,36.24,85.23,49.65,81.61,45.89,55.95,69.12,59.3,11.18,25.3,85.29,84.72,66.29,26.83,85.8,73.57,48.84,79.65,74.33,38.47,67.07,51.66
2,34.66,87.46,0.0,59.08,53.25,27.73,29.73,94.49,71.87,52.89,63.06,52.81,77.94,14.56,31.02,48.08,34.37,42.19,67.05,60.21,39.41,58.82,40.22,91.55,21.47,75.58,94.02,78.64,73.82,72.78,52.7,56.08,72.25,55.04,85.59,31.38,13.42,48.37,83.52,41.98,17.2,75.39,43.19,54.12,72.14,84.38,55.9,91.55,79.63,38.33,82.76,75.43,56.36,78.75,49.65,61.52,54.92,81.02,82.66,13.6,47.17,21.21,66.0,31.62,18.36,42.15,79.4,63.01,52.95,56.72,65.15,60.75,14.87,41.15,45.0,8.6,86.98,49.09,25.06,62.2
3,44.82,79.25,59.08,0.0,100.65,37.16,84.2,76.01,41.05,70.29,98.6,21.93,69.86,57.57,31.05,66.53,73.93,53.76,23.54,51.62,37.48,71.85,89.55,73.0,78.31,111.13,85.99,62.39,89.89,85.59,55.76,97.08,51.24,6.4,78.64,88.46,66.71,11.4,90.08,66.6,45.54,79.31,17.46,98.27,53.46,100.85,99.32,73.0,107.17,22.47,93.91,102.83,30.36,113.9,94.51,48.38,35.47,103.81,50.8,46.01,74.33,38.0,90.79,50.22,53.49,27.59,68.07,58.31,9.9,6.71,102.3,59.93,45.04,86.77,37.8,52.61,122.35,54.41,39.92,91.22
4,57.25,81.15,53.25,100.65,0.0,63.63,25.3,94.56,91.2,44.55,22.02,84.43,75.96,45.34,80.66,44.05,26.93,52.61,97.02,70.01,65.46,49.48,13.04,92.72,55.11,28.86,84.97,83.36,50.22,53.34,59.0,12.04,84.1,94.81,78.92,56.01,40.0,92.65,64.9,39.12,69.66,63.56,83.24,6.4,82.22,55.17,7.81,92.72,40.31,78.39,59.82,38.01,82.0,31.58,7.0,74.01,77.28,46.4,98.05,64.44,34.13,69.35,37.2,51.26,48.01,74.46,79.56,67.36,98.18,101.02,20.59,63.39,65.86,13.89,68.15,53.76,38.01,57.08,61.06,30.81
5,13.04,66.1,27.73,37.16,63.63,0.0,47.68,70.33,44.41,40.52,63.89,25.5,55.97,21.1,23.35,35.74,37.2,24.19,39.81,36.25,13.04,44.55,52.39,67.23,49.19,76.84,73.08,54.2,62.59,59.68,32.25,60.96,46.23,31.62,64.56,59.09,31.0,29.21,68.01,33.12,24.6,58.08,19.7,61.61,46.62,73.98,62.8,67.23,75.59,14.76,69.46,71.12,28.65,79.81,57.69,36.36,27.66,74.09,55.44,20.0,40.82,15.52,59.51,15.65,16.49,14.56,56.46,40.8,34.83,37.44,67.27,39.81,20.25,49.74,18.6,19.31,88.41,29.07,3.0,58.31
6,46.27,86.68,29.73,84.2,25.3,47.68,0.0,97.64,84.93,47.51,41.44,72.06,79.06,26.68,59.68,44.41,22.02,46.82,86.0,66.85,54.08,53.81,13.04,95.19,30.15,52.01,92.02,83.65,62.43,63.6,56.36,32.02,80.99,79.08,84.5,32.76,17.89,74.67,75.6,37.44,46.86,70.71,66.94,28.16,79.85,70.68,30.15,95.19,60.21,61.85,72.4,56.75,72.25,55.04,24.02,69.89,68.73,64.2,93.96,42.44,37.48,48.76,50.99,40.45,31.26,61.13,81.84,66.65,79.85,83.22,42.05,63.13,43.83,17.46,58.42,32.65,62.39,53.31,44.72,45.31
7,60.0,15.13,94.49,76.01,94.56,70.33,97.64,0.0,35.01,50.99,76.94,56.89,18.79,81.34,89.54,53.34,75.8,53.04,53.15,34.41,57.31,45.31,92.14,3.16,114.59,83.01,16.64,16.12,49.0,44.05,42.45,83.68,25.71,71.18,17.03,123.07,89.87,79.91,36.67,60.21,94.89,32.14,71.06,88.6,24.35,53.15,88.06,3.16,70.26,71.47,43.74,68.03,48.05,84.02,87.92,34.0,45.22,62.51,27.2,90.21,61.74,85.42,60.41,63.03,76.49,60.75,15.81,31.83,83.38,82.1,80.75,34.83,90.55,85.91,51.88,86.21,89.45,45.97,71.87,65.92
8,39.22,40.31,71.87,41.05,91.2,44.41,84.93,35.01,0.0,48.76,80.36,23.71,32.45,61.85,58.52,47.68,66.12,39.05,18.25,22.14,32.65,46.62,84.15,32.06,93.3,90.62,46.49,22.85,61.03,55.8,32.56,83.19,12.21,36.5,40.25,102.96,71.87,45.88,55.97,52.09,67.18,45.97,38.47,86.58,15.0,70.18,86.83,32.06,81.99,40.22,61.52,78.29,16.28,92.7,84.21,17.72,17.0,76.28,11.4,63.78,57.71,57.28,67.12,44.64,56.46,31.11,29.53,27.29,48.84,47.27,84.48,30.87,63.7,79.01,27.31,63.29,100.18,34.13,46.87,70.23
9,27.86,39.2,52.89,70.29,44.55,40.52,47.51,50.99,48.76,0.0,31.62,49.52,32.2,38.33,63.79,5.0,25.5,17.0,58.83,26.68,33.29,6.4,41.15,48.85,69.35,42.54,44.55,38.83,22.2,20.1,16.55,35.01,40.11,63.89,37.01,76.28,43.83,66.37,30.68,11.18,61.0,23.6,55.23,39.12,38.01,33.54,39.01,48.85,36.88,51.88,30.15,32.56,43.83,44.94,37.66,31.05,38.28,34.0,54.15,55.01,10.77,54.45,20.52,25.32,35.36,43.01,35.47,23.0,71.87,73.24,35.74,19.0,56.0,34.93,32.56,46.53,53.01,16.4,39.81,21.95
10,53.81,62.59,63.06,98.6,22.02,63.89,41.44,76.94,80.36,31.62,0.0,79.32,59.14,51.08,84.91,33.54,29.15,45.49,89.89,58.24,61.22,34.37,28.86,75.54,71.06,13.04,65.46,68.03,29.55,33.53,48.1,10.3,71.2,92.31,60.42,74.15,50.01,92.66,44.28,32.02,77.08,44.91,82.04,15.81,68.88,33.24,14.21,75.54,18.97,77.79,38.59,16.12,74.71,16.12,18.38,62.64,69.32,24.41,85.16,71.18,24.41,73.93,16.76,48.8,51.48,71.06,63.07,53.94,98.31,100.42,4.12,50.01,72.5,24.08,62.13,60.54,24.7,47.42,62.01,11.05
11,27.2,58.22,52.81,21.93,84.43,25.5,72.06,56.89,23.71,49.52,79.32,0.0,48.51,46.1,35.0,46.23,57.57,33.84,14.32,29.73,18.97,50.45,74.73,53.76,74.09,91.4,65.12,42.05,68.24,63.81,34.21,79.16,31.26,15.81,57.43,84.15,56.22,23.09,68.15,47.51,45.0,57.38,14.76,81.15,33.06,79.08,81.94,53.76,86.28,16.97,72.01,82.02,9.0,94.02,77.83,26.68,13.6,82.46,34.99,42.54,54.92,35.23,70.01,33.24,41.01,11.05,47.1,36.4,27.07,26.68,83.22,38.01,42.19,70.88,17.2,44.64,102.3,33.24,28.44,71.06
12,44.28,10.2,77.94,69.86,75.96,55.97,79.06,18.79,32.45,32.2,59.14,48.51,0.0,64.2,77.28,34.67,57.14,35.81,49.66,20.22,43.42,26.57,73.35,16.76,97.31,66.37,17.26,10.82,32.98,27.66,25.24,65.31,20.25,64.13,9.0,105.42,72.18,71.18,24.21,41.62,80.41,15.81,61.0,70.09,17.49,39.82,69.63,16.76,54.82,60.21,30.53,51.97,39.62,67.74,69.26,22.02,35.13,47.76,30.81,75.24,42.95,71.47,43.01,46.32,59.64,49.16,4.12,15.23,75.54,75.13,63.07,17.2,75.77,67.12,38.64,69.97,73.98,28.84,57.01,48.09
13,22.83,73.5,14.56,57.57,45.34,21.1,26.68,81.34,61.85,38.33,51.08,46.1,64.2,0.0,35.36,33.53,21.93,28.43,60.3,47.51,29.41,44.27,33.02,78.49,33.24,63.98,79.92,65.8,59.41,58.25,39.05,45.49,60.46,52.39,71.56,42.01,10.2,48.33,68.96,27.46,26.0,60.93,40.26,44.69,60.0,70.11,46.23,78.49,66.49,35.17,68.25,62.17,47.54,67.12,40.36,49.41,44.94,67.27,72.01,20.12,33.0,24.04,52.15,18.44,5.39,35.06,65.95,49.58,53.67,56.86,53.67,47.01,21.47,31.83,34.54,9.49,75.58,35.47,18.11,48.84
14,36.35,87.48,31.02,31.05,80.66,23.35,59.68,89.54,58.52,63.79,84.91,35.0,77.28,35.36,0.0,58.94,56.4,47.52,46.75,57.07,34.13,67.9,68.12,86.38,48.01,97.94,94.54,73.68,85.91,83.02,55.0,80.43,64.08,29.07,86.15,58.01,41.88,19.65,91.14,55.71,15.03,81.01,20.52,79.98,65.19,97.29,81.47,86.38,98.09,18.36,92.78,93.62,42.54,101.02,75.69,56.04,44.38,97.08,69.89,17.46,63.16,11.31,82.28,38.6,33.6,28.79,77.13,62.51,23.02,27.07,87.92,62.13,16.16,67.18,38.64,27.2,109.6,52.04,24.04,80.53
15,23.26,42.45,48.08,66.53,44.05,35.74,44.41,53.34,47.68,5.0,33.54,46.23,34.67,33.53,58.94,0.0,22.47,12.81,56.36,26.02,29.21,10.77,39.22,51.0,65.0,45.22,48.17,40.16,27.17,25.08,15.13,35.51,40.05,60.14,40.31,72.2,39.45,62.13,35.44,7.07,56.0,27.78,51.04,39.05,38.21,38.47,39.2,51.0,40.8,47.51,35.13,36.4,41.18,47.8,37.05,30.15,35.78,38.48,54.01,50.01,10.05,49.5,24.41,20.4,30.41,39.05,37.59,23.54,67.68,69.2,37.58,19.65,51.0,33.24,29.07,41.59,56.08,13.93,34.93,24.84
16,30.36,64.66,34.37,73.93,26.93,37.2,22.02,75.8,66.12,25.5,29.15,57.57,57.14,21.93,56.4,22.47,0.0,27.07,70.41,46.32,38.6,31.83,18.03,73.43,46.17,42.05,70.04,62.24,42.15,42.54,35.44,24.08,60.64,68.0,62.48,51.88,22.02,66.4,54.38,15.65,47.93,48.84,56.6,24.41,59.2,51.66,25.61,73.43,45.28,51.87,51.89,41.11,55.58,45.19,20.59,49.82,51.16,47.1,74.15,42.05,15.81,45.22,32.39,24.35,22.8,47.54,60.03,45.31,72.01,74.63,31.76,41.63,43.38,13.34,41.59,31.38,53.67,32.76,34.83,28.0
17,11.18,45.28,42.19,53.76,52.61,24.19,46.82,53.04,39.05,17.0,45.49,33.84,35.81,28.43,47.52,12.81,27.07,0.0,44.94,20.12,16.4,20.4,45.1,50.25,61.62,57.63,51.88,37.8,38.6,35.51,10.63,45.88,34.18,47.38,43.42,70.04,36.88,49.4,44.05,13.93,46.69,34.53,38.28,48.51,33.11,50.0,49.04,50.25,53.6,34.89,45.28,49.2,29.73,60.31,45.71,23.09,24.74,51.0,47.3,41.0,21.1,39.01,37.2,10.77,23.85,26.25,37.54,21.21,54.92,56.4,49.4,18.6,41.77,40.01,16.64,34.44,68.68,7.07,24.0,37.48
18,40.31,58.19,67.05,23.54,97.02,39.81,86.0,53.15,18.25,58.83,89.89,14.32,49.66,60.3,46.75,56.36,70.41,44.94,0.0,34.66,32.14,58.41,87.97,50.25,88.26,101.36,64.56,40.8,74.95,70.04,42.44,90.82,29.73,20.12,57.94,98.35,70.46,30.53,72.11,58.87,58.31,61.61,26.4,93.3,32.31,85.04,93.92,50.25,94.64,30.02,77.01,90.6,15.23,103.77,90.25,30.48,20.59,89.87,27.29,56.36,65.8,48.76,78.82,46.39,55.15,25.32,47.17,41.11,32.31,30.08,93.91,43.84,55.9,83.74,28.86,58.94,111.77,42.54,42.76,80.78
19,25.61,30.41,60.21,51.62,70.01,36.25,66.85,34.41,22.14,26.68,58.24,29.73,20.22,47.51,57.07,26.02,46.32,20.12,34.66,0.0,23.41,24.6,64.13,31.4,80.66,68.54,37.48,18.44,40.31,35.38,11.05,61.4,14.32,45.54,29.15,89.5,56.61,51.62,38.48,31.26,60.84,27.73,41.11,65.07,13.0,50.45,65.19,31.4,60.46,40.05,42.72,56.6,21.47,70.68,63.01,4.47,16.16,55.32,28.07,55.95,36.06,51.62,45.18,29.07,42.45,29.02,20.25,6.71,56.29,56.32,62.36,9.22,56.36,58.55,18.44,51.86,78.29,13.6,37.59,48.1
20,8.25,53.6,39.41,37.48,65.46,13.04,54.08,57.31,32.65,33.29,61.22,18.97,43.42,29.41,34.13,29.21,38.6,16.4,32.14,23.41,0.0,35.85,55.9,54.2,60.75,73.66,60.64,41.18,54.23,50.6,21.21,60.42,33.3,31.14,52.17,70.33,39.56,33.12,57.56,29.21,37.59,47.17,21.95,62.24,33.6,65.55,63.07,54.2,70.0,18.97,59.91,65.6,18.25,76.42,58.87,23.32,15.65,67.23,43.27,33.02,36.88,28.23,53.6,14.32,24.04,9.9,43.66,28.44,38.59,40.0,65.0,28.02,33.29,51.92,5.66,30.81,84.86,18.68,14.87,53.76
21,31.58,33.02,58.82,71.85,49.48,44.55,53.81,45.31,46.62,6.4,34.37,50.45,26.57,44.27,67.9,10.77,31.83,20.4,58.41,24.6,35.85,0.0,47.01,43.32,75.66,44.01,38.21,34.13,18.38,15.13,16.28,39.2,36.88,65.46,30.81,82.66,50.12,68.88,24.74,17.49,66.12,17.2,57.7,43.74,34.53,29.73,43.42,43.32,36.24,54.78,25.02,32.2,43.86,46.1,42.72,29.07,38.21,32.02,50.8,60.21,16.64,59.08,20.59,30.0,41.0,45.18,30.08,19.65,74.24,75.29,38.47,15.81,61.13,40.71,34.13,52.17,53.71,17.49,44.18,23.77
22,47.68,79.92,40.22,89.55,13.04,52.39,13.04,92.14,84.15,41.15,28.86,74.73,73.35,33.02,68.12,39.22,18.03,45.1,87.97,64.13,55.9,47.01,0.0,89.96,43.19,39.0,84.63,79.38,52.5,54.45,53.15,19.1,78.45,83.93,77.7,45.4,27.02,81.01,66.47,32.98,56.73,63.01,72.09,15.13,76.9,59.68,17.12,89.96,47.8,67.12,62.48,44.6,73.33,42.01,11.0,67.74,69.07,52.39,92.07,51.62,30.41,56.85,40.22,41.59,36.24,64.29,76.56,62.64,86.45,89.47,29.15,58.82,53.04,6.4,59.3,41.04,49.37,50.64,49.66,34.13
23,57.01,14.87,91.55,73.0,92.72,67.23,95.19,3.16,32.06,48.85,75.54,53.76,16.76,78.49,86.38,51.0,73.43,50.25,50.25,31.4,54.2,43.32,89.96,0.0,111.73,82.02,17.69,13.04,48.09,43.01,39.7,82.0,22.56,68.12,16.49,120.28,87.11,76.79,36.4,57.8,91.79,31.0,67.91,86.83,21.19,52.89,86.35,0.0,69.58,68.31,43.42,67.19,44.91,83.15,86.02,30.89,42.06,61.98,24.7,87.13,59.62,82.3,59.14,60.14,73.59,57.58,13.42,29.07,80.31,79.06,79.4,32.2,87.46,83.77,48.76,83.24,88.81,43.19,68.8,64.5
24,55.44,106.4,21.47,78.31,55.11,49.19,30.15,114.59,93.3,69.35,71.06,74.09,97.31,33.24,48.01,65.0,46.17,61.62,88.26,80.66,60.75,75.66,43.19,111.73,0.0,82.1,112.65,99.01,88.26,88.24,72.25,62.03,93.24,74.97,104.4,10.2,25.55,67.12,99.74,58.18,33.0,92.78,63.56,58.31,92.96,97.8,60.3,111.73,89.45,58.94,97.86,85.71,77.83,85.15,54.15,82.33,76.32,92.57,104.01,32.56,61.47,40.61,78.34,51.62,38.21,63.56,99.16,82.81,71.0,75.01,72.01,80.16,33.38,47.01,66.29,30.02,92.54,68.68,46.53,73.35
25,66.47,68.07,75.58,111.13,28.86,76.84,52.01,83.01,90.62,42.54,13.04,91.4,66.37,63.98,97.94,45.22,42.05,57.63,101.36,68.54,73.66,44.01,39.0,82.02,82.1,0.0,69.72,76.12,34.01,39.01,59.06,20.1,80.65,104.8,66.03,84.21,62.36,105.48,47.68,44.55,89.96,51.04,94.76,24.08,78.16,33.24,22.09,82.02,14.76,90.61,41.0,15.3,86.28,3.16,28.0,73.01,80.78,22.85,94.37,84.1,36.8,86.95,23.77,61.62,64.5,83.55,70.46,63.57,111.13,113.15,10.44,59.81,85.43,35.36,74.2,73.41,11.66,58.83,75.0,20.59
26,61.1,7.07,94.02,85.99,84.97,73.08,92.02,16.64,46.49,44.55,65.46,65.12,17.26,79.92,94.54,48.17,70.04,51.88,64.56,37.48,60.64,38.21,84.63,17.69,112.65,69.72,0.0,23.77,36.14,31.95,41.63,73.41,34.93,80.5,8.54,120.25,87.2,88.02,22.09,55.23,97.41,21.63,78.06,78.72,32.56,38.05,77.88,17.69,56.08,77.41,29.02,54.45,56.14,70.35,78.77,39.05,52.0,48.01,41.34,92.11,54.67,88.6,48.7,62.61,75.66,66.37,18.03,32.28,92.2,91.55,68.96,33.62,92.7,78.24,55.9,86.31,75.0,45.19,74.0,54.78
27,44.05,17.46,78.64,62.39,83.36,54.2,83.65,16.12,22.85,38.83,68.03,42.05,10.82,65.8,73.68,40.16,62.24,37.8,40.8,18.44,41.18,34.13,79.38,13.04,99.01,76.12,23.77,0.0,43.32,37.95,27.46,73.33,11.18,57.08,17.49,107.71,74.65,65.12,35.0,46.62,78.77,26.4,55.73,77.78,9.0,50.61,77.52,13.04,65.15,55.79,41.34,62.1,33.06,77.67,76.49,17.89,29.61,58.31,20.0,74.09,49.48,69.32,52.47,47.38,60.81,44.92,7.07,17.0,69.0,68.12,72.06,20.62,74.43,73.38,35.78,70.29,84.2,30.81,55.76,57.08
28,49.73,34.06,73.82,89.89,50.22,62.59,62.43,49.0,61.03,22.2,29.55,68.24,32.98,59.41,85.91,27.17,42.15,38.6,74.95,40.31,54.23,18.38,52.5,48.09,88.26,34.01,36.14,43.32,0.0,5.39,34.13,38.28,49.74,83.53,32.02,93.94,63.32,87.24,14.76,32.06,83.05,17.26,76.06,43.83,47.01,11.4,42.72,48.09,21.84,73.16,10.0,19.1,61.07,35.06,44.69,44.6,55.44,15.26,62.65,77.03,26.93,76.66,13.04,47.52,57.04,63.51,37.11,34.06,92.57,93.54,32.89,31.11,78.06,46.23,52.35,68.12,41.0,35.78,61.98,19.42
29,46.69,29.27,72.78,85.59,53.34,59.68,63.6,44.05,55.8,20.1,33.53,63.81,27.66,58.25,83.02,25.08,42.54,35.51,70.04,35.38,50.6,15.13,54.45,43.01,88.24,39.01,31.95,37.95,5.39,0.0,29.97,41.59,44.42,79.26,27.17,94.41,62.97,83.38,12.04,30.81,81.02,12.04,72.24,47.01,41.68,15.26,46.07,43.01,27.2,69.57,10.05,24.33,56.4,40.2,47.43,39.6,50.8,20.59,57.27,75.06,26.83,74.17,16.76,45.04,55.44,59.62,31.78,29.0,88.64,89.44,37.11,26.25,76.03,48.08,48.33,66.61,46.32,31.95,59.3,22.85
30,19.65,34.89,52.7,55.76,59.0,32.25,56.36,42.45,32.56,16.55,48.1,34.21,25.24,39.05,55.0,15.13,35.44,10.63,42.44,11.05,21.21,16.28,53.15,39.7,72.25,59.06,41.63,27.46,34.13,29.97,0.0,50.64,25.32,49.4,33.11,80.62,47.42,53.49,36.35,20.22,56.04,26.02,42.38,54.15,23.77,45.18,54.33,39.7,52.4,40.02,38.9,48.27,27.66,61.4,52.0,15.03,22.02,48.27,39.12,50.6,25.18,47.68,36.4,21.1,34.41,29.73,26.91,10.63,58.69,59.48,52.2,8.06,51.24,47.52,18.38,44.78,69.34,3.61,32.76,38.47
31,52.48,69.89,56.08,97.08,12.04,60.96,32.02,83.68,83.19,35.01,10.3,79.16,65.31,45.49,80.43,35.51,24.08,45.88,90.82,61.4,60.42,39.2,19.1,82.0,62.03,20.1,73.41,73.33,38.28,41.59,50.64,0.0,75.11,90.97,67.68,64.5,42.72,90.14,53.0,31.95,71.2,52.2,80.0,5.66,73.03,43.19,4.47,82.0,29.15,75.43,47.8,26.42,75.61,23.19,8.25,65.62,70.52,34.67,89.14,65.51,25.5,69.2,25.24,46.87,46.86,69.97,69.05,58.01,95.78,98.23,10.05,54.01,66.89,15.3,62.24,54.71,31.05,49.24,58.73,18.87
32,37.8,28.46,72.25,51.24,84.1,46.23,80.99,25.71,12.21,40.11,71.2,31.26,20.25,60.46,64.08,40.05,60.64,34.18,29.73,14.32,33.3,36.88,78.45,22.56,93.24,80.65,34.93,11.18,49.74,44.42,25.32,75.11,0.0,46.01,28.23,102.42,69.97,54.33,43.86,45.54,70.46,34.06,45.35,79.0,2.83,58.41,79.03,22.56,71.11,45.88,49.58,67.62,22.36,82.54,77.1,11.18,19.7,65.0,14.04,66.22,50.01,60.75,56.92,42.19,55.22,35.34,17.46,17.26,58.03,57.04,75.31,21.21,66.4,72.84,27.66,63.7,89.69,27.89,48.17,60.64
33,38.6,73.68,55.04,6.4,94.81,31.62,79.08,71.18,36.5,63.89,92.31,15.81,64.13,52.39,29.07,60.14,68.0,47.38,20.12,45.54,31.14,65.46,83.93,68.12,74.97,104.8,80.5,57.08,83.53,79.26,49.4,90.97,46.01,0.0,72.99,85.16,61.81,10.63,83.93,60.31,42.72,73.16,12.17,92.28,48.09,94.51,93.3,68.12,100.77,17.26,87.66,96.43,24.52,107.56,88.59,42.45,29.41,97.42,46.84,42.43,68.01,34.37,84.39,44.1,48.08,21.26,62.51,52.2,12.37,11.05,96.05,53.71,41.59,80.96,31.4,48.09,116.0,48.01,34.48,84.85
34,52.55,2.24,85.59,78.64,78.92,64.56,84.5,17.03,40.25,37.01,60.42,57.43,9.0,71.56,86.15,40.31,62.48,43.42,57.94,29.15,52.17,30.81,77.7,16.49,104.4,66.03,8.54,17.49,32.02,27.17,33.11,67.68,28.23,72.99,0.0,112.16,79.03,80.16,19.92,47.38,88.87,15.52,70.0,72.8,25.63,36.4,72.11,16.49,53.24,69.18,26.93,51.01,48.51,67.01,72.5,31.02,44.1,45.54,36.8,83.57,47.43,80.08,43.74,54.12,67.23,58.14,10.77,23.77,84.48,84.01,64.13,25.08,84.15,71.34,47.52,77.83,72.44,36.67,65.46,49.48
35,64.64,114.21,31.38,88.46,56.01,59.09,32.76,123.07,102.96,76.28,74.15,84.15,105.42,42.01,58.01,72.2,51.88,70.04,98.35,89.5,70.33,82.66,45.4,120.28,10.2,84.21,120.25,107.71,93.94,94.41,80.62,64.5,102.42,85.16,112.16,0.0,33.24,77.23,106.17,65.22,43.05,99.86,73.76,60.13,102.0,102.88,62.13,120.28,92.96,69.12,103.75,89.5,87.66,87.14,56.32,91.4,85.96,96.84,113.53,42.76,67.6,50.8,83.22,60.44,47.2,73.54,107.48,91.24,81.02,85.05,74.55,88.39,43.57,50.22,75.8,39.81,94.0,77.1,56.36,77.79
36,32.7,81.06,13.42,66.71,40.0,31.0,17.89,89.87,71.87,43.83,50.01,56.22,72.18,10.2,41.88,39.45,22.02,36.88,70.46,56.61,39.56,50.12,27.02,87.11,25.55,62.36,87.2,74.65,63.32,62.97,47.42,42.72,69.97,61.81,79.03,33.24,0.0,56.92,74.32,32.65,29.73,67.23,49.65,40.71,69.34,73.35,42.49,87.11,67.12,44.55,72.73,63.03,57.72,65.52,36.24,58.83,55.03,69.12,81.86,24.84,36.4,30.89,54.33,27.78,15.52,45.18,74.25,58.05,62.03,65.46,51.92,55.15,26.25,27.73,44.6,14.76,73.68,43.93,28.0,50.01
37,39.2,81.06,48.37,11.4,92.65,29.21,74.67,79.91,45.88,66.37,92.66,23.09,71.18,48.33,19.65,62.13,66.4,49.4,30.53,51.62,33.12,68.88,81.01,76.79,67.12,105.48,88.02,65.12,87.24,83.38,53.49,90.14,54.33,10.63,80.16,77.23,56.92,0.0,89.29,61.07,34.23,78.59,11.18,90.8,56.14,98.49,92.01,76.79,102.9,14.87,92.36,98.47,32.06,108.37,86.84,49.16,36.06,100.34,56.65,35.06,68.88,27.17,86.53,43.86,44.78,23.77,70.01,58.05,5.66,8.54,96.17,58.94,34.01,78.77,35.11,42.45,116.93,51.48,31.62,86.21
38,55.0,21.59,83.52,90.08,64.9,68.01,75.6,36.67,55.97,30.68,44.28,68.15,24.21,68.96,91.14,35.44,54.38,44.05,72.11,38.48,57.56,24.74,66.47,36.4,99.74,47.68,22.09,35.0,14.76,12.04,36.35,53.0,43.86,83.93,19.92,106.17,74.32,89.29,0.0,41.79,90.55,10.77,78.34,58.52,41.04,16.49,57.45,36.4,34.01,76.3,7.07,32.39,59.93,48.26,59.2,42.06,54.63,26.02,55.0,84.72,38.59,83.05,27.78,54.33,65.73,65.73,28.02,31.78,94.25,94.58,47.54,30.36,85.59,60.11,54.34,76.9,53.04,39.12,68.03,34.13
39,21.93,49.52,41.98,66.6,39.12,33.12,37.44,60.21,52.09,11.18,32.02,47.51,41.62,27.46,55.71,7.07,15.65,13.93,58.87,31.26,29.21,17.49,32.98,57.8,58.18,44.55,55.23,46.62,32.06,30.81,20.22,31.95,45.54,60.31,47.38,65.22,32.65,61.07,41.79,0.0,51.24,34.67,50.25,34.71,43.93,43.01,35.17,57.8,42.49,46.23,40.79,38.01,43.66,47.38,32.14,35.06,38.6,41.48,59.3,45.18,7.81,45.61,26.57,17.49,25.0,39.05,44.42,29.73,66.71,68.62,35.81,26.0,46.27,27.29,30.41,36.06,55.9,18.0,31.78,25.24
40,36.4,90.48,17.2,45.54,69.66,24.6,46.86,94.89,67.18,61.0,77.08,45.0,80.41,26.0,15.03,56.0,47.93,46.69,58.31,60.84,37.59,66.12,56.73,91.79,33.0,89.96,97.41,78.77,83.05,81.02,56.04,71.2,70.46,42.72,88.87,43.05,29.73,34.23,90.55,51.24,0.0,81.22,32.2,69.89,71.02,94.19,71.56,91.79,92.18,28.3,91.05,87.8,50.91,93.11,65.46,60.9,51.22,92.4,78.52,6.08,57.87,9.9,77.28,36.22,26.48,36.07,81.02,65.19,38.0,42.01,79.62,63.89,5.0,56.86,43.05,16.55,101.55,52.63,23.41,74.46
41,45.18,17.72,75.39,79.31,63.56,58.08,70.71,32.14,45.97,23.6,44.91,57.38,15.81,60.93,81.01,27.78,48.84,34.53,61.61,27.73,47.17,17.2,63.01,31.0,92.78,51.04,21.63,26.4,17.26,12.04,26.02,52.2,34.06,73.16,15.52,99.86,67.23,78.59,10.77,34.67,81.22,0.0,67.68,57.38,31.24,24.41,56.65,31.0,39.05,65.76,15.56,36.35,49.19,52.24,57.25,31.38,43.86,31.95,46.14,75.5,33.24,73.33,28.28,45.12,57.25,55.11,19.92,21.02,83.52,83.82,48.66,19.65,76.3,56.61,43.74,68.31,58.25,29.02,58.31,33.96
42,28.32,71.03,43.19,17.46,83.24,19.7,66.94,71.06,38.47,55.23,82.04,14.76,61.0,40.26,20.52,51.04,56.6,38.28,26.4,41.11,21.95,57.7,72.09,67.91,63.56,94.76,78.06,55.73,76.06,72.24,42.38,80.0,45.35,12.17,70.0,73.76,49.65,11.18,78.34,50.25,32.2,67.68,0.0,80.99,46.87,87.32,82.1,67.91,91.84,5.1,81.27,87.42,23.09,97.62,77.18,39.01,26.17,89.19,49.74,31.05,58.05,23.09,75.45,33.3,36.06,12.65,60.13,47.38,16.64,18.38,85.63,48.05,30.36,69.35,24.04,36.01,106.15,40.31,22.47,75.29
43,54.13,75.03,54.12,98.27,6.4,61.61,28.16,88.6,86.58,39.12,15.81,81.15,70.09,44.69,79.98,39.05,24.41,48.51,93.3,65.07,62.24,43.74,15.13,86.83,58.31,24.08,78.72,77.78,43.83,47.01,54.15,5.66,79.0,92.28,72.8,60.13,40.71,90.8,58.52,34.71,69.89,57.38,80.99,0.0,77.03,48.84,2.0,86.83,34.44,76.28,53.41,31.91,78.16,27.02,4.47,69.18,73.25,40.22,93.01,64.4,29.02,68.68,30.81,48.3,46.69,71.55,73.76,62.07,96.4,99.05,14.87,58.08,65.8,13.04,64.51,53.6,34.23,52.47,59.2,24.41
44,37.54,25.96,72.14,53.46,82.22,46.62,79.85,24.35,15.0,38.01,68.88,33.06,17.49,60.0,65.19,38.21,59.2,33.11,32.31,13.0,33.6,34.53,76.9,21.19,92.96,78.16,32.56,9.0,47.01,41.68,23.77,73.03,2.83,48.09,25.63,102.0,69.34,56.14,41.04,43.93,71.02,31.24,46.87,77.03,0.0,55.61,77.0,21.19,68.45,47.13,46.75,65.0,24.08,80.01,75.24,10.63,20.88,62.27,16.28,66.61,48.09,61.4,54.41,41.62,54.82,36.4,14.87,15.03,60.0,59.14,72.99,19.03,66.85,71.2,28.02,63.64,87.09,26.57,48.41,58.25
45,61.13,38.08,84.38,100.85,55.17,73.98,70.68,53.15,70.18,33.54,33.24,79.08,39.82,70.11,97.29,38.47,51.66,50.0,85.04,50.45,65.55,29.73,59.68,52.89,97.8,33.24,38.05,50.61,11.4,15.26,45.18,43.19,58.41,94.51,36.4,102.88,73.35,98.49,16.49,43.01,94.19,24.41,87.32,48.84,55.61,0.0,47.38,52.89,18.68,84.5,9.49,18.36,71.61,33.24,50.61,54.56,66.03,10.44,70.49,88.14,37.22,87.97,19.7,58.86,68.01,74.73,43.83,43.93,103.79,104.66,35.61,41.4,89.2,53.71,63.51,79.01,37.05,47.01,73.35,25.55
46,55.01,74.33,55.9,99.32,7.81,62.8,30.15,88.06,86.83,39.01,14.21,81.94,69.63,46.23,81.47,39.2,25.61,49.04,93.92,65.19,63.07,43.42,17.12,86.35,60.3,22.09,77.88,77.52,42.72,46.07,54.33,4.47,79.03,93.3,72.11,62.13,42.49,92.01,57.45,35.17,71.56,56.65,82.1,2.0,77.0,47.38,0.0,86.35,32.65,77.42,52.2,30.23,78.75,25.02,6.32,69.35,73.76,38.6,93.05,66.03,29.15,70.18,29.68,49.24,48.08,72.47,73.35,62.01,97.62,100.21,13.0,58.01,67.42,14.76,65.19,55.22,32.25,52.77,60.44,23.32
47,57.01,14.87,91.55,73.0,92.72,67.23,95.19,3.16,32.06,48.85,75.54,53.76,16.76,78.49,86.38,51.0,73.43,50.25,50.25,31.4,54.2,43.32,89.96,0.0,111.73,82.02,17.69,13.04,48.09,43.01,39.7,82.0,22.56,68.12,16.49,120.28,87.11,76.79,36.4,57.8,91.79,31.0,67.91,86.83,21.19,52.89,86.35,0.0,69.58,68.31,43.42,67.19,44.91,83.15,86.02,30.89,42.06,61.98,24.7,87.13,59.62,82.3,59.14,60.14,73.59,57.58,13.42,29.07,80.31,79.06,79.4,32.2,87.46,83.77,48.76,83.24,88.81,43.19,68.8,64.5
48,63.81,55.15,79.63,107.17,40.31,75.59,60.21,70.26,81.99,36.88,18.97,86.28,54.82,66.49,98.09,40.8,45.28,53.6,94.64,60.46,70.0,36.24,47.8,69.58,89.45,14.76,56.08,65.15,21.84,27.2,52.4,29.15,71.11,100.77,53.24,92.96,67.12,102.9,34.01,42.49,92.18,39.05,91.84,34.44,68.45,18.68,32.65,69.58,0.0,88.2,27.07,4.47,80.06,14.56,37.34,64.9,74.41,8.25,84.31,86.13,34.93,87.66,16.4,59.94,65.8,79.81,58.94,54.71,108.47,110.0,19.72,51.31,87.36,42.76,69.43,75.93,19.24,53.04,74.25,17.72
49,24.41,70.35,38.33,22.47,78.39,14.76,61.85,71.47,40.22,51.88,77.79,16.97,60.21,35.17,18.36,47.51,51.87,34.89,30.02,40.05,18.97,54.78,67.12,68.31,58.94,90.61,77.41,55.79,73.16,69.57,40.02,75.43,45.88,17.26,69.18,69.12,44.55,14.87,76.3,46.23,28.3,65.76,5.1,76.28,47.13,84.5,77.42,68.31,88.2,0.0,78.85,83.76,24.19,93.51,72.4,38.47,26.25,85.88,51.61,26.57,54.04,18.79,71.87,29.0,31.02,11.05,59.68,46.01,20.52,22.8,81.32,46.27,26.0,64.5,22.09,31.0,102.07,37.64,17.46,71.4
50,56.44,28.64,82.76,93.91,59.82,69.46,72.4,43.74,61.52,30.15,38.59,72.01,30.53,68.25,92.78,35.13,51.89,45.28,77.01,42.72,59.91,25.02,62.48,43.42,97.86,41.0,29.02,41.34,10.0,10.05,38.9,47.8,49.58,87.66,26.93,103.75,72.73,92.36,7.07,40.79,91.05,15.56,81.27,53.41,46.75,9.49,52.2,43.42,27.07,78.85,0.0,25.71,64.14,41.44,54.49,46.62,58.67,19.0,61.29,85.09,36.4,84.1,22.67,55.01,65.49,68.62,34.48,36.06,97.5,98.09,41.59,34.0,86.05,56.22,57.25,76.66,46.01,41.23,69.18,29.07
51,59.36,53.0,75.43,102.83,38.01,71.12,56.75,68.03,78.29,32.56,16.12,82.02,51.97,62.17,93.62,36.4,41.11,49.2,90.6,56.6,65.6,32.2,44.6,67.19,85.71,15.3,54.45,62.1,19.1,24.33,48.27,26.42,67.62,96.43,51.01,89.5,63.03,98.47,32.39,38.01,87.8,36.35,87.42,31.91,65.0,18.36,30.23,67.19,4.47,83.76,25.71,0.0,75.93,16.0,34.44,61.06,70.29,8.49,80.99,81.74,30.46,83.22,12.04,55.47,61.4,75.43,56.09,51.0,104.04,105.6,17.69,47.51,82.97,39.29,65.12,71.59,22.14,48.8,69.78,13.34
52,26.02,49.25,56.36,30.36,82.0,28.65,72.25,48.05,16.28,43.83,74.71,9.0,39.62,47.54,42.54,41.18,55.58,29.73,15.23,21.47,18.25,43.86,73.33,44.91,77.83,86.28,56.14,33.06,61.07,56.4,27.66,75.61,22.36,24.52,48.51,87.66,57.72,32.06,59.93,43.66,50.91,49.19,23.09,78.16,24.08,71.61,78.75,44.91,80.06,24.19,64.14,75.93,0.0,88.75,75.19,18.03,5.66,75.69,27.66,47.63,50.57,41.01,64.03,32.0,42.2,14.87,38.12,28.18,36.06,35.51,78.71,30.23,47.51,68.88,14.04,47.85,96.83,27.46,31.3,65.73
53,69.31,69.0,78.75,113.9,31.58,79.81,55.04,84.02,92.7,44.94,16.12,94.02,67.74,67.12,101.02,47.8,45.19,60.31,103.77,70.68,76.42,46.1,42.01,83.15,85.15,3.16,70.35,77.67,35.06,40.2,61.4,23.19,82.54,107.56,67.01,87.14,65.52,108.37,48.26,47.38,93.11,52.24,97.62,27.02,80.01,33.24,25.02,83.15,14.56,93.51,41.44,16.0,88.75,0.0,31.02,75.15,83.22,22.8,96.17,87.24,39.6,90.05,25.63,64.54,67.6,86.31,71.85,65.55,114.02,116.0,13.6,61.85,88.57,38.47,76.84,76.56,8.6,61.29,78.01,23.02
54,50.7,74.73,49.65,94.51,7.0,57.69,24.02,87.92,84.21,37.66,18.38,77.83,69.26,40.36,75.69,37.05,20.59,45.71,90.25,63.01,58.87,42.72,11.0,86.02,54.15,28.0,78.77,76.49,44.69,47.43,52.0,8.25,77.1,88.59,72.5,56.32,36.24,86.84,59.2,32.14,65.46,57.25,77.18,4.47,75.24,50.61,6.32,86.02,37.34,72.4,54.49,34.44,75.19,31.02,0.0,67.01,70.41,42.54,91.05,60.0,27.17,64.38,31.83,44.78,42.52,68.03,72.8,60.41,92.42,95.13,18.25,56.44,61.4,8.6,61.4,49.2,38.47,50.09,55.22,25.46
55,26.91,32.02,61.52,48.38,74.01,36.36,69.89,34.0,17.72,31.05,62.64,26.68,22.02,49.41,56.04,30.15,49.82,23.09,30.48,4.47,23.32,29.07,67.74,30.89,82.33,73.01,39.05,17.89,44.6,39.6,15.03,65.62,11.18,42.45,31.02,91.4,58.83,49.16,42.06,35.06,60.9,31.38,39.01,69.18,10.63,54.56,69.35,30.89,64.9,38.47,46.62,61.06,18.03,75.15,67.01,0.0,13.15,59.67,24.33,56.3,40.2,51.43,49.65,31.06,44.2,27.46,21.21,10.63,53.6,53.37,66.76,13.6,56.6,62.29,17.89,53.04,82.76,17.12,38.01,52.55
56,22.56,45.01,54.92,35.47,77.28,27.66,68.73,45.22,17.0,38.28,69.32,13.6,35.13,44.94,44.38,35.78,51.16,24.74,20.59,16.16,15.65,38.21,69.07,42.06,76.32,80.78,52.0,29.61,55.44,50.8,22.02,70.52,19.7,29.41,44.1,85.96,55.03,36.06,54.63,38.6,51.22,43.86,26.17,73.25,20.88,66.03,73.76,42.06,74.41,26.25,58.67,70.29,5.66,83.22,70.41,13.15,0.0,70.04,27.8,47.38,45.31,41.4,58.41,28.28,39.56,15.65,34.01,22.85,40.45,40.26,73.35,24.7,47.42,64.38,10.44,46.32,91.26,21.95,30.0,60.21
57,61.74,47.38,81.02,103.81,46.4,74.09,64.2,62.51,76.28,34.0,24.41,82.46,47.76,67.27,97.08,38.48,47.1,51.0,89.87,55.32,67.23,32.02,52.39,61.98,92.57,22.85,48.01,58.31,15.26,20.59,48.27,34.67,65.0,97.42,45.54,96.84,69.12,100.34,26.02,41.48,92.4,31.95,89.19,40.22,62.27,10.44,38.6,61.98,8.25,85.88,19.0,8.49,75.69,22.8,42.54,59.67,70.04,0.0,77.82,86.31,34.53,87.09,15.13,58.52,65.92,76.85,51.87,49.2,105.82,107.07,26.17,46.1,87.48,46.82,66.03,76.53,27.02,49.41,73.05,19.24
58,49.19,36.24,82.66,50.8,98.05,55.44,93.96,27.2,11.4,54.15,85.16,34.99,30.81,72.01,69.89,54.01,74.15,47.3,27.29,28.07,43.27,50.8,92.07,24.7,104.01,94.37,41.34,20.0,62.65,57.27,39.12,89.14,14.04,46.84,36.8,113.53,81.86,56.65,55.0,59.3,78.52,46.14,49.74,93.01,16.28,70.49,93.05,24.7,84.31,51.61,61.29,80.99,27.66,96.17,91.05,24.33,27.8,77.82,0.0,75.01,64.0,68.62,70.6,54.23,66.65,42.45,27.02,31.26,59.2,57.27,89.27,35.23,74.97,86.58,37.74,74.06,103.12,41.44,57.8,74.53
59,31.02,85.23,13.6,46.01,64.44,20.0,42.44,90.21,63.78,55.01,71.18,42.54,75.24,20.12,17.46,50.01,42.05,41.0,56.36,55.95,33.02,60.21,51.62,87.13,32.56,84.1,92.11,74.09,77.03,75.06,50.6,65.51,66.22,42.43,83.57,42.76,24.84,35.06,84.72,45.18,6.08,75.5,31.05,64.4,66.61,88.14,66.03,87.13,86.13,26.57,85.09,81.74,47.63,87.24,60.0,56.3,47.38,86.31,75.01,0.0,51.79,8.06,71.2,30.41,20.4,32.8,76.03,60.01,39.46,43.29,73.79,58.52,1.41,51.4,38.6,10.82,95.71,47.13,18.36,68.41
60,29.73,49.65,47.17,74.33,34.13,40.82,37.48,61.74,57.71,10.77,24.41,54.92,42.95,33.0,63.16,10.05,15.81,21.1,65.8,36.06,36.88,16.64,30.41,59.62,61.47,36.8,54.67,49.48,26.93,26.83,25.18,25.5,50.01,68.01,47.43,67.6,36.4,68.88,38.59,7.81,57.87,33.24,58.05,29.02,48.09,37.22,29.15,59.62,34.93,54.04,36.4,30.46,50.57,39.6,27.17,40.2,45.31,34.53,64.0,51.79,0.0,52.81,19.42,25.24,31.4,46.75,46.24,33.24,74.52,76.42,28.3,29.27,52.95,24.17,37.74,42.11,48.1,23.77,39.36,17.49
61,28.16,81.61,21.21,38.0,69.35,15.52,48.76,85.42,57.28,54.45,73.93,35.23,71.47,24.04,11.31,49.5,45.22,39.01,48.76,51.62,28.23,59.08,56.85,82.3,40.61,86.95,88.6,69.32,76.66,74.17,47.68,69.2,60.75,34.37,80.08,50.8,30.89,27.17,83.05,45.61,9.9,73.33,23.09,68.68,61.4,87.97,70.18,82.3,87.66,18.79,84.1,83.22,41.01,90.05,64.38,51.43,41.4,87.09,68.62,8.06,52.81,0.0,72.12,29.15,22.47,26.17,71.87,56.32,31.78,35.51,76.85,55.32,7.28,55.87,33.54,16.12,98.62,44.41,15.03,70.01
62,47.51,45.89,66.0,90.79,37.2,59.51,50.99,60.41,67.12,20.52,16.76,70.01,43.01,52.15,82.28,24.41,32.39,37.2,78.82,45.18,53.6,20.59,40.22,59.14,78.34,23.77,48.7,52.47,13.04,16.76,36.4,25.24,56.92,84.39,43.74,83.22,54.33,86.53,27.78,26.57,77.28,28.28,75.45,30.81,54.41,19.7,29.68,59.14,16.4,71.87,22.67,12.04,64.03,25.63,31.83,49.65,58.41,15.13,70.6,71.2,19.42,72.12,0.0,43.86,50.8,63.41,47.04,39.92,92.09,93.6,20.4,36.25,72.37,34.13,53.08,61.4,33.12,36.8,58.31,6.4
63,6.08,55.95,31.62,50.22,51.26,15.65,40.45,63.03,44.64,25.32,48.8,33.24,46.32,18.44,38.6,20.4,24.35,10.77,46.39,29.07,14.32,30.0,41.59,60.14,51.62,61.62,62.61,47.38,47.52,45.04,21.1,46.87,42.19,44.1,54.12,60.44,27.78,43.86,54.33,17.49,36.22,45.12,33.3,48.3,41.62,58.86,49.24,60.14,59.94,29.0,55.01,55.47,32.0,64.54,44.78,31.06,28.28,58.52,54.23,30.41,25.24,29.15,43.86,0.0,13.45,23.26,47.8,31.4,49.52,51.66,52.35,29.15,31.26,37.64,18.03,23.71,73.11,17.49,14.56,42.72
64,17.49,69.12,18.36,53.49,48.01,16.49,31.26,76.49,56.46,35.36,51.48,41.01,59.64,5.39,33.6,30.41,22.8,23.85,55.15,42.45,24.04,41.0,36.24,73.59,38.21,64.5,75.66,60.81,57.04,55.44,34.41,46.86,55.22,48.08,67.23,47.2,15.52,44.78,65.73,25.0,26.48,57.25,36.06,46.69,54.82,68.01,48.08,73.59,65.8,31.02,65.49,61.4,42.2,67.6,42.52,44.2,39.56,65.92,66.65,20.4,31.4,22.47,50.8,13.45,0.0,30.0,61.22,44.82,50.25,53.24,54.38,42.44,21.59,34.21,29.15,11.18,76.16,30.81,13.6,48.08
65,17.49,59.3,42.15,27.59,74.46,14.56,61.13,60.75,31.11,43.01,71.06,11.05,49.16,35.06,28.79,39.05,47.54,26.25,25.32,29.02,9.9,45.18,64.29,57.58,63.56,83.55,66.37,44.92,63.51,59.62,29.73,69.97,35.34,21.26,58.14,73.54,45.18,23.77,65.73,39.05,36.07,55.11,12.65,71.55,36.4,74.73,72.47,57.58,79.81,11.05,68.62,75.43,14.87,86.31,68.03,27.46,15.65,76.85,42.45,32.8,46.75,26.17,63.41,23.26,30.0,0.0,48.66,35.06,29.07,30.23,74.81,35.51,32.65,60.75,11.4,33.84,94.76,27.73,17.46,63.66
66,45.28,11.18,79.4,68.07,79.56,56.46,81.84,15.81,29.53,35.47,63.07,47.1,4.12,65.95,77.13,37.59,60.03,37.54,47.17,20.25,43.66,30.08,76.56,13.42,99.16,70.46,18.03,7.07,37.11,31.78,26.91,69.05,17.46,62.51,10.77,107.48,74.25,70.01,28.02,44.42,81.02,19.92,60.13,73.76,14.87,43.83,73.35,13.42,58.94,59.68,34.48,56.09,38.12,71.85,72.8,21.21,34.01,51.87,27.02,76.03,46.24,71.87,47.04,47.8,61.22,48.66,0.0,16.4,74.17,73.55,67.03,19.1,76.49,70.38,38.6,71.28,78.1,30.48,57.7,52.04
67,29.07,25.3,63.01,58.31,67.36,40.8,66.65,31.83,27.29,23.0,53.94,36.4,15.23,49.58,62.51,23.54,45.31,21.21,41.11,6.71,28.44,19.65,62.64,29.07,82.81,63.57,32.28,17.0,34.06,29.0,10.63,58.01,17.26,52.2,23.77,91.24,58.05,58.05,31.78,29.73,65.19,21.02,47.38,62.07,15.03,43.93,62.01,29.07,54.71,46.01,36.06,51.0,28.18,65.55,60.41,10.63,22.85,49.2,31.26,60.01,33.24,56.32,39.92,31.4,44.82,35.06,16.4,0.0,62.82,62.94,58.05,4.0,60.54,56.75,24.02,54.92,72.92,14.14,41.79,43.42
68,44.82,85.29,52.95,9.9,98.18,34.83,79.85,83.38,48.84,71.87,98.31,27.07,75.54,53.67,23.02,67.68,72.01,54.92,32.31,56.29,38.59,74.24,86.45,80.31,71.0,111.13,92.2,69.0,92.57,88.64,58.69,95.78,58.03,12.37,84.48,81.02,62.03,5.66,94.25,66.71,38.0,83.52,16.64,96.4,60.0,103.79,97.62,80.31,108.47,20.52,97.5,104.04,36.06,114.02,92.42,53.6,40.45,105.82,59.2,39.46,74.52,31.78,92.09,49.52,50.25,29.07,74.17,62.82,0.0,4.12,101.82,63.89,38.33,84.31,40.31,47.43,122.58,56.8,37.2,91.83
69,46.69,84.72,56.72,6.71,101.02,37.44,83.22,82.1,47.27,73.24,100.42,26.68,75.13,56.86,27.07,69.2,74.63,56.4,30.08,56.32,40.0,75.29,89.47,79.06,75.01,113.15,91.55,68.12,93.54,89.44,59.48,98.23,57.04,11.05,84.01,85.05,65.46,8.54,94.58,68.62,42.01,83.82,18.38,99.05,59.14,104.66,100.21,79.06,110.0,22.8,98.09,105.6,35.51,116.0,95.13,53.37,40.26,107.07,57.27,43.29,76.42,35.51,93.6,51.66,53.24,30.23,73.55,62.94,4.12,0.0,104.0,64.26,42.19,87.13,41.18,50.96,124.52,57.8,39.96,93.61
70,57.49,66.29,65.15,102.3,20.59,67.27,42.05,80.75,84.48,35.74,4.12,83.22,63.07,53.67,87.92,37.58,31.76,49.4,93.91,62.36,65.0,38.47,29.15,79.4,72.01,10.44,68.96,72.06,32.89,37.11,52.2,10.05,75.31,96.05,64.13,74.55,51.92,96.17,47.54,35.81,79.62,48.66,85.63,14.87,72.99,35.61,13.0,79.4,19.72,81.32,41.59,17.69,78.71,13.6,18.25,66.76,73.35,26.17,89.27,73.79,28.3,76.85,20.4,52.35,54.38,74.81,67.03,58.05,101.82,104.0,0.0,54.13,75.13,25.08,66.04,63.07,21.93,51.48,65.3,15.0
71,27.51,26.83,60.75,59.93,63.39,39.81,63.13,34.83,30.87,19.0,50.01,38.01,17.2,47.01,62.13,19.65,41.63,18.6,43.84,9.22,28.02,15.81,58.82,32.2,80.16,59.81,33.62,20.62,31.11,26.25,8.06,54.01,21.21,53.71,25.08,88.39,55.15,58.94,30.36,26.0,63.89,19.65,48.05,58.08,19.03,41.4,58.01,32.2,51.31,46.27,34.0,47.51,30.23,61.85,56.44,13.6,24.7,46.1,35.23,58.52,29.27,55.32,36.25,29.15,42.44,35.51,19.1,4.0,63.89,64.26,54.13,0.0,59.14,52.89,24.19,52.84,69.32,11.66,40.52,39.56
72,31.62,85.8,14.87,45.04,65.86,20.25,43.83,90.55,63.7,56.0,72.5,42.19,75.77,21.47,16.16,51.0,43.38,41.77,55.9,56.36,33.29,61.13,53.04,87.46,33.38,85.43,92.7,74.43,78.06,76.03,51.24,66.89,66.4,41.59,84.15,43.57,26.25,34.01,85.59,46.27,5.0,76.3,30.36,65.8,66.85,89.2,67.42,87.46,87.36,26.0,86.05,82.97,47.51,88.57,61.4,56.6,47.42,87.48,74.97,1.41,52.95,7.28,72.37,31.26,21.59,32.65,76.49,60.54,38.33,42.19,75.13,59.14,0.0,52.8,38.83,12.21,97.05,47.8,18.79,69.64
73,43.68,73.57,41.15,86.77,13.89,49.74,17.46,85.91,79.01,34.93,24.08,70.88,67.12,31.83,67.18,33.24,13.34,40.01,83.74,58.55,51.92,40.71,6.4,83.77,47.01,35.36,78.24,73.38,46.23,48.08,47.52,15.3,72.84,80.96,71.34,50.22,27.73,78.77,60.11,27.29,56.86,56.61,69.35,13.04,71.2,53.71,14.76,83.77,42.76,64.5,56.22,39.29,68.88,38.47,8.6,62.29,64.38,46.82,86.58,51.4,24.17,55.87,34.13,37.64,34.21,60.75,70.38,56.75,84.31,87.13,25.08,52.89,52.8,0.0,54.92,40.61,46.32,45.18,47.17,28.18
74,12.17,48.84,45.0,37.8,68.15,18.6,58.42,51.88,27.31,32.56,62.13,17.2,38.64,34.54,38.64,29.07,41.59,16.64,28.86,18.44,5.66,34.13,59.3,48.76,66.29,74.2,55.9,35.78,52.35,48.33,18.38,62.24,27.66,31.4,47.52,75.8,44.6,35.11,54.34,30.41,43.05,43.74,24.04,64.51,28.02,63.51,65.19,48.76,69.43,22.09,57.25,65.12,14.04,76.84,61.4,17.89,10.44,66.03,37.74,38.6,37.74,33.54,53.08,18.03,29.15,11.4,38.6,24.02,40.31,41.18,66.04,24.19,38.83,54.92,0.0,36.4,85.15,16.64,20.52,53.91
75,26.25,79.65,8.6,52.61,53.76,19.31,32.65,86.21,63.29,46.53,60.54,44.64,69.97,9.49,27.2,41.59,31.38,34.44,58.94,51.86,30.81,52.17,41.04,83.24,30.02,73.41,86.31,70.29,68.12,66.61,44.78,54.71,63.7,48.09,77.83,39.81,14.76,42.45,76.9,36.06,16.55,68.31,36.01,53.6,63.64,79.01,55.22,83.24,75.93,31.0,76.66,71.59,47.85,76.56,49.2,53.04,46.32,76.53,74.06,10.82,42.11,16.12,61.4,23.71,11.18,33.84,71.28,54.92,47.43,50.96,63.07,52.84,12.21,40.61,36.4,0.0,85.0,41.18,16.55,58.25
76,77.83,74.33,86.98,122.35,38.01,88.41,62.39,89.45,100.18,53.01,24.7,102.3,73.98,75.58,109.6,56.08,53.67,68.68,111.77,78.29,84.86,53.71,49.37,88.81,92.54,11.66,75.0,84.2,41.0,46.32,69.34,31.05,89.69,116.0,72.44,94.0,73.68,116.93,53.04,55.9,101.55,58.25,106.15,34.23,87.09,37.05,32.25,88.81,19.24,102.07,46.01,22.14,96.83,8.6,38.47,82.76,91.26,27.02,103.12,95.71,48.1,98.62,33.12,73.11,76.16,94.76,78.1,72.92,122.58,124.52,21.93,69.32,97.05,46.32,85.15,85.0,0.0,69.4,86.61,31.24
77,16.28,38.47,49.09,54.41,57.08,29.07,53.31,45.97,34.13,16.4,47.42,33.24,28.84,35.47,52.04,13.93,32.76,7.07,42.54,13.6,18.68,17.49,50.64,43.19,68.68,58.83,45.19,30.81,35.78,31.95,3.61,49.24,27.89,48.01,36.67,77.1,43.93,51.48,39.12,18.0,52.63,29.02,40.31,52.47,26.57,47.01,52.77,43.19,53.04,37.64,41.23,48.8,27.46,61.29,50.09,17.12,21.95,49.41,41.44,47.13,23.77,44.41,36.8,17.49,30.81,27.73,30.48,14.14,56.8,57.8,51.48,11.66,47.8,45.18,16.64,41.18,69.4,0.0,29.43,38.28
78,13.15,67.07,25.06,39.92,61.06,3.0,44.72,71.87,46.87,39.81,62.01,28.44,57.01,18.11,24.04,34.93,34.83,24.0,42.76,37.59,14.87,44.18,49.66,68.8,46.53,75.0,74.0,55.76,61.98,59.3,32.76,58.73,48.17,34.48,65.46,56.36,28.0,31.62,68.03,31.78,23.41,58.31,22.47,59.2,48.41,73.35,60.44,68.8,74.25,17.46,69.18,69.78,31.3,78.01,55.22,38.01,30.0,73.05,57.8,18.36,39.36,15.03,58.31,14.56,13.6,17.46,57.7,41.79,37.2,39.96,65.3,40.52,18.79,47.17,20.52,16.55,86.61,29.43,0.0,56.82
79,47.01,51.66,62.2,91.22,30.81,58.31,45.31,65.92,70.23,21.95,11.05,71.06,48.09,48.84,80.53,24.84,28.0,37.48,80.78,48.1,53.76,23.77,34.13,64.5,73.35,20.59,54.78,57.08,19.42,22.85,38.47,18.87,60.64,84.85,49.48,77.79,50.01,86.21,34.13,25.24,74.46,33.96,75.29,24.41,58.25,25.55,23.32,64.5,17.72,71.4,29.07,13.34,65.73,23.02,25.46,52.55,60.21,19.24,74.53,68.41,17.49,70.01,6.4,42.72,48.08,63.66,52.04,43.42,91.83,93.61,15.0,39.56,69.64,28.18,53.91,58.25,31.24,38.28,56.82,0.0
