vehicles
vehicle_idx, capacity, cost_per_unit_distance
1,100,3
2,100,3
3,100,3
4,100,3
5,100,3
6,100,3
7,100,3
8,100,3
9,100,3
depot
node_idx,x,y
0,91,93
home delivery customers
node_idx,x,y,service_time,demand
1,33,11,10,14
2,69,79,10,7
3,11,73,10,20
4,59,45,10,7
5,99,81,10,18
6,71,47,10,20
7,87,1,10,11
8,79,67,10,10
9,81,93,10,1
10,5,83,10,6
11,71,35,10,24
12,37,97,10,14
13,83,13,10,15
14,31,83,10,15
15,19,63,10,23
16,17,25,10,26
17,89,7,10,15
18,23,39,10,7
19,35,11,10,2
20,21,59,10,15
21,1,75,10,20
22,45,13,10,8
self pickup customers
node_idx,x,y,service_time,demand,locker_idxs
23,27,91,10,18,72-66
24,21,47,10,22,64
25,59,25,10,9,71-69-73-65
26,21,35,10,19,64
27,67,21,10,21,73-69-67
28,27,1,10,20,64
29,41,25,10,19,67
30,83,97,10,22,63
31,29,93,10,14,66
32,65,17,10,6,71-69-73-65-67
33,45,27,10,15,73
34,19,41,10,23,64
35,23,21,10,22,64
36,11,93,10,20,66
37,71,13,10,21,71-69
38,63,13,10,12,71-69-65
39,49,21,10,4,67
40,41,97,10,23,68-72-66
41,77,73,10,24,68-63
42,41,55,10,19,70-72-66-63
flexible customers
node_idx,x,y,service_time,demand,locker_idxs
43,7,5,10,4,64
44,19,99,10,5,63
45,53,83,10,2,68-72-66-63
46,59,65,10,5,68-72-70-66
47,59,89,10,15,68-66-72-63
48,95,23,10,15,71
49,73,25,10,14,69-65-71
50,3,65,10,22,64
51,59,83,10,21,68-72-70-63
52,19,21,10,2,73-67-64
53,97,67,10,21,63
54,59,23,10,14,73-67-65-71-69
55,83,61,10,26,63
56,17,11,10,3,73-64
57,21,69,10,2,66
58,83,31,10,10,71-65
59,85,15,10,4,69-71
60,57,1,10,17,67-73-65-69
61,83,11,10,2,71-69
62,45,71,10,18,70-68-72-66
lockers
node_idx,x,y,service_time,capacity,cost_per_unit_good
63,65,88,10,86
64,25,15,10,97
65,56,28,10,93
66,42,78,10,94
67,45,24,10,78
68,59,81,10,91
69,58,11,10,79
70,54,67,10,89
71,74,25,10,82
72,49,78,10,76
73,42,11,10,79
mrt lines
start_node_idx,end_node_idx,freight_capacity,cost_per_unit_good
distance matrix
,0,1,2,3,4,5,6,7,8,9,10,11,12,13,14,15,16,17,18,19,20,21,22,23,24,25,26,27,28,29,30,31,32,33,34,35,36,37,38,39,40,41,42,43,44,45,46,47,48,49,50,51,52,53,54,55,56,57,58,59,60,61,62,63,64,65,66,67,68,69,70,71,72,73,
0,0.0,100.44,26.08,82.46,57.69,14.42,50.16,92.09,28.64,10.0,86.58,61.35,54.15,80.4,60.83,78.0,100.5,86.02,86.83,99.3,77.82,91.78,92.28,64.03,83.76,75.15,90.91,75.89,112.07,84.4,8.94,62.0,80.32,80.45,88.81,99.04,80.0,82.46,84.76,83.35,50.16,24.41,62.8,121.66,72.25,39.29,42.52,32.25,70.11,70.34,92.35,33.53,101.82,26.68,76.97,32.98,110.45,74.0,62.51,78.23,98.08,82.39,50.99,26.48,102.18,73.82,51.24,82.93,34.18,88.39,45.22,70.09,44.6,95.52
1,100.44,0.0,76.94,65.79,42.8,96.21,52.35,54.92,72.47,95.02,77.25,44.94,86.09,50.04,72.03,53.85,21.26,56.14,29.73,2.0,49.48,71.55,12.17,80.22,37.95,29.53,26.83,35.44,11.66,16.12,99.48,82.1,32.56,20.0,33.11,14.14,84.9,38.05,30.07,18.87,86.37,76.03,44.72,26.68,89.11,74.73,59.93,82.22,63.15,42.38,61.77,76.55,17.2,85.04,28.64,70.71,16.0,59.23,53.85,52.15,26.0,50.0,61.19,83.38,8.94,28.6,67.6,17.69,74.67,25.0,59.81,43.32,68.88,9.0
2,26.08,76.94,0.0,58.31,35.44,30.07,32.06,80.05,15.62,18.44,64.12,44.05,36.72,67.47,38.21,52.5,74.97,74.73,60.96,76.03,52.0,68.12,70.23,43.68,57.69,54.92,65.12,58.03,88.59,60.83,22.8,42.38,62.13,57.27,62.8,74.03,59.67,66.03,66.27,61.35,33.29,10.0,36.88,96.54,53.85,16.49,17.2,14.14,61.74,54.15,67.47,10.77,76.58,30.46,56.89,22.8,85.6,49.03,50.0,65.97,78.92,69.43,25.3,9.85,77.67,52.63,27.02,60.01,10.2,68.88,19.21,54.23,20.02,73.16
3,82.46,65.79,58.31,0.0,55.57,88.36,65.39,104.69,68.26,72.8,11.66,71.02,35.38,93.72,22.36,12.81,48.37,102.18,36.06,66.48,17.2,10.2,68.96,24.08,27.86,67.88,39.29,76.42,73.76,56.6,75.89,26.91,77.79,57.2,32.98,53.37,20.0,84.85,79.4,64.4,38.42,66.0,34.99,68.12,27.2,43.17,48.66,50.6,97.75,78.41,11.31,49.03,52.61,86.21,69.31,72.99,62.29,10.77,83.35,94.02,85.44,95.02,34.06,56.04,59.67,63.64,31.4,59.64,48.66,77.8,43.42,79.2,38.33,69.32
4,57.69,42.8,35.44,55.57,0.0,53.81,12.17,52.15,29.73,52.8,66.03,15.62,56.46,40.0,47.2,43.86,46.52,48.41,36.5,41.62,40.5,65.3,34.93,56.04,38.05,20.0,39.29,25.3,54.41,26.91,57.27,56.6,28.64,22.8,40.2,43.27,67.88,34.18,32.25,26.0,55.03,33.29,20.59,65.6,67.2,38.47,20.0,44.0,42.19,24.41,59.46,38.0,46.65,43.91,22.0,28.84,54.04,44.94,27.78,39.7,44.05,41.62,29.53,43.42,45.34,17.26,37.12,25.24,36.0,34.01,22.56,25.0,34.48,38.01
5,14.42,96.21,30.07,88.36,53.81,0.0,44.05,80.89,24.41,21.63,94.02,53.85,64.03,69.86,68.03,82.0,99.3,74.67,86.83,94.85,81.04,98.18,86.83,72.69,85.09,68.82,90.55,68.0,107.63,80.62,22.63,71.02,72.47,76.37,89.44,96.83,88.81,73.54,76.94,78.1,60.17,23.41,63.56,119.33,82.0,46.04,43.08,40.79,58.14,61.74,97.32,40.05,100.0,14.14,70.46,25.61,107.81,78.92,52.5,67.47,90.35,71.81,54.92,34.71,99.16,68.25,57.08,78.52,40.0,81.12,47.13,61.33,50.09,90.27
6,50.16,52.35,32.06,65.39,12.17,44.05,0.0,48.7,21.54,47.07,75.18,12.0,60.46,36.06,53.81,54.41,58.31,43.86,48.66,50.91,51.42,75.39,42.8,62.23,50.0,25.06,51.42,26.31,63.66,37.2,51.42,62.29,30.59,32.8,52.35,54.59,75.6,34.0,34.93,34.06,58.31,26.68,31.05,76.55,73.54,40.25,21.63,43.68,33.94,22.09,70.34,37.95,58.14,32.8,26.83,18.44,64.9,54.63,20.0,34.93,48.08,37.95,35.38,41.44,56.04,24.21,42.45,34.71,36.06,38.28,26.25,22.2,38.01,46.23
7,92.09,54.92,80.05,104.69,52.15,80.89,48.7,0.0,66.48,92.2,115.97,37.58,108.24,12.65,99.3,92.02,74.0,6.32,74.43,52.95,87.86,113.45,43.68,108.17,80.45,36.88,74.24,28.28,60.0,51.88,96.08,108.76,27.2,49.4,78.89,67.05,119.33,20.0,26.83,42.94,106.45,72.69,70.94,80.1,119.28,88.77,69.86,92.35,23.41,27.78,105.6,86.65,70.88,66.75,35.61,60.13,70.71,94.76,30.27,14.14,30.0,10.77,81.63,89.74,63.56,41.11,89.19,47.89,84.76,30.68,73.79,27.29,85.87,46.1
8,28.64,72.47,15.62,68.26,29.73,24.41,21.54,66.48,0.0,26.08,75.71,32.98,51.61,54.15,50.6,60.13,74.89,60.83,62.61,71.22,58.55,78.41,63.81,57.27,61.35,46.52,66.24,47.54,84.02,56.64,30.27,56.36,51.92,52.5,65.39,72.47,72.8,54.59,56.32,54.92,48.41,6.32,39.85,95.02,68.0,30.53,20.1,29.73,46.82,42.43,76.03,25.61,75.6,18.0,48.33,7.21,83.55,58.03,36.22,52.35,69.57,56.14,34.23,25.24,74.97,45.28,38.6,54.82,24.41,59.81,25.0,42.3,31.95,67.12
9,10.0,95.02,18.44,72.8,52.8,21.63,47.07,92.2,26.08,0.0,76.66,58.86,44.18,80.02,50.99,68.88,93.38,86.37,79.25,94.02,68.96,82.0,87.73,54.04,75.6,71.47,83.45,73.35,106.68,78.89,4.47,52.0,77.67,75.18,80.92,92.46,70.0,80.62,82.0,78.79,40.2,20.4,55.17,114.98,62.29,29.73,35.61,22.36,71.39,68.47,82.87,24.17,95.02,30.53,73.38,32.06,104.02,64.62,62.03,78.1,95.08,82.02,42.19,16.76,96.02,69.64,41.79,77.83,25.06,85.16,37.48,68.36,35.34,90.8
10,86.58,77.25,64.12,11.66,66.03,94.02,75.18,115.97,75.71,76.66,0.0,81.61,34.93,104.8,26.0,24.41,59.23,113.28,47.54,78.0,28.84,8.94,80.62,23.41,39.4,79.25,50.6,87.68,84.9,68.26,79.25,26.0,89.2,68.82,44.27,64.56,11.66,96.21,90.91,76.03,38.63,72.69,45.61,78.03,21.26,48.0,56.92,54.33,108.17,89.38,18.11,54.0,63.56,93.38,80.72,81.04,72.99,21.26,93.74,105.0,97.1,106.15,41.76,60.21,70.88,75.01,37.34,71.28,54.04,89.4,51.55,90.14,44.28,80.95
11,61.35,44.94,44.05,71.02,15.62,53.85,12.0,37.58,32.98,58.86,81.61,0.0,70.71,25.06,62.48,59.06,54.92,33.29,48.17,43.27,55.46,80.62,34.06,71.22,51.42,15.62,50.0,14.56,55.61,31.62,63.15,71.61,18.97,27.2,52.35,50.0,83.45,22.0,23.41,26.08,68.88,38.47,36.06,70.68,82.46,51.26,32.31,55.32,26.83,10.2,74.32,49.48,53.85,41.23,16.97,28.64,59.09,60.46,12.65,24.41,36.77,26.83,44.41,53.34,50.16,16.55,51.87,28.23,47.54,27.29,36.24,10.44,48.3,37.64
12,54.15,86.09,36.72,35.38,56.46,64.03,60.46,108.24,51.61,44.18,34.93,70.71,0.0,95.77,15.23,38.47,74.73,103.94,59.67,86.02,41.23,42.19,84.38,11.66,52.5,75.29,64.03,81.71,96.52,72.11,46.0,8.94,84.76,70.46,58.82,77.28,26.31,90.62,87.93,76.94,4.0,46.65,42.19,96.77,18.11,21.26,38.83,23.41,94.02,80.5,46.69,26.08,78.1,67.08,77.2,58.41,88.29,32.25,80.45,95.02,98.06,97.53,27.2,29.41,82.87,71.57,19.65,73.44,27.2,88.53,34.48,80.95,22.47,86.15
13,80.4,50.04,67.47,93.72,40.0,69.86,36.06,12.65,54.15,80.02,104.8,25.06,95.77,0.0,87.2,81.22,67.08,8.49,65.39,48.04,77.2,102.8,38.0,96.02,70.71,26.83,65.79,17.89,57.27,43.68,84.0,96.52,18.44,40.5,69.86,60.53,107.63,12.0,20.0,34.93,93.91,60.3,59.4,76.42,107.2,76.16,57.27,79.7,15.62,15.62,95.41,74.0,64.5,55.79,26.0,48.0,66.03,83.55,18.0,2.83,28.64,2.0,69.34,77.13,58.03,30.89,76.85,39.56,72.11,25.08,61.29,15.0,73.36,41.05
14,60.83,72.03,38.21,22.36,47.2,68.03,53.81,99.3,50.6,50.99,26.0,62.48,15.23,87.2,0.0,23.32,59.67,95.6,44.72,72.11,26.0,31.05,71.39,8.94,37.36,64.4,49.03,71.69,82.1,58.86,53.85,10.2,74.24,57.72,43.68,62.51,22.36,80.62,76.97,64.56,17.2,47.07,29.73,81.61,20.0,22.0,33.29,28.64,87.73,71.61,33.29,28.0,63.15,67.91,66.21,56.46,73.35,17.2,73.54,86.83,86.02,88.81,18.44,34.37,68.26,60.42,12.08,60.64,28.07,76.9,28.02,72.2,18.68,72.84
15,78.0,53.85,52.5,12.81,43.86,82.0,54.41,92.02,60.13,68.88,24.41,59.06,38.47,81.22,23.32,0.0,38.05,89.64,24.33,54.41,4.47,21.63,56.36,29.12,16.12,55.17,28.07,63.78,62.51,43.91,72.47,31.62,65.05,44.41,22.0,42.19,31.05,72.14,66.6,51.61,40.5,58.86,23.41,59.23,36.0,39.45,40.05,47.71,85.88,66.03,16.12,44.72,42.0,78.1,56.57,64.03,52.04,6.32,71.55,81.61,72.72,82.46,27.2,52.35,48.37,50.93,27.46,46.87,43.86,65.0,35.23,66.85,33.54,56.86
16,100.5,21.26,74.97,48.37,46.52,99.3,58.31,74.0,74.89,93.38,59.23,54.92,74.73,67.08,59.67,38.05,0.0,74.22,15.23,22.8,34.23,52.5,30.46,66.75,22.36,42.0,10.77,50.16,26.0,24.0,97.67,69.05,48.66,28.07,16.12,7.21,68.26,55.32,47.54,32.25,75.89,76.84,38.42,22.36,74.03,68.26,58.0,76.55,78.03,56.0,42.38,71.61,4.47,90.35,42.05,75.18,14.0,44.18,66.27,68.73,46.65,67.47,53.85,79.2,12.81,39.12,58.6,28.02,70.0,43.32,55.97,57.0,61.91,28.65
17,86.02,56.14,74.73,102.18,48.41,74.67,43.86,6.32,60.83,86.37,113.28,33.29,103.94,8.49,95.6,89.64,74.22,0.0,73.35,54.15,85.6,111.21,44.41,104.4,78.89,34.99,73.54,26.08,62.29,51.26,90.2,104.86,26.0,48.33,77.82,67.47,116.1,18.97,26.68,42.38,102.0,67.08,67.88,82.02,115.6,84.1,65.3,87.32,17.09,24.08,103.73,81.71,71.39,60.53,34.0,54.33,72.11,92.02,24.74,8.94,32.56,7.21,77.67,84.48,64.5,39.12,85.15,47.17,79.85,31.26,69.46,23.43,81.49,47.17
18,86.83,29.73,60.96,36.06,36.5,86.83,48.66,74.43,62.61,79.25,47.54,48.17,59.67,65.39,44.72,24.33,15.23,73.35,0.0,30.46,20.1,42.19,34.06,52.15,8.25,38.63,4.47,47.54,38.21,22.8,83.45,54.33,47.41,25.06,4.47,18.0,55.32,54.59,47.71,31.62,60.73,63.81,24.08,37.58,60.13,53.25,44.41,61.61,73.76,51.92,32.8,56.85,18.44,79.12,39.4,63.91,28.64,30.07,60.53,66.48,50.99,66.21,38.83,64.54,24.08,34.79,43.38,26.63,55.32,44.82,41.77,52.89,46.87,33.84
19,99.3,2.0,76.03,66.48,41.62,94.85,50.91,52.95,71.22,94.02,78.0,43.27,86.02,48.04,72.11,54.41,22.8,54.15,30.46,0.0,50.0,72.47,10.2,80.4,38.63,27.78,27.78,33.53,12.81,15.23,98.49,82.22,30.59,18.87,34.0,15.62,85.44,36.06,28.07,17.2,86.21,74.89,44.41,28.64,89.44,74.22,59.09,81.61,61.19,40.5,62.77,75.89,18.87,83.55,26.83,69.31,18.0,59.67,52.0,50.16,24.17,48.0,60.83,82.64,10.77,27.02,67.36,16.4,74.0,23.0,59.14,41.44,68.45,7.0
20,77.82,49.48,52.0,17.2,40.5,81.04,51.42,87.86,58.55,68.96,28.84,55.46,41.23,77.2,26.0,4.47,34.23,85.6,20.1,50.0,0.0,25.61,51.88,32.56,12.0,50.99,24.0,59.67,58.31,39.45,72.72,34.93,60.83,40.0,18.11,38.05,35.44,67.94,62.29,47.2,42.94,57.72,20.4,55.79,40.05,40.0,38.47,48.41,82.29,62.13,18.97,44.94,38.05,76.42,52.35,62.03,48.17,10.0,68.03,77.67,68.26,78.41,26.83,52.7,44.18,46.75,28.32,42.44,43.91,60.61,33.96,62.97,33.84,52.39
21,91.78,71.55,68.12,10.2,65.3,98.18,75.39,113.45,78.41,82.0,8.94,80.62,42.19,102.8,31.05,21.63,52.5,111.21,42.19,72.47,25.61,0.0,76.03,30.53,34.41,76.58,44.72,85.28,78.43,64.03,84.9,33.29,86.37,65.12,38.47,58.31,20.59,93.51,87.68,72.25,45.65,76.03,44.72,70.26,30.0,52.61,58.86,59.67,107.42,87.66,10.2,58.55,56.92,96.33,77.9,83.19,65.97,20.88,93.06,103.23,92.8,104.02,44.18,65.31,64.62,72.35,41.11,67.36,58.31,85.7,53.6,88.48,48.09,76.01
22,92.28,12.17,70.23,68.96,34.93,86.83,42.8,43.68,63.81,87.73,80.62,34.06,84.38,38.0,71.39,56.36,30.46,44.41,34.06,10.2,51.88,76.03,0.0,80.05,41.62,18.44,32.56,23.41,21.63,12.65,92.2,81.58,20.4,14.0,38.21,23.41,86.93,26.0,18.0,8.94,84.1,68.0,42.19,38.83,89.84,70.46,53.85,77.28,50.99,30.46,66.84,71.39,27.2,74.97,17.2,61.22,28.07,60.93,42.05,40.05,16.97,38.05,58.0,77.62,20.1,18.6,65.07,11.0,69.43,13.15,54.74,31.38,65.12,3.61
23,64.03,80.22,43.68,24.08,56.04,72.69,62.23,108.17,57.27,54.04,23.41,71.22,11.66,96.02,8.94,29.12,66.75,104.4,52.15,80.4,32.56,30.53,80.05,0.0,44.41,73.35,56.32,80.62,90.0,67.47,56.32,2.83,83.19,66.48,50.64,70.11,16.12,89.55,85.91,73.38,15.23,53.14,38.63,88.29,11.31,27.2,41.23,32.06,96.17,80.45,35.38,32.98,70.46,74.0,75.15,63.53,80.62,22.8,82.07,95.6,94.87,97.65,26.91,38.12,76.03,69.35,19.85,69.38,33.53,85.8,36.12,81.02,25.55,81.39
24,83.76,37.95,57.69,27.86,38.05,85.09,50.0,80.45,61.35,75.6,39.4,51.42,52.5,70.71,37.36,16.12,22.36,78.89,8.25,38.63,12.0,34.41,41.62,44.41,0.0,43.91,12.0,52.84,46.39,29.73,79.65,46.69,53.25,31.24,6.32,26.08,47.07,60.46,54.04,38.21,53.85,61.74,21.54,44.27,52.04,48.17,42.05,56.64,77.79,56.46,25.46,52.35,26.08,78.59,44.94,63.56,36.22,22.0,64.03,71.55,58.41,71.69,33.94,60.14,32.25,39.82,37.44,33.24,50.99,51.62,38.59,57.38,41.77,41.68
25,75.15,29.53,54.92,67.88,20.0,68.82,25.06,36.88,46.52,71.47,79.25,15.62,75.29,26.83,64.4,55.17,42.0,34.99,38.63,27.78,50.99,76.58,18.44,73.35,43.91,0.0,39.29,8.94,40.0,18.0,75.89,74.32,10.0,14.14,43.08,36.22,83.23,16.97,12.65,10.77,74.22,51.26,34.99,55.71,84.12,58.31,40.0,64.0,36.06,14.0,68.82,58.0,40.2,56.64,2.0,43.27,44.27,58.14,24.74,27.86,24.08,27.78,48.08,63.29,35.44,4.24,55.66,14.04,56.0,14.04,42.3,15.0,53.94,22.02
26,90.91,26.83,65.12,39.29,39.29,90.55,51.42,74.24,66.24,83.45,50.6,50.0,64.03,65.79,49.03,28.07,10.77,73.54,4.47,27.78,24.0,44.72,32.56,56.32,12.0,39.29,0.0,48.08,34.53,22.36,87.68,58.55,47.54,25.3,6.32,14.14,58.86,54.63,47.41,31.3,65.15,67.68,28.28,33.11,64.03,57.69,48.41,66.03,74.97,52.95,34.99,61.22,14.14,82.46,39.85,67.23,24.33,34.0,62.13,67.05,49.52,66.48,43.27,68.88,20.4,35.69,47.85,26.4,59.67,44.1,45.97,53.94,51.31,31.89
27,75.89,35.44,58.03,76.42,25.3,68.0,26.31,28.28,47.54,73.35,87.68,14.56,81.71,17.89,71.69,63.78,50.16,26.08,47.54,33.53,59.67,85.28,23.41,80.62,52.84,8.94,48.08,0.0,44.72,26.31,77.67,81.41,4.47,22.8,52.0,44.0,91.21,8.94,8.94,18.0,80.32,52.95,42.8,62.1,91.59,63.56,44.72,68.47,28.07,7.21,77.67,62.51,48.0,54.92,8.25,43.08,50.99,66.48,18.87,18.97,22.36,18.87,54.63,67.03,42.43,13.04,62.24,22.2,60.53,13.45,47.8,8.06,59.77,26.93
28,112.07,11.66,88.59,73.76,54.41,107.63,63.66,60.0,84.02,106.68,84.9,55.61,96.52,57.27,82.1,62.51,26.0,62.29,38.21,12.81,58.31,78.43,21.63,90.0,46.39,40.0,34.53,44.72,0.0,27.78,111.14,92.02,41.23,31.62,40.79,20.4,93.38,45.61,37.95,29.73,97.02,87.66,55.79,20.4,98.33,86.02,71.55,93.64,71.47,51.88,68.35,88.02,21.54,96.21,38.83,82.07,14.14,68.26,63.53,59.67,30.0,56.89,72.28,94.94,14.14,39.62,78.45,29.21,86.16,32.57,71.31,52.77,80.08,18.03
29,84.4,16.12,60.83,56.6,26.91,80.62,37.2,51.88,56.64,78.89,68.26,31.62,72.11,43.68,58.86,43.91,24.0,51.26,22.8,15.23,39.45,64.03,12.65,67.47,29.73,18.0,22.36,26.31,27.78,0.0,83.35,69.05,25.3,4.47,27.2,18.44,74.32,32.31,25.06,8.94,72.0,60.0,30.0,39.45,77.2,59.23,43.86,66.48,54.04,32.0,55.17,60.73,22.36,70.0,18.11,55.32,27.78,48.33,42.43,45.12,28.84,44.27,46.17,67.42,18.87,15.3,53.01,4.12,58.82,22.02,43.97,33.0,53.6,14.04
30,8.94,99.48,22.8,75.89,57.27,22.63,51.42,96.08,30.27,4.47,79.25,63.15,46.0,84.0,53.85,72.47,97.67,90.2,83.45,98.49,72.72,84.9,92.2,56.32,79.65,75.89,87.68,77.67,111.14,83.35,0.0,54.15,82.0,79.65,85.04,96.83,72.11,84.85,86.35,83.26,42.0,24.74,59.4,119.33,64.03,33.11,40.0,25.3,74.97,72.69,86.16,27.78,99.36,33.11,77.79,36.0,108.41,68.03,66.0,82.02,99.46,86.0,46.04,20.12,100.44,74.09,45.19,82.3,28.84,89.56,41.73,72.56,38.95,95.27
31,62.0,82.1,42.38,26.91,56.6,71.02,62.29,108.76,56.36,52.0,26.0,71.61,8.94,96.52,10.2,31.62,69.05,104.86,54.33,82.22,34.93,33.29,81.58,2.83,46.69,74.32,58.55,81.41,92.02,69.05,54.15,0.0,84.1,67.91,52.95,72.25,18.0,90.35,86.93,74.73,12.65,52.0,39.85,90.71,11.66,26.0,41.04,30.27,96.21,80.99,38.21,31.62,72.69,72.8,76.16,62.77,82.87,25.3,82.22,96.02,96.17,98.18,27.2,36.35,78.1,70.38,19.85,70.83,32.31,86.98,36.07,81.54,25.0,83.02
32,80.32,32.56,62.13,77.79,28.64,72.47,30.59,27.2,51.92,77.67,89.2,18.97,84.76,18.44,74.24,65.05,48.66,26.0,47.41,30.59,60.83,86.37,20.4,83.19,53.25,10.0,47.54,4.47,41.23,25.3,82.0,84.1,0.0,22.36,51.88,42.19,93.23,7.21,4.47,16.49,83.52,57.27,44.94,59.23,94.02,67.08,48.37,72.25,30.59,11.31,78.41,66.27,46.17,59.36,8.49,47.54,48.37,68.12,22.8,20.1,17.89,18.97,57.58,71.0,40.05,14.21,65.19,21.19,64.28,9.22,51.2,12.04,63.06,23.77
33,80.45,20.0,57.27,57.2,22.8,76.37,32.8,49.4,52.5,75.18,68.82,27.2,70.46,40.5,57.72,44.41,28.07,48.33,25.06,18.87,40.0,65.12,14.0,66.48,31.24,14.14,25.3,22.8,31.62,4.47,79.65,67.91,22.36,0.0,29.53,22.8,74.24,29.53,22.8,7.21,70.11,56.04,28.28,43.91,76.55,56.57,40.5,63.56,50.16,28.07,56.64,57.72,26.68,65.6,14.56,50.99,32.25,48.37,38.21,41.76,28.64,41.23,44.0,64.2,23.32,11.05,51.09,3.0,55.79,20.62,41.0,29.07,51.16,16.28
34,88.81,33.11,62.8,32.98,40.2,89.44,52.35,78.89,65.39,80.92,44.27,52.35,58.82,69.86,43.68,22.0,16.12,77.82,4.47,34.0,18.11,38.47,38.21,50.64,6.32,43.08,6.32,52.0,40.79,27.2,85.04,52.95,51.88,29.53,0.0,20.4,52.61,59.06,52.15,36.06,60.17,66.24,26.08,37.95,58.0,54.04,46.65,62.48,78.1,56.32,28.84,58.0,20.0,82.22,43.86,67.05,30.07,28.07,64.78,70.94,55.17,70.68,39.7,65.76,26.68,39.22,43.57,31.06,56.57,49.2,43.6,57.28,47.63,37.8
35,99.04,14.14,74.03,53.37,43.27,96.83,54.59,67.05,72.47,92.46,64.56,50.0,77.28,60.53,62.51,42.19,7.21,67.47,18.0,15.62,38.05,58.31,23.41,70.11,26.08,36.22,14.14,44.0,20.4,18.44,96.83,72.25,42.19,22.8,20.4,0.0,72.99,48.66,40.79,26.0,78.1,74.97,38.47,22.63,78.1,68.88,56.85,76.94,72.03,50.16,48.33,71.69,4.0,87.13,36.06,72.11,11.66,48.04,60.83,62.29,39.45,60.83,54.63,79.08,6.32,33.73,60.08,22.2,69.97,36.4,55.47,51.16,62.65,21.47
36,80.0,84.9,59.67,20.0,67.88,88.81,75.6,119.33,72.8,70.0,11.66,83.45,26.31,107.63,22.36,31.05,68.26,116.1,55.32,85.44,35.44,20.59,86.93,16.12,47.07,83.23,58.86,91.21,93.38,74.32,72.11,18.0,93.23,74.24,52.61,72.99,0.0,100.0,95.41,81.41,30.27,68.96,48.41,88.09,10.0,43.17,55.57,48.17,109.34,92.02,29.12,49.03,72.44,89.84,84.88,78.79,82.22,26.0,95.02,107.52,102.86,109.12,40.5,54.23,79.25,79.06,34.44,76.92,49.48,94.51,50.25,92.7,40.85,87.66
37,82.46,38.05,66.03,84.85,34.18,73.54,34.0,20.0,54.59,80.62,96.21,22.0,90.62,12.0,80.62,72.14,55.32,18.97,54.59,36.06,67.94,93.51,26.0,89.55,60.46,16.97,54.63,8.94,45.61,32.31,84.85,90.35,7.21,29.53,59.06,48.66,100.0,0.0,8.0,23.41,89.2,60.3,51.61,64.5,100.5,72.28,53.37,76.94,26.0,12.17,85.6,71.02,52.61,59.93,15.62,49.48,54.04,75.07,21.63,14.14,18.44,12.17,63.56,75.24,46.04,21.21,71.18,28.23,69.05,13.15,56.61,12.37,68.62,29.07
38,84.76,30.07,66.27,79.4,32.25,76.94,34.93,26.83,56.32,82.0,90.91,23.41,87.93,20.0,76.97,66.6,47.54,26.68,47.71,28.07,62.29,87.68,18.0,85.91,54.04,12.65,47.41,8.94,37.95,25.06,86.35,86.93,4.47,22.8,52.15,40.79,95.41,8.0,0.0,16.12,86.83,61.61,47.41,56.57,96.6,70.71,52.15,76.11,33.53,15.62,79.4,70.11,44.72,63.81,10.77,52.0,46.04,70.0,26.91,22.09,13.42,20.1,60.73,75.03,38.05,16.55,68.31,21.1,68.12,5.39,54.74,16.28,66.49,21.1
39,83.35,18.87,61.35,64.4,26.0,78.1,34.06,42.94,54.92,78.79,76.03,26.08,76.94,34.93,64.56,51.61,32.25,42.38,31.62,17.2,47.2,72.25,8.94,73.38,38.21,10.77,31.3,18.0,29.73,8.94,83.26,74.73,16.49,7.21,36.06,26.0,81.41,23.41,16.12,0.0,76.42,59.06,34.93,44.94,83.57,62.13,45.12,68.73,46.04,24.33,63.66,62.8,30.0,66.48,10.2,52.5,33.53,55.57,35.44,36.5,21.54,35.44,50.16,68.88,24.74,9.9,57.43,5.0,60.83,13.45,46.27,25.32,57.0,12.21
40,50.16,86.37,33.29,38.42,55.03,60.17,58.31,106.45,48.41,40.2,38.63,68.88,4.0,93.91,17.2,40.5,75.89,102.0,60.73,86.21,42.94,45.65,84.1,15.23,53.85,74.22,65.15,80.32,97.02,72.0,42.0,12.65,83.52,70.11,60.17,78.1,30.27,89.2,86.83,76.42,0.0,43.27,42.0,98.08,22.09,18.44,36.72,19.7,91.61,78.79,49.68,22.8,79.12,63.53,76.16,55.32,89.29,34.41,78.23,93.06,97.32,95.71,26.31,25.63,83.55,70.61,19.03,73.11,24.08,87.66,32.7,79.2,20.62,86.01
41,24.41,76.03,10.0,66.0,33.29,23.41,26.68,72.69,6.32,20.4,72.69,38.47,46.65,60.3,47.07,58.86,76.84,67.08,63.81,74.89,57.72,76.03,68.0,53.14,61.74,51.26,67.68,52.95,87.66,60.0,24.74,52.0,57.27,56.04,66.24,74.97,68.96,60.3,61.61,59.06,43.27,0.0,40.25,97.59,63.56,26.0,19.7,24.08,53.14,48.17,74.43,20.59,77.9,20.88,53.14,13.42,86.28,56.14,42.43,58.55,74.73,62.29,32.06,19.21,77.9,49.66,35.36,58.52,19.7,64.85,23.77,48.09,28.44,71.2
42,62.8,44.72,36.88,34.99,20.59,63.56,31.05,70.94,39.85,55.17,45.61,36.06,42.19,59.4,29.73,23.41,38.42,67.88,24.08,44.41,20.4,44.72,42.19,38.63,21.54,34.99,28.28,42.8,55.79,30.0,59.4,39.85,44.94,28.28,26.08,38.47,48.41,51.61,47.41,34.93,42.0,40.25,0.0,60.46,49.19,30.46,20.59,38.47,62.77,43.86,39.29,33.29,40.5,57.27,36.72,42.43,50.12,24.41,48.37,59.46,56.32,60.83,16.49,40.8,43.08,30.89,23.02,31.26,31.62,47.17,17.69,44.6,24.35,44.01
43,121.66,26.68,96.54,68.12,65.6,119.33,76.55,80.1,95.02,114.98,78.03,70.68,96.77,76.42,81.61,59.23,22.36,82.02,37.58,28.64,55.79,70.26,38.83,88.29,44.27,55.71,33.11,62.1,20.4,39.45,119.33,90.71,59.23,43.91,37.95,22.63,88.09,64.5,56.57,44.94,98.08,97.59,60.46,0.0,94.76,90.55,79.4,98.79,89.82,68.96,60.13,93.74,20.0,109.29,55.03,94.4,11.66,65.51,80.32,78.64,50.16,76.24,76.16,101.26,20.59,54.13,80.96,42.49,92.09,51.35,77.8,69.92,84.22,35.51
44,72.25,89.11,53.85,27.2,67.2,82.0,73.54,119.28,68.0,62.29,21.26,82.46,18.11,107.2,20.0,36.0,74.03,115.6,60.13,89.44,40.05,30.0,89.84,11.31,52.04,84.12,64.03,91.59,98.33,77.2,64.03,11.66,94.02,76.55,58.0,78.1,10.0,100.5,96.6,83.57,22.09,63.56,49.19,94.76,0.0,37.58,52.5,41.23,107.48,91.61,37.58,43.08,78.0,84.31,85.88,74.43,88.02,30.07,93.38,106.83,105.11,108.81,38.21,47.3,84.21,80.06,31.14,79.38,43.86,96.25,47.42,92.2,36.62,90.96
45,39.29,74.73,16.49,43.17,38.47,46.04,40.25,88.77,30.53,29.73,48.0,51.26,21.26,76.16,22.0,39.45,68.26,84.1,53.25,74.22,40.0,52.61,70.46,27.2,48.17,58.31,57.69,63.56,86.02,59.23,33.11,26.0,67.08,56.57,54.04,68.88,43.17,72.28,70.71,62.13,18.44,26.0,30.46,90.55,37.58,0.0,18.97,8.49,73.24,61.35,53.14,6.0,70.71,46.82,60.3,37.2,80.5,34.93,60.03,75.15,82.1,78.0,14.42,13.0,73.54,55.08,12.08,59.54,6.32,72.17,16.03,61.68,6.4,72.84
46,42.52,59.93,17.2,48.66,20.0,43.08,21.63,69.86,20.1,35.61,56.92,32.31,38.83,57.27,33.29,40.05,58.0,65.3,44.41,59.09,38.47,58.86,53.85,41.23,42.05,40.0,48.41,44.72,71.55,43.86,40.0,41.04,48.37,40.5,46.65,56.85,55.57,53.37,52.15,45.12,36.72,19.7,20.59,79.4,52.5,18.97,0.0,24.0,55.32,42.38,56.0,18.0,59.46,38.05,42.0,24.33,68.41,38.21,41.62,56.36,64.03,59.09,15.23,23.77,60.46,37.12,21.4,43.32,16.0,54.01,5.39,42.72,16.4,56.61
47,32.25,82.22,14.14,50.6,44.0,40.79,43.68,92.35,29.73,22.36,54.33,55.32,23.41,79.7,28.64,47.71,76.55,87.32,61.61,81.61,48.41,59.67,77.28,32.06,56.64,64.0,66.03,68.47,93.64,66.48,25.3,30.27,72.25,63.56,62.48,76.94,48.17,76.94,76.11,68.73,19.7,24.08,38.47,98.79,41.23,8.49,24.0,0.0,75.18,65.51,60.93,6.0,78.89,43.91,66.0,36.88,88.59,42.94,62.77,78.43,88.02,81.61,22.8,6.08,81.44,61.07,20.25,66.49,8.0,78.01,22.56,65.73,14.87,79.83
48,70.11,63.15,61.74,97.75,42.19,58.14,33.94,23.41,46.82,71.39,108.17,26.83,94.02,15.62,87.73,85.88,78.03,17.09,73.76,61.19,82.29,107.42,50.99,96.17,77.79,36.06,74.97,28.07,71.47,54.04,74.97,96.21,30.59,50.16,78.1,72.03,109.34,26.0,33.53,46.04,91.61,53.14,62.77,89.82,107.48,73.24,55.32,75.18,0.0,22.09,101.13,69.97,76.03,44.05,36.0,39.85,78.92,87.13,14.42,12.81,43.91,16.97,69.31,71.59,70.46,39.32,76.38,50.01,68.26,38.9,60.14,21.1,71.7,54.34
49,70.34,42.38,54.15,78.41,24.41,61.74,22.09,27.78,42.43,68.47,89.38,10.2,80.5,15.62,71.61,66.03,56.0,24.08,51.92,40.5,62.13,87.66,30.46,80.45,56.46,14.0,52.95,7.21,51.88,32.0,72.69,80.99,11.31,28.07,56.32,50.16,92.02,12.17,15.62,24.33,78.79,48.17,43.86,68.96,91.61,61.35,42.38,65.51,22.09,0.0,80.62,59.67,54.15,48.37,14.14,37.36,57.72,68.12,11.66,15.62,28.84,17.2,53.85,63.51,49.03,17.26,61.4,28.02,57.72,20.52,46.1,1.0,58.18,34.01
50,92.35,61.77,67.47,11.31,59.46,97.32,70.34,105.6,76.03,82.87,18.11,74.32,46.69,95.41,33.29,16.12,42.38,103.73,32.8,62.77,18.97,10.2,66.84,35.38,25.46,68.82,34.99,77.67,68.35,55.17,86.16,38.21,78.41,56.64,28.84,48.33,29.12,85.6,79.4,63.66,49.68,74.43,39.29,60.13,37.58,53.14,56.0,60.93,101.13,80.62,0.0,58.82,46.82,94.02,70.0,80.1,55.79,18.44,86.93,96.04,83.74,96.52,42.43,66.13,54.63,64.64,41.11,58.69,58.24,77.08,51.04,81.49,47.8,66.61
51,33.53,76.55,10.77,49.03,38.0,40.05,37.95,86.65,25.61,24.17,54.0,49.48,26.08,74.0,28.0,44.72,71.61,81.71,56.85,75.89,44.94,58.55,71.39,32.98,52.35,58.0,61.22,62.51,88.02,60.73,27.78,31.62,66.27,57.72,58.0,71.69,49.03,71.02,70.11,62.8,22.8,20.59,33.29,93.74,43.08,6.0,18.0,6.0,69.97,59.67,58.82,0.0,73.78,41.23,60.0,32.56,83.35,40.5,57.27,72.8,82.02,75.89,18.44,7.81,76.03,55.08,17.72,60.64,2.0,72.01,16.76,59.91,11.18,73.98
52,101.82,17.2,76.58,52.61,46.65,100.0,58.14,70.88,75.6,95.02,63.56,53.85,78.1,64.5,63.15,42.0,4.47,71.39,18.44,18.87,38.05,56.92,27.2,70.46,26.08,40.2,14.14,48.0,21.54,22.36,99.36,72.69,46.17,26.68,20.0,4.0,72.44,52.61,44.72,30.0,79.12,77.9,40.5,20.0,78.0,70.71,59.46,78.89,76.03,54.15,46.82,73.78,0.0,90.55,40.05,75.47,10.2,48.04,64.78,66.27,42.94,64.78,56.36,81.27,8.49,37.66,61.47,26.17,72.11,40.26,57.8,55.15,64.41,25.08
53,26.68,85.04,30.46,86.21,43.91,14.14,32.8,66.75,18.0,30.53,93.38,41.23,67.08,55.79,67.91,78.1,90.35,60.53,79.12,83.55,76.42,96.33,74.97,74.0,78.59,56.64,82.46,54.92,96.21,70.0,33.11,72.8,59.36,65.6,82.22,87.13,89.84,59.93,63.81,66.48,63.53,20.88,57.27,109.29,84.31,46.82,38.05,43.91,44.05,48.37,94.02,41.23,90.55,0.0,58.14,15.23,97.65,76.03,38.63,53.37,77.18,57.72,52.15,38.28,88.81,56.59,56.09,67.48,40.5,68.24,43.0,47.89,49.24,78.49
54,76.97,28.64,56.89,69.31,22.0,70.46,26.83,35.61,48.33,73.38,80.72,16.97,77.2,26.0,66.21,56.57,42.05,34.0,39.4,26.83,52.35,77.9,17.2,75.15,44.94,2.0,39.85,8.25,38.83,18.11,77.79,76.16,8.49,14.56,43.86,36.06,84.88,15.62,10.77,10.2,76.16,53.14,36.72,55.03,85.88,60.3,42.0,66.0,36.0,14.14,70.0,60.0,40.05,58.14,0.0,44.94,43.68,59.67,25.3,27.2,22.09,26.83,50.0,65.28,34.93,5.83,57.57,14.04,58.0,12.04,44.28,15.13,55.9,20.81
55,32.98,70.71,22.8,72.99,28.84,25.61,18.44,60.13,7.21,32.06,81.04,28.64,58.41,48.0,56.46,64.03,75.18,54.33,63.91,69.31,62.03,83.19,61.22,63.53,63.56,43.27,67.23,43.08,82.07,55.32,36.0,62.77,47.54,50.99,67.05,72.11,78.79,49.48,52.0,52.5,55.32,13.42,42.43,94.4,74.43,37.2,24.33,36.88,39.85,37.36,80.1,32.56,75.47,15.23,44.94,0.0,82.8,62.51,30.0,46.04,65.39,50.0,39.29,32.45,74.03,42.64,44.38,53.04,31.24,55.9,29.61,37.11,38.01,64.66
56,110.45,16.0,85.6,62.29,54.04,107.81,64.9,70.71,83.55,104.02,72.99,59.09,88.29,66.03,73.35,52.04,14.0,72.11,28.64,18.0,48.17,65.97,28.07,80.62,36.22,44.27,24.33,50.99,14.14,27.78,108.41,82.87,48.37,32.25,30.07,11.66,82.22,54.04,46.04,33.53,89.29,86.28,50.12,11.66,88.02,80.5,68.41,88.59,78.92,57.72,55.79,83.35,10.2,97.65,43.68,82.8,0.0,58.14,68.96,68.12,41.23,66.0,66.21,90.74,8.94,42.54,71.51,30.87,81.63,41.0,67.12,58.69,74.25,25.0
57,74.0,59.23,49.03,10.77,44.94,78.92,54.63,94.76,58.03,64.62,21.26,60.46,32.25,83.55,17.2,6.32,44.18,92.02,30.07,59.67,10.0,20.88,60.93,22.8,22.0,58.14,34.0,66.48,68.26,48.33,68.03,25.3,68.12,48.37,28.07,48.04,26.0,75.07,70.0,55.57,34.41,56.14,24.41,65.51,30.07,34.93,38.21,42.94,87.13,68.12,18.44,40.5,48.04,76.03,59.67,62.51,58.14,0.0,72.72,83.74,76.94,84.9,24.08,47.93,54.15,53.91,22.85,51.0,39.85,68.8,33.06,68.88,29.41,61.68
58,62.51,53.85,50.0,83.35,27.78,52.5,20.0,30.27,36.22,62.03,93.74,12.65,80.45,18.0,73.54,71.55,66.27,24.74,60.53,52.0,68.03,93.06,42.05,82.07,64.03,24.74,62.13,18.87,63.53,42.43,66.0,82.22,22.8,38.21,64.78,60.83,95.02,21.63,26.91,35.44,78.23,42.43,48.37,80.32,93.38,60.03,41.62,62.77,14.42,11.66,86.93,57.27,64.78,38.63,25.3,30.0,68.96,72.72,0.0,16.12,39.7,20.0,55.17,59.77,60.17,27.17,62.37,38.64,55.46,32.02,46.23,10.82,58.01,45.62
59,78.23,52.15,65.97,94.02,39.7,67.47,34.93,14.14,52.35,78.1,105.0,24.41,95.02,2.83,86.83,81.61,68.73,8.94,66.48,50.16,77.67,103.23,40.05,95.6,71.55,27.86,67.05,18.97,59.67,45.12,82.02,96.02,20.1,41.76,70.94,62.29,107.52,14.14,22.09,36.5,93.06,58.55,59.46,78.64,106.83,75.15,56.36,78.43,12.81,15.62,96.04,72.8,66.27,53.37,27.2,46.04,68.12,83.74,16.12,0.0,31.3,4.47,68.82,75.69,60.0,31.78,76.28,41.0,70.94,27.29,60.54,14.87,72.56,43.19
60,98.08,26.0,78.92,85.44,44.05,90.35,48.08,30.0,69.57,95.08,97.1,36.77,98.06,28.64,86.02,72.72,46.65,32.56,50.99,24.17,68.26,92.8,16.97,94.87,58.41,24.08,49.52,22.36,30.0,28.84,99.46,96.17,17.89,28.64,55.17,39.45,102.86,18.44,13.42,21.54,97.32,74.73,56.32,50.16,105.11,82.1,64.03,88.02,43.91,28.84,83.74,82.02,42.94,77.18,22.09,65.39,41.23,76.94,39.7,31.3,0.0,27.86,71.02,87.37,34.93,27.02,78.45,25.94,80.02,10.05,66.07,29.41,77.41,18.03
61,82.39,50.0,69.43,95.02,41.62,71.81,37.95,10.77,56.14,82.02,106.15,26.83,97.53,2.0,88.81,82.46,67.47,7.21,66.21,48.0,78.41,104.02,38.05,97.65,71.69,27.78,66.48,18.87,56.89,44.27,86.0,98.18,18.97,41.23,70.68,60.83,109.12,12.17,20.1,35.44,95.71,62.29,60.83,76.24,108.81,78.0,59.09,81.61,16.97,17.2,96.52,75.89,64.78,57.72,26.83,50.0,66.0,84.9,20.0,4.47,27.86,0.0,71.02,79.08,58.14,31.91,78.55,40.16,74.0,25.0,63.06,16.64,75.13,41.0
62,50.99,61.19,25.3,34.06,29.53,54.92,35.38,81.63,34.23,42.19,41.76,44.41,27.2,69.34,18.44,27.2,53.85,77.67,38.83,60.83,26.83,44.18,58.0,26.91,33.94,48.08,43.27,54.63,72.28,46.17,46.04,27.2,57.58,44.0,39.7,54.63,40.5,63.56,60.73,50.16,26.31,32.06,16.49,76.16,38.21,14.42,15.23,22.8,69.31,53.85,42.43,18.44,56.36,52.15,50.0,39.29,66.21,24.08,55.17,68.82,71.02,71.02,0.0,26.25,59.46,44.38,7.62,47.0,17.2,61.39,9.85,54.38,8.06,60.07
63,26.48,83.38,9.85,56.04,43.42,34.71,41.44,89.74,25.24,16.76,60.21,53.34,29.41,77.13,34.37,52.35,79.2,84.48,64.54,82.64,52.7,65.31,77.62,38.12,60.14,63.29,68.88,67.03,94.94,67.42,20.12,36.35,71.0,64.2,65.76,79.08,54.23,75.24,75.03,68.88,25.63,19.21,40.8,101.26,47.3,13.0,23.77,6.08,71.59,63.51,66.13,7.81,81.27,38.28,65.28,32.45,90.74,47.93,59.77,75.69,87.37,79.08,26.25,0.0,83.24,60.67,25.08,67.05,9.22,77.32,23.71,63.64,18.87,80.36
64,102.18,8.94,77.67,59.67,45.34,99.16,56.04,63.56,74.97,96.02,70.88,50.16,82.87,58.03,68.26,48.37,12.81,64.5,24.08,10.77,44.18,64.62,20.1,76.03,32.25,35.44,20.4,42.43,14.14,18.87,100.44,78.1,40.05,23.32,26.68,6.32,79.25,46.04,38.05,24.74,83.55,77.9,43.08,20.59,84.21,73.54,60.46,81.44,70.46,49.03,54.63,76.03,8.49,88.81,34.93,74.03,8.94,54.15,60.17,60.0,34.93,58.14,59.46,83.24,0.0,33.62,65.25,21.93,74.24,33.24,59.54,50.01,67.42,17.46
65,73.82,28.6,52.63,63.64,17.26,68.25,24.21,41.11,45.28,69.64,75.01,16.55,71.57,30.89,60.42,50.93,39.12,39.12,34.79,27.02,46.75,72.35,18.6,69.35,39.82,4.24,35.69,13.04,39.62,15.3,74.09,70.38,14.21,11.05,39.22,33.73,79.06,21.21,16.55,9.9,70.61,49.66,30.89,54.13,80.06,55.08,37.12,61.07,39.32,17.26,64.64,55.08,37.66,56.59,5.83,42.64,42.54,53.91,27.17,31.78,27.02,31.91,44.38,60.67,33.62,0.0,51.92,11.7,53.08,17.12,39.05,18.25,50.49,22.02
66,51.24,67.6,27.02,31.4,37.12,57.08,42.45,89.19,38.6,41.79,37.34,51.87,19.65,76.85,12.08,27.46,58.6,85.15,43.38,67.36,28.32,41.11,65.07,19.85,37.44,55.66,47.85,62.24,78.45,53.01,45.19,19.85,65.19,51.09,43.57,60.08,34.44,71.18,68.31,57.43,19.03,35.36,23.02,80.96,31.14,12.08,21.4,20.25,76.38,61.4,41.11,17.72,61.47,56.09,57.57,44.38,71.51,22.85,62.37,76.28,78.45,78.55,7.62,25.08,65.25,51.92,0.0,54.08,17.26,68.88,16.28,61.91,7.0,67.0
67,82.93,17.69,60.01,59.64,25.24,78.52,34.71,47.89,54.82,77.83,71.28,28.23,73.44,39.56,60.64,46.87,28.02,47.17,26.63,16.4,42.44,67.36,11.0,69.38,33.24,14.04,26.4,22.2,29.21,4.12,82.3,70.83,21.19,3.0,31.06,22.2,76.92,28.23,21.1,5.0,73.11,58.52,31.26,42.49,79.38,59.54,43.32,66.49,50.01,28.02,58.69,60.64,26.17,67.48,14.04,53.04,30.87,51.0,38.64,41.0,25.94,40.16,47.0,67.05,21.93,11.7,54.08,0.0,58.69,18.38,43.93,29.02,54.15,13.34
68,34.18,74.67,10.2,48.66,36.0,40.0,36.06,84.76,24.41,25.06,54.04,47.54,27.2,72.11,28.07,43.86,70.0,79.85,55.32,74.0,43.91,58.31,69.43,33.53,50.99,56.0,59.67,60.53,86.16,58.82,28.84,32.31,64.28,55.79,56.57,69.97,49.48,69.05,68.12,60.83,24.08,19.7,31.62,92.09,43.86,6.32,16.0,8.0,68.26,57.72,58.24,2.0,72.11,40.5,58.0,31.24,81.63,39.85,55.46,70.94,80.02,74.0,17.2,9.22,74.24,53.08,17.26,58.69,0.0,70.01,14.87,57.97,10.44,72.03
69,88.39,25.0,68.88,77.8,34.01,81.12,38.28,30.68,59.81,85.16,89.4,27.29,88.53,25.08,76.9,65.0,43.32,31.26,44.82,23.0,60.61,85.7,13.15,85.8,51.62,14.04,44.1,13.45,32.57,22.02,89.56,86.98,9.22,20.62,49.2,36.4,94.51,13.15,5.39,13.45,87.66,64.85,47.17,51.35,96.25,72.17,54.01,78.01,38.9,20.52,77.08,72.01,40.26,68.24,12.04,55.9,41.0,68.8,32.02,27.29,10.05,25.0,61.39,77.32,33.24,17.12,68.88,18.38,70.01,0.0,56.14,21.26,67.6,16.0
70,45.22,59.81,19.21,43.42,22.56,47.13,26.25,73.79,25.0,37.48,51.55,36.24,34.48,61.29,28.02,35.23,55.97,69.46,41.77,59.14,33.96,53.6,54.74,36.12,38.59,42.3,45.97,47.8,71.31,43.97,41.73,36.07,51.2,41.0,43.6,55.47,50.25,56.61,54.74,46.27,32.7,23.77,17.69,77.8,47.42,16.03,5.39,22.56,60.14,46.1,51.04,16.76,57.8,43.0,44.28,29.61,67.12,33.06,46.23,60.54,66.07,63.06,9.85,23.71,59.54,39.05,16.28,43.93,14.87,56.14,0.0,46.52,12.08,57.27
71,70.09,43.32,54.23,79.2,25.0,61.33,22.2,27.29,42.3,68.36,90.14,10.44,80.95,15.0,72.2,66.85,57.0,23.43,52.89,41.44,62.97,88.48,31.38,81.02,57.38,15.0,53.94,8.06,52.77,33.0,72.56,81.54,12.04,29.07,57.28,51.16,92.7,12.37,16.28,25.32,79.2,48.09,44.6,69.92,92.2,61.68,42.72,65.73,21.1,1.0,81.49,59.91,55.15,47.89,15.13,37.11,58.69,68.88,10.82,14.87,29.41,16.64,54.38,63.64,50.01,18.25,61.91,29.02,57.97,21.26,46.52,0.0,58.6,34.93
72,44.6,68.88,20.02,38.33,34.48,50.09,38.01,85.87,31.95,35.34,44.28,48.3,22.47,73.36,18.68,33.54,61.91,81.49,46.87,68.45,33.84,48.09,65.12,25.55,41.77,53.94,51.31,59.77,80.08,53.6,38.95,25.0,63.06,51.16,47.63,62.65,40.85,68.62,66.49,57.0,20.62,28.44,24.35,84.22,36.62,6.4,16.4,14.87,71.7,58.18,47.8,11.18,64.41,49.24,55.9,38.01,74.25,29.41,58.01,72.56,77.41,75.13,8.06,18.87,67.42,50.49,7.0,54.15,10.44,67.6,12.08,58.6,0.0,67.36
73,95.52,9.0,73.16,69.32,38.01,90.27,46.23,46.1,67.12,90.8,80.95,37.64,86.15,41.05,72.84,56.86,28.65,47.17,33.84,7.0,52.39,76.01,3.61,81.39,41.68,22.02,31.89,26.93,18.03,14.04,95.27,83.02,23.77,16.28,37.8,21.47,87.66,29.07,21.1,12.21,86.01,71.2,44.01,35.51,90.96,72.84,56.61,79.83,54.34,34.01,66.61,73.98,25.08,78.49,20.81,64.66,25.0,61.68,45.62,43.19,18.03,41.0,60.07,80.36,17.46,22.02,67.0,13.34,72.03,16.0,57.27,34.93,67.36,0.0
