set K:= 1	2	3	4	5	6	7	8	9;
set C_H:= 1	2	3	4	5	6	7	8	9	10	11	12	13	14	15	16	17	18	19	20	21	22	23	24	25	26	27	28	29	30	31	32	33	34	35	36	37;
set C_S:= 38	39	40	41	42	43	44	45	46	47	48	49	50	51	52	53	54;
set C_F:= 55	56	57	58	59;
set M:= 60	61	62	63	64	65;
set L_B:= 66	67	68	69	70	71	72	73	74;
set A1:=
(0,*) 1 2 3 4 5 6 7 8 9 10 11 12 13 14 15 16 17 18 19 20 21 22 23 24 25 26 27 28 29 30 31 32 33 34 35 36 37 55 56 57 58 59 60 61 62 63 64 65 66 67 68 69 70 71 72 73 74
(1,*) 0 2 3 4 5 6 7 8 9 10 11 12 13 14 15 16 17 18 19 20 21 22 23 24 25 26 27 28 29 30 31 32 33 34 35 36 37 55 56 57 58 59 60 61 62 63 64 65 66 67 68 69 70 71 72 73 74
(2,*) 0 1 3 4 5 6 7 8 9 10 11 12 13 14 15 16 17 18 19 20 21 22 23 24 25 26 27 28 29 30 31 32 33 34 35 36 37 55 56 57 58 59 60 61 62 63 64 65 66 67 68 69 70 71 72 73 74
(3,*) 0 1 2 4 5 6 7 8 9 10 11 12 13 14 15 16 17 18 19 20 21 22 23 24 25 26 27 28 29 30 31 32 33 34 35 36 37 55 56 57 58 59 60 61 62 63 64 65 66 67 68 69 70 71 72 73 74
(4,*) 0 1 2 3 5 6 7 8 9 10 11 12 13 14 15 16 17 18 19 20 21 22 23 24 25 26 27 28 29 30 31 32 33 34 35 36 37 55 56 57 58 59 60 61 62 63 64 65 66 67 68 69 70 71 72 73 74
(5,*) 0 1 2 3 4 6 7 8 9 10 11 12 13 14 15 16 17 18 19 20 21 22 23 24 25 26 27 28 29 30 31 32 33 34 35 36 37 55 56 57 58 59 60 61 62 63 64 65 66 67 68 69 70 71 72 73 74
(6,*) 0 1 2 3 4 5 7 8 9 10 11 12 13 14 15 16 17 18 19 20 21 22 23 24 25 26 27 28 29 30 31 32 33 34 35 36 37 55 56 57 58 59 60 61 62 63 64 65 66 67 68 69 70 71 72 73 74
(7,*) 0 1 2 3 4 5 6 8 9 10 11 12 13 14 15 16 17 18 19 20 21 22 23 24 25 26 27 28 29 30 31 32 33 34 35 36 37 55 56 57 58 59 60 61 62 63 64 65 66 67 68 69 70 71 72 73 74
(8,*) 0 1 2 3 4 5 6 7 9 10 11 12 13 14 15 16 17 18 19 20 21 22 23 24 25 26 27 28 29 30 31 32 33 34 35 36 37 55 56 57 58 59 60 61 62 63 64 65 66 67 68 69 70 71 72 73 74
(9,*) 0 1 2 3 4 5 6 7 8 10 11 12 13 14 15 16 17 18 19 20 21 22 23 24 25 26 27 28 29 30 31 32 33 34 35 36 37 55 56 57 58 59 60 61 62 63 64 65 66 67 68 69 70 71 72 73 74
(10,*) 0 1 2 3 4 5 6 7 8 9 11 12 13 14 15 16 17 18 19 20 21 22 23 24 25 26 27 28 29 30 31 32 33 34 35 36 37 55 56 57 58 59 60 61 62 63 64 65 66 67 68 69 70 71 72 73 74
(11,*) 0 1 2 3 4 5 6 7 8 9 10 12 13 14 15 16 17 18 19 20 21 22 23 24 25 26 27 28 29 30 31 32 33 34 35 36 37 55 56 57 58 59 60 61 62 63 64 65 66 67 68 69 70 71 72 73 74
(12,*) 0 1 2 3 4 5 6 7 8 9 10 11 13 14 15 16 17 18 19 20 21 22 23 24 25 26 27 28 29 30 31 32 33 34 35 36 37 55 56 57 58 59 60 61 62 63 64 65 66 67 68 69 70 71 72 73 74
(13,*) 0 1 2 3 4 5 6 7 8 9 10 11 12 14 15 16 17 18 19 20 21 22 23 24 25 26 27 28 29 30 31 32 33 34 35 36 37 55 56 57 58 59 60 61 62 63 64 65 66 67 68 69 70 71 72 73 74
(14,*) 0 1 2 3 4 5 6 7 8 9 10 11 12 13 15 16 17 18 19 20 21 22 23 24 25 26 27 28 29 30 31 32 33 34 35 36 37 55 56 57 58 59 60 61 62 63 64 65 66 67 68 69 70 71 72 73 74
(15,*) 0 1 2 3 4 5 6 7 8 9 10 11 12 13 14 16 17 18 19 20 21 22 23 24 25 26 27 28 29 30 31 32 33 34 35 36 37 55 56 57 58 59 60 61 62 63 64 65 66 67 68 69 70 71 72 73 74
(16,*) 0 1 2 3 4 5 6 7 8 9 10 11 12 13 14 15 17 18 19 20 21 22 23 24 25 26 27 28 29 30 31 32 33 34 35 36 37 55 56 57 58 59 60 61 62 63 64 65 66 67 68 69 70 71 72 73 74
(17,*) 0 1 2 3 4 5 6 7 8 9 10 11 12 13 14 15 16 18 19 20 21 22 23 24 25 26 27 28 29 30 31 32 33 34 35 36 37 55 56 57 58 59 60 61 62 63 64 65 66 67 68 69 70 71 72 73 74
(18,*) 0 1 2 3 4 5 6 7 8 9 10 11 12 13 14 15 16 17 19 20 21 22 23 24 25 26 27 28 29 30 31 32 33 34 35 36 37 55 56 57 58 59 60 61 62 63 64 65 66 67 68 69 70 71 72 73 74
(19,*) 0 1 2 3 4 5 6 7 8 9 10 11 12 13 14 15 16 17 18 20 21 22 23 24 25 26 27 28 29 30 31 32 33 34 35 36 37 55 56 57 58 59 60 61 62 63 64 65 66 67 68 69 70 71 72 73 74
(20,*) 0 1 2 3 4 5 6 7 8 9 10 11 12 13 14 15 16 17 18 19 21 22 23 24 25 26 27 28 29 30 31 32 33 34 35 36 37 55 56 57 58 59 60 61 62 63 64 65 66 67 68 69 70 71 72 73 74
(21,*) 0 1 2 3 4 5 6 7 8 9 10 11 12 13 14 15 16 17 18 19 20 22 23 24 25 26 27 28 29 30 31 32 33 34 35 36 37 55 56 57 58 59 60 61 62 63 64 65 66 67 68 69 70 71 72 73 74
(22,*) 0 1 2 3 4 5 6 7 8 9 10 11 12 13 14 15 16 17 18 19 20 21 23 24 25 26 27 28 29 30 31 32 33 34 35 36 37 55 56 57 58 59 60 61 62 63 64 65 66 67 68 69 70 71 72 73 74
(23,*) 0 1 2 3 4 5 6 7 8 9 10 11 12 13 14 15 16 17 18 19 20 21 22 24 25 26 27 28 29 30 31 32 33 34 35 36 37 55 56 57 58 59 60 61 62 63 64 65 66 67 68 69 70 71 72 73 74
(24,*) 0 1 2 3 4 5 6 7 8 9 10 11 12 13 14 15 16 17 18 19 20 21 22 23 25 26 27 28 29 30 31 32 33 34 35 36 37 55 56 57 58 59 60 61 62 63 64 65 66 67 68 69 70 71 72 73 74
(25,*) 0 1 2 3 4 5 6 7 8 9 10 11 12 13 14 15 16 17 18 19 20 21 22 23 24 26 27 28 29 30 31 32 33 34 35 36 37 55 56 57 58 59 60 61 62 63 64 65 66 67 68 69 70 71 72 73 74
(26,*) 0 1 2 3 4 5 6 7 8 9 10 11 12 13 14 15 16 17 18 19 20 21 22 23 24 25 27 28 29 30 31 32 33 34 35 36 37 55 56 57 58 59 60 61 62 63 64 65 66 67 68 69 70 71 72 73 74
(27,*) 0 1 2 3 4 5 6 7 8 9 10 11 12 13 14 15 16 17 18 19 20 21 22 23 24 25 26 28 29 30 31 32 33 34 35 36 37 55 56 57 58 59 60 61 62 63 64 65 66 67 68 69 70 71 72 73 74
(28,*) 0 1 2 3 4 5 6 7 8 9 10 11 12 13 14 15 16 17 18 19 20 21 22 23 24 25 26 27 29 30 31 32 33 34 35 36 37 55 56 57 58 59 60 61 62 63 64 65 66 67 68 69 70 71 72 73 74
(29,*) 0 1 2 3 4 5 6 7 8 9 10 11 12 13 14 15 16 17 18 19 20 21 22 23 24 25 26 27 28 30 31 32 33 34 35 36 37 55 56 57 58 59 60 61 62 63 64 65 66 67 68 69 70 71 72 73 74
(30,*) 0 1 2 3 4 5 6 7 8 9 10 11 12 13 14 15 16 17 18 19 20 21 22 23 24 25 26 27 28 29 31 32 33 34 35 36 37 55 56 57 58 59 60 61 62 63 64 65 66 67 68 69 70 71 72 73 74
(31,*) 0 1 2 3 4 5 6 7 8 9 10 11 12 13 14 15 16 17 18 19 20 21 22 23 24 25 26 27 28 29 30 32 33 34 35 36 37 55 56 57 58 59 60 61 62 63 64 65 66 67 68 69 70 71 72 73 74
(32,*) 0 1 2 3 4 5 6 7 8 9 10 11 12 13 14 15 16 17 18 19 20 21 22 23 24 25 26 27 28 29 30 31 33 34 35 36 37 55 56 57 58 59 60 61 62 63 64 65 66 67 68 69 70 71 72 73 74
(33,*) 0 1 2 3 4 5 6 7 8 9 10 11 12 13 14 15 16 17 18 19 20 21 22 23 24 25 26 27 28 29 30 31 32 34 35 36 37 55 56 57 58 59 60 61 62 63 64 65 66 67 68 69 70 71 72 73 74
(34,*) 0 1 2 3 4 5 6 7 8 9 10 11 12 13 14 15 16 17 18 19 20 21 22 23 24 25 26 27 28 29 30 31 32 33 35 36 37 55 56 57 58 59 60 61 62 63 64 65 66 67 68 69 70 71 72 73 74
(35,*) 0 1 2 3 4 5 6 7 8 9 10 11 12 13 14 15 16 17 18 19 20 21 22 23 24 25 26 27 28 29 30 31 32 33 34 36 37 55 56 57 58 59 60 61 62 63 64 65 66 67 68 69 70 71 72 73 74
(36,*) 0 1 2 3 4 5 6 7 8 9 10 11 12 13 14 15 16 17 18 19 20 21 22 23 24 25 26 27 28 29 30 31 32 33 34 35 37 55 56 57 58 59 60 61 62 63 64 65 66 67 68 69 70 71 72 73 74
(37,*) 0 1 2 3 4 5 6 7 8 9 10 11 12 13 14 15 16 17 18 19 20 21 22 23 24 25 26 27 28 29 30 31 32 33 34 35 36 55 56 57 58 59 60 61 62 63 64 65 66 67 68 69 70 71 72 73 74
(55,*) 0 1 2 3 4 5 6 7 8 9 10 11 12 13 14 15 16 17 18 19 20 21 22 23 24 25 26 27 28 29 30 31 32 33 34 35 36 37 56 57 58 59 60 61 62 63 64 65 66 67 68 69 70 71 72 73 74
(56,*) 0 1 2 3 4 5 6 7 8 9 10 11 12 13 14 15 16 17 18 19 20 21 22 23 24 25 26 27 28 29 30 31 32 33 34 35 36 37 55 57 58 59 60 61 62 63 64 65 66 67 68 69 70 71 72 73 74
(57,*) 0 1 2 3 4 5 6 7 8 9 10 11 12 13 14 15 16 17 18 19 20 21 22 23 24 25 26 27 28 29 30 31 32 33 34 35 36 37 55 56 58 59 60 61 62 63 64 65 66 67 68 69 70 71 72 73 74
(58,*) 0 1 2 3 4 5 6 7 8 9 10 11 12 13 14 15 16 17 18 19 20 21 22 23 24 25 26 27 28 29 30 31 32 33 34 35 36 37 55 56 57 59 60 61 62 63 64 65 66 67 68 69 70 71 72 73 74
(59,*) 0 1 2 3 4 5 6 7 8 9 10 11 12 13 14 15 16 17 18 19 20 21 22 23 24 25 26 27 28 29 30 31 32 33 34 35 36 37 55 56 57 58 60 61 62 63 64 65 66 67 68 69 70 71 72 73 74
(60,*) 0 1 2 3 4 5 6 7 8 9 10 11 12 13 14 15 16 17 18 19 20 21 22 23 24 25 26 27 28 29 30 31 32 33 34 35 36 37 55 56 57 58 59 61 62 63 64 65 66 67 68 69 70 71 72 73 74
(61,*) 0 1 2 3 4 5 6 7 8 9 10 11 12 13 14 15 16 17 18 19 20 21 22 23 24 25 26 27 28 29 30 31 32 33 34 35 36 37 55 56 57 58 59 60 62 63 64 65 66 67 68 69 70 71 72 73 74
(62,*) 0 1 2 3 4 5 6 7 8 9 10 11 12 13 14 15 16 17 18 19 20 21 22 23 24 25 26 27 28 29 30 31 32 33 34 35 36 37 55 56 57 58 59 60 61 63 64 65 66 67 68 69 70 71 72 73 74
(63,*) 0 1 2 3 4 5 6 7 8 9 10 11 12 13 14 15 16 17 18 19 20 21 22 23 24 25 26 27 28 29 30 31 32 33 34 35 36 37 55 56 57 58 59 60 61 62 64 65 66 67 68 69 70 71 72 73 74
(64,*) 0 1 2 3 4 5 6 7 8 9 10 11 12 13 14 15 16 17 18 19 20 21 22 23 24 25 26 27 28 29 30 31 32 33 34 35 36 37 55 56 57 58 59 60 61 62 63 65 66 67 68 69 70 71 72 73 74
(65,*) 0 1 2 3 4 5 6 7 8 9 10 11 12 13 14 15 16 17 18 19 20 21 22 23 24 25 26 27 28 29 30 31 32 33 34 35 36 37 55 56 57 58 59 60 61 62 63 64 66 67 68 69 70 71 72 73 74
(66,*) 0 1 2 3 4 5 6 7 8 9 10 11 12 13 14 15 16 17 18 19 20 21 22 23 24 25 26 27 28 29 30 31 32 33 34 35 36 37 55 56 57 58 59 60 61 62 63 64 65 67 68 69 70 71 72 73 74
(67,*) 0 1 2 3 4 5 6 7 8 9 10 11 12 13 14 15 16 17 18 19 20 21 22 23 24 25 26 27 28 29 30 31 32 33 34 35 36 37 55 56 57 58 59 60 61 62 63 64 65 66 68 69 70 71 72 73 74
(68,*) 0 1 2 3 4 5 6 7 8 9 10 11 12 13 14 15 16 17 18 19 20 21 22 23 24 25 26 27 28 29 30 31 32 33 34 35 36 37 55 56 57 58 59 60 61 62 63 64 65 66 67 69 70 71 72 73 74
(69,*) 0 1 2 3 4 5 6 7 8 9 10 11 12 13 14 15 16 17 18 19 20 21 22 23 24 25 26 27 28 29 30 31 32 33 34 35 36 37 55 56 57 58 59 60 61 62 63 64 65 66 67 68 70 71 72 73 74
(70,*) 0 1 2 3 4 5 6 7 8 9 10 11 12 13 14 15 16 17 18 19 20 21 22 23 24 25 26 27 28 29 30 31 32 33 34 35 36 37 55 56 57 58 59 60 61 62 63 64 65 66 67 68 69 71 72 73 74
(71,*) 0 1 2 3 4 5 6 7 8 9 10 11 12 13 14 15 16 17 18 19 20 21 22 23 24 25 26 27 28 29 30 31 32 33 34 35 36 37 55 56 57 58 59 60 61 62 63 64 65 66 67 68 69 70 72 73 74
(72,*) 0 1 2 3 4 5 6 7 8 9 10 11 12 13 14 15 16 17 18 19 20 21 22 23 24 25 26 27 28 29 30 31 32 33 34 35 36 37 55 56 57 58 59 60 61 62 63 64 65 66 67 68 69 70 71 73 74
(73,*) 0 1 2 3 4 5 6 7 8 9 10 11 12 13 14 15 16 17 18 19 20 21 22 23 24 25 26 27 28 29 30 31 32 33 34 35 36 37 55 56 57 58 59 60 61 62 63 64 65 66 67 68 69 70 71 72 74
(74,*) 0 1 2 3 4 5 6 7 8 9 10 11 12 13 14 15 16 17 18 19 20 21 22 23 24 25 26 27 28 29 30 31 32 33 34 35 36 37 55 56 57 58 59 60 61 62 63 64 65 66 67 68 69 70 71 72 73
;
set A2:=
(60,*) 61
(61,*) 60
(62,*) 63
(63,*) 62
(64,*) 65
(65,*) 64
;
param BigM:=99999;
param n:= 9;
param d:=
1	2
2	11
3	9
4	17
5	21
6	10
7	19
8	18
9	20
10	5
11	11
12	24
13	2
14	5
15	20
16	23
17	24
18	19
19	2
20	2
21	9
22	5
23	19
24	11
25	20
26	21
27	18
28	1
29	2
30	24
31	18
32	21
33	11
34	9
35	18
36	22
37	9
38	16
39	7
40	23
41	6
42	13
43	1
44	18
45	17
46	17
47	9
48	6
49	9
50	14
51	21
52	17
53	4
54	23
55	3
56	11
57	2
58	48
59	42
;
param Q:=100;
param w:=
[60,*] 61 1
[61,*] 60 1
[62,*] 63 1
[63,*] 62 1
[64,*] 65 1
[65,*] 64 1
;
param V:=
[60,*] 61 98
[61,*] 60 98
[62,*] 63 98
[63,*] 62 98
[64,*] 65 85
[65,*] 64 85
;
param f:=
60	100
61	100
62	100
63	100
64	100
65	100
66	100
67	100
68	100
69	100
70	100
71	100
72	100
73	100
74	100
;
param e:
	60	61	62	63	64	65	66	67	68	69	70	71	72	73	74:=
38	0	0	0	1	0	0	1	0	0	0	0	1	1	0	1	
39	0	1	0	0	0	0	1	0	0	1	0	0	0	0	0	
40	0	0	1	0	1	0	0	1	0	0	1	0	0	1	0	
41	0	0	0	1	0	1	0	0	1	0	0	1	0	0	1	
42	0	1	1	0	0	0	1	0	0	1	1	0	0	1	0	
43	0	1	0	0	0	0	0	0	0	1	0	0	0	0	0	
44	0	1	0	0	0	0	1	0	0	1	0	0	0	0	0	
45	0	0	0	1	0	0	1	0	0	1	0	0	1	0	0	
46	0	0	1	0	1	0	0	1	0	0	1	0	0	1	0	
47	0	0	0	1	0	0	0	0	0	0	0	0	1	0	0	
48	0	1	1	0	1	0	0	0	0	1	1	0	0	1	0	
49	0	0	0	1	0	0	0	0	0	0	0	0	1	0	1	
50	0	0	1	0	1	0	0	1	0	0	1	0	0	1	0	
51	0	1	1	0	0	0	0	0	0	1	1	0	0	0	0	
52	0	1	1	0	0	0	1	0	0	1	1	0	0	1	0	
53	0	0	1	0	1	0	0	1	0	0	1	1	0	1	1	
54	0	0	1	0	1	0	0	1	0	0	1	0	0	1	0	
55	0	1	1	0	1	0	0	1	0	0	1	0	0	1	0	
56	0	0	0	1	0	0	1	0	0	1	0	0	1	0	0	
57	0	0	1	0	1	0	0	1	0	0	1	0	0	1	0	
58	0	0	0	1	0	1	0	0	1	0	0	1	0	0	1	
59	0	0	0	1	0	1	0	0	1	0	0	1	0	0	1	
;
param p:=
1	1
2	1
3	1
4	1
5	1
6	1
7	1
8	1
9	1
;
param G:=
60	98
61	70
62	85
63	98
64	70
65	85
66	80
67	97
68	93
69	77
70	84
71	99
72	90
73	96
74	81
;
param s:=
0	0
1	15
2	15
3	15
4	15
5	15
6	15
7	15
8	15
9	15
10	15
11	15
12	15
13	15
14	15
15	15
16	15
17	15
18	15
19	15
20	15
21	15
22	15
23	15
24	15
25	15
26	15
27	15
28	15
29	15
30	15
31	15
32	15
33	15
34	15
35	15
36	15
37	15
55	15
56	15
57	15
58	15
59	15
60	10
61	10
62	10
63	10
64	10
65	10
66	10
67	10
68	10
69	10
70	10
71	10
72	10
73	10
74	10
;
param t:
	0	1	2	3	4	5	6	7	8	9	10	11	12	13	14	15	16	17	18	19	20	21	22	23	24	25	26	27	28	29	30	31	32	33	34	35	36	37	38	39	40	41	42	43	44	45	46	47	48	49	50	51	52	53	54	55	56	57	58	59	60	61	62	63	64	65	66	67	68	69	70	71	72	73	74:=
0	0.0	54.04	42.8	86.83	40.45	52.15	100.44	34.41	94.76	54.59	48.37	12.17	64.56	6.0	43.27	83.95	35.78	50.64	60.93	60.17	94.4	32.25	40.0	52.35	26.83	89.2	80.62	64.28	20.0	69.43	111.21	28.07	66.48	88.29	41.62	82.02	63.15	49.4	66.27	23.32	54.92	85.91	15.62	16.12	12.81	54.59	56.32	84.12	14.56	78.03	36.22	5.66	27.78	50.91	38.0	31.62	55.32	66.75	86.02	78.1	104.48	7.07	38.33	78.03	50.25	90.92	38.21	57.07	91.27	24.7	41.48	80.26	54.12	41.15	82.37
1	54.04	0.0	34.41	36.06	16.12	70.71	62.61	34.06	67.08	69.43	50.0	57.72	69.97	54.15	31.62	32.25	26.08	7.21	61.77	67.68	58.31	22.09	42.43	40.25	33.11	41.04	56.04	12.81	40.5	21.26	74.24	58.14	27.2	36.72	43.86	56.14	73.24	17.89	12.65	47.41	68.12	34.0	42.76	58.82	45.12	10.0	72.25	38.21	59.23	24.0	67.23	58.03	32.31	38.47	64.9	52.15	14.0	77.67	36.88	27.2	69.46	49.5	60.8	24.33	68.59	49.74	17.09	69.03	52.33	36.25	57.38	41.79	17.12	50.21	42.05
2	42.8	34.41	0.0	69.31	20.88	83.57	96.75	8.49	99.3	84.12	68.73	38.63	89.44	46.69	2.83	65.12	42.05	37.58	82.61	85.91	92.13	30.07	58.86	64.03	17.2	75.07	86.83	36.06	22.8	36.06	108.41	62.77	28.07	69.43	60.83	87.36	90.71	45.61	45.25	22.8	83.52	66.6	42.19	37.36	30.0	26.91	86.65	46.0	55.17	52.15	72.72	48.41	41.23	62.03	72.47	60.93	24.41	95.08	70.77	60.83	103.31	35.81	70.26	50.12	81.34	84.06	22.36	85.16	86.45	18.38	69.89	75.59	21.1	65.0	76.16
3	86.83	36.06	69.31	0.0	52.15	85.44	36.06	70.0	49.4	82.46	63.25	92.48	77.18	85.51	66.48	4.47	52.35	36.77	68.96	76.94	34.93	55.03	60.83	50.6	68.96	8.0	45.61	34.41	76.03	39.4	46.17	82.22	50.99	2.83	61.19	44.41	82.37	38.21	24.08	83.35	80.62	4.0	72.99	94.02	79.85	42.43	85.09	48.17	88.36	20.88	89.11	89.82	60.53	50.0	85.51	74.43	45.34	86.09	4.47	8.94	44.1	83.49	80.6	24.74	83.82	23.54	52.84	80.53	27.89	72.07	75.19	24.21	48.92	67.68	21.63
4	40.45	16.12	20.88	52.15	0.0	68.26	76.55	18.44	78.43	68.0	50.6	42.43	71.47	41.76	18.44	48.37	23.41	17.2	64.03	68.35	71.69	12.81	41.23	44.18	17.09	56.85	65.97	24.0	24.74	29.12	88.2	50.99	28.43	52.84	43.08	66.48	73.54	24.74	28.64	31.3	67.08	50.12	32.25	43.17	30.07	14.14	70.71	44.72	48.33	38.83	60.83	45.12	25.61	42.19	59.46	46.86	15.23	78.0	52.8	43.27	82.86	35.01	56.22	38.21	66.04	64.2	2.83	68.45	66.29	20.25	54.38	55.23	15.0	48.3	56.04
5	52.15	70.71	83.57	85.44	68.26	0.0	78.23	75.89	64.03	4.47	22.36	64.28	17.2	46.17	82.46	85.09	45.61	63.66	20.4	13.42	72.11	55.57	28.28	34.93	67.05	82.97	52.35	83.45	65.12	91.93	85.51	24.08	95.6	88.02	26.91	54.33	12.81	54.04	77.2	72.44	6.32	86.93	42.76	68.26	60.3	78.1	4.47	108.9	38.83	89.31	17.89	48.66	42.94	35.78	14.56	22.8	81.22	15.23	82.22	79.62	78.26	57.01	14.04	91.61	2.24	75.33	65.51	8.06	73.06	67.19	13.89	65.92	82.42	20.52	69.05
6	100.44	62.61	96.75	36.06	76.55	78.23	0.0	94.87	18.87	74.11	60.17	109.34	64.12	97.1	94.02	40.0	65.3	59.36	58.03	66.0	6.32	73.59	63.56	50.16	90.91	28.07	26.0	66.48	96.21	73.35	11.66	85.44	84.4	38.21	62.77	24.0	70.11	53.81	54.41	104.8	72.11	40.05	84.88	111.95	97.67	71.69	76.03	84.02	96.6	56.14	88.77	101.55	72.8	50.99	84.4	77.25	75.39	72.44	32.0	40.45	8.06	99.49	79.56	60.13	77.41	13.34	76.03	71.03	10.3	93.61	73.25	21.4	78.92	67.36	20.59
7	34.41	34.06	8.49	70.0	18.44	75.89	94.87	0.0	95.85	76.66	62.13	31.05	82.61	38.21	8.94	66.03	36.22	35.61	76.11	78.92	89.89	24.33	52.15	58.55	8.94	75.07	82.87	38.63	14.42	40.45	106.51	54.59	34.23	70.46	54.15	83.57	83.55	42.05	46.04	16.0	76.16	67.68	34.0	30.27	21.63	28.64	79.12	52.35	46.69	54.63	64.5	40.0	34.23	56.57	64.4	53.14	27.2	87.86	70.94	61.22	101.02	27.46	62.39	53.14	73.68	82.62	18.87	77.88	84.63	9.9	62.36	73.5	24.52	57.87	74.4
8	94.76	67.08	99.3	49.4	78.43	64.03	18.87	95.85	0.0	59.67	49.4	105.0	48.37	90.55	96.77	52.5	62.13	62.1	43.68	50.99	15.62	72.47	55.32	42.43	90.35	42.05	14.14	74.03	94.34	82.02	22.0	75.47	92.09	52.0	54.04	12.81	54.33	53.85	62.0	103.25	57.72	53.14	79.25	108.07	94.4	76.94	61.19	95.04	88.41	67.08	76.97	94.85	68.41	43.86	72.5	67.68	80.89	56.04	44.94	50.99	15.13	95.13	67.98	71.02	63.6	26.42	77.25	56.29	21.95	92.66	61.72	27.17	84.17	57.14	28.64
9	54.59	69.43	84.12	82.46	68.0	4.47	74.11	76.66	59.67	0.0	20.0	66.75	12.81	48.66	82.87	82.29	44.94	62.29	16.12	8.94	68.03	55.46	27.2	32.25	67.91	79.7	48.17	82.07	66.48	90.69	81.22	26.68	94.87	85.09	25.61	50.16	8.94	52.35	75.29	74.11	2.0	84.1	44.18	70.71	62.03	77.2	2.83	107.63	41.76	87.2	21.63	51.42	43.08	33.29	17.89	24.08	80.45	12.17	79.12	76.94	73.98	59.08	16.28	89.64	5.0	71.57	65.3	3.61	69.18	68.25	14.32	62.37	81.84	19.72	65.51
10	48.37	50.0	68.73	63.25	50.6	22.36	60.17	62.13	49.4	20.0	0.0	59.93	20.88	43.27	67.08	62.77	27.2	42.8	14.0	17.89	53.85	38.83	10.0	12.65	54.0	61.19	35.78	62.48	54.59	71.22	69.08	26.08	76.16	65.79	8.0	37.58	23.32	32.56	55.32	63.15	18.44	64.62	34.18	63.56	51.92	58.31	22.8	88.09	39.6	67.2	28.64	47.2	28.0	13.42	24.33	18.44	61.77	27.78	60.17	57.27	61.85	50.7	19.42	69.66	20.62	55.08	48.08	19.1	53.46	55.08	13.15	45.01	63.51	7.81	48.04
11	12.17	57.72	38.63	92.48	42.43	64.28	109.34	31.05	105.0	66.75	59.93	0.0	76.66	18.11	39.85	89.2	44.05	55.71	72.8	72.28	103.48	37.58	51.11	62.8	26.0	95.71	90.91	66.27	18.0	70.03	120.42	40.2	65.12	93.64	52.84	92.2	75.31	56.6	70.34	16.12	67.08	91.08	26.08	4.0	12.65	56.14	68.47	83.19	26.08	81.22	48.04	16.12	36.77	61.22	50.04	43.68	56.0	78.92	92.2	83.57	113.9	9.9	50.49	80.62	62.39	99.05	40.79	69.23	99.81	23.02	53.6	88.6	54.08	52.92	90.44
12	64.56	69.97	89.44	77.18	71.47	17.2	64.12	82.61	48.37	12.81	20.88	76.66	0.0	58.82	87.86	77.67	48.08	62.77	8.49	4.47	58.31	59.67	30.59	30.0	74.24	73.35	38.21	82.1	74.03	90.97	70.26	37.58	96.6	79.92	28.64	40.2	6.0	52.15	73.76	82.22	11.31	79.32	52.35	80.52	70.46	78.71	13.42	107.65	52.8	84.85	34.06	62.03	48.37	31.62	30.0	32.98	82.29	8.94	73.43	72.8	63.13	68.25	27.29	87.73	17.69	63.32	68.96	9.22	60.42	75.06	23.09	55.15	84.17	25.0	58.31
13	6.0	54.15	46.69	85.51	41.76	46.17	97.1	38.21	90.55	48.66	43.27	18.11	58.82	0.0	46.86	82.87	33.53	50.04	55.46	54.41	90.97	32.06	35.38	48.17	30.0	87.36	76.42	65.12	24.08	70.88	107.65	22.09	68.88	87.13	36.88	77.9	57.27	47.54	66.0	28.64	49.03	84.85	12.65	22.09	17.2	55.79	50.36	86.16	8.94	78.1	30.27	4.47	25.3	46.86	32.0	26.0	56.92	60.83	84.4	76.94	100.8	12.08	32.39	78.41	44.28	88.1	39.29	51.2	88.19	28.32	35.74	77.37	56.08	35.85	79.62
14	43.27	31.62	2.83	66.48	18.44	82.46	94.02	8.94	96.77	82.87	67.08	39.85	87.86	46.86	0.0	62.29	40.2	34.93	80.89	84.4	89.44	28.28	57.27	62.0	16.97	72.25	84.4	33.29	23.32	33.53	105.68	62.13	26.0	66.6	59.23	84.9	89.29	43.17	42.43	24.33	82.22	63.78	41.62	38.83	30.53	24.08	85.44	44.05	55.17	49.4	72.11	48.83	39.85	60.0	71.69	59.93	21.63	93.68	67.94	58.0	100.62	36.36	69.32	47.41	80.23	81.3	20.1	83.82	83.73	18.6	68.71	72.9	18.36	63.6	73.43
15	83.95	32.25	65.12	4.47	48.37	85.09	40.0	66.03	52.5	82.29	62.77	89.2	77.67	82.87	62.29	0.0	50.04	33.53	69.34	77.18	38.47	51.92	59.67	50.16	65.3	12.17	47.71	30.0	72.5	34.93	50.36	80.62	46.52	4.47	60.17	46.65	82.68	36.0	20.0	79.65	80.5	2.0	70.46	90.62	76.55	38.21	84.97	44.05	86.09	16.49	87.86	87.13	58.14	49.4	84.4	72.99	41.04	86.53	8.0	6.0	48.01	80.36	79.56	20.4	83.38	27.17	49.19	80.53	31.4	68.43	74.33	26.42	44.6	66.76	24.17
16	35.78	26.08	42.05	52.35	23.41	45.61	65.3	36.22	62.13	44.94	27.2	44.05	48.08	33.53	40.2	50.04	0.0	19.7	40.79	44.94	59.46	12.0	17.89	22.36	29.12	53.85	48.37	38.83	32.25	46.86	76.42	32.31	50.0	54.15	19.7	49.4	50.16	14.14	35.44	41.18	43.91	52.04	20.88	46.69	32.56	32.56	47.71	63.78	36.06	48.08	41.18	37.95	8.25	20.4	38.83	26.08	35.61	54.63	50.99	44.05	70.01	34.21	34.83	49.4	43.42	55.23	20.88	45.18	55.8	31.02	31.89	44.65	36.89	25.24	46.65
17	50.64	7.21	37.58	36.77	17.2	63.66	59.36	35.61	62.1	62.29	42.8	55.71	62.77	50.04	34.93	33.53	19.7	0.0	54.59	60.46	54.59	18.44	35.38	33.11	32.8	40.5	50.36	19.8	39.45	28.43	71.02	52.0	34.18	37.95	36.77	50.64	66.03	10.77	16.12	47.2	60.96	35.44	38.05	57.27	43.08	16.49	65.12	45.34	54.33	28.64	60.83	54.15	26.68	31.3	58.31	45.65	20.4	70.46	36.72	27.86	65.76	46.84	54.08	29.73	61.55	47.01	16.97	61.85	49.09	35.81	50.45	38.08	23.09	43.19	38.83
18	60.93	61.77	82.61	68.96	64.03	20.4	58.03	76.11	43.68	16.12	14.0	72.8	8.49	55.46	80.89	69.34	40.79	54.59	0.0	8.25	52.0	52.61	24.0	21.63	68.0	65.39	32.06	73.78	68.47	82.68	65.12	35.61	88.57	71.69	22.0	34.06	13.42	43.91	65.3	76.94	14.14	71.02	47.54	76.55	65.51	70.68	18.0	99.3	50.48	76.37	34.41	59.06	42.0	23.32	30.0	29.53	74.32	17.2	65.3	64.4	57.87	63.89	26.17	79.25	19.92	56.09	61.61	13.0	53.46	69.07	20.62	47.43	76.32	19.92	50.6
19	60.17	67.68	85.91	76.94	68.35	13.42	66.0	78.92	50.99	8.94	17.89	72.28	4.47	54.41	84.4	77.18	44.94	60.46	8.25	0.0	60.03	56.32	27.2	28.28	70.46	73.54	40.0	80.0	70.0	88.81	72.69	33.11	94.02	79.65	25.3	42.0	5.66	50.0	72.14	78.1	7.21	78.89	48.17	76.16	66.27	76.16	10.2	105.6	48.33	83.55	29.73	57.58	44.72	29.73	25.61	28.64	79.65	10.0	73.35	72.11	65.49	63.95	22.83	86.28	13.6	64.33	65.79	5.39	61.66	71.18	18.68	55.66	81.39	21.1	58.82
20	94.4	58.31	92.13	34.93	71.69	72.11	6.32	89.89	15.62	68.03	53.85	103.48	58.31	90.97	89.44	38.47	59.46	54.59	52.0	60.03	0.0	68.12	57.27	43.86	85.6	27.2	20.1	63.15	90.69	70.46	16.97	79.12	81.22	37.36	56.46	18.11	64.28	48.41	50.99	99.36	66.03	38.83	78.82	106.15	91.93	67.68	70.0	82.1	90.35	54.04	82.46	95.41	66.84	44.72	78.1	70.94	71.47	66.75	30.59	38.0	11.18	93.61	73.25	58.03	71.25	11.4	71.02	65.0	7.07	88.24	66.94	16.55	74.95	61.03	16.49
21	32.25	22.09	30.07	55.03	12.81	55.57	73.59	24.33	72.47	55.46	38.83	37.58	59.67	32.06	28.28	51.92	12.0	18.44	52.61	56.32	68.12	0.0	29.12	34.23	17.89	58.14	59.09	33.53	22.63	40.25	85.04	38.42	41.04	56.32	31.05	59.93	61.35	19.8	34.06	31.24	54.63	53.85	20.88	39.45	25.06	25.06	58.14	56.6	37.36	46.04	48.17	36.0	12.81	32.25	46.69	34.06	27.2	65.79	54.63	46.17	79.03	28.46	43.42	46.39	53.34	62.37	10.0	56.08	63.64	20.25	41.68	52.33	27.59	35.85	53.81
22	40.0	42.43	58.86	60.83	41.23	28.28	63.56	52.15	55.32	27.2	10.0	51.11	30.59	35.38	57.27	59.67	17.89	35.38	24.0	27.2	57.27	29.12	0.0	13.42	44.0	60.03	41.23	55.17	44.72	63.66	73.43	22.36	67.68	63.15	2.0	42.8	32.31	26.08	49.4	53.37	26.08	61.61	25.06	54.59	42.38	50.0	30.0	80.62	33.29	61.77	28.28	39.6	18.0	12.65	24.74	14.14	53.25	36.77	58.31	53.85	66.37	41.59	19.92	63.81	26.17	56.52	38.63	27.29	55.66	45.1	15.26	45.89	54.71	7.81	48.66
23	52.35	40.25	64.03	50.6	44.18	34.93	50.16	58.55	42.43	32.25	12.65	62.8	30.0	48.17	62.0	50.16	22.36	33.11	21.63	28.28	43.86	34.23	13.42	0.0	51.42	48.66	28.28	52.15	53.85	61.06	60.03	35.44	67.23	53.14	12.65	29.73	33.94	22.36	43.86	62.77	30.53	52.0	36.88	66.03	52.84	49.4	34.99	77.67	46.65	55.32	40.05	52.5	26.83	2.0	36.0	27.2	53.14	38.21	47.54	44.72	53.0	53.01	31.0	58.0	33.24	43.57	42.05	30.81	42.45	53.16	25.08	33.14	55.36	18.03	36.06
24	26.83	33.11	17.2	68.96	17.09	67.05	90.91	8.94	90.35	67.91	54.0	26.0	74.24	30.0	16.97	65.3	29.12	32.8	68.0	70.46	85.6	17.89	44.0	51.42	0.0	73.24	76.97	40.45	8.0	44.05	102.45	45.65	39.85	69.77	46.0	77.82	74.97	37.2	45.69	14.42	67.47	67.08	25.06	26.31	14.56	30.27	70.34	57.72	38.21	55.79	55.57	32.25	26.0	49.48	55.46	44.27	30.0	79.25	69.34	60.03	96.61	20.25	53.49	54.92	64.85	79.21	16.12	69.23	80.81	3.16	53.6	69.53	28.16	49.37	70.77
25	89.2	41.04	75.07	8.0	56.85	82.97	28.07	75.07	42.05	79.7	61.19	95.71	73.35	87.36	72.25	12.17	53.85	40.5	65.39	73.54	27.2	58.14	60.03	48.66	73.24	0.0	39.6	41.18	79.92	46.82	38.21	82.02	58.31	10.2	60.13	38.21	78.79	39.85	30.0	87.66	77.79	12.0	74.73	97.53	83.19	48.41	82.22	56.14	89.44	28.64	88.2	91.76	62.1	48.37	84.38	74.0	51.61	82.29	4.47	14.42	36.12	86.41	79.4	32.56	81.49	15.81	57.2	77.49	20.25	76.28	73.68	18.6	55.22	66.37	15.62
26	80.62	56.04	86.83	45.61	65.97	52.35	26.0	82.87	14.14	48.17	35.78	90.91	38.21	76.42	84.4	47.71	48.37	50.36	32.06	40.0	20.1	59.09	41.23	28.28	76.97	39.6	0.0	64.5	80.62	72.99	33.53	61.77	82.22	48.41	40.0	2.0	44.18	41.23	52.95	89.55	46.17	48.83	65.12	94.02	80.45	66.03	50.04	87.36	74.4	60.17	63.91	80.72	54.41	29.73	59.46	53.85	70.03	46.69	41.23	44.72	26.25	81.06	54.78	63.91	51.62	26.42	64.56	45.04	22.85	79.16	48.47	21.4	73.11	43.42	24.08
27	64.28	12.81	36.06	34.41	24.0	83.45	66.48	38.63	74.03	82.07	62.48	66.27	82.1	65.12	33.29	30.0	38.83	19.8	73.78	80.0	63.15	33.53	55.17	52.15	40.45	41.18	64.5	0.0	48.37	8.94	77.79	70.71	18.11	34.06	56.57	64.28	85.6	30.0	12.17	53.85	80.72	31.24	54.41	66.75	54.04	10.2	84.9	25.61	70.88	16.12	79.92	68.73	44.72	50.48	77.67	64.9	11.66	90.0	36.72	26.83	73.98	59.01	73.6	14.56	81.34	53.16	26.08	81.57	56.52	43.57	70.18	47.27	15.0	62.97	46.69
28	20.0	40.5	22.8	76.03	24.74	65.12	96.21	14.42	94.34	66.48	54.59	18.0	74.03	24.08	23.32	72.5	32.25	39.45	68.47	70.0	90.69	22.63	44.72	53.85	8.0	79.92	80.62	48.37	0.0	52.04	107.63	42.38	47.54	76.97	46.69	81.63	74.11	42.43	53.14	8.94	66.27	74.32	22.36	18.44	7.21	38.21	68.73	65.51	32.8	63.56	52.0	25.61	27.2	52.0	52.5	42.43	38.0	78.23	76.16	67.08	101.53	13.04	51.2	62.8	62.97	84.96	23.41	68.18	86.27	5.1	52.24	74.95	36.12	49.04	76.42
29	69.43	21.26	36.06	39.4	29.12	91.93	73.35	40.45	82.02	90.69	71.22	70.03	90.97	70.88	33.53	34.93	46.86	28.43	82.68	88.81	70.46	40.25	63.66	61.06	44.05	46.82	72.99	8.94	52.04	0.0	84.4	78.23	11.66	38.47	65.12	72.69	94.4	38.83	20.1	56.32	89.38	35.78	60.93	70.03	58.31	15.23	93.51	16.97	77.25	18.87	87.66	74.22	52.15	59.36	85.6	72.8	14.14	98.81	42.38	32.98	81.05	63.64	81.69	15.62	89.81	60.02	31.62	90.27	63.64	47.01	78.52	55.01	16.03	71.42	54.15
30	111.21	74.24	108.41	46.17	88.2	85.51	11.66	106.51	22.0	81.22	69.08	120.42	70.26	107.65	105.68	50.36	76.42	71.02	65.12	72.69	16.97	85.04	73.43	60.03	102.45	38.21	33.53	77.79	107.63	84.4	0.0	94.85	95.6	48.04	72.47	31.62	76.24	65.3	65.79	116.28	79.25	50.16	95.6	123.11	108.9	83.26	82.87	94.34	106.68	66.75	97.41	112.07	83.74	61.06	92.97	86.76	86.93	78.03	42.43	51.42	7.28	110.54	88.26	70.71	84.93	24.7	87.66	77.93	21.95	105.12	81.93	33.02	90.47	76.56	32.25
31	28.07	58.14	62.77	82.22	50.99	24.08	85.44	54.59	75.47	26.68	26.08	40.2	37.58	22.09	62.13	80.62	32.31	52.0	35.61	33.11	79.12	38.42	22.36	35.44	45.65	82.02	61.77	70.71	42.38	78.23	94.85	0.0	79.4	84.38	22.8	63.53	35.44	45.12	67.68	49.03	27.2	82.61	20.59	44.18	36.88	63.25	28.28	94.87	15.23	80.32	10.0	24.74	26.08	34.93	10.2	8.25	65.6	38.83	80.02	74.67	87.66	33.14	10.44	81.71	22.2	78.85	48.17	29.41	77.88	45.19	15.0	68.25	65.95	18.36	71.02
32	66.48	27.2	28.07	50.99	28.43	95.6	84.4	34.23	92.09	94.87	76.16	65.12	96.6	68.88	26.0	46.52	50.0	34.18	88.57	94.02	81.22	41.04	67.68	67.23	39.85	58.31	82.22	18.11	47.54	11.66	95.6	79.4	0.0	50.12	69.34	82.1	99.48	44.94	30.27	50.16	93.74	47.41	60.46	64.5	54.41	17.89	97.65	18.11	76.16	30.53	89.2	71.69	53.74	65.39	87.68	74.97	14.42	103.94	53.85	44.27	91.98	60.08	84.22	27.2	93.41	71.06	31.24	94.87	74.53	42.45	81.84	65.38	13.45	75.21	64.78
33	88.29	36.72	69.43	2.83	52.84	88.02	38.21	70.46	52.0	85.09	65.79	93.64	79.92	87.13	66.6	4.47	54.15	37.95	71.69	79.65	37.36	56.32	63.15	53.14	69.77	10.2	48.41	34.06	76.97	38.47	48.04	84.38	50.12	0.0	63.56	47.2	85.09	40.05	24.41	84.12	83.26	2.83	74.67	95.08	80.99	42.52	87.73	46.39	90.2	19.7	91.41	91.41	62.29	52.5	87.86	76.66	45.25	88.84	7.21	10.2	46.27	84.77	82.98	23.41	86.38	25.96	53.67	83.19	30.36	72.9	77.62	27.02	48.8	70.09	24.41
34	41.62	43.86	60.83	61.19	43.08	26.91	62.77	54.15	54.04	25.61	8.0	52.84	28.64	36.88	59.23	60.17	19.7	36.77	22.0	25.3	56.46	31.05	2.0	12.65	46.0	60.13	40.0	56.57	46.69	65.12	72.47	22.8	69.34	63.56	0.0	41.62	30.46	27.2	50.48	55.32	24.41	62.1	26.83	56.36	44.27	51.61	28.43	82.07	34.41	62.77	28.07	41.04	20.0	12.17	24.33	14.56	54.92	34.93	58.55	54.41	65.37	43.38	19.42	64.9	24.84	56.09	40.5	25.55	55.08	47.1	14.32	45.54	56.44	6.71	48.37
35	82.02	56.14	87.36	44.41	66.48	54.33	24.0	83.57	12.81	50.16	37.58	92.2	40.2	77.9	84.9	46.65	49.4	50.64	34.06	42.0	18.11	59.93	42.8	29.73	77.82	38.21	2.0	64.28	81.63	72.69	31.62	63.53	82.1	47.2	41.62	0.0	46.17	41.76	52.61	90.55	48.17	47.71	66.48	95.27	81.61	66.12	52.04	86.83	76.03	59.46	65.79	82.22	55.61	31.11	61.35	55.57	70.11	48.66	40.0	43.86	24.35	82.33	56.65	63.25	53.6	24.7	65.15	47.04	21.02	80.06	50.33	20.25	73.25	45.18	22.8
36	63.15	73.24	90.71	82.37	73.54	12.81	70.11	83.55	54.33	8.94	23.32	75.31	6.0	57.27	89.29	82.68	50.16	66.03	13.42	5.66	64.28	61.35	32.31	33.94	74.97	78.79	44.18	85.6	74.11	94.4	76.24	35.44	99.48	85.09	30.46	46.17	0.0	55.61	77.79	82.0	8.25	84.38	52.0	79.25	70.03	81.63	8.49	111.21	50.6	89.2	30.53	60.17	49.48	35.38	26.83	32.06	85.09	4.47	78.71	77.67	69.12	67.36	25.0	91.93	13.89	69.12	70.94	6.08	66.29	75.54	22.02	60.75	86.77	25.71	63.91
37	49.4	17.89	45.61	38.21	24.74	54.04	53.81	42.05	53.85	52.35	32.56	56.6	52.15	47.54	43.17	36.0	14.14	10.77	43.91	50.0	48.41	19.8	26.08	22.36	37.2	39.85	41.23	30.0	42.43	38.83	65.3	45.12	44.94	40.05	27.2	41.76	55.61	0.0	23.32	50.99	50.91	38.0	34.93	58.82	44.41	27.2	55.17	55.61	50.16	35.78	53.14	51.92	22.36	20.59	50.16	37.95	31.05	60.0	36.88	30.0	59.41	47.01	45.62	37.74	52.01	42.64	23.41	51.66	43.84	39.82	41.34	32.53	33.54	33.84	34.06
38	66.27	12.65	45.25	24.08	28.64	77.2	54.41	46.04	62.0	75.29	55.32	70.34	73.76	66.0	42.43	20.0	35.44	16.12	65.3	72.14	50.99	34.06	49.4	43.86	45.69	30.0	52.95	12.17	53.14	20.1	65.79	67.68	30.27	24.41	50.48	52.61	77.79	23.32	0.0	59.93	73.76	21.63	54.15	71.47	57.72	18.44	78.1	34.93	70.46	12.65	76.16	70.03	42.76	42.43	73.35	60.93	21.63	82.07	25.61	15.62	61.85	61.98	68.88	14.42	75.21	41.11	29.73	74.33	44.38	48.85	64.66	35.13	25.24	57.14	34.53
39	23.32	47.41	22.8	83.35	31.3	72.44	104.8	16.0	103.25	74.11	63.15	16.12	82.22	28.64	24.33	79.65	41.18	47.2	76.94	78.1	99.36	31.24	53.37	62.77	14.42	87.66	89.55	53.85	8.94	56.32	116.28	49.03	50.16	84.12	55.32	90.55	82.0	50.99	59.93	0.0	74.03	81.41	30.0	14.56	12.17	43.68	76.24	68.26	37.58	69.57	58.24	28.84	36.06	60.93	59.23	50.04	42.76	86.02	83.76	74.43	110.26	16.55	58.42	68.41	70.35	93.35	30.53	76.01	94.79	11.4	60.01	83.49	40.31	57.31	84.85
40	54.92	68.12	83.52	80.62	67.08	6.32	72.11	76.16	57.72	2.0	18.44	67.08	11.31	49.03	82.22	80.5	43.91	60.96	14.14	7.21	66.03	54.63	26.08	30.53	67.47	77.79	46.17	80.72	66.27	89.38	79.25	27.2	93.74	83.26	24.41	48.17	8.25	50.91	73.76	74.03	0.0	82.29	44.05	71.02	62.0	76.03	4.47	106.3	42.38	85.6	22.8	51.92	42.38	31.62	18.87	24.0	79.32	12.0	77.25	75.18	72.01	59.21	16.76	88.09	6.4	69.58	64.4	2.24	67.19	67.9	14.04	60.42	80.78	18.79	63.56
41	85.91	34.0	66.6	4.0	50.12	86.93	40.05	67.68	53.14	84.1	64.62	91.08	79.32	84.85	63.78	2.0	52.04	35.44	71.02	78.89	38.83	53.85	61.61	52.0	67.08	12.0	48.83	31.24	74.32	35.78	50.16	82.61	47.41	2.83	62.1	47.71	84.38	38.0	21.63	81.41	82.29	0.0	72.44	92.48	78.43	39.7	86.76	44.18	88.09	17.09	89.82	89.11	60.13	51.26	86.35	74.97	42.43	88.2	8.25	8.0	48.09	82.28	81.49	20.88	85.23	27.46	50.99	82.3	31.78	70.21	76.24	27.46	45.97	68.68	25.06
42	15.62	42.76	42.19	72.99	32.25	42.76	84.88	34.0	79.25	44.18	34.18	26.08	52.35	12.65	41.62	70.46	20.88	38.05	47.54	48.17	78.82	20.88	25.06	36.88	25.06	74.73	65.12	54.41	22.36	60.93	95.6	20.59	60.46	74.67	26.83	66.48	52.0	34.93	54.15	30.0	44.05	72.44	0.0	29.53	18.11	45.69	46.39	76.94	16.49	66.48	30.53	17.09	12.65	35.38	30.46	20.1	47.41	56.04	71.81	64.5	88.87	16.55	28.86	67.08	40.61	75.59	29.53	46.01	75.8	24.7	30.02	64.88	47.17	27.66	67.08
43	16.12	58.82	37.36	94.02	43.17	68.26	111.95	30.27	108.07	70.71	63.56	4.0	80.52	22.09	38.83	90.62	46.69	57.27	76.55	76.16	106.15	39.45	54.59	66.03	26.31	97.53	94.02	66.75	18.44	70.03	123.11	44.18	64.5	95.08	56.36	95.27	79.25	58.82	71.47	14.56	71.02	92.48	29.53	0.0	14.42	56.57	72.44	82.61	30.07	82.0	52.04	20.1	39.7	64.4	54.04	47.54	56.14	82.87	93.91	85.09	116.67	13.04	54.45	81.22	66.37	101.4	41.76	73.16	102.3	23.19	57.49	91.05	54.01	56.65	92.8
44	12.81	45.12	30.0	79.85	30.07	60.3	97.67	21.63	94.4	62.03	51.92	12.65	70.46	17.2	30.53	76.55	32.56	43.08	65.51	66.27	91.93	25.06	42.38	52.84	14.56	83.19	80.45	54.04	7.21	58.31	108.9	36.88	54.41	80.99	44.27	81.61	70.03	44.41	57.72	12.17	62.0	78.43	18.11	14.42	0.0	44.0	64.12	72.28	26.08	68.73	46.17	18.44	26.08	51.11	47.07	38.0	44.18	74.0	79.62	70.94	102.55	5.83	46.27	68.26	58.22	87.01	28.28	64.01	87.97	12.08	48.01	76.69	42.58	45.71	78.41
45	54.59	10.0	26.91	42.43	14.14	78.1	71.69	28.64	76.94	77.2	58.31	56.14	78.71	55.79	24.08	38.21	32.56	16.49	70.68	76.16	67.68	25.06	50.0	49.4	30.27	48.41	66.03	10.2	38.21	15.23	83.26	63.25	17.89	42.52	51.61	66.12	81.63	27.2	18.44	43.68	76.03	39.7	45.69	56.57	44.0	0.0	80.0	31.62	62.03	26.0	72.8	59.23	37.2	47.54	70.94	58.14	4.0	86.09	44.05	34.06	78.77	49.09	67.21	24.74	75.93	58.6	16.49	77.1	61.47	33.38	64.44	51.24	7.28	57.63	51.26
46	56.32	72.25	86.65	85.09	70.71	4.47	76.03	79.12	61.19	2.83	22.8	68.47	13.42	50.36	85.44	84.97	47.71	65.12	18.0	10.2	70.0	58.14	30.0	34.99	70.34	82.22	50.04	84.9	68.73	93.51	82.87	28.28	97.65	87.73	28.43	52.04	8.49	55.17	78.1	76.24	4.47	86.76	46.39	72.44	64.12	80.0	0.0	110.45	43.17	90.0	22.36	52.95	45.69	36.06	18.97	26.31	83.23	10.77	81.71	79.65	75.66	61.01	18.03	92.46	6.08	73.82	68.0	5.0	71.34	70.61	16.76	64.76	84.6	22.47	67.91
47	84.12	38.21	46.0	48.17	44.72	108.9	84.02	52.35	95.04	107.63	88.09	83.19	107.65	86.16	44.05	44.05	63.78	45.34	99.3	105.6	82.1	56.6	80.62	77.67	57.72	56.14	87.36	25.61	65.51	16.97	94.34	94.87	18.11	46.39	82.07	86.83	111.21	55.61	34.93	68.26	106.3	44.18	76.94	82.61	72.28	31.62	110.45	0.0	93.04	28.07	104.4	89.2	68.82	76.03	102.45	89.64	29.53	115.6	52.04	44.18	92.01	77.88	98.6	24.08	106.78	71.01	47.41	107.17	75.06	60.42	95.48	67.9	30.08	88.39	66.48
48	14.56	59.23	55.17	88.36	48.33	38.83	96.6	46.69	88.41	41.76	39.6	26.08	52.8	8.94	55.17	86.09	36.06	54.33	50.48	48.33	90.35	37.36	33.29	46.65	38.21	89.44	74.4	70.88	32.8	77.25	106.68	15.23	76.16	90.2	34.41	76.03	50.6	50.16	70.46	37.58	42.38	88.09	16.49	30.07	26.08	62.03	43.17	93.04	0.0	82.87	22.0	10.0	28.0	45.65	24.33	21.26	63.56	53.85	86.83	80.1	99.64	21.02	25.63	83.55	37.11	88.6	45.69	44.6	88.24	36.8	30.02	77.83	63.06	31.83	80.32
49	78.03	24.0	52.15	20.88	38.83	89.31	56.14	54.63	67.08	87.2	67.2	81.22	84.85	78.1	49.4	16.49	48.08	28.64	76.37	83.55	54.04	46.04	61.77	55.32	55.79	28.64	60.17	16.12	63.56	18.87	66.75	80.32	30.53	19.7	62.77	59.46	89.2	35.78	12.65	69.57	85.6	17.09	66.48	82.0	68.73	26.0	90.0	28.07	82.87	0.0	88.77	82.02	55.32	54.04	85.91	73.54	27.78	93.38	24.33	16.12	64.07	73.33	81.39	4.0	87.37	43.01	40.45	86.05	47.01	58.94	77.03	40.02	31.06	69.46	38.47
50	36.22	67.23	72.72	89.11	60.83	17.89	88.77	64.5	76.97	21.63	28.64	48.04	34.06	30.27	72.11	87.86	41.18	60.83	34.41	29.73	82.46	48.17	28.28	40.05	55.57	88.2	63.91	79.92	52.0	87.66	97.41	10.0	89.2	91.41	28.07	65.79	30.53	53.14	76.16	58.24	22.8	89.82	30.53	52.04	46.17	72.8	22.36	104.4	22.0	88.77	0.0	32.0	35.61	40.0	4.47	15.23	75.29	33.11	86.58	82.0	90.14	41.98	9.22	90.38	16.64	83.49	58.0	25.0	82.04	55.01	15.52	73.17	75.74	22.02	76.11
51	5.66	58.03	48.41	89.82	45.12	48.66	101.55	40.0	94.85	51.42	47.2	16.12	62.03	4.47	48.83	87.13	37.95	54.15	59.06	57.58	95.41	36.0	39.6	52.5	32.25	91.76	80.72	68.73	25.61	74.22	112.07	24.74	71.69	91.41	41.04	82.22	60.17	51.92	70.03	28.84	51.92	89.11	17.09	20.1	18.44	59.23	52.95	89.2	10.0	82.02	32.0	0.0	29.73	51.22	34.23	29.53	60.17	63.56	88.77	81.22	105.21	12.73	35.17	82.22	46.87	92.57	42.76	54.12	92.66	30.23	39.0	81.84	59.14	39.66	84.1
52	27.78	32.31	41.23	60.53	25.61	42.94	72.8	34.23	68.41	43.08	28.0	36.77	48.37	25.3	39.85	58.14	8.25	26.68	42.0	44.72	66.84	12.81	18.0	26.83	26.0	62.1	54.41	44.72	27.2	52.15	83.74	26.08	53.74	62.29	20.0	55.61	49.48	22.36	42.76	36.06	42.38	60.13	12.65	39.7	26.08	37.2	45.69	68.82	28.0	55.32	35.61	29.73	0.0	25.06	33.94	21.26	39.7	53.85	59.23	52.15	77.16	26.87	30.61	56.32	40.71	63.13	22.8	43.97	63.51	27.17	29.07	52.48	40.31	23.77	54.59
53	50.91	38.47	62.03	50.0	42.19	35.78	50.99	56.57	43.86	33.29	13.42	61.22	31.62	46.86	60.0	49.4	20.4	31.3	23.32	29.73	44.72	32.25	12.65	2.0	49.48	48.37	29.73	50.48	52.0	59.36	61.06	34.93	65.39	52.5	12.17	31.11	35.38	20.59	42.43	60.93	31.62	51.26	35.38	64.4	51.11	47.54	36.06	76.03	45.65	54.04	40.0	51.22	25.06	0.0	36.06	26.68	51.26	39.7	47.07	43.86	54.08	51.4	31.06	56.64	34.01	43.93	40.05	32.02	43.01	51.24	25.32	33.38	53.45	18.03	36.22
54	38.0	64.9	72.47	85.51	59.46	14.56	84.4	64.4	72.5	17.89	24.33	50.04	30.0	32.0	71.69	84.4	38.83	58.31	30.0	25.61	78.1	46.69	24.74	36.0	55.46	84.38	59.46	77.67	52.5	85.6	92.97	10.2	87.68	87.86	24.33	61.35	26.83	50.16	73.35	59.23	18.87	86.35	30.46	54.04	47.07	70.94	18.97	102.45	24.33	85.91	4.47	34.23	33.94	36.06	0.0	12.81	73.59	29.73	82.87	78.59	85.7	43.29	5.0	87.66	13.0	79.31	56.64	21.1	77.78	55.15	11.18	69.07	74.25	18.03	72.03
55	31.62	52.15	60.93	74.43	46.86	22.8	77.25	53.14	67.68	24.08	18.44	43.68	32.98	26.0	59.93	72.99	26.08	45.65	29.53	28.64	70.94	34.06	14.14	27.2	44.27	74.0	53.85	64.9	42.43	72.8	86.76	8.25	74.97	76.66	14.56	55.57	32.06	37.95	60.93	50.04	24.0	74.97	20.1	47.54	38.0	58.14	26.31	89.64	21.26	73.54	15.23	29.53	21.26	26.68	12.81	0.0	60.83	36.0	72.11	67.08	79.61	35.36	9.43	75.15	20.62	70.61	44.05	26.02	69.64	44.38	10.05	60.02	61.55	10.63	62.8
56	55.32	14.0	24.41	45.34	15.23	81.22	75.39	27.2	80.89	80.45	61.77	56.0	82.29	56.92	21.63	41.04	35.61	20.4	74.32	79.65	71.47	27.2	53.25	53.14	30.0	51.61	70.03	11.66	38.0	14.14	86.93	65.6	14.42	45.25	54.92	70.11	85.09	31.05	21.63	42.76	79.32	42.43	47.41	56.14	44.18	4.0	83.23	29.53	63.56	27.78	75.29	60.17	39.7	51.26	73.59	60.83	0.0	89.55	47.2	37.2	82.54	49.5	70.01	26.0	79.03	62.24	17.89	80.45	65.19	33.02	67.48	55.08	3.61	60.8	55.03
57	66.75	77.67	95.08	86.09	78.0	15.23	72.44	87.86	56.04	12.17	27.78	78.92	8.94	60.83	93.68	86.53	54.63	70.46	17.2	10.0	66.75	65.79	36.77	38.21	79.25	82.29	46.69	90.0	78.23	98.81	78.03	38.83	103.94	88.84	34.93	48.66	4.47	60.0	82.07	86.02	12.0	88.2	56.04	82.87	74.0	86.09	10.77	115.6	53.85	93.38	33.11	63.56	53.85	39.7	29.73	36.0	89.55	0.0	82.37	81.61	71.0	71.18	28.44	96.17	16.76	72.12	75.39	10.05	69.12	79.76	26.02	64.08	91.24	30.08	67.23
58	86.02	36.88	70.77	4.47	52.8	82.22	32.0	70.94	44.94	79.12	60.17	92.2	73.43	84.4	67.94	8.0	50.99	36.72	65.3	73.35	30.59	54.63	58.31	47.54	69.34	4.47	41.23	36.72	76.16	42.38	42.43	80.02	53.85	7.21	58.55	40.0	78.71	36.88	25.61	83.76	77.25	8.25	71.81	93.91	79.62	44.05	81.71	52.04	86.83	24.33	86.58	88.77	59.23	47.07	82.87	72.11	47.2	82.37	0.0	10.0	40.01	83.01	77.93	28.28	80.65	19.24	53.25	77.08	23.54	72.4	72.37	19.85	50.8	64.94	17.2
59	78.1	27.2	60.83	8.94	43.27	79.62	40.45	61.22	50.99	76.94	57.27	83.57	72.8	76.94	58.0	6.0	44.05	27.86	64.4	72.11	38.0	46.17	53.85	44.72	60.03	14.42	44.72	26.83	67.08	32.98	51.42	74.67	44.27	10.2	54.41	43.86	77.67	30.0	15.62	74.43	75.18	8.0	64.5	85.09	70.94	34.06	79.65	44.18	80.1	16.12	82.0	81.22	52.15	43.86	78.59	67.08	37.2	81.61	10.0	0.0	48.26	74.63	73.76	20.1	77.88	27.17	43.91	75.29	31.02	63.13	68.62	24.04	40.8	61.03	22.36
60	104.48	69.46	103.31	44.1	82.86	78.26	8.06	101.02	15.13	73.98	61.85	113.9	63.13	100.8	100.62	48.01	70.01	65.76	57.87	65.49	11.18	79.03	66.37	53.0	96.61	36.12	26.25	73.98	101.53	81.05	7.28	87.66	91.98	46.27	65.37	24.35	69.12	59.41	61.85	110.26	72.01	48.09	88.87	116.67	102.55	78.77	75.66	92.01	99.64	64.07	90.14	105.21	77.16	54.08	85.7	79.61	82.54	71.0	40.01	48.26	0.0	104.0	80.99	68.07	77.67	21.1	82.15	70.71	17.46	99.2	74.67	27.73	86.03	69.35	27.51
61	7.07	49.5	35.81	83.49	35.01	57.01	99.49	27.46	95.13	59.08	50.7	9.9	68.25	12.08	36.36	80.36	34.21	46.84	63.89	63.95	93.61	28.46	41.59	53.01	20.25	86.41	81.06	59.01	13.04	63.64	110.54	33.14	60.08	84.77	43.38	82.33	67.36	47.01	61.98	16.55	59.21	82.28	16.55	13.04	5.83	49.09	61.01	77.88	21.02	73.33	41.98	12.73	26.87	51.4	43.29	35.36	49.5	71.18	83.01	74.63	104.0	0.0	43.0	73.06	55.0	89.31	33.02	61.29	90.0	17.89	45.4	78.82	48.05	43.97	80.71
62	38.33	60.8	70.26	80.6	56.22	14.04	79.56	62.39	67.98	16.28	19.42	50.49	27.29	32.39	69.32	79.56	34.83	54.08	26.17	22.83	73.25	43.42	19.92	31.0	53.49	79.4	54.78	73.6	51.2	81.69	88.26	10.44	84.22	82.98	19.42	56.65	25.0	45.62	68.88	58.42	16.76	81.49	28.86	54.45	46.27	67.21	18.03	98.6	25.63	81.39	9.22	35.17	30.61	31.06	5.0	9.43	70.01	28.44	77.93	73.76	80.99	43.0	0.0	83.24	12.0	74.33	53.41	18.97	72.84	53.45	6.32	64.07	70.84	13.04	67.03
