vehicles
vehicle_idx, capacity, cost_per_unit_distance
1,100,1
2,100,1
3,100,1
4,100,1
5,100,1
6,100,1
7,100,1
8,100,1
depot
node_idx,x,y
0,2,48
home delivery customers
node_idx,x,y,service_time,demand
1,64,71,15,26
2,7,1,15,9
3,4,24,15,16
4,82,56,15,7
5,1,85,15,23
6,50,70,15,3
7,14,41,15,7
8,94,73,15,1
9,74,94,15,22
10,68,52,15,6
11,73,22,15,11
12,92,96,15,12
13,24,10,15,14
14,52,72,15,14
15,61,46,15,2
16,90,15,15,20
17,58,41,15,2
18,93,41,15,18
19,13,87,15,18
20,34,68,15,4
21,35,20,15,26
22,28,93,15,10
23,56,84,15,21
24,30,53,15,24
25,85,49,15,19
26,85,2,15,12
27,0,30,15,16
28,12,71,15,6
29,26,55,15,2
30,72,75,15,2
31,71,21,15,2
32,33,49,15,23
33,51,2,15,16
34,93,7,15,26
35,70,22,15,21
36,54,53,15,2
37,26,17,15,7
self pickup customers
node_idx,x,y,service_time,demand,locker_idxs
38,33,83,15,18,63-67-70-73-64-69
39,77,89,15,16,64-72-69
40,96,61,15,8,64-66-72-69
41,53,55,15,7,68-67-70-73-71-64-69-72-66
42,38,10,15,11,65-71-68
43,7,40,15,4,65-68-71-67-73
44,30,56,15,6,63-69-70-73-67-71-68
45,5,49,15,22,65-68-71-67-70-73
46,94,4,15,4,62
47,35,69,15,20,63-70-67-73-64-71-69-72
48,23,96,15,2,63-70-67-73
49,96,88,15,12,72-64
50,4,48,15,2,73-67-68-65
51,38,9,15,9,65-68-71
52,84,97,15,16,64-72
53,96,79,15,3,64-72-66
54,73,87,15,23,64-70-72-66-69
55,68,99,15,24,70-64-72
flexible customers
node_idx,x,y,service_time,demand,locker_idxs
56,73,68,15,9,66-72-64-69-73
57,38,62,15,1,68-72-64-71-63-69-70-67-73
58,42,53,15,2,63-70-72-66-73-67-69-71-68
59,8,74,15,19,73-67-70-63
60,21,1,15,16,65-68-71
61,55,94,15,9,64-72-63-70-69-73-67
lockers
node_idx,x,y,service_time,capacity,cost_per_unit_good
62,93,12,10,78,100
63,22,88,10,74,100
64,65,88,10,94,100
65,25,15,10,72,100
66,81,47,10,89,100
67,28,68,10,93,100
68,24,28,10,94,100
69,55,59,10,73,100
70,33,79,10,72,100
71,42,32,10,84,100
72,73,65,10,93,100
73,35,69,10,81,100
mrt lines
start_node_idx,end_node_idx,freight_capacity,cost_per_unit_good
62,63,78,1
63,62,78,1
64,65,94,1
65,64,94,1
distance matrix
,0,1,2,3,4,5,6,7,8,9,10,11,12,13,14,15,16,17,18,19,20,21,22,23,24,25,26,27,28,29,30,31,32,33,34,35,36,37,38,39,40,41,42,43,44,45,46,47,48,49,50,51,52,53,54,55,56,57,58,59,60,61,62,63,64,65,66,67,68,69,70,71,72,73,
0,0.0,66.13,47.27,24.08,80.4,37.01,52.8,13.89,95.34,85.44,66.12,75.61,102.0,43.91,55.46,59.03,93.98,56.44,91.27,40.52,37.74,43.28,51.97,64.9,28.44,83.01,94.89,18.11,25.08,25.0,75.03,74.09,31.02,67.21,99.81,72.8,52.24,39.2,46.75,85.48,94.89,51.48,52.35,9.43,29.12,3.16,101.98,39.12,52.39,102.16,2.0,53.08,95.52,98.98,81.01,83.41,73.76,38.63,40.31,26.68,50.7,70.18,97.86,44.72,74.63,40.22,79.01,32.8,29.73,54.13,43.84,43.08,73.01,39.12
1,66.13,0.0,90.27,76.22,23.43,64.54,14.04,58.31,30.07,25.08,19.42,49.82,37.54,72.95,12.04,25.18,61.74,30.59,41.73,53.45,30.15,58.67,42.19,15.26,38.47,30.41,72.12,76.01,52.0,41.23,8.94,50.49,38.01,70.21,70.26,49.37,20.59,66.03,33.24,22.2,33.53,19.42,66.31,64.88,37.16,62.97,73.41,29.07,48.02,36.24,64.26,67.23,32.8,32.98,18.36,28.28,9.49,27.51,28.43,56.08,82.15,24.7,65.74,45.31,17.03,68.24,29.41,36.12,58.73,15.0,32.02,44.78,10.82,29.07
2,47.27,90.27,0.0,23.19,93.01,84.21,81.3,40.61,112.93,114.62,79.51,69.26,127.48,19.24,84.06,70.29,84.17,64.82,94.85,86.21,72.24,33.84,94.37,96.38,56.86,91.59,78.01,29.83,70.18,57.25,98.49,67.05,54.59,44.01,86.21,66.41,70.09,24.84,86.02,112.45,107.34,70.94,32.28,39.0,59.62,48.04,87.05,73.54,96.34,124.46,47.1,32.02,123.07,118.34,108.41,115.43,94.05,68.43,62.68,73.01,14.0,104.66,86.7,88.28,104.56,22.8,87.13,70.21,31.91,75.29,82.22,46.75,91.93,73.54
3,24.08,76.22,23.19,0.0,84.31,61.07,65.05,19.72,102.47,98.99,69.86,69.03,113.7,24.41,67.88,61.1,86.47,56.61,90.61,63.64,53.25,31.26,73.05,79.4,38.95,84.77,83.93,7.21,47.68,38.01,85.0,67.07,38.29,51.89,90.61,66.03,57.8,23.09,65.74,97.74,99.16,57.98,36.77,16.28,41.23,25.02,92.2,54.64,74.46,112.07,24.0,37.16,108.3,107.19,93.43,98.6,81.84,50.99,47.8,50.16,28.6,86.61,89.81,66.48,88.41,22.85,80.36,50.12,20.4,61.85,62.18,38.83,80.26,54.64
4,80.4,23.43,93.01,84.31,0.0,86.03,34.93,69.63,20.81,38.83,14.56,35.17,41.23,74.03,34.0,23.26,41.77,28.3,18.6,75.64,49.48,59.2,65.46,38.21,52.09,7.62,54.08,86.02,71.59,56.01,21.47,36.69,49.5,62.27,50.22,36.06,28.16,68.24,55.95,33.38,14.87,29.02,63.66,76.69,52.0,77.32,53.37,48.76,71.28,34.93,78.41,64.38,41.05,26.93,32.28,45.22,15.0,44.41,40.11,76.16,82.13,46.62,45.35,68.0,36.24,70.21,9.06,55.32,64.4,27.17,54.13,46.65,12.73,48.76
5,37.01,64.54,84.21,61.07,86.03,0.0,51.24,45.88,93.77,73.55,74.69,95.67,91.66,78.45,52.63,71.56,113.23,72.01,101.98,12.17,37.12,73.36,28.16,55.01,43.19,91.39,118.09,55.01,17.8,39.05,71.7,94.85,48.17,96.9,120.62,93.43,61.91,72.45,32.06,76.11,97.98,60.03,83.63,45.4,41.01,36.22,123.33,37.58,24.6,95.05,37.12,84.53,83.86,95.19,72.03,68.45,73.98,43.57,52.01,13.04,86.35,54.74,117.44,21.21,64.07,74.0,88.57,31.91,61.47,59.93,32.56,67.01,74.73,37.58
6,52.8,14.04,81.3,65.05,34.93,51.24,0.0,46.23,44.1,33.94,25.46,53.23,49.4,65.39,2.83,26.4,68.01,30.08,51.87,40.72,16.12,52.2,31.83,15.23,26.25,40.82,76.48,64.03,38.01,28.3,22.56,53.31,27.02,68.01,76.28,52.0,17.46,58.18,21.4,33.02,46.87,15.3,61.19,52.43,24.41,49.66,79.32,15.03,37.48,49.4,50.99,62.17,43.42,46.87,28.6,34.13,23.09,14.42,18.79,42.19,74.85,24.52,72.2,33.29,23.43,60.42,38.6,22.09,49.4,12.08,19.24,38.83,23.54,15.03
7,13.89,58.31,40.61,19.72,69.63,45.88,46.23,0.0,86.16,80.06,55.11,61.98,95.44,32.57,49.04,47.27,80.32,44.0,79.0,46.01,33.6,29.7,53.85,60.11,20.0,71.45,81.01,17.8,30.07,18.44,67.23,60.41,20.62,53.76,86.01,59.14,41.76,26.83,46.1,79.2,84.4,41.44,39.2,7.07,21.93,12.04,88.14,35.0,55.73,94.51,12.21,40.0,89.64,90.38,74.81,79.25,64.88,31.89,30.46,33.54,40.61,67.01,84.15,47.68,69.35,28.23,67.27,30.41,16.4,44.78,42.49,29.41,63.69,35.0
8,95.34,30.07,112.93,102.47,20.81,93.77,44.1,86.16,0.0,29.0,33.42,55.15,23.09,94.18,42.01,42.64,58.14,48.17,32.02,82.2,60.21,79.31,68.96,39.56,67.05,25.63,71.57,103.37,82.02,70.34,22.09,56.86,65.55,83.01,66.01,56.36,44.72,88.09,61.81,23.35,12.17,44.78,84.29,93.05,66.22,92.18,69.0,59.14,74.63,15.13,93.41,85.04,26.0,6.32,25.24,36.77,21.59,57.07,55.71,86.01,102.53,44.29,61.01,73.55,32.65,90.14,29.07,66.19,83.22,41.44,61.29,66.22,22.47,59.14
9,85.44,25.08,114.62,98.99,38.83,73.55,33.94,80.06,29.0,0.0,42.43,72.01,18.11,97.75,31.11,49.73,80.6,55.36,56.3,61.4,47.71,83.65,46.01,20.59,60.14,46.32,92.66,97.84,66.13,61.85,19.1,73.06,60.88,94.83,89.05,72.11,45.62,90.74,42.45,5.83,39.66,44.29,91.39,86.05,58.14,82.38,92.2,46.32,51.04,22.8,83.76,92.31,10.44,26.63,7.07,7.81,26.02,48.17,52.01,68.96,107.04,19.0,84.17,52.35,10.82,92.96,47.52,52.84,82.8,39.82,43.66,69.77,29.02,46.32
10,66.12,19.42,79.51,69.86,14.56,74.69,25.46,55.11,33.42,42.43,0.0,30.41,50.12,60.83,25.61,9.22,43.05,14.87,27.31,65.19,37.58,45.97,57.28,34.18,38.01,17.26,52.81,71.47,59.14,42.11,23.35,31.14,35.13,52.81,51.48,30.07,14.04,54.67,46.75,38.08,29.41,15.3,51.61,62.17,38.21,63.07,54.59,37.12,62.94,45.61,64.12,52.43,47.76,38.9,35.36,47.0,16.76,31.62,26.02,63.91,69.35,43.97,47.17,58.41,36.12,56.73,13.93,43.08,50.12,14.76,44.2,32.8,13.93,37.12
11,75.61,49.82,69.26,69.03,35.17,95.67,53.23,61.98,55.15,72.01,30.41,0.0,76.4,50.45,54.23,26.83,18.38,24.21,27.59,88.46,60.31,38.05,84.06,64.29,53.01,29.55,23.32,73.44,78.24,57.43,53.01,2.24,48.26,29.73,25.0,3.0,36.36,47.27,72.95,67.12,45.28,38.59,37.0,68.41,54.82,73.16,27.66,60.44,89.31,69.89,73.74,37.34,75.8,61.47,65.0,77.16,46.0,53.15,43.84,83.24,56.08,74.22,22.36,83.41,66.48,48.51,26.25,64.35,49.37,41.15,69.63,32.57,43.0,60.44
12,102.0,37.54,127.48,113.7,41.23,91.66,49.4,95.44,23.09,18.11,50.12,76.4,0.0,109.64,46.65,58.83,81.02,64.66,55.01,79.51,64.4,95.0,64.07,37.95,75.45,47.52,94.26,113.23,83.82,77.7,29.0,77.88,75.43,102.55,89.01,77.2,57.38,102.94,60.42,16.55,35.23,56.59,101.55,101.79,73.78,98.88,92.02,63.07,69.0,8.94,100.24,102.4,8.06,17.46,21.02,24.19,33.84,63.81,65.95,86.83,118.6,37.05,84.01,70.46,28.16,105.12,50.22,69.86,96.17,52.33,61.4,81.22,36.36,63.07
13,43.91,72.95,19.24,24.41,74.03,78.45,65.39,32.57,94.18,97.75,60.83,50.45,109.64,0.0,68.03,51.62,66.19,46.01,75.64,77.78,58.86,14.87,83.1,80.62,43.42,72.4,61.52,31.24,62.17,45.04,80.8,48.27,40.02,28.16,69.07,47.54,52.43,7.28,73.55,95.13,88.23,53.54,14.0,34.48,46.39,43.38,70.26,60.02,86.01,106.15,42.94,14.04,105.68,99.72,91.27,99.28,75.93,53.85,46.62,65.97,9.49,89.54,69.03,78.03,88.12,5.1,67.96,58.14,18.0,57.98,69.58,28.43,73.66,60.02
14,55.46,12.04,84.06,67.88,34.0,52.63,2.83,49.04,42.01,31.11,25.61,54.23,46.65,68.03,0.0,27.51,68.51,31.58,51.4,41.79,18.44,54.71,31.89,12.65,29.07,40.22,77.39,66.84,40.01,31.06,20.22,54.42,29.83,70.01,76.85,53.14,19.1,60.84,21.95,30.23,45.35,17.03,63.56,55.22,27.2,52.33,79.92,17.26,37.64,46.82,53.67,64.54,40.61,44.55,25.81,31.38,21.38,17.2,21.47,44.05,77.47,22.2,72.67,34.0,20.62,63.07,38.29,24.33,52.15,13.34,20.25,41.23,22.14,17.26
15,59.03,25.18,70.29,61.1,23.26,71.56,26.4,47.27,42.64,49.73,9.22,26.83,58.83,51.62,27.51,0.0,42.45,5.83,32.39,63.13,34.83,36.77,57.43,38.33,31.78,24.19,50.12,63.06,55.01,36.14,31.02,26.93,28.16,45.12,50.45,25.63,9.9,45.45,46.4,45.88,38.08,12.04,42.72,54.33,32.57,56.08,53.41,34.71,62.8,54.67,57.04,43.57,55.95,48.1,42.72,53.46,25.06,28.02,20.25,59.94,60.21,48.37,46.69,57.31,42.19,47.51,20.02,39.66,41.15,14.32,43.28,23.6,22.47,34.71
16,93.98,61.74,84.17,86.47,41.77,113.23,68.01,80.32,58.14,80.6,43.05,18.38,81.02,66.19,68.51,42.45,0.0,41.23,26.17,105.42,77.1,55.23,99.64,76.92,71.02,34.37,13.93,91.24,96.02,75.47,62.64,19.92,66.37,41.11,8.54,21.19,52.35,64.03,88.73,75.13,46.39,54.49,52.24,86.68,72.67,91.55,11.7,77.08,105.12,73.25,92.11,52.35,82.22,64.28,73.98,86.83,55.66,70.09,61.22,101.02,70.41,86.41,4.24,99.76,77.16,65.0,33.24,81.57,67.27,56.22,85.7,50.92,52.81,77.08
17,56.44,30.59,64.82,56.61,28.3,72.01,30.08,44.0,48.17,55.36,14.87,24.21,64.66,46.01,31.58,5.83,41.23,0.0,35.0,64.35,36.12,31.14,60.03,43.05,30.46,28.16,47.43,59.03,54.92,34.93,36.77,23.85,26.25,39.62,48.8,22.47,12.65,40.0,48.88,51.62,42.94,14.87,36.89,51.01,31.76,53.6,51.62,36.24,65.19,60.44,54.45,37.74,61.74,53.74,48.38,58.86,30.89,29.0,20.0,59.91,54.49,53.08,45.45,59.2,47.52,42.01,23.77,40.36,36.4,18.25,45.49,18.36,28.3,36.24
18,91.27,41.73,94.85,90.61,18.6,101.98,51.87,79.0,32.02,56.3,27.31,27.59,55.01,75.64,51.4,32.39,26.17,35.0,0.0,92.28,64.88,61.68,83.24,56.73,64.13,11.31,39.81,93.65,86.38,68.45,39.96,29.73,60.53,57.31,34.0,29.83,40.8,71.17,73.24,50.6,20.22,42.38,63.13,86.01,64.76,88.36,37.01,64.4,89.02,47.1,89.27,63.63,56.72,38.12,50.16,63.16,33.6,58.87,52.39,91.18,82.37,65.22,29.0,85.15,54.71,72.8,13.42,70.38,70.21,42.05,71.02,51.79,31.24,64.4
19,40.52,53.45,86.21,63.64,75.64,12.17,40.72,46.01,82.2,61.4,65.19,88.46,79.51,77.78,41.79,63.13,105.42,64.35,92.28,0.0,28.32,70.52,16.16,43.1,38.01,81.41,111.4,58.46,16.03,34.54,60.21,87.86,42.94,93.11,113.14,86.45,53.26,71.2,20.4,64.03,86.98,51.22,80.96,47.38,35.36,38.83,115.97,28.43,13.45,83.01,40.02,81.91,71.7,83.38,60.0,56.29,62.94,35.36,44.69,13.93,86.37,42.58,109.66,9.06,52.01,72.99,78.89,24.21,60.02,50.48,21.54,62.18,63.91,28.43
20,37.74,30.15,72.24,53.25,49.48,37.12,16.12,33.6,60.21,47.71,37.58,60.31,64.4,58.86,18.44,34.83,77.1,36.12,64.88,28.32,0.0,48.01,25.71,27.2,15.52,54.42,83.41,50.99,22.2,15.26,38.64,59.82,19.03,68.15,84.86,58.41,25.0,51.62,15.03,47.85,62.39,23.02,58.14,38.9,12.65,34.67,87.73,1.41,30.08,65.15,36.06,59.14,57.8,62.97,43.38,46.01,39.0,7.21,17.0,26.68,68.25,33.42,81.34,23.32,36.89,53.76,51.48,6.0,41.23,22.85,11.05,36.88,39.12,1.41
21,43.28,58.67,33.84,31.26,59.2,73.36,52.2,29.7,79.31,83.65,45.97,38.05,95.0,14.87,54.71,36.77,55.23,31.14,61.68,70.52,48.01,0.0,73.33,67.36,33.38,57.8,53.14,36.4,55.95,36.14,66.29,36.01,29.07,24.08,59.44,35.06,38.08,9.49,63.03,80.78,73.5,39.36,10.44,34.41,36.35,41.73,61.13,49.0,76.94,91.35,41.77,11.4,91.27,84.86,77.03,85.62,61.22,42.11,33.73,60.37,23.6,76.66,58.55,69.23,74.32,11.18,53.34,48.51,13.6,43.83,59.03,13.89,58.9,49.0
22,51.97,42.19,94.37,73.05,65.46,28.16,31.83,53.85,68.96,46.01,57.28,84.06,64.07,83.1,31.89,57.43,99.64,60.03,83.24,16.16,25.71,73.33,0.0,29.41,40.05,72.01,107.38,68.94,27.2,38.05,47.54,83.86,44.28,93.86,107.8,82.49,47.71,76.03,11.18,49.16,75.15,45.49,83.6,57.01,37.05,49.65,110.8,25.0,5.83,68.18,51.0,84.59,56.14,69.43,45.4,40.45,51.48,32.57,42.38,27.59,92.27,27.02,103.86,7.81,37.34,78.06,70.18,25.0,65.12,43.42,14.87,62.59,53.0,25.0
23,64.9,15.26,96.38,79.4,38.21,55.01,15.23,60.11,39.56,20.59,34.18,64.29,37.95,80.62,12.65,38.33,76.92,43.05,56.73,43.1,27.2,67.36,29.41,0.0,40.46,45.45,86.98,77.79,45.88,41.73,18.36,64.76,41.88,82.15,85.43,63.56,31.06,73.41,23.02,21.59,46.14,29.15,76.16,65.86,38.21,61.85,88.57,25.81,35.11,40.2,63.25,77.13,30.87,40.31,17.26,19.21,23.35,28.43,34.01,49.03,90.08,10.05,80.95,34.23,9.85,75.64,44.65,32.25,64.5,25.02,23.54,53.85,25.5,25.81
24,28.44,38.47,56.86,38.95,52.09,43.19,26.25,20.0,67.05,60.14,38.01,53.01,75.45,43.42,29.07,31.78,71.02,30.46,64.13,38.01,15.52,33.38,40.05,40.46,0.0,55.15,75.01,37.8,25.46,4.47,47.41,52.01,5.0,55.15,78.01,50.61,24.0,36.22,30.15,59.2,66.48,23.09,43.74,26.42,3.0,25.32,80.6,16.76,43.57,74.71,26.48,44.72,69.66,70.94,54.82,59.67,45.54,12.04,12.0,30.41,52.77,48.02,75.17,35.9,49.5,38.33,51.35,15.13,25.71,25.71,26.17,24.19,44.64,16.76
25,83.01,30.41,91.59,84.77,7.62,91.39,40.82,71.45,25.63,46.32,17.26,29.55,47.52,72.4,40.22,24.19,34.37,28.16,11.31,81.41,54.42,57.8,72.01,45.45,55.15,0.0,47.0,87.1,76.24,59.3,29.07,31.3,52.0,58.01,42.76,30.89,31.26,67.12,62.13,40.79,16.28,32.56,61.07,78.52,55.44,80.0,45.89,53.85,77.8,40.52,81.01,61.72,48.01,31.95,39.85,52.81,22.47,48.76,43.19,80.96,80.0,54.08,37.85,74.09,43.83,68.96,4.47,60.08,64.51,31.62,60.03,46.24,20.0,53.85
26,94.89,72.12,78.01,83.93,54.08,118.09,76.48,81.01,71.57,92.66,52.81,23.32,94.26,61.52,77.39,50.12,13.93,47.43,39.81,111.4,83.41,53.14,107.38,86.98,75.01,47.0,0.0,89.49,100.45,79.31,74.15,23.6,70.09,34.0,9.43,25.0,59.68,60.88,96.25,87.37,60.02,61.91,47.68,86.76,77.08,92.78,9.22,83.6,112.61,86.7,93.15,47.52,95.01,77.78,85.84,98.48,67.08,76.22,66.71,105.42,64.01,96.77,12.81,106.61,88.29,61.39,45.18,87.21,66.31,64.41,92.91,52.43,64.13,83.6
27,18.11,76.01,29.83,7.21,86.02,55.01,64.03,17.8,103.37,97.84,71.47,73.44,113.23,31.24,66.84,63.06,91.24,59.03,93.65,58.46,50.99,36.4,68.94,77.79,37.8,87.1,89.49,0.0,42.72,36.07,84.91,71.57,38.08,58.18,95.8,70.46,58.69,29.07,62.43,97.01,100.88,58.6,42.94,12.21,39.7,19.65,97.53,52.4,69.89,112.16,18.44,43.42,107.45,107.78,92.62,96.88,82.3,49.68,47.89,44.72,35.81,84.39,94.73,62.03,87.11,29.15,82.76,47.2,24.08,62.18,59.08,42.05,80.96,52.4
28,25.08,52.0,70.18,47.68,71.59,17.8,38.01,30.07,82.02,66.13,59.14,78.24,83.82,62.17,40.01,55.01,96.02,54.92,86.38,16.03,22.2,55.95,27.2,45.88,25.46,76.24,100.45,42.72,0.0,21.26,60.13,77.34,30.41,79.26,103.23,75.93,45.69,55.79,24.19,67.45,84.59,44.01,66.31,31.4,23.43,23.09,105.89,23.09,27.31,85.7,24.35,67.23,76.55,84.38,63.06,62.61,61.07,27.51,34.99,5.0,70.58,48.76,100.21,19.72,55.66,57.49,73.05,16.28,44.64,44.64,22.47,49.2,61.29,23.09
29,25.0,41.23,57.25,38.01,56.01,39.05,28.3,18.44,70.34,61.85,42.11,57.43,77.7,45.04,31.06,36.14,75.47,34.93,68.45,34.54,15.26,36.14,38.05,41.73,4.47,59.3,79.31,36.07,21.26,0.0,50.16,56.4,9.22,58.6,82.42,55.0,28.07,38.0,28.86,61.29,70.26,27.0,46.57,24.21,4.12,21.84,85.0,16.64,41.11,77.39,23.09,47.54,71.61,74.0,56.86,60.83,48.76,13.89,16.12,26.17,54.23,48.6,79.61,33.24,51.09,40.01,55.58,13.15,27.07,29.27,25.0,28.02,48.05,16.64
30,75.03,8.94,98.49,85.0,21.47,71.7,22.56,67.23,22.09,19.1,23.35,53.01,29.0,80.8,20.22,31.02,62.64,36.77,39.96,60.21,38.64,66.29,47.54,18.36,47.41,29.07,74.15,84.91,60.13,50.16,0.0,54.01,46.87,75.96,71.17,53.04,28.43,74.03,39.81,14.87,27.78,27.59,73.36,73.82,46.1,71.87,74.33,37.48,53.31,27.29,73.16,74.24,25.06,24.33,12.04,24.33,7.07,36.4,37.2,64.01,89.87,25.5,66.41,51.66,14.76,76.22,29.41,44.55,67.18,23.35,39.2,52.43,10.05,37.48
31,74.09,50.49,67.05,67.07,36.69,94.85,53.31,60.41,56.86,73.06,31.14,2.24,77.88,48.27,54.42,26.93,19.92,23.85,29.73,87.86,59.82,36.01,83.86,64.76,52.01,31.3,23.6,71.57,77.34,56.4,54.01,0.0,47.2,27.59,26.08,1.41,36.24,45.18,72.72,68.26,47.17,38.47,34.79,66.76,53.91,71.69,28.6,60.0,89.04,71.51,72.24,35.11,77.1,63.16,66.03,78.06,47.04,52.63,43.19,82.33,53.85,74.73,23.77,83.01,67.27,46.39,27.86,63.7,47.52,41.23,69.34,31.02,44.05,60.0
32,31.02,38.01,54.59,38.29,49.5,48.17,27.02,20.62,65.55,60.88,35.13,48.26,75.43,40.02,29.83,28.16,66.37,26.25,60.53,42.94,19.03,29.07,44.28,41.88,5.0,52.0,70.09,38.08,30.41,9.22,46.87,47.2,0.0,50.33,73.24,45.8,21.38,32.76,34.0,59.46,64.13,20.88,39.32,27.51,7.62,28.0,75.8,20.1,48.05,74.09,29.02,40.31,70.04,69.78,55.17,61.03,44.28,13.93,9.85,35.36,49.48,50.09,70.49,40.52,50.45,34.93,48.04,19.65,22.85,24.17,30.0,19.24,43.08,20.1
33,67.21,70.21,44.01,51.89,62.27,96.9,68.01,53.76,83.01,94.83,52.81,29.73,102.55,28.16,70.01,45.12,41.11,39.62,57.31,93.11,68.15,24.08,93.86,82.15,55.15,58.01,34.0,58.18,79.26,58.6,75.96,27.59,50.33,0.0,42.3,27.59,51.09,29.15,82.98,90.8,74.2,53.04,15.26,58.14,57.94,65.76,43.05,68.88,98.08,97.06,65.76,14.76,100.57,89.19,87.8,98.48,69.57,61.39,51.79,83.86,30.02,92.09,43.17,90.76,87.13,29.07,54.08,69.89,37.48,57.14,79.08,31.32,66.73,68.88
34,99.81,70.26,86.21,90.61,50.22,120.62,76.28,86.01,66.01,89.05,51.48,25.0,89.01,69.07,76.85,50.45,8.54,48.8,34.0,113.14,84.86,59.44,107.8,85.43,78.01,42.76,9.43,95.8,103.23,82.42,71.17,26.08,73.24,42.3,0.0,27.46,60.31,67.74,96.83,83.55,54.08,62.48,55.08,92.11,79.81,97.51,3.16,84.9,113.23,81.06,97.99,55.04,90.45,72.06,82.46,95.34,64.2,77.78,68.68,108.23,72.25,94.94,5.0,107.71,85.7,68.47,41.76,89.14,72.12,64.4,93.72,56.8,61.35,84.9
35,72.8,49.37,66.41,66.03,36.06,93.43,52.0,59.14,56.36,72.11,30.07,3.0,77.2,47.54,53.14,25.63,21.19,22.47,29.83,86.45,58.41,35.06,82.49,63.56,50.61,30.89,25.0,70.46,75.93,55.0,53.04,1.41,45.8,27.59,27.46,0.0,34.89,44.28,71.34,67.36,46.87,37.12,34.18,65.52,52.5,70.38,30.0,58.6,87.66,70.94,70.94,34.54,76.3,62.65,65.07,77.03,46.1,51.22,41.77,80.92,53.31,73.55,25.08,81.61,66.19,45.54,27.31,62.29,46.39,39.92,67.96,29.73,43.1,58.6
36,52.24,20.59,70.09,57.8,28.16,61.91,17.46,41.76,44.72,45.62,14.04,36.36,57.38,52.43,19.1,9.9,52.35,12.65,40.8,53.26,25.0,38.08,47.71,31.06,24.0,31.26,59.68,58.69,45.69,28.07,28.43,36.24,21.38,51.09,60.31,34.89,0.0,45.61,36.62,42.72,42.76,2.24,45.88,48.76,24.19,49.16,63.25,24.84,53.01,54.67,50.25,46.82,53.25,49.4,38.95,48.08,24.21,18.36,12.0,50.57,61.59,41.01,56.59,47.42,36.69,47.8,27.66,30.02,39.05,6.08,33.42,24.19,22.47,24.84
37,39.2,66.03,24.84,23.09,68.24,72.45,58.18,26.83,88.09,90.74,54.67,47.27,102.94,7.28,60.84,45.45,64.03,40.0,71.17,71.2,51.62,9.49,76.03,73.41,36.22,67.12,60.88,29.07,55.79,38.0,74.03,45.18,32.76,29.15,67.74,44.28,45.61,0.0,66.37,88.23,82.68,46.62,13.89,29.83,39.2,38.28,69.23,52.77,79.06,99.7,38.01,14.42,98.81,93.51,84.31,92.13,69.35,46.57,39.4,59.77,16.76,82.28,67.19,71.11,81.01,2.24,62.65,51.04,11.18,51.04,62.39,21.93,67.18,52.77
38,46.75,33.24,86.02,65.74,55.95,32.06,21.4,46.1,61.81,42.45,46.75,72.95,60.42,73.55,21.95,46.4,88.73,48.88,73.24,20.4,15.03,63.03,11.18,23.02,30.15,62.13,96.25,62.43,24.19,28.86,39.81,72.72,34.0,82.98,96.83,71.34,36.62,66.37,0.0,44.41,66.73,34.41,73.17,50.25,27.17,44.05,99.81,14.14,16.4,63.2,45.45,74.17,52.89,63.13,40.2,38.48,42.72,21.59,31.32,26.57,82.87,24.6,92.96,12.08,32.39,68.47,60.0,15.81,55.73,32.56,4.0,51.79,43.86,14.14
39,85.48,22.2,112.45,97.74,33.38,76.11,33.02,79.2,23.35,5.83,38.08,67.12,16.55,95.13,30.23,45.88,75.13,51.62,50.6,64.03,47.85,80.78,49.16,21.59,59.2,40.79,87.37,97.01,67.45,61.29,14.87,68.26,59.46,90.8,83.55,67.36,42.72,88.23,44.41,0.0,33.84,41.62,88.1,85.45,57.43,82.37,86.68,46.52,54.45,19.03,83.73,89.0,10.63,21.47,4.47,13.45,21.38,47.43,50.21,70.61,104.31,22.56,78.64,55.01,12.04,90.44,42.19,53.31,80.81,37.2,45.12,66.89,24.33,46.52
40,94.89,33.53,107.34,99.16,14.87,97.98,46.87,84.4,12.17,39.66,29.41,45.28,35.23,88.23,45.35,38.08,46.39,42.94,20.22,86.98,62.39,73.5,75.15,46.14,66.48,16.28,60.02,100.88,84.59,70.26,27.78,47.17,64.13,74.2,54.08,46.87,42.76,82.68,66.73,33.84,0.0,43.42,77.23,91.44,66.19,91.79,57.04,61.52,80.96,27.0,92.91,77.9,37.95,18.0,34.71,47.2,24.04,58.01,54.59,88.96,96.05,52.63,49.09,78.77,41.11,84.6,20.52,68.36,79.2,41.05,65.52,61.29,23.35,61.52
41,51.48,19.42,70.94,57.98,29.02,60.03,15.3,41.44,44.78,44.29,15.3,38.59,56.59,53.54,17.03,12.04,54.49,14.87,42.38,51.22,23.02,39.36,45.49,29.15,23.09,32.56,61.91,58.6,44.01,27.0,27.59,38.47,20.88,53.04,62.48,37.12,2.24,46.62,34.41,41.62,43.42,0.0,47.43,48.38,23.02,48.37,65.44,22.8,50.8,54.2,49.5,48.38,52.2,49.24,37.74,46.49,23.85,16.55,11.18,48.85,62.77,39.05,58.73,45.28,35.11,48.83,29.12,28.18,39.62,4.47,31.24,25.5,22.36,22.8
42,52.35,66.31,32.28,36.77,63.66,83.63,61.19,39.2,84.29,91.39,51.61,37.0,101.55,14.0,63.56,42.72,52.24,36.89,63.13,80.96,58.14,10.44,83.6,76.16,43.74,61.07,47.68,42.94,66.31,46.57,73.36,34.79,39.32,15.26,55.08,34.18,45.88,13.89,73.17,88.1,77.23,47.43,0.0,43.14,46.69,51.09,56.32,59.08,87.3,97.2,50.99,1.0,98.41,90.14,84.58,93.92,67.74,52.0,43.19,70.68,19.24,85.7,55.04,79.62,82.54,13.93,56.73,58.86,22.8,51.87,69.18,22.36,65.19,59.08
43,9.43,64.88,39.0,16.28,76.69,45.4,52.43,7.07,93.05,86.05,62.17,68.41,101.79,34.48,55.22,54.33,86.68,51.01,86.01,47.38,38.9,34.41,57.01,65.86,26.42,78.52,86.76,12.21,31.4,24.21,73.82,66.76,27.51,58.14,92.11,65.52,48.76,29.83,50.25,85.45,91.44,48.38,43.14,0.0,28.02,9.22,94.15,40.31,58.24,101.12,8.54,43.84,95.8,97.17,81.02,84.86,71.69,38.01,37.34,34.01,41.44,72.25,90.44,50.29,75.29,30.81,74.33,35.0,20.81,51.62,46.87,35.9,70.58,40.31
44,29.12,37.16,59.62,41.23,52.0,41.01,24.41,21.93,66.22,58.14,38.21,54.82,73.78,46.39,27.2,32.57,72.67,31.76,64.76,35.36,12.65,36.35,37.05,38.21,3.0,55.44,77.08,39.7,23.43,4.12,46.1,53.91,7.62,57.94,79.81,52.5,24.19,39.2,27.17,57.43,66.19,23.02,46.69,28.02,0.0,25.96,82.46,13.93,40.61,73.35,27.2,47.68,67.8,69.89,53.01,57.38,44.64,10.0,12.37,28.43,55.73,45.49,76.84,32.98,47.42,41.3,51.79,12.17,28.64,25.18,23.19,26.83,43.93,13.93
45,3.16,62.97,48.04,25.02,77.32,36.22,49.66,12.04,92.18,82.38,63.07,73.16,98.88,43.38,52.33,56.08,91.55,53.6,88.36,38.83,34.67,41.73,49.65,61.85,25.32,80.0,92.78,19.65,23.09,21.84,71.87,71.69,28.0,65.76,97.51,70.38,49.16,38.28,44.05,82.37,91.79,48.37,51.09,9.22,25.96,0.0,99.73,36.06,50.33,99.01,1.41,51.86,92.44,95.82,77.9,80.43,70.6,35.47,37.22,25.18,50.6,67.27,95.46,42.54,71.56,39.45,76.03,29.83,28.32,50.99,41.04,40.72,69.86,36.06
46,101.98,73.41,87.05,92.2,53.37,123.33,79.32,88.14,69.0,92.2,54.59,27.66,92.02,70.26,79.92,53.41,11.7,51.62,37.01,115.97,87.73,61.13,110.8,88.57,80.6,45.89,9.22,97.53,105.89,85.0,74.33,28.6,75.8,43.05,3.16,30.0,63.25,69.23,99.81,86.68,57.04,65.44,56.32,94.15,82.46,99.73,0.0,87.78,116.21,84.02,100.18,56.22,93.54,75.03,85.62,98.49,67.36,80.62,71.45,110.89,73.06,98.09,8.06,110.63,88.87,69.87,44.92,91.93,74.0,67.42,96.67,59.06,64.51,87.78
47,39.12,29.07,73.54,54.64,48.76,37.58,15.03,35.0,59.14,46.32,37.12,60.44,63.07,60.02,17.26,34.71,77.08,36.24,64.4,28.43,1.41,49.0,25.0,25.81,16.76,53.85,83.6,52.4,23.09,16.64,37.48,60.0,20.1,68.88,84.9,58.6,24.84,52.77,14.14,46.52,61.52,22.8,59.08,40.31,13.93,36.06,87.78,0.0,29.55,63.89,37.44,60.07,56.44,61.81,42.05,44.6,38.01,7.62,17.46,27.46,69.43,32.02,81.32,23.02,35.51,54.92,50.99,7.07,42.45,22.36,10.2,37.66,38.21,0.0
48,52.39,48.02,96.34,74.46,71.28,24.6,37.48,55.73,74.63,51.04,62.94,89.31,69.0,86.01,37.64,62.8,105.12,65.19,89.02,13.45,30.08,76.94,5.83,35.11,43.57,77.8,112.61,69.89,27.31,41.11,53.31,89.04,48.05,98.08,113.23,87.66,53.01,79.06,16.4,54.45,80.96,50.8,87.3,58.24,40.61,50.33,116.21,29.55,0.0,73.44,51.62,88.28,61.01,74.95,50.8,45.1,57.31,37.16,47.01,26.63,95.02,32.06,109.34,8.06,42.76,81.02,75.93,28.44,68.01,48.92,19.72,66.76,58.83,29.55
49,102.16,36.24,124.46,112.07,34.93,95.05,49.4,94.51,15.13,22.8,45.61,69.89,8.94,106.15,46.82,54.67,73.25,60.44,47.1,83.01,65.15,91.35,68.18,40.2,74.71,40.52,86.7,112.16,85.7,77.39,27.29,71.51,74.09,97.06,81.06,70.94,54.67,99.7,63.2,19.03,27.0,54.2,97.2,101.12,73.35,99.01,84.02,63.89,73.44,0.0,100.32,98.01,15.0,9.0,23.02,30.08,30.48,63.56,64.35,89.11,114.87,41.44,76.06,74.0,31.0,101.83,43.66,70.88,93.72,50.22,63.64,77.79,32.53,63.89
50,2.0,64.26,47.1,24.0,78.41,37.12,50.99,12.21,93.41,83.76,64.12,73.74,100.24,42.94,53.67,57.04,92.11,54.45,89.27,40.02,36.06,41.77,51.0,63.25,26.48,81.01,93.15,18.44,24.35,23.09,73.16,72.24,29.02,65.76,97.99,70.94,50.25,38.01,45.45,83.73,92.91,49.5,50.99,8.54,27.2,1.41,100.18,37.44,51.62,100.32,0.0,51.74,93.81,97.08,79.26,81.84,71.84,36.77,38.33,26.31,49.98,68.68,96.01,43.86,72.95,39.12,77.01,31.24,28.28,52.17,42.45,41.23,71.06,37.44
51,53.08,67.23,32.02,37.16,64.38,84.53,62.17,40.0,85.04,92.31,52.43,37.34,102.4,14.04,64.54,43.57,52.35,37.74,63.63,81.91,59.14,11.4,84.59,77.13,44.72,61.72,47.52,43.42,67.23,47.54,74.24,35.11,40.31,14.76,55.04,34.54,46.82,14.42,74.17,89.0,77.9,48.38,1.0,43.84,47.68,51.86,56.22,60.07,88.28,98.01,51.74,0.0,99.3,90.91,85.49,94.87,68.6,53.0,44.18,71.59,18.79,86.68,55.08,80.6,83.49,14.32,57.38,59.84,23.6,52.81,70.18,23.35,66.04,60.07
52,95.52,32.8,123.07,108.3,41.05,83.86,43.42,89.64,26.0,10.44,47.76,75.8,8.06,105.68,40.61,55.95,82.22,61.74,56.72,71.7,57.8,91.27,56.14,30.87,69.66,48.01,95.01,107.45,76.55,71.61,25.06,77.1,70.04,100.57,90.45,76.3,53.25,98.81,52.89,10.63,37.95,52.2,98.41,95.8,67.8,92.44,93.54,56.44,61.01,15.0,93.81,99.3,0.0,21.63,14.87,16.12,31.02,57.8,60.83,79.4,114.83,29.15,85.48,62.65,21.02,101.02,50.09,63.06,91.44,47.8,54.08,77.39,33.84,56.44
53,98.98,32.98,118.34,107.19,26.93,95.19,46.87,90.38,6.32,26.63,38.9,61.47,17.46,99.72,44.55,48.1,64.28,53.74,38.12,83.38,62.97,84.86,69.43,40.31,70.94,31.95,77.78,107.78,84.38,74.0,24.33,63.16,69.78,89.19,72.06,62.65,49.4,93.51,63.13,21.47,18.0,49.24,90.14,97.17,69.89,95.82,75.03,61.81,74.95,9.0,97.08,90.91,21.63,0.0,24.35,34.41,25.5,60.44,59.93,88.14,108.21,43.66,67.07,74.55,32.28,95.59,35.34,68.88,88.23,45.62,63.0,71.59,26.93,61.81
54,81.01,18.36,108.41,93.43,32.28,72.03,28.6,74.81,25.24,7.07,35.36,65.0,21.02,91.27,25.81,42.72,73.98,48.38,50.16,60.0,43.38,77.03,45.4,17.26,54.82,39.85,85.84,92.62,63.06,56.86,12.04,66.03,55.17,87.8,82.46,65.07,38.95,84.31,40.2,4.47,34.71,37.74,84.58,81.02,53.01,77.9,85.62,42.05,50.8,23.02,79.26,85.49,14.87,24.35,0.0,13.0,19.0,43.01,46.01,66.29,100.5,19.31,77.62,51.01,8.06,86.53,40.79,48.85,76.69,33.29,40.79,63.13,22.0,42.05
55,83.41,28.28,115.43,98.6,45.22,68.45,34.13,79.25,36.77,7.81,47.0,77.16,24.19,99.28,31.38,53.46,86.83,58.86,63.16,56.29,46.01,85.62,40.45,19.21,59.67,52.81,98.48,96.88,62.61,60.83,24.33,78.06,61.03,98.48,95.34,77.03,48.08,92.13,38.48,13.45,47.2,46.49,93.92,84.86,57.38,80.43,98.49,44.6,45.1,30.08,81.84,94.87,16.12,34.41,13.0,0.0,31.4,47.63,52.84,65.0,108.69,13.93,90.52,47.3,11.4,94.37,53.6,50.61,83.53,42.06,40.31,71.87,34.37,44.6
56,73.76,9.49,94.05,81.84,15.0,73.98,23.09,64.88,21.59,26.02,16.76,46.0,33.84,75.93,21.38,25.06,55.66,30.89,33.6,62.94,39.0,61.22,51.48,23.35,45.54,22.47,67.08,82.3,61.07,48.76,7.07,47.04,44.28,69.57,64.2,46.1,24.21,69.35,42.72,21.38,24.04,23.85,67.74,71.69,44.64,70.6,67.36,38.01,57.31,30.48,71.84,68.6,31.02,25.5,19.0,31.4,0.0,35.51,34.44,65.28,84.81,31.62,59.46,54.78,21.54,71.51,22.47,45.0,63.25,20.12,41.48,47.51,3.0,38.01
57,38.63,27.51,68.43,50.99,44.41,43.57,14.42,31.89,57.07,48.17,31.62,53.15,63.81,53.85,17.2,28.02,70.09,29.0,58.87,35.36,7.21,42.11,32.57,28.43,12.04,48.76,76.22,49.68,27.51,13.89,36.4,52.63,13.93,61.39,77.78,51.22,18.36,46.57,21.59,47.43,58.01,16.55,52.0,38.01,10.0,35.47,80.62,7.62,37.16,63.56,36.77,53.0,57.8,60.44,43.01,47.63,35.51,0.0,9.85,32.31,63.32,36.24,74.33,30.53,37.48,48.76,45.54,11.66,36.77,17.26,17.72,30.27,35.13,7.62
58,40.31,28.43,62.68,47.8,40.11,52.01,18.79,30.46,55.71,52.01,26.02,43.84,65.95,46.62,21.47,20.25,61.22,20.0,52.39,44.69,17.0,33.73,42.38,34.01,12.0,43.19,66.71,47.89,34.99,16.12,37.2,43.19,9.85,51.79,68.68,41.77,12.0,39.4,31.32,50.21,54.59,11.18,43.19,37.34,12.37,37.22,71.45,17.46,47.01,64.35,38.33,44.18,60.83,59.93,46.01,52.84,34.44,9.85,0.0,39.96,56.08,43.01,65.44,40.31,41.88,41.63,39.46,20.52,30.81,14.32,27.51,21.0,33.24,17.46
59,26.68,56.08,73.01,50.16,76.16,13.04,42.19,33.54,86.01,68.96,63.91,83.24,86.83,65.97,44.05,59.94,101.02,59.91,91.18,13.93,26.68,60.37,27.59,49.03,30.41,80.96,105.42,44.72,5.0,26.17,64.01,82.33,35.36,83.86,108.23,80.92,50.57,59.77,26.57,70.61,88.96,48.85,70.68,34.01,28.43,25.18,110.89,27.46,26.63,89.11,26.31,71.59,79.4,88.14,66.29,65.0,65.28,32.31,39.96,0.0,74.15,51.08,105.21,19.8,58.69,61.4,77.83,20.88,48.7,49.34,25.5,54.04,65.62,27.46
60,50.7,82.15,14.0,28.6,82.13,86.35,74.85,40.61,102.53,107.04,69.35,56.08,118.6,9.49,77.47,60.21,70.41,54.49,82.37,86.37,68.25,23.6,92.27,90.08,52.77,80.0,64.01,35.81,70.58,54.23,89.87,53.85,49.48,30.02,72.25,53.31,61.59,16.76,82.87,104.31,96.05,62.77,19.24,41.44,55.73,50.6,73.06,69.43,95.02,114.87,49.98,18.79,114.83,108.21,100.5,108.69,84.81,63.32,56.08,74.15,0.0,99.02,72.84,87.01,97.49,14.56,75.6,67.36,27.17,67.23,78.92,37.44,82.46,69.43
61,70.18,24.7,104.66,86.61,46.62,54.74,24.52,67.01,44.29,19.0,43.97,74.22,37.05,89.54,22.2,48.37,86.41,53.08,65.22,42.58,33.42,76.66,27.02,10.05,48.02,54.08,96.77,84.39,48.76,48.6,25.5,74.73,50.09,92.09,94.94,73.55,41.01,82.28,24.6,22.56,52.63,39.05,85.7,72.25,45.49,67.27,98.09,32.02,32.06,41.44,68.68,86.68,29.15,43.66,19.31,13.93,31.62,36.24,43.01,51.08,99.02,0.0,90.38,33.54,11.66,84.5,53.71,37.48,72.92,35.0,26.63,63.35,34.13,32.02
62,97.86,65.74,86.7,89.81,45.35,117.44,72.2,84.15,61.01,84.17,47.17,22.36,84.01,69.03,72.67,46.69,4.24,45.45,29.0,109.66,81.34,58.55,103.86,80.95,75.17,37.85,12.81,94.73,100.21,79.61,66.41,23.77,70.49,43.17,5.0,25.08,56.59,67.19,92.96,78.64,49.09,58.73,55.04,90.44,76.84,95.46,8.06,81.32,109.34,76.06,96.01,55.08,85.48,67.07,77.62,90.52,59.46,74.33,65.44,105.21,72.84,90.38,0.0,104.0,80.99,68.07,37.0,85.8,70.83,60.44,89.94,54.78,56.65,81.32
63,44.72,45.31,88.28,66.48,68.0,21.21,33.29,47.68,73.55,52.35,58.41,83.41,70.46,78.03,34.0,57.31,99.76,59.2,85.15,9.06,23.32,69.23,7.81,34.23,35.9,74.09,106.61,62.03,19.72,33.24,51.66,83.01,40.52,90.76,107.71,81.61,47.42,71.11,12.08,55.01,78.77,45.28,79.62,50.29,32.98,42.54,110.63,23.02,8.06,74.0,43.86,80.6,62.65,74.55,51.01,47.3,54.78,30.53,40.31,19.8,87.01,33.54,104.0,0.0,43.0,73.06,71.85,20.88,60.03,43.93,14.21,59.46,55.95,23.02
64,74.63,17.03,104.56,88.41,36.24,64.07,23.43,69.35,32.65,10.82,36.12,66.48,28.16,88.12,20.62,42.19,77.16,47.52,54.71,52.01,36.89,74.32,37.34,9.85,49.5,43.83,88.29,87.11,55.66,51.09,14.76,67.27,50.45,87.13,85.7,66.19,36.69,81.01,32.39,12.04,41.11,35.11,82.54,75.29,47.42,71.56,88.87,35.51,42.76,31.0,72.95,83.49,21.02,32.28,8.06,11.4,21.54,37.48,41.88,58.69,97.49,11.66,80.99,43.0,0.0,83.24,44.01,42.06,72.67,30.68,33.24,60.54,24.35,35.51
65,40.22,68.24,22.8,22.85,70.21,74.0,60.42,28.23,90.14,92.96,56.73,48.51,105.12,5.1,63.07,47.51,65.0,42.01,72.8,72.99,53.76,11.18,78.06,75.64,38.33,68.96,61.39,29.15,57.49,40.01,76.22,46.39,34.93,29.07,68.47,45.54,47.8,2.24,68.47,90.44,84.6,48.83,13.93,30.81,41.3,39.45,69.87,54.92,81.02,101.83,39.12,14.32,101.02,95.59,86.53,94.37,71.51,48.76,41.63,61.4,14.56,84.5,68.07,73.06,83.24,0.0,64.5,53.08,13.04,53.25,64.5,24.04,69.31,54.92
66,79.01,29.41,87.13,80.36,9.06,88.57,38.6,67.27,29.07,47.52,13.93,26.25,50.22,67.96,38.29,20.02,33.24,23.77,13.42,78.89,51.48,53.34,70.18,44.65,51.35,4.47,45.18,82.76,73.05,55.58,29.41,27.86,48.04,54.08,41.76,27.31,27.66,62.65,60.0,42.19,20.52,29.12,56.73,74.33,51.79,76.03,44.92,50.99,75.93,43.66,77.01,57.38,50.09,35.34,40.79,53.6,22.47,45.54,39.46,77.83,75.6,53.71,37.0,71.85,44.01,64.5,0.0,57.01,60.08,28.64,57.69,41.79,19.7,50.99
67,32.8,36.12,70.21,50.12,55.32,31.91,22.09,30.41,66.19,52.84,43.08,64.35,69.86,58.14,24.33,39.66,81.57,40.36,70.38,24.21,6.0,48.51,25.0,32.25,15.13,60.08,87.21,47.2,16.28,13.15,44.55,63.7,19.65,69.89,89.14,62.29,30.02,51.04,15.81,53.31,68.36,28.18,58.86,35.0,12.17,29.83,91.93,7.07,28.44,70.88,31.24,59.84,63.06,68.88,48.85,50.61,45.0,11.66,20.52,20.88,67.36,37.48,85.8,20.88,42.06,53.08,57.01,0.0,40.2,28.46,12.08,38.63,45.1,7.07
68,29.73,58.73,31.91,20.4,64.4,61.47,49.4,16.4,83.22,82.8,50.12,49.37,96.17,18.0,52.15,41.15,67.27,36.4,70.21,60.02,41.23,13.6,65.12,64.5,25.71,64.51,66.31,24.08,44.64,27.07,67.18,47.52,22.85,37.48,72.12,46.39,39.05,11.18,55.73,80.81,79.2,39.62,22.8,20.81,28.64,28.32,74.0,42.45,68.01,93.72,28.28,23.6,91.44,88.23,76.69,83.53,63.25,36.77,30.81,48.7,27.17,72.92,70.83,60.03,72.67,13.04,60.08,40.2,0.0,43.84,51.79,18.44,61.4,42.45
69,54.13,15.0,75.29,61.85,27.17,59.93,12.08,44.78,41.44,39.82,14.76,41.15,52.33,57.98,13.34,14.32,56.22,18.25,42.05,50.48,22.85,43.83,43.42,25.02,25.71,31.62,64.41,62.18,44.64,29.27,23.35,41.23,24.17,57.14,64.4,39.92,6.08,51.04,32.56,37.2,41.05,4.47,51.87,51.62,25.18,50.99,67.42,22.36,48.92,50.22,52.17,52.81,47.8,45.62,33.29,42.06,20.12,17.26,14.32,49.34,67.23,35.0,60.44,43.93,30.68,53.25,28.64,28.46,43.84,0.0,29.73,29.97,18.97,22.36
70,43.84,32.02,82.22,62.18,54.13,32.56,19.24,42.49,61.29,43.66,44.2,69.63,61.4,69.58,20.25,43.28,85.7,45.49,71.02,21.54,11.05,59.03,14.87,23.54,26.17,60.03,92.91,59.08,22.47,25.0,39.2,69.34,30.0,79.08,93.72,67.96,33.42,62.39,4.0,45.12,65.52,31.24,69.18,46.87,23.19,41.04,96.67,10.2,19.72,63.64,42.45,70.18,54.08,63.0,40.79,40.31,41.48,17.72,27.51,25.5,78.92,26.63,89.94,14.21,33.24,64.5,57.69,12.08,51.79,29.73,0.0,47.85,42.38,10.2
71,43.08,44.78,46.75,38.83,46.65,67.01,38.83,29.41,66.22,69.77,32.8,32.57,81.22,28.43,41.23,23.6,50.92,18.36,51.79,62.18,36.88,13.89,62.59,53.85,24.19,46.24,52.43,42.05,49.2,28.02,52.43,31.02,19.24,31.32,56.8,29.73,24.19,21.93,51.79,66.89,61.29,25.5,22.36,35.9,26.83,40.72,59.06,37.66,66.76,77.79,41.23,23.35,77.39,71.59,63.13,71.87,47.51,30.27,21.0,54.04,37.44,63.35,54.78,59.46,60.54,24.04,41.79,38.63,18.44,29.97,47.85,0.0,45.28,37.66
72,73.01,10.82,91.93,80.26,12.73,74.73,23.54,63.69,22.47,29.02,13.93,43.0,36.36,73.66,22.14,22.47,52.81,28.3,31.24,63.91,39.12,58.9,53.0,25.5,44.64,20.0,64.13,80.96,61.29,48.05,10.05,44.05,43.08,66.73,61.35,43.1,22.47,67.18,43.86,24.33,23.35,22.36,65.19,70.58,43.93,69.86,64.51,38.21,58.83,32.53,71.06,66.04,33.84,26.93,22.0,34.37,3.0,35.13,33.24,65.62,82.46,34.13,56.65,55.95,24.35,69.31,19.7,45.1,61.4,18.97,42.38,45.28,0.0,38.21
73,39.12,29.07,73.54,54.64,48.76,37.58,15.03,35.0,59.14,46.32,37.12,60.44,63.07,60.02,17.26,34.71,77.08,36.24,64.4,28.43,1.41,49.0,25.0,25.81,16.76,53.85,83.6,52.4,23.09,16.64,37.48,60.0,20.1,68.88,84.9,58.6,24.84,52.77,14.14,46.52,61.52,22.8,59.08,40.31,13.93,36.06,87.78,0.0,29.55,63.89,37.44,60.07,56.44,61.81,42.05,44.6,38.01,7.62,17.46,27.46,69.43,32.02,81.32,23.02,35.51,54.92,50.99,7.07,42.45,22.36,10.2,37.66,38.21,0.0
