set K:= 1	2	3	4	5	6	7	8	9;
set C_H:= 1	2	3	4	5	6	7	8	9	10	11	12	13	14	15	16	17	18	19	20	21	22	23	24	25	26	27	28	29	30	31	32	33	34	35	36	37	38	39;
set C_S:= 40	41	42	43	44	45	46	47	48	49	50	51	52	53	54	55	56	57;
set C_F:= 58	59	60	61	62	63;
set M:= 64	65	66	67;
set L_B:= 68	69	70	71	72	73	74	75	76;
set A1:=
(0,*) 1 2 3 4 5 6 7 8 9 10 11 12 13 14 15 16 17 18 19 20 21 22 23 24 25 26 27 28 29 30 31 32 33 34 35 36 37 38 39 58 59 60 61 62 63 64 65 66 67 68 69 70 71 72 73 74 75 76
(1,*) 0 2 3 4 5 6 7 8 9 10 11 12 13 14 15 16 17 18 19 20 21 22 23 24 25 26 27 28 29 30 31 32 33 34 35 36 37 38 39 58 59 60 61 62 63 64 65 66 67 68 69 70 71 72 73 74 75 76
(2,*) 0 1 3 4 5 6 7 8 9 10 11 12 13 14 15 16 17 18 19 20 21 22 23 24 25 26 27 28 29 30 31 32 33 34 35 36 37 38 39 58 59 60 61 62 63 64 65 66 67 68 69 70 71 72 73 74 75 76
(3,*) 0 1 2 4 5 6 7 8 9 10 11 12 13 14 15 16 17 18 19 20 21 22 23 24 25 26 27 28 29 30 31 32 33 34 35 36 37 38 39 58 59 60 61 62 63 64 65 66 67 68 69 70 71 72 73 74 75 76
(4,*) 0 1 2 3 5 6 7 8 9 10 11 12 13 14 15 16 17 18 19 20 21 22 23 24 25 26 27 28 29 30 31 32 33 34 35 36 37 38 39 58 59 60 61 62 63 64 65 66 67 68 69 70 71 72 73 74 75 76
(5,*) 0 1 2 3 4 6 7 8 9 10 11 12 13 14 15 16 17 18 19 20 21 22 23 24 25 26 27 28 29 30 31 32 33 34 35 36 37 38 39 58 59 60 61 62 63 64 65 66 67 68 69 70 71 72 73 74 75 76
(6,*) 0 1 2 3 4 5 7 8 9 10 11 12 13 14 15 16 17 18 19 20 21 22 23 24 25 26 27 28 29 30 31 32 33 34 35 36 37 38 39 58 59 60 61 62 63 64 65 66 67 68 69 70 71 72 73 74 75 76
(7,*) 0 1 2 3 4 5 6 8 9 10 11 12 13 14 15 16 17 18 19 20 21 22 23 24 25 26 27 28 29 30 31 32 33 34 35 36 37 38 39 58 59 60 61 62 63 64 65 66 67 68 69 70 71 72 73 74 75 76
(8,*) 0 1 2 3 4 5 6 7 9 10 11 12 13 14 15 16 17 18 19 20 21 22 23 24 25 26 27 28 29 30 31 32 33 34 35 36 37 38 39 58 59 60 61 62 63 64 65 66 67 68 69 70 71 72 73 74 75 76
(9,*) 0 1 2 3 4 5 6 7 8 10 11 12 13 14 15 16 17 18 19 20 21 22 23 24 25 26 27 28 29 30 31 32 33 34 35 36 37 38 39 58 59 60 61 62 63 64 65 66 67 68 69 70 71 72 73 74 75 76
(10,*) 0 1 2 3 4 5 6 7 8 9 11 12 13 14 15 16 17 18 19 20 21 22 23 24 25 26 27 28 29 30 31 32 33 34 35 36 37 38 39 58 59 60 61 62 63 64 65 66 67 68 69 70 71 72 73 74 75 76
(11,*) 0 1 2 3 4 5 6 7 8 9 10 12 13 14 15 16 17 18 19 20 21 22 23 24 25 26 27 28 29 30 31 32 33 34 35 36 37 38 39 58 59 60 61 62 63 64 65 66 67 68 69 70 71 72 73 74 75 76
(12,*) 0 1 2 3 4 5 6 7 8 9 10 11 13 14 15 16 17 18 19 20 21 22 23 24 25 26 27 28 29 30 31 32 33 34 35 36 37 38 39 58 59 60 61 62 63 64 65 66 67 68 69 70 71 72 73 74 75 76
(13,*) 0 1 2 3 4 5 6 7 8 9 10 11 12 14 15 16 17 18 19 20 21 22 23 24 25 26 27 28 29 30 31 32 33 34 35 36 37 38 39 58 59 60 61 62 63 64 65 66 67 68 69 70 71 72 73 74 75 76
(14,*) 0 1 2 3 4 5 6 7 8 9 10 11 12 13 15 16 17 18 19 20 21 22 23 24 25 26 27 28 29 30 31 32 33 34 35 36 37 38 39 58 59 60 61 62 63 64 65 66 67 68 69 70 71 72 73 74 75 76
(15,*) 0 1 2 3 4 5 6 7 8 9 10 11 12 13 14 16 17 18 19 20 21 22 23 24 25 26 27 28 29 30 31 32 33 34 35 36 37 38 39 58 59 60 61 62 63 64 65 66 67 68 69 70 71 72 73 74 75 76
(16,*) 0 1 2 3 4 5 6 7 8 9 10 11 12 13 14 15 17 18 19 20 21 22 23 24 25 26 27 28 29 30 31 32 33 34 35 36 37 38 39 58 59 60 61 62 63 64 65 66 67 68 69 70 71 72 73 74 75 76
(17,*) 0 1 2 3 4 5 6 7 8 9 10 11 12 13 14 15 16 18 19 20 21 22 23 24 25 26 27 28 29 30 31 32 33 34 35 36 37 38 39 58 59 60 61 62 63 64 65 66 67 68 69 70 71 72 73 74 75 76
(18,*) 0 1 2 3 4 5 6 7 8 9 10 11 12 13 14 15 16 17 19 20 21 22 23 24 25 26 27 28 29 30 31 32 33 34 35 36 37 38 39 58 59 60 61 62 63 64 65 66 67 68 69 70 71 72 73 74 75 76
(19,*) 0 1 2 3 4 5 6 7 8 9 10 11 12 13 14 15 16 17 18 20 21 22 23 24 25 26 27 28 29 30 31 32 33 34 35 36 37 38 39 58 59 60 61 62 63 64 65 66 67 68 69 70 71 72 73 74 75 76
(20,*) 0 1 2 3 4 5 6 7 8 9 10 11 12 13 14 15 16 17 18 19 21 22 23 24 25 26 27 28 29 30 31 32 33 34 35 36 37 38 39 58 59 60 61 62 63 64 65 66 67 68 69 70 71 72 73 74 75 76
(21,*) 0 1 2 3 4 5 6 7 8 9 10 11 12 13 14 15 16 17 18 19 20 22 23 24 25 26 27 28 29 30 31 32 33 34 35 36 37 38 39 58 59 60 61 62 63 64 65 66 67 68 69 70 71 72 73 74 75 76
(22,*) 0 1 2 3 4 5 6 7 8 9 10 11 12 13 14 15 16 17 18 19 20 21 23 24 25 26 27 28 29 30 31 32 33 34 35 36 37 38 39 58 59 60 61 62 63 64 65 66 67 68 69 70 71 72 73 74 75 76
(23,*) 0 1 2 3 4 5 6 7 8 9 10 11 12 13 14 15 16 17 18 19 20 21 22 24 25 26 27 28 29 30 31 32 33 34 35 36 37 38 39 58 59 60 61 62 63 64 65 66 67 68 69 70 71 72 73 74 75 76
(24,*) 0 1 2 3 4 5 6 7 8 9 10 11 12 13 14 15 16 17 18 19 20 21 22 23 25 26 27 28 29 30 31 32 33 34 35 36 37 38 39 58 59 60 61 62 63 64 65 66 67 68 69 70 71 72 73 74 75 76
(25,*) 0 1 2 3 4 5 6 7 8 9 10 11 12 13 14 15 16 17 18 19 20 21 22 23 24 26 27 28 29 30 31 32 33 34 35 36 37 38 39 58 59 60 61 62 63 64 65 66 67 68 69 70 71 72 73 74 75 76
(26,*) 0 1 2 3 4 5 6 7 8 9 10 11 12 13 14 15 16 17 18 19 20 21 22 23 24 25 27 28 29 30 31 32 33 34 35 36 37 38 39 58 59 60 61 62 63 64 65 66 67 68 69 70 71 72 73 74 75 76
(27,*) 0 1 2 3 4 5 6 7 8 9 10 11 12 13 14 15 16 17 18 19 20 21 22 23 24 25 26 28 29 30 31 32 33 34 35 36 37 38 39 58 59 60 61 62 63 64 65 66 67 68 69 70 71 72 73 74 75 76
(28,*) 0 1 2 3 4 5 6 7 8 9 10 11 12 13 14 15 16 17 18 19 20 21 22 23 24 25 26 27 29 30 31 32 33 34 35 36 37 38 39 58 59 60 61 62 63 64 65 66 67 68 69 70 71 72 73 74 75 76
(29,*) 0 1 2 3 4 5 6 7 8 9 10 11 12 13 14 15 16 17 18 19 20 21 22 23 24 25 26 27 28 30 31 32 33 34 35 36 37 38 39 58 59 60 61 62 63 64 65 66 67 68 69 70 71 72 73 74 75 76
(30,*) 0 1 2 3 4 5 6 7 8 9 10 11 12 13 14 15 16 17 18 19 20 21 22 23 24 25 26 27 28 29 31 32 33 34 35 36 37 38 39 58 59 60 61 62 63 64 65 66 67 68 69 70 71 72 73 74 75 76
(31,*) 0 1 2 3 4 5 6 7 8 9 10 11 12 13 14 15 16 17 18 19 20 21 22 23 24 25 26 27 28 29 30 32 33 34 35 36 37 38 39 58 59 60 61 62 63 64 65 66 67 68 69 70 71 72 73 74 75 76
(32,*) 0 1 2 3 4 5 6 7 8 9 10 11 12 13 14 15 16 17 18 19 20 21 22 23 24 25 26 27 28 29 30 31 33 34 35 36 37 38 39 58 59 60 61 62 63 64 65 66 67 68 69 70 71 72 73 74 75 76
(33,*) 0 1 2 3 4 5 6 7 8 9 10 11 12 13 14 15 16 17 18 19 20 21 22 23 24 25 26 27 28 29 30 31 32 34 35 36 37 38 39 58 59 60 61 62 63 64 65 66 67 68 69 70 71 72 73 74 75 76
(34,*) 0 1 2 3 4 5 6 7 8 9 10 11 12 13 14 15 16 17 18 19 20 21 22 23 24 25 26 27 28 29 30 31 32 33 35 36 37 38 39 58 59 60 61 62 63 64 65 66 67 68 69 70 71 72 73 74 75 76
(35,*) 0 1 2 3 4 5 6 7 8 9 10 11 12 13 14 15 16 17 18 19 20 21 22 23 24 25 26 27 28 29 30 31 32 33 34 36 37 38 39 58 59 60 61 62 63 64 65 66 67 68 69 70 71 72 73 74 75 76
(36,*) 0 1 2 3 4 5 6 7 8 9 10 11 12 13 14 15 16 17 18 19 20 21 22 23 24 25 26 27 28 29 30 31 32 33 34 35 37 38 39 58 59 60 61 62 63 64 65 66 67 68 69 70 71 72 73 74 75 76
(37,*) 0 1 2 3 4 5 6 7 8 9 10 11 12 13 14 15 16 17 18 19 20 21 22 23 24 25 26 27 28 29 30 31 32 33 34 35 36 38 39 58 59 60 61 62 63 64 65 66 67 68 69 70 71 72 73 74 75 76
(38,*) 0 1 2 3 4 5 6 7 8 9 10 11 12 13 14 15 16 17 18 19 20 21 22 23 24 25 26 27 28 29 30 31 32 33 34 35 36 37 39 58 59 60 61 62 63 64 65 66 67 68 69 70 71 72 73 74 75 76
(39,*) 0 1 2 3 4 5 6 7 8 9 10 11 12 13 14 15 16 17 18 19 20 21 22 23 24 25 26 27 28 29 30 31 32 33 34 35 36 37 38 58 59 60 61 62 63 64 65 66 67 68 69 70 71 72 73 74 75 76
(58,*) 0 1 2 3 4 5 6 7 8 9 10 11 12 13 14 15 16 17 18 19 20 21 22 23 24 25 26 27 28 29 30 31 32 33 34 35 36 37 38 39 59 60 61 62 63 64 65 66 67 68 69 70 71 72 73 74 75 76
(59,*) 0 1 2 3 4 5 6 7 8 9 10 11 12 13 14 15 16 17 18 19 20 21 22 23 24 25 26 27 28 29 30 31 32 33 34 35 36 37 38 39 58 60 61 62 63 64 65 66 67 68 69 70 71 72 73 74 75 76
(60,*) 0 1 2 3 4 5 6 7 8 9 10 11 12 13 14 15 16 17 18 19 20 21 22 23 24 25 26 27 28 29 30 31 32 33 34 35 36 37 38 39 58 59 61 62 63 64 65 66 67 68 69 70 71 72 73 74 75 76
(61,*) 0 1 2 3 4 5 6 7 8 9 10 11 12 13 14 15 16 17 18 19 20 21 22 23 24 25 26 27 28 29 30 31 32 33 34 35 36 37 38 39 58 59 60 62 63 64 65 66 67 68 69 70 71 72 73 74 75 76
(62,*) 0 1 2 3 4 5 6 7 8 9 10 11 12 13 14 15 16 17 18 19 20 21 22 23 24 25 26 27 28 29 30 31 32 33 34 35 36 37 38 39 58 59 60 61 63 64 65 66 67 68 69 70 71 72 73 74 75 76
(63,*) 0 1 2 3 4 5 6 7 8 9 10 11 12 13 14 15 16 17 18 19 20 21 22 23 24 25 26 27 28 29 30 31 32 33 34 35 36 37 38 39 58 59 60 61 62 64 65 66 67 68 69 70 71 72 73 74 75 76
(64,*) 0 1 2 3 4 5 6 7 8 9 10 11 12 13 14 15 16 17 18 19 20 21 22 23 24 25 26 27 28 29 30 31 32 33 34 35 36 37 38 39 58 59 60 61 62 63 65 66 67 68 69 70 71 72 73 74 75 76
(65,*) 0 1 2 3 4 5 6 7 8 9 10 11 12 13 14 15 16 17 18 19 20 21 22 23 24 25 26 27 28 29 30 31 32 33 34 35 36 37 38 39 58 59 60 61 62 63 64 66 67 68 69 70 71 72 73 74 75 76
(66,*) 0 1 2 3 4 5 6 7 8 9 10 11 12 13 14 15 16 17 18 19 20 21 22 23 24 25 26 27 28 29 30 31 32 33 34 35 36 37 38 39 58 59 60 61 62 63 64 65 67 68 69 70 71 72 73 74 75 76
(67,*) 0 1 2 3 4 5 6 7 8 9 10 11 12 13 14 15 16 17 18 19 20 21 22 23 24 25 26 27 28 29 30 31 32 33 34 35 36 37 38 39 58 59 60 61 62 63 64 65 66 68 69 70 71 72 73 74 75 76
(68,*) 0 1 2 3 4 5 6 7 8 9 10 11 12 13 14 15 16 17 18 19 20 21 22 23 24 25 26 27 28 29 30 31 32 33 34 35 36 37 38 39 58 59 60 61 62 63 64 65 66 67 69 70 71 72 73 74 75 76
(69,*) 0 1 2 3 4 5 6 7 8 9 10 11 12 13 14 15 16 17 18 19 20 21 22 23 24 25 26 27 28 29 30 31 32 33 34 35 36 37 38 39 58 59 60 61 62 63 64 65 66 67 68 70 71 72 73 74 75 76
(70,*) 0 1 2 3 4 5 6 7 8 9 10 11 12 13 14 15 16 17 18 19 20 21 22 23 24 25 26 27 28 29 30 31 32 33 34 35 36 37 38 39 58 59 60 61 62 63 64 65 66 67 68 69 71 72 73 74 75 76
(71,*) 0 1 2 3 4 5 6 7 8 9 10 11 12 13 14 15 16 17 18 19 20 21 22 23 24 25 26 27 28 29 30 31 32 33 34 35 36 37 38 39 58 59 60 61 62 63 64 65 66 67 68 69 70 72 73 74 75 76
(72,*) 0 1 2 3 4 5 6 7 8 9 10 11 12 13 14 15 16 17 18 19 20 21 22 23 24 25 26 27 28 29 30 31 32 33 34 35 36 37 38 39 58 59 60 61 62 63 64 65 66 67 68 69 70 71 73 74 75 76
(73,*) 0 1 2 3 4 5 6 7 8 9 10 11 12 13 14 15 16 17 18 19 20 21 22 23 24 25 26 27 28 29 30 31 32 33 34 35 36 37 38 39 58 59 60 61 62 63 64 65 66 67 68 69 70 71 72 74 75 76
(74,*) 0 1 2 3 4 5 6 7 8 9 10 11 12 13 14 15 16 17 18 19 20 21 22 23 24 25 26 27 28 29 30 31 32 33 34 35 36 37 38 39 58 59 60 61 62 63 64 65 66 67 68 69 70 71 72 73 75 76
(75,*) 0 1 2 3 4 5 6 7 8 9 10 11 12 13 14 15 16 17 18 19 20 21 22 23 24 25 26 27 28 29 30 31 32 33 34 35 36 37 38 39 58 59 60 61 62 63 64 65 66 67 68 69 70 71 72 73 74 76
(76,*) 0 1 2 3 4 5 6 7 8 9 10 11 12 13 14 15 16 17 18 19 20 21 22 23 24 25 26 27 28 29 30 31 32 33 34 35 36 37 38 39 58 59 60 61 62 63 64 65 66 67 68 69 70 71 72 73 74 75
;
set A2:=
(64,*) 65
(65,*) 64
(66,*) 67
(67,*) 66
;
param BigM:=99999;
param n:= 9;
param d:=
1	15
2	23
3	23
4	24
5	17
6	1
7	4
8	9
9	8
10	23
11	13
12	4
13	16
14	26
15	16
16	16
17	2
18	21
19	23
20	8
21	26
22	12
23	3
24	8
25	16
26	2
27	17
28	5
29	8
30	4
31	12
32	19
33	26
34	24
35	5
36	8
37	9
38	18
39	11
40	2
41	18
42	18
43	4
44	8
45	5
46	8
47	8
48	19
49	3
50	7
51	19
52	22
53	15
54	5
55	12
56	54
57	8
58	10
59	5
60	23
61	26
62	5
63	19
;
param Q:=100;
param w:=
[64,*] 65 1
[65,*] 64 1
[66,*] 67 1
[67,*] 66 1
;
param V:=
[64,*] 65 78
[65,*] 64 78
[66,*] 67 89
[67,*] 66 89
;
param f:=
64	100
65	100
66	100
67	100
68	100
69	100
70	100
71	100
72	100
73	100
74	100
75	100
76	100
;
param e:
	64	65	66	67	68	69	70	71	72	73	74	75	76:=
40	0	0	0	1	1	1	1	1	1	1	1	1	1	
41	0	0	1	0	1	0	1	1	1	1	1	1	1	
42	0	1	1	0	1	0	1	0	1	0	1	0	1	
43	0	1	0	0	0	0	0	0	0	0	0	0	0	
44	0	0	0	1	1	1	1	1	1	1	1	1	1	
45	0	1	1	0	1	0	0	0	0	0	1	0	1	
46	0	0	0	1	1	1	1	1	1	1	1	1	1	
47	0	1	1	0	1	0	0	0	0	0	1	0	1	
48	0	0	1	0	1	0	0	1	1	0	1	0	1	
49	1	0	0	0	0	1	0	1	0	1	0	1	0	
50	0	0	1	0	1	0	0	0	1	0	1	0	1	
51	0	0	0	0	1	1	1	1	1	1	1	1	1	
52	0	0	0	1	1	1	1	0	1	1	1	1	1	
53	0	0	0	1	0	0	1	0	0	0	0	0	0	
54	0	1	0	0	1	0	1	0	1	0	1	0	1	
55	0	0	0	1	0	1	1	1	0	1	0	1	0	
56	0	0	0	0	1	1	1	1	1	1	1	1	1	
57	0	0	0	1	0	0	1	0	0	0	0	0	0	
58	0	1	1	0	1	0	1	0	1	0	1	0	1	
59	1	0	0	0	0	1	0	1	0	1	0	1	0	
60	0	0	1	0	0	0	0	0	0	0	0	0	0	
61	0	0	0	1	0	1	1	1	0	1	0	1	0	
62	0	1	0	0	1	0	1	0	1	0	1	0	1	
63	0	0	1	0	1	0	1	1	1	0	1	0	1	
;
param p:=
1	1
2	1
3	1
4	1
5	1
6	1
7	1
8	1
9	1
;
param G:=
64	78
65	73
66	89
67	81
68	87
69	100
70	90
71	97
72	75
73	73
74	88
75	85
76	93
;
param s:=
0	0
1	15
2	15
3	15
4	15
5	15
6	15
7	15
8	15
9	15
10	15
11	15
12	15
13	15
14	15
15	15
16	15
17	15
18	15
19	15
20	15
21	15
22	15
23	15
24	15
25	15
26	15
27	15
28	15
29	15
30	15
31	15
32	15
33	15
34	15
35	15
36	15
37	15
38	15
39	15
58	15
59	15
60	15
61	15
62	15
63	15
64	10
65	10
66	10
67	10
68	10
69	10
70	10
71	10
72	10
73	10
74	10
75	10
76	10
;
param t:
	0	1	2	3	4	5	6	7	8	9	10	11	12	13	14	15	16	17	18	19	20	21	22	23	24	25	26	27	28	29	30	31	32	33	34	35	36	37	38	39	40	41	42	43	44	45	46	47	48	49	50	51	52	53	54	55	56	57	58	59	60	61	62	63	64	65	66	67	68	69	70	71	72	73	74	75	76:=
0	0.0	96.0	48.37	68.12	76.24	5.66	108.76	75.29	61.74	34.99	69.43	35.38	75.15	50.16	50.64	46.69	21.63	67.94	69.34	22.8	57.69	29.73	60.53	99.54	61.61	88.57	99.54	38.0	87.82	31.62	77.67	91.76	78.0	87.36	50.99	31.24	45.65	74.67	27.78	70.68	50.16	43.86	59.67	95.27	59.23	86.28	47.54	86.28	42.38	22.63	63.81	33.53	76.0	88.02	75.29	49.19	48.7	88.57	62.48	12.81	62.8	58.14	79.12	49.52	21.38	93.01	63.63	74.22	56.36	49.48	57.49	30.41	48.85	40.45	54.12	40.31	55.07
1	96.0	0.0	59.09	28.28	20.88	92.09	58.14	32.56	89.64	68.41	63.66	74.0	42.52	104.71	46.69	50.64	85.91	65.05	82.02	83.95	57.69	68.73	36.88	38.21	38.63	41.23	38.21	58.0	48.33	72.28	25.61	27.2	38.42	26.83	47.07	79.7	60.17	36.77	85.44	43.86	46.17	73.35	74.03	63.91	39.85	68.96	51.42	71.69	91.24	81.58	82.22	64.78	20.0	8.25	32.56	56.46	52.5	12.81	73.76	86.37	106.02	51.11	29.73	71.69	94.37	58.87	84.39	30.0	52.84	49.48	42.06	66.19	54.42	56.32	54.12	56.22	55.07
2	48.37	59.09	0.0	32.8	38.47	42.94	60.46	54.92	35.78	43.68	24.17	16.0	61.74	46.04	17.89	16.49	30.59	23.41	34.23	28.64	10.0	19.8	24.08	51.92	20.59	40.5	51.92	24.33	39.45	17.09	52.5	67.94	30.59	42.0	16.12	52.8	2.83	28.07	55.57	58.31	21.54	14.42	22.36	48.17	20.0	41.18	36.22	42.05	32.25	47.71	31.05	17.2	41.62	50.99	30.07	46.04	8.94	57.2	24.08	45.25	49.68	50.99	34.06	14.42	58.9	45.28	32.57	51.61	8.25	36.5	17.8	22.47	5.83	30.07	6.08	29.07	6.71
3	68.12	28.28	32.8	0.0	8.25	64.0	59.09	26.31	66.84	43.91	44.94	46.52	36.0	78.82	18.44	22.36	57.72	45.69	61.77	55.79	34.41	40.45	8.94	41.62	12.81	36.06	41.62	30.27	40.79	44.27	21.54	36.06	26.31	25.61	18.97	55.57	33.29	22.09	60.83	34.23	18.0	47.2	51.61	56.32	12.81	56.32	27.2	58.55	64.9	55.71	60.46	36.5	8.94	20.1	18.44	35.38	25.06	24.41	52.15	59.23	82.02	34.0	19.7	46.69	68.71	51.48	62.43	22.36	28.43	25.61	15.0	38.01	27.46	29.73	29.0	29.41	30.48
4	76.24	20.88	38.47	8.25	0.0	72.03	54.41	28.28	70.71	51.88	46.65	53.14	38.83	84.38	26.08	30.07	65.12	47.71	64.4	63.15	38.21	48.17	16.12	35.78	17.89	32.25	35.78	38.47	38.0	51.42	22.0	34.18	24.33	19.7	26.31	63.53	39.4	20.88	68.88	37.95	26.08	52.84	55.17	54.04	18.97	55.79	34.99	58.24	70.71	63.91	63.78	44.18	6.0	12.65	16.49	42.52	31.62	20.0	55.32	67.47	86.56	40.0	16.0	51.61	76.9	49.01	65.86	24.33	32.8	33.29	21.19	46.01	33.62	37.95	33.84	37.64	35.0
5	5.66	92.09	42.94	64.0	72.03	0.0	103.25	72.8	56.46	34.06	63.78	29.73	73.43	46.0	46.17	42.19	16.12	62.29	63.81	17.2	52.15	24.74	56.14	94.34	56.89	83.26	94.34	34.23	82.37	26.08	74.73	89.2	72.8	82.46	46.39	32.25	40.25	69.57	29.73	68.96	46.0	38.21	54.04	89.64	54.59	80.62	44.94	80.62	37.36	23.32	58.31	28.64	72.11	84.02	70.34	47.71	43.68	85.16	56.85	13.42	58.31	56.6	74.22	43.86	25.0	87.42	58.18	71.47	50.99	46.82	52.77	26.02	43.66	37.36	48.75	37.11	49.65
6	108.76	58.14	60.46	59.09	54.41	103.25	0.0	82.46	66.03	98.08	41.76	74.24	93.15	88.36	65.3	67.94	89.44	43.68	54.0	87.66	51.11	80.0	59.36	20.0	54.41	23.32	20.0	79.25	21.26	77.18	75.71	84.1	34.41	34.93	63.78	109.12	63.25	38.83	113.17	92.35	68.41	67.23	55.32	18.11	57.2	30.07	83.76	32.25	80.05	106.08	58.14	76.84	60.17	56.14	41.18	93.3	62.29	68.12	52.95	105.26	82.1	93.04	39.4	62.03	118.26	17.26	60.07	78.59	52.8	82.68	57.63	81.57	61.07	82.46	55.0	81.69	53.82
7	75.29	32.56	54.92	26.31	28.28	72.8	82.46	0.0	90.55	42.19	70.88	65.05	10.77	99.04	37.2	39.7	72.11	71.47	86.93	70.46	59.09	54.41	32.31	63.25	37.95	60.53	63.25	40.5	66.12	60.96	7.21	16.49	52.0	47.54	38.83	52.04	54.41	48.04	58.03	11.31	34.06	68.41	76.03	82.02	36.77	82.61	27.86	84.85	84.9	56.32	84.97	51.22	22.36	28.84	44.0	28.0	46.04	20.0	76.97	63.56	104.4	20.4	44.18	69.34	68.01	77.06	86.77	4.0	52.8	26.0	38.48	49.93	49.09	35.78	52.77	36.24	54.56
8	61.74	89.64	35.78	66.84	70.71	56.46	66.03	90.55	0.0	74.11	27.86	32.0	97.51	22.8	53.67	52.0	40.5	26.0	12.17	39.85	32.56	46.04	58.82	68.41	54.04	56.92	68.41	57.27	51.42	38.0	87.66	102.8	52.84	66.24	51.88	80.22	36.77	53.25	80.89	94.02	57.27	24.33	15.62	48.17	54.41	36.22	70.88	34.53	20.0	72.69	8.25	46.39	75.07	82.22	57.2	80.05	44.72	90.55	16.12	65.97	17.09	86.02	60.46	21.54	80.08	49.01	6.08	87.13	38.42	71.47	52.43	51.16	41.59	63.56	38.01	62.59	36.4
9	34.99	68.41	43.68	43.91	51.88	34.06	98.08	42.19	74.11	0.0	67.68	42.19	40.5	72.8	32.8	30.53	40.25	67.05	76.42	39.4	53.14	28.07	39.7	83.55	43.86	75.07	83.55	19.7	77.2	36.22	46.04	58.55	63.78	68.41	34.41	11.66	41.23	59.46	17.09	36.06	29.73	50.0	64.5	89.55	41.04	84.31	17.09	85.44	60.17	14.14	72.11	28.07	49.4	61.35	58.0	14.56	37.58	58.55	66.75	22.36	82.46	23.41	60.96	54.15	26.17	85.76	73.03	42.0	48.33	18.97	40.46	23.0	39.92	15.62	46.62	16.4	48.47
10	69.43	63.66	24.17	44.94	46.65	63.78	41.76	70.88	27.86	67.68	0.0	34.06	79.62	48.17	38.05	38.47	48.83	2.0	18.44	47.2	14.56	43.27	38.83	40.79	32.98	29.12	40.79	48.08	24.08	38.21	66.48	80.5	25.61	38.83	36.06	76.97	26.83	26.91	79.65	76.94	42.05	26.08	14.0	26.08	34.53	17.2	58.31	17.89	38.47	71.69	19.7	41.18	51.88	56.85	31.24	68.47	30.59	66.57	12.17	68.41	44.94	72.0	33.94	20.59	82.42	24.7	21.93	67.05	20.1	58.14	33.24	46.53	27.89	53.37	21.38	52.39	19.42
11	35.38	74.0	16.0	46.52	53.14	29.73	74.24	65.05	32.0	42.19	34.06	0.0	70.0	34.06	28.84	25.61	15.23	32.56	36.06	13.42	23.41	14.14	37.58	67.47	35.44	55.79	67.47	26.83	53.85	6.0	64.03	79.65	46.39	58.0	27.78	48.37	14.14	44.05	49.48	66.03	31.24	8.94	25.06	60.0	34.18	50.91	41.18	50.99	20.0	41.23	31.05	15.23	55.46	65.79	46.04	49.4	21.54	70.71	27.78	35.78	41.23	56.36	50.04	14.42	50.09	57.98	31.58	62.29	24.08	42.19	31.95	19.42	19.65	33.11	22.02	32.2	22.2
12	75.15	42.52	61.74	36.0	38.83	73.43	93.15	10.77	97.51	40.5	79.62	70.0	0.0	104.02	43.86	45.65	75.07	80.05	94.87	73.59	67.05	58.0	40.79	74.0	46.69	71.02	74.0	43.86	76.42	65.3	17.89	20.88	62.13	58.24	45.69	48.66	60.83	58.03	54.59	4.47	40.25	74.43	83.57	92.2	45.12	92.2	29.73	94.34	90.0	54.41	92.48	55.32	32.98	39.45	54.15	26.0	52.8	29.73	84.76	62.77	110.45	17.09	54.59	76.03	64.94	87.28	94.15	14.56	60.73	28.28	46.57	53.04	55.95	38.21	60.41	38.9	62.3
13	50.16	104.71	46.04	78.82	84.38	46.0	88.36	99.04	22.8	72.8	48.17	34.06	104.02	0.0	62.29	59.4	32.98	46.17	34.93	33.53	47.54	46.65	70.0	88.81	66.57	76.94	88.81	60.46	72.25	38.83	97.67	113.28	70.88	84.12	60.96	75.71	45.61	70.23	74.67	100.0	65.05	31.62	34.23	70.71	66.03	58.86	74.89	57.27	14.14	67.08	30.27	48.83	87.66	96.75	73.54	82.37	54.04	103.23	36.06	58.31	13.42	89.89	77.25	33.11	71.0	71.18	28.44	96.17	51.88	76.03	63.82	51.97	51.4	66.57	50.61	65.73	49.65
14	50.64	46.69	17.89	18.44	26.08	46.17	65.3	37.2	53.67	32.8	38.05	28.84	43.86	62.29	0.0	4.0	39.29	38.0	51.42	37.36	24.08	22.09	10.0	51.61	11.66	42.43	51.61	14.42	44.41	26.0	35.38	50.99	31.11	37.58	2.0	43.86	17.2	26.91	48.17	40.5	4.0	31.24	39.85	57.27	8.94	53.37	20.4	54.92	48.17	41.62	48.7	18.11	27.2	38.47	26.08	30.59	8.94	42.05	41.23	43.08	67.2	34.06	29.53	32.25	54.38	53.24	50.33	34.06	18.0	20.1	7.81	20.22	12.08	17.2	17.12	16.4	19.1
15	46.69	50.64	16.49	22.36	30.07	42.19	67.94	39.7	52.0	30.53	38.47	25.61	45.65	59.4	4.0	0.0	35.44	38.21	50.64	33.53	24.08	18.11	14.0	54.92	15.23	45.34	54.92	11.31	46.86	22.36	38.42	54.04	34.06	41.23	4.47	41.23	15.23	30.0	45.25	42.05	5.66	28.84	38.83	59.06	12.65	54.41	20.0	55.79	45.25	38.42	47.54	14.14	31.05	42.43	29.53	30.07	8.0	45.69	40.45	39.4	64.9	34.53	33.11	30.46	51.04	55.23	49.04	36.77	18.44	20.1	11.18	16.28	11.05	15.23	17.12	14.32	19.1
16	21.63	85.91	30.59	57.72	65.12	16.12	89.44	72.11	40.5	40.25	48.83	15.23	75.07	32.98	39.29	35.44	0.0	47.2	47.71	2.0	38.63	17.89	49.03	82.46	48.17	70.88	82.46	31.62	69.08	14.0	72.47	87.82	61.19	72.25	38.83	42.76	28.28	58.55	42.05	70.77	40.5	22.8	38.21	74.89	46.39	65.3	45.34	65.12	22.09	34.23	42.19	21.54	66.48	77.67	60.13	51.22	34.06	80.99	41.04	26.08	44.05	59.46	64.12	28.43	39.81	73.06	42.06	69.97	38.83	46.86	44.28	22.2	33.02	36.88	36.67	36.24	37.11
17	67.94	65.05	23.41	45.69	47.71	62.29	43.68	71.47	26.0	67.05	2.0	32.56	80.05	46.17	38.0	38.21	47.2	0.0	16.97	45.61	14.14	42.19	39.29	42.76	33.53	31.05	42.76	47.54	26.08	36.88	67.23	81.41	27.2	40.5	36.0	76.16	26.0	28.28	78.71	77.28	42.0	24.41	12.0	27.78	34.93	18.44	58.14	18.87	36.5	70.71	17.89	40.25	52.84	58.14	32.56	68.26	30.27	67.68	10.2	67.2	43.08	72.03	35.38	18.87	81.27	26.57	20.12	67.68	20.0	58.03	33.54	45.62	27.46	52.95	21.1	51.97	19.1
18	69.34	82.02	34.23	61.77	64.4	63.81	54.0	86.93	12.17	76.42	18.44	36.06	94.87	34.93	51.42	50.64	47.71	16.97	0.0	46.65	27.86	49.03	54.63	57.58	49.19	46.52	57.58	58.0	40.5	41.76	83.19	97.75	44.05	57.2	49.48	83.95	36.06	45.25	85.44	91.76	55.32	27.2	12.0	36.06	50.16	24.08	70.46	22.36	30.0	77.2	5.66	48.37	69.34	75.07	49.52	80.22	42.76	84.4	10.2	71.69	28.28	85.16	52.35	22.36	86.01	37.12	6.71	83.26	34.18	70.71	48.47	53.6	39.62	64.03	34.48	63.03	32.57
19	22.8	83.95	28.64	55.79	63.15	17.2	87.66	70.46	39.85	39.4	47.2	13.42	73.59	33.53	37.36	33.53	2.0	45.61	46.65	0.0	36.77	16.12	47.07	80.52	46.17	68.96	80.52	30.0	67.23	12.0	70.71	86.09	59.23	70.26	36.88	42.43	26.31	56.57	42.0	69.31	38.63	21.26	36.88	73.24	44.41	63.78	43.86	63.66	22.0	34.06	41.18	19.7	64.56	75.71	58.14	50.0	32.06	79.12	39.7	26.31	44.18	58.14	62.13	26.91	40.26	71.34	41.15	68.26	36.88	45.34	42.3	20.62	31.02	35.38	34.71	34.71	35.17
20	57.69	57.69	10.0	34.41	38.21	52.15	51.11	59.09	32.56	53.14	14.56	23.41	67.05	47.54	24.08	24.08	38.63	14.14	27.86	36.77	0.0	29.73	26.83	44.41	21.63	32.56	44.41	33.53	30.46	26.08	55.57	70.46	24.08	36.88	22.09	62.61	12.81	22.8	65.51	64.03	28.07	18.0	17.2	38.21	22.36	31.3	44.05	32.31	34.93	57.69	26.08	27.2	42.52	50.0	26.0	54.15	16.12	58.0	17.89	55.17	48.41	58.14	29.73	14.56	68.88	35.47	28.02	55.46	6.32	44.0	20.62	32.45	13.34	38.83	7.0	37.85	5.0
21	29.73	68.73	19.8	40.45	48.17	24.74	80.0	54.41	46.04	28.07	43.27	14.14	58.0	46.65	22.09	18.11	17.89	42.19	49.03	16.12	29.73	0.0	32.06	69.86	32.25	59.06	69.86	14.14	58.82	8.25	54.59	69.97	48.33	57.72	22.0	34.93	16.97	44.94	36.77	53.81	22.8	22.09	37.36	67.94	30.07	60.46	28.43	61.06	33.11	28.64	44.41	4.0	49.03	60.53	45.61	35.78	18.97	63.25	39.85	25.46	55.03	43.27	49.48	26.68	39.2	65.07	45.18	52.15	27.2	29.73	28.16	5.39	19.24	20.0	25.0	19.21	26.25
22	60.53	36.88	24.08	8.94	16.12	56.14	59.36	32.31	58.82	39.7	38.83	37.58	40.79	70.0	10.0	14.0	49.03	39.29	54.63	47.07	26.83	32.06	0.0	43.86	6.0	36.06	43.86	23.41	39.4	35.44	28.84	44.05	25.06	28.84	10.2	51.22	24.41	20.59	56.04	38.21	10.77	38.42	43.91	53.85	4.47	52.04	24.41	54.0	56.04	50.12	52.84	28.07	17.89	28.64	18.44	34.0	16.12	33.29	44.72	52.5	73.59	34.93	21.26	38.21	63.06	49.34	54.71	28.64	20.59	23.32	6.4	30.15	18.6	24.41	20.81	23.85	22.47
23	99.54	38.21	51.92	41.62	35.78	94.34	20.0	63.25	68.41	83.55	40.79	67.47	74.0	88.81	51.61	54.92	82.46	42.76	57.58	80.52	44.41	69.86	43.86	0.0	40.0	12.0	0.0	66.03	17.09	68.96	56.32	64.12	21.54	16.12	50.48	95.02	54.41	25.06	99.64	73.54	54.04	62.29	54.59	28.43	42.8	37.2	67.94	40.0	78.03	93.23	60.17	66.21	41.23	36.22	25.61	76.84	50.99	48.17	52.95	94.02	85.44	75.47	22.63	58.03	105.95	24.04	62.36	59.46	43.68	66.6	43.83	70.24	50.7	68.12	45.88	67.48	45.35
24	61.61	38.63	20.59	12.81	17.89	56.89	54.41	37.95	54.04	43.86	32.98	35.44	46.69	66.57	11.66	15.23	48.17	33.53	49.19	46.17	21.63	32.25	6.0	40.0	0.0	31.24	40.0	26.08	34.0	34.23	34.0	48.83	20.0	26.0	10.77	55.17	21.54	15.62	59.67	44.18	14.14	34.99	38.83	48.08	2.83	46.04	29.53	48.0	52.84	53.25	47.71	28.28	21.26	30.46	14.42	39.4	14.14	36.88	39.45	54.63	69.31	40.79	17.89	34.06	66.04	43.66	49.65	34.18	15.62	28.64	4.12	31.32	15.81	28.28	16.28	27.59	17.69
25	88.57	41.23	40.5	36.06	32.25	83.26	23.32	60.53	56.92	75.07	29.12	55.79	71.02	76.94	42.43	45.34	70.88	31.05	46.52	68.96	32.56	59.06	36.06	12.0	31.24	0.0	12.0	56.64	7.21	57.58	54.15	64.5	11.31	14.56	41.04	86.28	43.08	15.62	90.55	69.86	45.34	50.36	42.76	22.8	34.06	28.43	60.46	31.24	66.03	83.74	48.7	55.57	38.21	36.88	17.89	69.97	40.5	48.66	41.23	83.76	74.0	69.86	16.49	46.04	96.21	17.72	50.92	56.57	32.31	59.36	34.66	59.91	39.82	59.46	34.54	58.73	33.84
26	99.54	38.21	51.92	41.62	35.78	94.34	20.0	63.25	68.41	83.55	40.79	67.47	74.0	88.81	51.61	54.92	82.46	42.76	57.58	80.52	44.41	69.86	43.86	0.0	40.0	12.0	0.0	66.03	17.09	68.96	56.32	64.12	21.54	16.12	50.48	95.02	54.41	25.06	99.64	73.54	54.04	62.29	54.59	28.43	42.8	37.2	67.94	40.0	78.03	93.23	60.17	66.21	41.23	36.22	25.61	76.84	50.99	48.17	52.95	94.02	85.44	75.47	22.63	58.03	105.95	24.04	62.36	59.46	43.68	66.6	43.83	70.24	50.7	68.12	45.88	67.48	45.35
27	38.0	58.0	24.33	30.27	38.47	34.23	79.25	40.5	57.27	19.7	48.08	26.83	43.86	60.46	14.42	11.31	31.62	47.54	58.0	30.0	33.53	14.14	23.41	66.03	26.08	56.64	66.03	0.0	58.14	21.63	41.23	56.36	45.34	51.88	15.62	30.0	22.09	41.23	33.94	39.7	12.65	32.98	46.0	69.97	23.32	64.62	14.42	65.79	46.65	27.2	54.15	11.66	38.0	50.04	40.5	22.8	17.89	50.99	48.04	29.12	68.03	29.53	43.91	36.22	39.96	66.29	55.33	38.47	28.64	15.62	22.2	9.43	20.25	6.32	26.93	5.39	28.79
28	87.82	48.33	39.45	40.79	38.0	82.37	21.26	66.12	51.42	77.2	24.08	53.85	76.42	72.25	44.41	46.86	69.08	26.08	40.5	67.23	30.46	58.82	39.4	17.09	34.0	7.21	17.09	58.14	0.0	56.36	60.0	71.02	14.56	21.54	42.8	88.09	42.19	18.97	92.02	74.97	47.71	47.54	38.05	16.12	36.72	21.26	63.53	24.08	62.13	84.85	43.17	55.61	44.0	43.68	22.36	73.35	41.04	55.32	36.22	84.02	68.41	74.0	22.0	42.76	97.0	11.05	45.35	62.13	31.62	62.61	36.89	60.31	39.82	61.61	33.84	60.8	32.76
29	31.62	72.28	17.09	44.27	51.42	26.08	77.18	60.96	38.0	36.22	38.21	6.0	65.3	38.83	26.0	22.36	14.0	36.88	41.76	12.0	26.08	8.25	35.44	68.96	34.23	57.58	68.96	21.63	56.36	0.0	60.46	76.03	47.54	58.31	25.3	42.43	14.56	44.72	43.68	61.22	27.78	14.56	30.46	63.78	32.56	55.32	36.06	55.61	25.06	35.44	36.88	10.0	53.14	64.03	46.17	43.86	20.1	68.03	33.11	30.53	46.82	51.11	50.16	19.7	44.78	61.4	37.48	58.41	25.3	37.2	30.41	13.6	19.03	27.78	23.09	26.93	23.77
30	77.67	25.61	52.5	21.54	22.0	74.73	75.71	7.21	87.66	46.04	66.48	64.03	17.89	97.67	35.38	38.42	72.47	67.23	83.19	70.71	55.57	54.59	28.84	56.32	34.0	54.15	56.32	41.23	60.0	60.46	0.0	15.62	46.17	40.79	36.77	56.57	52.35	42.43	62.51	18.44	32.8	66.48	72.72	76.03	33.29	77.28	30.27	79.62	83.55	60.0	81.63	51.11	16.0	21.63	38.21	32.56	43.86	13.42	73.43	66.48	102.18	26.0	38.0	66.84	72.17	71.01	83.53	4.47	49.4	28.28	35.23	50.57	46.75	37.36	49.65	37.64	51.31
31	91.76	27.2	67.94	36.06	34.18	89.2	84.1	16.49	102.8	58.55	80.5	79.65	20.88	113.28	50.99	54.04	87.82	81.41	97.75	86.09	70.46	69.97	44.05	64.12	48.83	64.5	64.12	56.36	71.02	76.03	15.62	0.0	58.24	50.16	52.35	68.03	67.88	55.03	74.03	24.33	48.41	82.02	87.66	87.13	48.41	89.84	44.27	92.35	99.16	72.69	96.52	66.57	28.64	28.0	50.6	44.18	59.4	16.0	88.2	80.05	117.59	36.0	49.48	82.22	84.15	82.04	98.47	17.89	64.4	42.38	50.45	65.76	62.24	52.0	64.82	52.39	66.4
32	78.0	38.42	30.59	26.31	24.33	72.8	34.41	52.0	52.84	63.78	25.61	46.39	62.13	70.88	31.11	34.06	61.19	27.2	44.05	59.23	24.08	48.33	25.06	21.54	20.0	11.31	21.54	45.34	14.56	47.54	46.17	58.24	0.0	13.42	29.73	74.97	32.98	4.47	79.25	60.53	34.06	42.05	37.58	30.07	22.8	31.62	49.4	34.18	58.86	72.47	44.94	44.72	30.27	32.25	8.0	59.06	29.53	43.08	36.72	72.72	69.77	59.46	8.94	38.47	85.0	25.18	47.17	48.0	22.36	48.37	23.35	48.88	29.15	48.17	24.52	47.42	24.19
33	87.36	26.83	42.0	25.61	19.7	82.46	34.93	47.54	66.24	68.41	38.83	58.0	58.24	84.12	37.58	41.23	72.25	40.5	57.2	70.26	36.88	57.72	28.84	16.12	26.0	14.56	16.12	51.88	21.54	58.31	40.79	50.16	13.42	0.0	36.77	80.0	44.05	14.14	84.88	57.58	39.45	54.59	50.99	37.36	28.64	42.19	52.35	44.94	71.81	78.89	58.31	53.85	25.3	22.36	12.17	60.96	38.83	34.23	50.12	80.62	83.19	59.36	8.25	51.42	91.79	32.28	60.54	43.68	34.06	50.91	30.08	57.25	39.32	53.25	36.01	52.7	36.12
34	50.99	47.07	16.12	18.97	26.31	46.39	63.78	38.83	51.88	34.41	36.06	27.78	45.69	60.96	2.0	4.47	38.83	36.0	49.48	36.88	22.09	22.0	10.2	50.48	10.77	41.04	50.48	15.62	42.8	25.3	36.77	52.35	29.73	36.77	0.0	45.34	15.62	25.61	49.52	42.38	6.0	29.73	37.95	55.46	8.25	51.42	22.36	52.95	46.86	42.8	46.82	18.0	27.86	38.83	25.06	32.56	7.21	42.94	39.29	43.86	65.6	36.06	28.64	30.53	55.47	51.48	48.47	35.61	16.0	22.09	6.71	20.62	10.3	18.87	15.13	18.03	17.12
35	31.24	79.7	52.8	55.57	63.53	32.25	109.12	52.04	80.22	11.66	76.97	48.37	48.66	75.71	43.86	41.23	42.76	76.16	83.95	42.43	62.61	34.93	51.22	95.02	55.17	86.28	95.02	30.0	88.09	42.43	56.57	68.03	74.97	80.0	45.34	0.0	50.16	70.71	6.0	44.41	41.04	56.89	72.28	99.86	52.35	93.91	28.64	94.85	64.28	8.94	79.25	36.06	60.93	72.8	69.43	24.08	47.71	69.43	74.73	18.87	86.58	32.06	72.47	61.61	16.28	96.26	79.91	52.35	58.31	30.46	51.62	30.68	49.74	26.91	56.44	27.59	58.18
36	45.65	60.17	2.83	33.29	39.4	40.25	63.25	54.41	36.77	41.23	26.83	14.14	60.83	45.61	17.2	15.23	28.28	26.0	36.06	26.31	12.81	16.97	24.41	54.41	21.54	43.08	54.41	22.09	42.19	14.56	52.35	67.88	32.98	44.05	15.62	50.16	0.0	30.27	52.84	57.27	20.59	14.14	24.08	50.99	20.59	43.91	34.53	44.72	31.62	44.94	32.56	14.42	42.19	52.0	32.0	44.18	8.49	57.69	26.0	42.43	50.0	49.48	36.0	15.23	56.08	48.1	33.96	51.22	10.77	34.93	18.36	19.72	5.83	28.0	8.54	27.0	9.43
37	74.67	36.77	28.07	22.09	20.88	69.57	38.83	48.04	53.25	59.46	26.91	44.05	58.03	70.23	26.91	30.0	58.55	28.28	45.25	56.57	22.8	44.94	20.59	25.06	15.62	15.62	25.06	41.23	18.97	44.72	42.43	55.03	4.47	14.14	25.61	70.71	30.27	0.0	75.07	56.32	29.73	40.45	37.74	34.23	18.44	34.93	44.94	37.36	57.72	68.41	45.61	41.23	26.68	30.0	4.47	54.59	26.0	40.25	37.2	68.96	69.97	55.03	7.21	37.36	81.02	29.43	47.8	44.05	20.0	43.91	19.1	45.18	25.96	43.86	22.02	43.14	22.02
38	27.78	85.44	55.57	60.83	68.88	29.73	113.17	58.03	80.89	17.09	79.65	49.48	54.59	74.67	48.17	45.25	42.05	78.71	85.44	42.0	65.51	36.77	56.04	99.64	59.67	90.55	99.64	33.94	92.02	43.68	62.51	74.03	79.25	84.88	49.52	6.0	52.84	75.07	0.0	50.36	45.61	58.24	74.0	103.23	56.85	96.75	34.18	97.53	64.0	8.25	80.52	38.47	66.48	78.43	74.03	30.07	51.22	75.31	76.55	16.49	86.09	38.05	77.2	63.25	10.44	99.81	81.02	58.31	61.61	36.06	55.97	33.12	53.01	31.62	59.64	32.2	61.29
39	70.68	43.86	58.31	34.23	37.95	68.96	92.35	11.31	94.02	36.06	76.94	66.03	4.47	100.0	40.5	42.05	70.77	77.28	91.76	69.31	64.03	53.81	38.21	73.54	44.18	69.86	73.54	39.7	74.97	61.22	18.44	24.33	60.53	57.58	42.38	44.41	57.27	56.32	50.36	0.0	36.77	70.71	80.32	90.55	42.43	90.02	25.46	92.09	86.02	50.0	89.2	51.22	32.31	40.0	52.61	21.54	49.4	31.24	81.61	58.31	106.68	12.65	53.37	72.5	60.67	85.71	90.82	14.42	57.72	24.08	43.74	48.8	52.55	33.94	57.28	34.66	59.2
40	50.16	46.17	21.54	18.0	26.08	46.0	68.41	34.06	57.27	29.73	42.05	31.24	40.25	65.05	4.0	5.66	40.5	42.0	55.32	38.63	28.07	22.8	10.77	54.04	14.14	45.34	54.04	12.65	47.71	27.78	32.8	48.41	34.06	39.45	6.0	41.04	20.59	29.73	45.61	36.77	0.0	34.41	43.68	60.93	11.31	57.27	16.49	58.86	50.91	39.45	52.5	18.97	26.31	38.05	28.43	26.68	12.65	40.5	45.12	41.76	70.46	30.07	31.62	35.78	52.35	56.8	54.08	31.11	22.0	16.12	10.82	20.02	15.81	14.14	21.1	13.45	23.09
41	43.86	73.35	14.42	47.2	52.84	38.21	67.23	68.41	24.33	50.0	26.08	8.94	74.43	31.62	31.24	28.84	22.8	24.41	27.2	21.26	18.0	22.09	38.42	62.29	34.99	50.36	62.29	32.98	47.54	14.56	66.48	82.02	42.05	54.59	29.73	56.89	14.14	40.45	58.24	70.71	34.41	0.0	16.12	52.15	34.41	42.52	46.82	42.43	17.89	50.0	22.36	22.09	56.04	65.3	43.17	55.79	22.63	71.61	18.87	44.72	36.06	62.03	47.07	5.66	59.03	50.54	23.09	65.3	20.88	47.54	32.2	27.0	19.85	39.29	19.31	38.33	18.68
42	59.67	74.03	22.36	51.61	55.17	54.04	55.32	76.03	15.62	64.5	14.0	25.06	83.57	34.23	39.85	38.83	38.21	12.0	12.0	36.88	17.2	37.36	43.91	54.59	38.83	42.76	54.59	46.0	38.05	30.46	72.72	87.66	37.58	50.99	37.95	72.28	24.08	37.74	74.0	80.32	43.68	16.12	0.0	38.63	39.45	27.78	58.55	27.2	24.74	65.79	8.94	36.5	59.67	66.6	41.62	68.26	31.05	75.07	2.83	60.83	32.25	73.35	44.94	10.77	75.13	38.08	10.82	72.47	23.32	58.86	37.59	41.77	27.89	52.04	23.26	51.04	21.47
43	95.27	63.91	48.17	56.32	54.04	89.64	18.11	82.02	48.17	89.55	26.08	60.0	92.2	70.71	57.27	59.06	74.89	27.78	36.06	73.24	38.21	67.94	53.85	28.43	48.08	22.8	28.43	69.97	16.12	63.78	76.03	87.13	30.07	37.36	55.46	99.86	50.99	34.23	103.23	90.55	60.93	52.15	38.63	0.0	50.6	12.0	77.25	14.14	63.25	95.6	40.45	65.3	60.03	59.67	38.05	87.32	52.15	71.39	36.06	93.38	64.03	88.77	38.05	46.65	107.06	5.1	42.3	78.03	41.62	76.55	50.33	70.43	50.22	74.24	43.6	73.36	42.01
44	59.23	39.85	20.0	12.81	18.97	54.59	57.2	36.77	54.41	41.04	34.53	34.18	45.12	66.03	8.94	12.65	46.39	34.93	50.16	44.41	22.36	30.07	4.47	42.8	2.83	34.06	42.8	23.32	36.72	32.56	33.29	48.41	22.8	28.64	8.25	52.35	20.59	18.44	56.85	42.43	11.31	34.41	39.45	50.6	0.0	48.17	26.83	50.04	52.15	50.48	48.37	26.08	21.63	31.62	17.2	36.77	12.65	37.2	40.25	52.0	69.31	38.47	20.59	33.94	63.29	46.24	50.25	33.11	16.12	26.0	2.24	28.86	14.76	25.46	16.4	24.76	18.03
45	86.28	68.96	41.18	56.32	55.79	80.62	30.07	82.61	36.22	84.31	17.2	50.91	92.2	58.86	53.37	54.41	65.3	18.44	24.08	63.78	31.3	60.46	52.04	37.2	46.04	28.43	37.2	64.62	21.26	55.32	77.28	89.84	31.62	42.19	51.42	93.91	43.91	34.93	96.75	90.02	57.27	42.52	27.78	12.0	48.17	0.0	73.76	2.83	52.0	88.84	28.64	58.31	61.61	63.56	39.29	83.95	46.82	74.67	25.06	85.6	52.04	86.58	40.5	36.88	99.62	13.93	30.41	78.64	36.06	73.35	47.38	63.63	44.38	69.57	37.7	68.62	35.85
46	47.54	51.42	36.22	27.2	34.99	44.94	83.76	27.86	70.88	17.09	58.31	41.18	29.73	74.89	20.4	20.0	45.34	58.14	70.46	43.86	44.05	28.43	24.41	67.94	29.53	60.46	67.94	14.42	63.53	36.06	30.27	44.27	49.4	52.35	22.36	28.64	34.53	44.94	34.18	25.46	16.49	46.82	58.55	77.25	26.83	73.76	0.0	75.31	61.06	30.27	67.08	26.08	32.31	44.27	42.8	10.2	28.0	42.05	60.3	36.22	82.29	15.23	45.34	49.48	42.95	73.01	68.45	26.68	38.21	2.0	26.93	23.35	31.02	8.49	37.05	9.22	39.05
47	86.28	71.69	42.05	58.55	58.24	80.62	32.25	84.85	34.53	85.44	17.89	50.99	94.34	57.27	54.92	55.79	65.12	18.87	22.36	63.66	32.31	61.06	54.0	40.0	48.0	31.24	40.0	65.79	24.08	55.61	79.62	92.35	34.18	44.94	52.95	94.85	44.72	37.36	97.53	92.09	58.86	42.43	27.2	14.14	50.04	2.83	75.31	0.0	50.99	89.55	27.2	59.06	64.03	66.21	41.76	85.51	48.08	77.25	24.41	86.02	50.0	88.36	43.08	36.77	100.12	16.55	28.86	80.89	37.36	74.97	49.16	64.41	45.54	70.88	38.9	69.92	37.0
48	42.38	91.24	32.25	64.9	70.71	37.36	80.05	84.9	20.0	60.17	38.47	20.0	90.0	14.14	48.17	45.25	22.09	36.5	30.0	22.0	34.93	33.11	56.04	78.03	52.84	66.03	78.03	46.65	62.13	25.06	83.55	99.16	58.86	71.81	46.86	64.28	31.62	57.72	64.0	86.02	50.91	17.89	24.74	63.25	52.15	52.0	61.06	50.99	0.0	56.04	24.41	34.99	73.78	83.19	60.73	68.88	40.0	89.31	27.2	48.17	22.36	76.16	64.56	20.4	61.81	62.82	23.43	82.02	38.63	62.13	49.93	38.48	37.44	52.84	37.16	51.97	36.4
49	22.63	81.58	47.71	55.71	63.91	23.32	106.08	56.32	72.69	14.14	71.69	41.23	54.41	67.08	41.62	38.42	34.23	70.71	77.2	34.06	57.69	28.64	50.12	93.23	53.25	83.74	93.23	27.2	84.85	35.44	60.0	72.69	72.47	78.89	42.8	8.94	44.94	68.41	8.25	50.0	39.45	50.0	65.79	95.6	50.48	88.84	30.27	89.55	56.04	0.0	72.28	30.53	62.1	74.22	67.68	28.64	43.86	72.25	68.35	10.0	78.23	37.36	71.02	55.03	13.0	92.31	72.78	56.04	54.04	32.25	49.41	25.24	45.45	26.0	52.01	26.4	53.6
50	63.81	82.22	31.05	60.46	63.78	58.31	58.14	84.97	8.25	72.11	19.7	31.05	92.48	30.27	48.7	47.54	42.19	17.89	5.66	41.18	26.08	44.41	52.84	60.17	47.71	48.7	60.17	54.15	43.17	36.88	81.63	96.52	44.94	58.31	46.82	79.25	32.56	45.61	80.52	89.2	52.5	22.36	8.94	40.45	48.37	28.64	67.08	27.2	24.41	72.28	0.0	44.05	68.41	74.97	49.68	76.66	39.85	83.74	8.49	66.48	25.3	82.0	52.8	18.0	80.78	41.01	2.24	81.41	32.25	67.47	46.53	49.16	36.69	60.3	32.2	59.3	30.41
51	33.53	64.78	17.2	36.5	44.18	28.64	76.84	51.22	46.39	28.07	41.18	15.23	55.32	48.83	18.11	14.14	21.54	40.25	48.37	19.7	27.2	4.0	28.07	66.21	28.28	55.57	66.21	11.66	55.61	10.0	51.11	66.57	44.72	53.85	18.0	36.06	14.42	41.23	38.47	51.22	18.97	22.09	36.5	65.3	26.08	58.31	26.08	59.06	34.99	30.53	44.05	0.0	45.12	56.57	41.76	34.18	15.23	59.46	38.83	28.43	56.46	41.18	45.61	26.08	41.77	62.24	45.0	48.83	24.08	27.2	24.19	5.39	15.81	17.89	21.93	17.0	23.35
52	76.0	20.0	41.62	8.94	6.0	72.11	60.17	22.36	75.07	49.4	51.88	55.46	32.98	87.66	27.2	31.05	66.48	52.84	69.34	64.56	42.52	49.03	17.89	41.23	21.26	38.21	41.23	38.0	44.0	53.14	16.0	28.64	30.27	25.3	27.86	60.93	42.19	26.68	66.48	32.31	26.31	56.04	59.67	60.03	21.63	61.61	32.31	64.03	73.78	62.1	68.41	45.12	0.0	12.17	22.36	38.83	34.0	15.62	60.0	66.48	90.55	35.38	22.0	55.32	75.0	55.01	70.43	18.44	36.77	30.46	23.85	46.27	36.36	36.5	37.54	36.35	38.9
53	88.02	8.25	50.99	20.1	12.65	84.02	56.14	28.84	82.22	61.35	56.85	65.79	39.45	96.75	38.47	42.43	77.67	58.14	75.07	75.71	50.0	60.53	28.64	36.22	30.46	36.88	36.22	50.04	43.68	64.03	21.63	28.0	32.25	22.36	38.83	72.8	52.0	30.0	78.43	40.0	38.05	65.3	66.6	59.67	31.62	63.56	44.27	66.21	83.19	74.22	74.97	56.57	12.17	0.0	25.61	50.12	44.27	12.0	66.48	78.64	98.41	45.61	23.32	63.81	87.09	54.57	77.1	25.61	44.94	42.38	33.84	58.08	46.24	48.66	46.14	48.51	47.17
54	75.29	32.56	30.07	18.44	16.49	70.34	41.18	44.0	57.2	58.0	31.24	46.04	54.15	73.54	26.08	29.53	60.13	32.56	49.52	58.14	26.0	45.61	18.44	25.61	14.42	17.89	25.61	40.5	22.36	46.17	38.21	50.6	8.0	12.17	25.06	69.43	32.0	4.47	74.03	52.61	28.43	43.17	41.62	38.05	17.2	39.29	42.8	41.76	60.73	67.68	49.68	41.76	22.36	25.61	0.0	52.15	26.68	35.78	41.23	68.88	73.78	52.0	4.0	40.5	80.45	33.14	51.86	40.0	22.36	41.62	18.36	45.31	27.17	42.52	24.19	41.87	24.52
55	49.19	56.46	46.04	35.38	42.52	47.71	93.3	28.0	80.05	14.56	68.47	49.4	26.0	82.37	30.59	30.07	51.22	68.26	80.22	50.0	54.15	35.78	34.0	76.84	39.4	69.97	76.84	22.8	73.35	43.86	32.56	44.18	59.06	60.96	32.56	24.08	44.18	54.59	30.07	21.54	26.68	55.79	68.26	87.32	36.77	83.95	10.2	85.51	68.88	28.64	76.66	34.18	38.83	50.12	52.15	0.0	38.05	45.61	70.11	36.77	90.62	8.94	54.41	58.86	40.01	83.01	77.93	28.28	48.37	10.77	37.0	30.41	41.01	16.49	47.17	17.46	49.16
56	48.7	52.5	8.94	25.06	31.62	43.68	62.29	46.04	44.72	37.58	30.59	21.54	52.8	54.04	8.94	8.0	34.06	30.27	42.76	32.06	16.12	18.97	16.12	50.99	14.14	40.5	50.99	17.89	41.04	20.1	43.86	59.4	29.53	38.83	7.21	47.71	8.49	26.0	51.22	49.4	12.65	22.63	31.05	52.15	12.65	46.82	28.0	48.08	40.0	43.86	39.85	15.23	34.0	44.27	26.68	38.05	0.0	49.4	32.56	43.27	58.41	42.43	30.59	23.32	55.97	48.6	41.44	42.8	10.77	28.07	10.44	19.42	3.16	22.8	9.22	21.84	11.18
57	88.57	12.81	57.2	24.41	20.0	85.16	68.12	20.0	90.55	58.55	66.57	70.71	29.73	103.23	42.05	45.69	80.99	67.68	84.4	79.12	58.0	63.25	33.29	48.17	36.88	48.66	48.17	50.99	55.32	68.03	13.42	16.0	43.08	34.23	42.94	69.43	57.69	40.25	75.31	31.24	40.5	71.61	75.07	71.39	37.2	74.67	42.05	77.25	89.31	72.25	83.74	59.46	15.62	12.0	35.78	45.61	49.4	0.0	75.29	78.03	106.15	39.4	34.18	70.94	84.72	66.29	85.8	17.89	52.35	40.05	39.41	59.91	51.87	48.17	53.15	48.26	54.49
58	62.48	73.76	24.08	52.15	55.32	56.85	52.95	76.97	16.12	66.75	12.17	27.78	84.76	36.06	41.23	40.45	41.04	10.2	10.2	39.7	17.89	39.85	44.72	52.95	39.45	41.23	52.95	48.04	36.22	33.11	73.43	88.2	36.72	50.12	39.29	74.73	26.0	37.2	76.55	81.61	45.12	18.87	2.83	36.06	40.25	25.06	60.3	24.41	27.2	68.35	8.49	38.83	60.0	66.48	41.23	70.11	32.56	75.29	0.0	63.53	33.11	74.97	44.41	13.42	77.83	35.69	10.63	73.35	24.17	60.53	38.48	44.15	29.43	54.0	24.35	53.0	22.47
59	12.81	86.37	45.25	59.23	67.47	13.42	105.26	63.56	65.97	22.36	68.41	35.78	62.77	58.31	43.08	39.4	26.08	67.2	71.69	26.31	55.17	25.46	52.5	94.02	54.63	83.76	94.02	29.12	84.02	30.53	66.48	80.05	72.72	80.62	43.86	18.87	42.43	68.96	16.49	58.31	41.76	44.72	60.83	93.38	52.0	85.6	36.22	86.02	48.17	10.0	66.48	28.43	66.48	78.64	68.88	36.77	43.27	78.03	63.53	0.0	70.0	45.69	72.5	50.12	14.32	90.52	66.73	62.8	52.5	38.21	50.57	23.85	44.2	30.07	50.33	30.15	51.66
