set K:= 1	2	3	4	5	6	7	8;
set C_H:= 1	2	3	4	5	6	7	8	9	10	11	12	13	14	15	16	17	18	19	20	21	22	23	24	25	26	27	28	29	30	31	32	33	34	35	36	37;
set C_S:= 38	39	40	41	42	43	44	45	46	47	48	49	50	51	52	53	54	55;
set C_F:= 56	57	58	59	60	61;
set M:= 62	63	64	65	66	67;
set L_B:= 68	69	70	71	72	73	74	75;
set A1:=
(0,*) 1 2 3 4 5 6 7 8 9 10 11 12 13 14 15 16 17 18 19 20 21 22 23 24 25 26 27 28 29 30 31 32 33 34 35 36 37 56 57 58 59 60 61 62 63 64 65 66 67 68 69 70 71 72 73 74 75
(1,*) 0 2 3 4 5 6 7 8 9 10 11 12 13 14 15 16 17 18 19 20 21 22 23 24 25 26 27 28 29 30 31 32 33 34 35 36 37 56 57 58 59 60 61 62 63 64 65 66 67 68 69 70 71 72 73 74 75
(2,*) 0 1 3 4 5 6 7 8 9 10 11 12 13 14 15 16 17 18 19 20 21 22 23 24 25 26 27 28 29 30 31 32 33 34 35 36 37 56 57 58 59 60 61 62 63 64 65 66 67 68 69 70 71 72 73 74 75
(3,*) 0 1 2 4 5 6 7 8 9 10 11 12 13 14 15 16 17 18 19 20 21 22 23 24 25 26 27 28 29 30 31 32 33 34 35 36 37 56 57 58 59 60 61 62 63 64 65 66 67 68 69 70 71 72 73 74 75
(4,*) 0 1 2 3 5 6 7 8 9 10 11 12 13 14 15 16 17 18 19 20 21 22 23 24 25 26 27 28 29 30 31 32 33 34 35 36 37 56 57 58 59 60 61 62 63 64 65 66 67 68 69 70 71 72 73 74 75
(5,*) 0 1 2 3 4 6 7 8 9 10 11 12 13 14 15 16 17 18 19 20 21 22 23 24 25 26 27 28 29 30 31 32 33 34 35 36 37 56 57 58 59 60 61 62 63 64 65 66 67 68 69 70 71 72 73 74 75
(6,*) 0 1 2 3 4 5 7 8 9 10 11 12 13 14 15 16 17 18 19 20 21 22 23 24 25 26 27 28 29 30 31 32 33 34 35 36 37 56 57 58 59 60 61 62 63 64 65 66 67 68 69 70 71 72 73 74 75
(7,*) 0 1 2 3 4 5 6 8 9 10 11 12 13 14 15 16 17 18 19 20 21 22 23 24 25 26 27 28 29 30 31 32 33 34 35 36 37 56 57 58 59 60 61 62 63 64 65 66 67 68 69 70 71 72 73 74 75
(8,*) 0 1 2 3 4 5 6 7 9 10 11 12 13 14 15 16 17 18 19 20 21 22 23 24 25 26 27 28 29 30 31 32 33 34 35 36 37 56 57 58 59 60 61 62 63 64 65 66 67 68 69 70 71 72 73 74 75
(9,*) 0 1 2 3 4 5 6 7 8 10 11 12 13 14 15 16 17 18 19 20 21 22 23 24 25 26 27 28 29 30 31 32 33 34 35 36 37 56 57 58 59 60 61 62 63 64 65 66 67 68 69 70 71 72 73 74 75
(10,*) 0 1 2 3 4 5 6 7 8 9 11 12 13 14 15 16 17 18 19 20 21 22 23 24 25 26 27 28 29 30 31 32 33 34 35 36 37 56 57 58 59 60 61 62 63 64 65 66 67 68 69 70 71 72 73 74 75
(11,*) 0 1 2 3 4 5 6 7 8 9 10 12 13 14 15 16 17 18 19 20 21 22 23 24 25 26 27 28 29 30 31 32 33 34 35 36 37 56 57 58 59 60 61 62 63 64 65 66 67 68 69 70 71 72 73 74 75
(12,*) 0 1 2 3 4 5 6 7 8 9 10 11 13 14 15 16 17 18 19 20 21 22 23 24 25 26 27 28 29 30 31 32 33 34 35 36 37 56 57 58 59 60 61 62 63 64 65 66 67 68 69 70 71 72 73 74 75
(13,*) 0 1 2 3 4 5 6 7 8 9 10 11 12 14 15 16 17 18 19 20 21 22 23 24 25 26 27 28 29 30 31 32 33 34 35 36 37 56 57 58 59 60 61 62 63 64 65 66 67 68 69 70 71 72 73 74 75
(14,*) 0 1 2 3 4 5 6 7 8 9 10 11 12 13 15 16 17 18 19 20 21 22 23 24 25 26 27 28 29 30 31 32 33 34 35 36 37 56 57 58 59 60 61 62 63 64 65 66 67 68 69 70 71 72 73 74 75
(15,*) 0 1 2 3 4 5 6 7 8 9 10 11 12 13 14 16 17 18 19 20 21 22 23 24 25 26 27 28 29 30 31 32 33 34 35 36 37 56 57 58 59 60 61 62 63 64 65 66 67 68 69 70 71 72 73 74 75
(16,*) 0 1 2 3 4 5 6 7 8 9 10 11 12 13 14 15 17 18 19 20 21 22 23 24 25 26 27 28 29 30 31 32 33 34 35 36 37 56 57 58 59 60 61 62 63 64 65 66 67 68 69 70 71 72 73 74 75
(17,*) 0 1 2 3 4 5 6 7 8 9 10 11 12 13 14 15 16 18 19 20 21 22 23 24 25 26 27 28 29 30 31 32 33 34 35 36 37 56 57 58 59 60 61 62 63 64 65 66 67 68 69 70 71 72 73 74 75
(18,*) 0 1 2 3 4 5 6 7 8 9 10 11 12 13 14 15 16 17 19 20 21 22 23 24 25 26 27 28 29 30 31 32 33 34 35 36 37 56 57 58 59 60 61 62 63 64 65 66 67 68 69 70 71 72 73 74 75
(19,*) 0 1 2 3 4 5 6 7 8 9 10 11 12 13 14 15 16 17 18 20 21 22 23 24 25 26 27 28 29 30 31 32 33 34 35 36 37 56 57 58 59 60 61 62 63 64 65 66 67 68 69 70 71 72 73 74 75
(20,*) 0 1 2 3 4 5 6 7 8 9 10 11 12 13 14 15 16 17 18 19 21 22 23 24 25 26 27 28 29 30 31 32 33 34 35 36 37 56 57 58 59 60 61 62 63 64 65 66 67 68 69 70 71 72 73 74 75
(21,*) 0 1 2 3 4 5 6 7 8 9 10 11 12 13 14 15 16 17 18 19 20 22 23 24 25 26 27 28 29 30 31 32 33 34 35 36 37 56 57 58 59 60 61 62 63 64 65 66 67 68 69 70 71 72 73 74 75
(22,*) 0 1 2 3 4 5 6 7 8 9 10 11 12 13 14 15 16 17 18 19 20 21 23 24 25 26 27 28 29 30 31 32 33 34 35 36 37 56 57 58 59 60 61 62 63 64 65 66 67 68 69 70 71 72 73 74 75
(23,*) 0 1 2 3 4 5 6 7 8 9 10 11 12 13 14 15 16 17 18 19 20 21 22 24 25 26 27 28 29 30 31 32 33 34 35 36 37 56 57 58 59 60 61 62 63 64 65 66 67 68 69 70 71 72 73 74 75
(24,*) 0 1 2 3 4 5 6 7 8 9 10 11 12 13 14 15 16 17 18 19 20 21 22 23 25 26 27 28 29 30 31 32 33 34 35 36 37 56 57 58 59 60 61 62 63 64 65 66 67 68 69 70 71 72 73 74 75
(25,*) 0 1 2 3 4 5 6 7 8 9 10 11 12 13 14 15 16 17 18 19 20 21 22 23 24 26 27 28 29 30 31 32 33 34 35 36 37 56 57 58 59 60 61 62 63 64 65 66 67 68 69 70 71 72 73 74 75
(26,*) 0 1 2 3 4 5 6 7 8 9 10 11 12 13 14 15 16 17 18 19 20 21 22 23 24 25 27 28 29 30 31 32 33 34 35 36 37 56 57 58 59 60 61 62 63 64 65 66 67 68 69 70 71 72 73 74 75
(27,*) 0 1 2 3 4 5 6 7 8 9 10 11 12 13 14 15 16 17 18 19 20 21 22 23 24 25 26 28 29 30 31 32 33 34 35 36 37 56 57 58 59 60 61 62 63 64 65 66 67 68 69 70 71 72 73 74 75
(28,*) 0 1 2 3 4 5 6 7 8 9 10 11 12 13 14 15 16 17 18 19 20 21 22 23 24 25 26 27 29 30 31 32 33 34 35 36 37 56 57 58 59 60 61 62 63 64 65 66 67 68 69 70 71 72 73 74 75
(29,*) 0 1 2 3 4 5 6 7 8 9 10 11 12 13 14 15 16 17 18 19 20 21 22 23 24 25 26 27 28 30 31 32 33 34 35 36 37 56 57 58 59 60 61 62 63 64 65 66 67 68 69 70 71 72 73 74 75
(30,*) 0 1 2 3 4 5 6 7 8 9 10 11 12 13 14 15 16 17 18 19 20 21 22 23 24 25 26 27 28 29 31 32 33 34 35 36 37 56 57 58 59 60 61 62 63 64 65 66 67 68 69 70 71 72 73 74 75
(31,*) 0 1 2 3 4 5 6 7 8 9 10 11 12 13 14 15 16 17 18 19 20 21 22 23 24 25 26 27 28 29 30 32 33 34 35 36 37 56 57 58 59 60 61 62 63 64 65 66 67 68 69 70 71 72 73 74 75
(32,*) 0 1 2 3 4 5 6 7 8 9 10 11 12 13 14 15 16 17 18 19 20 21 22 23 24 25 26 27 28 29 30 31 33 34 35 36 37 56 57 58 59 60 61 62 63 64 65 66 67 68 69 70 71 72 73 74 75
(33,*) 0 1 2 3 4 5 6 7 8 9 10 11 12 13 14 15 16 17 18 19 20 21 22 23 24 25 26 27 28 29 30 31 32 34 35 36 37 56 57 58 59 60 61 62 63 64 65 66 67 68 69 70 71 72 73 74 75
(34,*) 0 1 2 3 4 5 6 7 8 9 10 11 12 13 14 15 16 17 18 19 20 21 22 23 24 25 26 27 28 29 30 31 32 33 35 36 37 56 57 58 59 60 61 62 63 64 65 66 67 68 69 70 71 72 73 74 75
(35,*) 0 1 2 3 4 5 6 7 8 9 10 11 12 13 14 15 16 17 18 19 20 21 22 23 24 25 26 27 28 29 30 31 32 33 34 36 37 56 57 58 59 60 61 62 63 64 65 66 67 68 69 70 71 72 73 74 75
(36,*) 0 1 2 3 4 5 6 7 8 9 10 11 12 13 14 15 16 17 18 19 20 21 22 23 24 25 26 27 28 29 30 31 32 33 34 35 37 56 57 58 59 60 61 62 63 64 65 66 67 68 69 70 71 72 73 74 75
(37,*) 0 1 2 3 4 5 6 7 8 9 10 11 12 13 14 15 16 17 18 19 20 21 22 23 24 25 26 27 28 29 30 31 32 33 34 35 36 56 57 58 59 60 61 62 63 64 65 66 67 68 69 70 71 72 73 74 75
(56,*) 0 1 2 3 4 5 6 7 8 9 10 11 12 13 14 15 16 17 18 19 20 21 22 23 24 25 26 27 28 29 30 31 32 33 34 35 36 37 57 58 59 60 61 62 63 64 65 66 67 68 69 70 71 72 73 74 75
(57,*) 0 1 2 3 4 5 6 7 8 9 10 11 12 13 14 15 16 17 18 19 20 21 22 23 24 25 26 27 28 29 30 31 32 33 34 35 36 37 56 58 59 60 61 62 63 64 65 66 67 68 69 70 71 72 73 74 75
(58,*) 0 1 2 3 4 5 6 7 8 9 10 11 12 13 14 15 16 17 18 19 20 21 22 23 24 25 26 27 28 29 30 31 32 33 34 35 36 37 56 57 59 60 61 62 63 64 65 66 67 68 69 70 71 72 73 74 75
(59,*) 0 1 2 3 4 5 6 7 8 9 10 11 12 13 14 15 16 17 18 19 20 21 22 23 24 25 26 27 28 29 30 31 32 33 34 35 36 37 56 57 58 60 61 62 63 64 65 66 67 68 69 70 71 72 73 74 75
(60,*) 0 1 2 3 4 5 6 7 8 9 10 11 12 13 14 15 16 17 18 19 20 21 22 23 24 25 26 27 28 29 30 31 32 33 34 35 36 37 56 57 58 59 61 62 63 64 65 66 67 68 69 70 71 72 73 74 75
(61,*) 0 1 2 3 4 5 6 7 8 9 10 11 12 13 14 15 16 17 18 19 20 21 22 23 24 25 26 27 28 29 30 31 32 33 34 35 36 37 56 57 58 59 60 62 63 64 65 66 67 68 69 70 71 72 73 74 75
(62,*) 0 1 2 3 4 5 6 7 8 9 10 11 12 13 14 15 16 17 18 19 20 21 22 23 24 25 26 27 28 29 30 31 32 33 34 35 36 37 56 57 58 59 60 61 63 64 65 66 67 68 69 70 71 72 73 74 75
(63,*) 0 1 2 3 4 5 6 7 8 9 10 11 12 13 14 15 16 17 18 19 20 21 22 23 24 25 26 27 28 29 30 31 32 33 34 35 36 37 56 57 58 59 60 61 62 64 65 66 67 68 69 70 71 72 73 74 75
(64,*) 0 1 2 3 4 5 6 7 8 9 10 11 12 13 14 15 16 17 18 19 20 21 22 23 24 25 26 27 28 29 30 31 32 33 34 35 36 37 56 57 58 59 60 61 62 63 65 66 67 68 69 70 71 72 73 74 75
(65,*) 0 1 2 3 4 5 6 7 8 9 10 11 12 13 14 15 16 17 18 19 20 21 22 23 24 25 26 27 28 29 30 31 32 33 34 35 36 37 56 57 58 59 60 61 62 63 64 66 67 68 69 70 71 72 73 74 75
(66,*) 0 1 2 3 4 5 6 7 8 9 10 11 12 13 14 15 16 17 18 19 20 21 22 23 24 25 26 27 28 29 30 31 32 33 34 35 36 37 56 57 58 59 60 61 62 63 64 65 67 68 69 70 71 72 73 74 75
(67,*) 0 1 2 3 4 5 6 7 8 9 10 11 12 13 14 15 16 17 18 19 20 21 22 23 24 25 26 27 28 29 30 31 32 33 34 35 36 37 56 57 58 59 60 61 62 63 64 65 66 68 69 70 71 72 73 74 75
(68,*) 0 1 2 3 4 5 6 7 8 9 10 11 12 13 14 15 16 17 18 19 20 21 22 23 24 25 26 27 28 29 30 31 32 33 34 35 36 37 56 57 58 59 60 61 62 63 64 65 66 67 69 70 71 72 73 74 75
(69,*) 0 1 2 3 4 5 6 7 8 9 10 11 12 13 14 15 16 17 18 19 20 21 22 23 24 25 26 27 28 29 30 31 32 33 34 35 36 37 56 57 58 59 60 61 62 63 64 65 66 67 68 70 71 72 73 74 75
(70,*) 0 1 2 3 4 5 6 7 8 9 10 11 12 13 14 15 16 17 18 19 20 21 22 23 24 25 26 27 28 29 30 31 32 33 34 35 36 37 56 57 58 59 60 61 62 63 64 65 66 67 68 69 71 72 73 74 75
(71,*) 0 1 2 3 4 5 6 7 8 9 10 11 12 13 14 15 16 17 18 19 20 21 22 23 24 25 26 27 28 29 30 31 32 33 34 35 36 37 56 57 58 59 60 61 62 63 64 65 66 67 68 69 70 72 73 74 75
(72,*) 0 1 2 3 4 5 6 7 8 9 10 11 12 13 14 15 16 17 18 19 20 21 22 23 24 25 26 27 28 29 30 31 32 33 34 35 36 37 56 57 58 59 60 61 62 63 64 65 66 67 68 69 70 71 73 74 75
(73,*) 0 1 2 3 4 5 6 7 8 9 10 11 12 13 14 15 16 17 18 19 20 21 22 23 24 25 26 27 28 29 30 31 32 33 34 35 36 37 56 57 58 59 60 61 62 63 64 65 66 67 68 69 70 71 72 74 75
(74,*) 0 1 2 3 4 5 6 7 8 9 10 11 12 13 14 15 16 17 18 19 20 21 22 23 24 25 26 27 28 29 30 31 32 33 34 35 36 37 56 57 58 59 60 61 62 63 64 65 66 67 68 69 70 71 72 73 75
(75,*) 0 1 2 3 4 5 6 7 8 9 10 11 12 13 14 15 16 17 18 19 20 21 22 23 24 25 26 27 28 29 30 31 32 33 34 35 36 37 56 57 58 59 60 61 62 63 64 65 66 67 68 69 70 71 72 73 74
;
set A2:=
(62,*) 63
(63,*) 62
(64,*) 65
(65,*) 64
(66,*) 67
(67,*) 66
;
param BigM:=99999;
param n:= 8;
param d:=
1	16
2	8
3	7
4	9
5	9
6	16
7	7
8	6
9	1
10	2
11	22
12	7
13	1
14	11
15	2
16	9
17	20
18	2
19	19
20	18
21	4
22	26
23	3
24	16
25	9
26	21
27	24
28	24
29	19
30	2
31	2
32	23
33	16
34	26
35	21
36	2
37	7
38	18
39	11
40	23
41	3
42	2
43	12
44	22
45	6
46	2
47	14
48	14
49	18
50	16
51	10
52	12
53	16
54	6
55	2
56	26
57	4
58	4
59	20
60	12
61	23
;
param Q:=100;
param w:=
[62,*] 63 1
[63,*] 62 1
[64,*] 65 1
[65,*] 64 1
[66,*] 67 1
[67,*] 66 1
;
param V:=
[62,*] 63 88
[63,*] 62 88
[64,*] 65 98
[65,*] 64 98
[66,*] 67 79
[67,*] 66 79
;
param f:=
62	100
63	100
64	100
65	100
66	100
67	100
68	100
69	100
70	100
71	100
72	100
73	100
74	100
75	100
;
param e:
	62	63	64	65	66	67	68	69	70	71	72	73	74	75:=
38	0	1	1	0	0	0	0	1	0	0	1	0	1	1	
39	0	0	0	1	0	1	0	0	1	0	0	1	0	0	
40	0	1	0	0	0	0	0	1	0	0	1	0	0	0	
41	0	1	1	0	1	0	1	1	0	1	1	0	1	1	
42	0	1	0	0	0	0	0	1	0	0	1	0	0	0	
43	0	0	1	0	1	0	0	0	0	0	0	0	1	0	
44	0	0	1	0	1	0	0	0	0	0	1	0	1	0	
45	0	0	1	0	1	1	1	1	0	1	1	0	1	1	
46	0	0	0	1	0	0	0	1	1	0	0	1	0	1	
47	0	0	0	1	0	0	0	0	1	0	0	1	0	0	
48	0	1	1	0	1	0	1	1	0	1	1	0	1	1	
49	1	0	0	0	0	1	1	0	0	1	0	0	0	0	
50	0	0	1	0	1	0	0	0	0	0	0	0	1	0	
51	0	1	1	0	0	0	0	1	0	0	1	0	1	0	
52	1	0	0	0	0	1	0	0	0	0	0	0	0	0	
53	0	0	0	1	0	0	0	0	1	0	0	1	0	0	
54	0	1	0	0	0	0	0	1	0	0	1	0	0	1	
55	0	1	0	1	0	0	0	1	1	1	1	1	1	1	
56	0	0	1	0	1	0	1	1	0	1	1	0	1	1	
57	0	0	0	1	0	0	0	0	1	0	0	1	0	1	
58	1	0	0	0	0	1	0	0	0	0	0	0	0	0	
59	0	1	1	0	0	0	0	1	0	1	1	0	1	1	
60	0	0	1	0	1	0	0	0	0	0	0	0	1	0	
61	0	0	1	0	1	0	1	0	0	1	1	0	1	0	
;
param p:=
1	1
2	1
3	1
4	1
5	1
6	1
7	1
8	1
;
param G:=
62	88
63	87
64	98
65	71
66	79
67	77
68	82
69	93
70	72
71	88
72	87
73	93
74	98
75	75
;
param s:=
0	0
1	15
2	15
3	15
4	15
5	15
6	15
7	15
8	15
9	15
10	15
11	15
12	15
13	15
14	15
15	15
16	15
17	15
18	15
19	15
20	15
21	15
22	15
23	15
24	15
25	15
26	15
27	15
28	15
29	15
30	15
31	15
32	15
33	15
34	15
35	15
36	15
37	15
56	15
57	15
58	15
59	15
60	15
61	15
62	10
63	10
64	10
65	10
66	10
67	10
68	10
69	10
70	10
71	10
72	10
73	10
74	10
75	10
;
param t:
	0	1	2	3	4	5	6	7	8	9	10	11	12	13	14	15	16	17	18	19	20	21	22	23	24	25	26	27	28	29	30	31	32	33	34	35	36	37	38	39	40	41	42	43	44	45	46	47	48	49	50	51	52	53	54	55	56	57	58	59	60	61	62	63	64	65	66	67	68	69	70	71	72	73	74	75:=
0	0.0	85.48	94.89	51.48	47.27	73.76	24.08	80.4	29.12	38.63	40.31	3.16	13.89	95.34	75.61	59.03	53.08	93.98	56.44	26.68	40.52	37.74	43.28	98.98	50.7	70.18	64.9	83.41	28.44	83.01	75.03	74.09	31.02	67.21	99.81	72.8	52.24	39.2	46.75	52.35	37.01	52.8	52.39	102.16	85.44	66.12	2.0	43.91	55.46	91.27	95.52	51.97	94.89	18.11	25.08	25.0	66.13	9.43	101.98	39.12	102.0	81.01	97.86	44.72	74.63	40.22	85.0	77.82	81.0	39.2	32.53	62.2	51.74	33.29	63.69	34.23
1	85.48	0.0	33.84	41.62	112.45	21.38	97.74	33.38	57.43	47.43	50.21	82.37	79.2	23.35	67.12	45.88	89.0	75.13	51.62	70.61	64.03	47.85	80.78	21.47	104.31	22.56	21.59	13.45	59.2	40.79	14.87	68.26	59.46	90.8	83.55	67.36	42.72	88.23	44.41	88.1	76.11	33.02	54.45	19.03	5.83	38.08	83.73	95.13	30.23	50.6	10.63	49.16	87.37	97.01	67.45	61.29	22.2	85.45	86.68	46.52	16.55	4.47	78.64	55.01	12.04	90.44	1.0	75.17	41.44	47.17	82.46	38.28	36.67	89.5	23.35	55.23
2	94.89	33.84	0.0	43.42	107.34	24.04	99.16	14.87	66.19	58.01	54.59	91.79	84.4	12.17	45.28	38.08	77.9	46.39	42.94	88.96	86.98	62.39	73.5	18.0	96.05	52.63	46.14	47.2	66.48	16.28	27.78	47.17	64.13	74.2	54.08	46.87	42.76	82.68	66.73	77.23	97.98	46.87	80.96	27.0	39.66	29.41	92.91	88.23	45.35	20.22	37.95	75.15	60.02	100.88	84.59	70.26	33.53	91.44	57.04	61.52	35.23	34.71	49.09	78.77	41.11	84.6	33.02	52.77	18.38	63.95	79.61	32.98	58.87	86.35	36.69	60.67
3	51.48	41.62	43.42	0.0	70.94	23.85	57.98	29.02	23.02	16.55	11.18	48.37	41.44	44.78	38.59	12.04	48.38	54.49	14.87	48.85	51.22	23.02	39.36	49.24	62.77	39.05	29.15	46.49	23.09	32.56	27.59	38.47	20.88	53.04	62.48	37.12	2.24	46.62	34.41	47.43	60.03	15.3	50.8	54.2	44.29	15.3	49.5	53.54	17.03	42.38	52.2	45.49	61.91	58.6	44.01	27.0	19.42	48.38	65.44	22.8	56.59	37.74	58.73	45.28	35.11	48.83	40.8	45.19	30.81	26.25	41.04	11.18	29.55	48.1	18.79	17.26
4	47.27	112.45	107.34	70.94	0.0	94.05	23.19	93.01	59.62	68.43	62.68	48.04	40.61	112.93	69.26	70.29	32.02	84.17	64.82	73.01	86.21	72.24	33.84	118.34	14.0	104.66	96.38	115.43	56.86	91.59	98.49	67.05	54.59	44.01	86.21	66.41	70.09	24.84	86.02	32.28	84.21	81.3	96.34	124.46	114.62	79.51	47.1	19.24	84.06	94.85	123.07	94.37	78.01	29.83	70.18	57.25	90.27	39.0	87.05	73.54	127.48	108.41	86.7	88.28	104.56	22.8	111.66	66.29	89.36	75.61	30.0	77.16	87.85	23.02	89.2	58.67
5	73.76	21.38	24.04	23.85	94.05	0.0	81.84	15.0	44.64	35.51	34.44	70.6	64.88	21.59	46.0	25.06	68.6	55.66	30.89	65.28	62.94	39.0	61.22	25.5	84.81	31.62	23.35	31.4	45.54	22.47	7.07	47.04	44.28	69.57	64.2	46.1	24.21	69.35	42.72	67.74	73.98	23.09	57.31	30.48	26.02	16.76	71.84	75.93	21.38	33.6	31.02	51.48	67.08	82.3	61.07	48.76	9.49	71.69	67.36	38.01	33.84	19.0	59.46	54.78	21.54	71.51	20.4	54.01	22.36	40.2	64.44	17.49	34.93	71.51	12.65	40.31
6	24.08	97.74	99.16	57.98	23.19	81.84	0.0	84.31	41.23	50.99	47.8	25.02	19.72	102.47	69.03	61.1	37.16	86.47	56.61	50.16	63.64	53.25	31.26	107.19	28.6	86.61	79.4	98.6	38.95	84.77	85.0	67.07	38.29	51.89	90.61	66.03	57.8	23.09	65.74	36.77	61.07	65.05	74.46	112.07	98.99	69.86	24.0	24.41	67.88	90.61	108.3	73.05	83.93	7.21	47.68	38.01	76.22	16.28	92.2	54.64	113.7	93.43	89.81	66.48	88.41	22.85	97.08	68.73	82.57	56.08	21.02	66.64	68.8	16.49	74.52	42.52
7	80.4	33.38	14.87	29.02	93.01	15.0	84.31	0.0	52.0	44.41	40.11	77.32	69.63	20.81	35.17	23.26	64.38	41.77	28.3	76.16	75.64	49.48	59.2	26.93	82.13	46.62	38.21	45.22	52.09	7.62	21.47	36.69	49.5	62.27	50.22	36.06	28.16	68.24	55.95	63.66	86.03	34.93	71.28	34.93	38.83	14.56	78.41	74.03	34.0	18.6	41.05	65.46	54.08	86.02	71.59	56.01	23.43	76.69	53.37	48.76	41.23	32.28	45.35	68.0	36.24	70.21	32.39	43.17	8.06	51.55	64.88	18.25	48.55	71.69	26.4	46.17
8	29.12	57.43	66.19	23.02	59.62	44.64	41.23	52.0	0.0	10.0	12.37	25.96	21.93	66.22	54.82	32.57	47.68	72.67	31.76	28.43	35.36	12.65	36.35	69.89	55.73	45.49	38.21	57.38	3.0	55.44	46.1	53.91	7.62	57.94	79.81	52.5	24.19	39.2	27.17	46.69	41.01	24.41	40.61	73.35	58.14	38.21	27.2	46.39	27.2	64.76	67.8	37.05	77.08	39.7	23.43	4.12	37.16	28.02	82.46	13.93	73.78	53.01	76.84	32.98	47.42	41.3	56.86	59.4	53.6	16.28	31.4	34.13	28.23	37.36	34.89	7.21
9	38.63	47.43	58.01	16.55	68.43	35.51	50.99	44.41	10.0	0.0	9.85	35.47	31.89	57.07	53.15	28.02	53.0	70.09	29.0	32.31	35.36	7.21	42.11	60.44	63.32	36.24	28.43	47.63	12.04	48.76	36.4	52.63	13.93	61.39	77.78	51.22	18.36	46.57	21.59	52.0	43.57	14.42	37.16	63.56	48.17	31.62	36.77	53.85	17.2	58.87	57.8	32.57	76.22	49.68	27.51	13.89	27.51	38.01	80.62	7.62	63.81	43.01	74.33	30.53	37.48	48.76	46.87	58.82	47.13	11.18	39.22	27.51	20.22	45.69	25.08	10.2
10	40.31	50.21	54.59	11.18	62.68	34.44	47.8	40.11	12.37	9.85	0.0	37.22	30.46	55.71	43.84	20.25	44.18	61.22	20.0	39.96	44.69	17.0	33.73	59.93	56.08	43.01	34.01	52.84	12.0	43.19	37.2	43.19	9.85	51.79	68.68	41.77	12.0	39.4	31.32	43.19	52.01	18.79	47.01	64.35	52.01	26.02	38.33	46.62	21.47	52.39	60.83	42.38	66.71	47.89	34.99	16.12	28.43	37.34	71.45	17.46	65.95	46.01	65.44	40.31	41.88	41.63	49.5	49.2	41.3	21.02	32.76	22.0	29.02	39.66	26.87	6.08
11	3.16	82.37	91.79	48.37	48.04	70.6	25.02	77.32	25.96	35.47	37.22	0.0	12.04	92.18	73.16	56.08	51.86	91.55	53.6	25.18	38.83	34.67	41.73	95.82	50.6	67.27	61.85	80.43	25.32	80.0	71.87	71.69	28.0	65.76	97.51	70.38	49.16	38.28	44.05	51.09	36.22	49.66	50.33	99.01	82.38	63.07	1.41	43.38	52.33	88.36	92.44	49.65	92.78	19.65	23.09	21.84	62.97	9.22	99.73	36.06	98.88	77.9	95.46	42.54	71.56	39.45	81.88	75.59	78.01	36.24	31.24	59.14	48.84	32.65	60.54	31.14
12	13.89	79.2	84.4	41.44	40.61	64.88	19.72	69.63	21.93	31.89	30.46	12.04	0.0	86.16	61.98	47.27	40.0	80.32	44.0	33.54	46.01	33.6	29.7	90.38	40.61	67.01	60.11	79.25	20.0	71.45	67.23	60.41	20.62	53.76	86.01	59.14	41.76	26.83	46.1	39.2	45.88	46.23	55.73	94.51	80.06	55.11	12.21	32.57	49.04	79.0	89.64	53.85	81.01	17.8	30.07	18.44	58.31	7.07	88.14	35.0	95.44	74.81	84.15	47.68	69.35	28.23	78.6	63.98	69.35	36.36	19.42	51.42	49.09	21.84	56.3	24.6
13	95.34	23.35	12.17	44.78	112.93	21.59	102.47	20.81	66.22	57.07	55.71	92.18	86.16	0.0	55.15	42.64	85.04	58.14	48.17	86.01	82.2	60.21	79.31	6.32	102.53	44.29	39.56	36.77	67.05	25.63	22.09	56.86	65.55	83.01	66.01	56.36	44.72	88.09	61.81	84.29	93.77	44.1	74.63	15.13	29.0	33.42	93.41	94.18	42.01	32.02	26.0	68.96	71.57	103.37	82.02	70.34	30.07	93.05	69.0	59.14	23.09	25.24	61.01	73.55	32.65	90.14	22.67	62.97	27.31	61.01	84.05	36.06	53.76	91.02	33.02	61.68
14	75.61	67.12	45.28	38.59	69.26	46.0	69.03	35.17	54.82	53.15	43.84	73.16	61.98	55.15	0.0	26.83	37.34	18.38	24.21	83.24	88.46	60.31	38.05	61.47	56.08	74.22	64.29	77.16	53.01	29.55	53.01	2.24	48.26	29.73	25.0	3.0	36.36	47.27	72.95	37.0	95.67	53.23	89.31	69.89	72.01	30.41	73.74	50.45	54.23	27.59	75.8	84.06	23.32	73.44	78.24	57.43	49.82	68.41	27.66	60.44	76.4	65.0	22.36	83.41	66.48	48.51	66.12	8.06	27.86	64.03	48.09	32.28	68.0	53.04	51.42	47.63
15	59.03	45.88	38.08	12.04	70.29	25.06	61.1	23.26	32.57	28.02	20.25	56.08	47.27	42.64	26.83	0.0	43.57	42.45	5.83	59.94	63.13	34.83	36.77	48.1	60.21	48.37	38.33	53.46	31.78	24.19	31.02	26.93	28.16	45.12	50.45	25.63	9.9	45.45	46.4	42.72	71.56	26.4	62.8	54.67	49.73	9.22	57.04	51.62	27.51	32.39	55.95	57.43	50.12	63.06	55.01	36.14	25.18	54.33	53.41	34.71	58.83	42.72	46.69	57.31	42.19	47.51	44.94	33.84	22.09	38.21	41.68	7.62	41.18	48.55	26.0	25.71
16	53.08	89.0	77.9	48.38	32.02	68.6	37.16	64.38	47.68	53.0	44.18	51.86	40.0	85.04	37.34	43.57	0.0	52.35	37.74	71.59	81.91	59.14	11.4	90.91	18.79	86.68	77.13	94.87	44.72	61.72	74.24	35.11	40.31	14.76	55.04	34.54	46.82	14.42	74.17	1.0	84.53	62.17	88.28	98.01	92.31	52.43	51.74	14.04	64.54	63.63	99.3	84.59	47.52	43.42	67.23	47.54	67.23	43.84	56.22	60.07	102.4	85.49	55.08	80.6	83.49	14.32	88.1	34.37	59.55	63.2	20.62	51.11	73.06	21.1	67.07	43.05
17	93.98	75.13	46.39	54.49	84.17	55.66	86.47	41.77	72.67	70.09	61.22	91.55	80.32	58.14	18.38	42.45	52.35	0.0	41.23	101.02	105.42	77.1	55.23	64.28	70.41	86.41	76.92	86.83	71.02	34.37	62.64	19.92	66.37	41.11	8.54	21.19	52.35	64.03	88.73	52.24	113.23	68.01	105.12	73.25	80.6	43.05	92.11	66.19	68.51	26.17	82.22	99.64	13.93	91.24	96.02	75.47	61.74	86.68	11.7	77.08	81.02	73.98	4.24	99.76	77.16	65.0	74.15	18.03	33.73	80.61	65.76	46.04	83.01	70.18	63.95	65.46
18	56.44	51.62	42.94	14.87	64.82	30.89	56.61	28.3	31.76	29.0	20.0	53.6	44.0	48.17	24.21	5.83	37.74	41.23	0.0	59.91	64.35	36.12	31.14	53.74	54.49	53.08	43.05	58.86	30.46	28.16	36.77	23.85	26.25	39.62	48.8	22.47	12.65	40.0	48.88	36.89	72.01	30.08	65.19	60.44	55.36	14.87	54.45	46.01	31.58	35.0	61.74	60.03	47.43	59.03	54.92	34.93	30.59	51.01	51.62	36.24	64.66	48.38	45.45	59.2	47.52	42.01	50.7	30.41	25.96	39.82	36.67	13.42	44.38	43.42	31.14	24.6
19	26.68	70.61	88.96	48.85	73.01	65.28	50.16	76.16	28.43	32.31	39.96	25.18	33.54	86.01	83.24	59.94	71.59	101.02	59.91	0.0	13.93	26.68	60.37	88.14	74.15	51.08	49.03	65.0	30.41	80.96	64.01	82.33	35.36	83.86	108.23	80.92	50.57	59.77	26.57	70.68	13.04	42.19	26.63	89.11	68.96	63.91	26.31	65.97	44.05	91.18	79.4	27.59	105.42	44.72	5.0	26.17	56.08	34.01	110.89	27.46	86.83	66.29	105.21	19.8	58.69	61.4	70.41	87.73	79.38	25.08	51.87	59.81	33.96	55.32	53.04	35.61
20	40.52	64.03	86.98	51.22	86.21	62.94	63.64	75.64	35.36	35.36	44.69	38.83	46.01	82.2	88.46	63.13	81.91	105.42	64.35	13.93	0.0	28.32	70.52	83.38	86.37	42.58	43.1	56.29	38.01	81.41	60.21	87.86	42.94	93.11	113.14	86.45	53.26	71.2	20.4	80.96	12.17	40.72	13.45	83.01	61.4	65.19	40.02	77.78	41.79	92.28	71.7	16.16	111.4	58.46	16.03	34.54	53.45	47.38	115.97	28.43	79.51	60.0	109.66	9.06	52.01	72.99	64.01	93.86	80.13	25.0	63.15	61.29	28.44	67.36	50.29	41.88
21	37.74	47.85	62.39	23.02	72.24	39.0	53.25	49.48	12.65	7.21	17.0	34.67	33.6	60.21	60.31	34.83	59.14	77.1	36.12	26.68	28.32	0.0	48.01	62.97	68.25	33.42	27.2	46.01	15.52	54.42	38.64	59.82	19.03	68.15	84.86	58.41	25.0	51.62	15.03	58.14	37.12	16.12	30.08	65.15	47.71	37.58	36.06	58.86	18.44	64.88	57.8	25.71	83.41	50.99	22.2	15.26	30.15	38.9	87.73	1.41	64.4	43.38	81.34	23.32	36.89	53.76	47.42	66.03	52.92	4.12	43.93	33.54	15.65	50.0	27.29	16.12
22	43.28	80.78	73.5	39.36	33.84	61.22	31.26	59.2	36.35	42.11	33.73	41.73	29.7	79.31	38.05	36.77	11.4	55.23	31.14	60.37	70.52	48.01	0.0	84.86	23.6	76.66	67.36	85.62	33.38	57.8	66.29	36.01	29.07	24.08	59.44	35.06	38.08	9.49	63.03	10.44	73.36	52.2	76.94	91.35	83.65	45.97	41.77	14.87	54.71	61.68	91.27	73.33	53.14	36.4	55.95	36.14	58.67	34.41	61.13	49.0	95.0	77.03	58.55	69.23	74.32	11.18	79.92	37.48	55.57	52.04	11.18	43.93	62.29	15.0	58.14	32.02
23	98.98	21.47	18.0	49.24	118.34	25.5	107.19	26.93	69.89	60.44	59.93	95.82	90.38	6.32	61.47	48.1	90.91	64.28	53.74	88.14	83.38	62.97	84.86	0.0	108.21	43.66	40.31	34.41	70.94	31.95	24.33	63.16	69.78	89.19	72.06	62.65	49.4	93.51	63.13	90.14	95.19	46.87	74.95	9.0	26.63	38.9	97.08	99.72	44.55	38.12	21.63	69.43	77.78	107.78	84.38	74.0	32.98	97.17	75.03	61.81	17.46	24.35	67.07	74.55	32.28	95.59	21.02	69.29	33.62	63.39	89.2	41.23	55.08	96.21	35.69	65.8
24	50.7	104.31	96.05	62.77	14.0	84.81	28.6	82.13	55.73	63.32	56.08	50.6	40.61	102.53	56.08	60.21	18.79	70.41	54.49	74.15	86.37	68.25	23.6	108.21	0.0	99.02	90.08	108.69	52.77	80.0	89.87	53.85	49.48	30.02	72.25	53.31	61.59	16.76	82.87	19.24	86.35	74.85	95.02	114.87	107.04	69.35	49.98	9.49	77.47	82.37	114.83	92.27	64.01	35.81	70.58	54.23	82.15	41.44	73.06	69.43	118.6	100.5	72.84	87.01	97.49	14.56	103.46	52.63	77.8	72.01	24.33	67.48	83.43	19.03	81.49	53.16
25	70.18	22.56	52.63	39.05	104.66	31.62	86.61	46.62	45.49	36.24	43.01	67.27	67.01	44.29	74.22	48.37	86.68	86.41	53.08	51.08	42.58	33.42	76.66	43.66	99.02	0.0	10.05	13.93	48.02	54.08	25.5	74.73	50.09	92.09	94.94	73.55	41.01	82.28	24.6	85.7	54.74	24.52	32.06	41.44	19.0	43.97	68.68	89.54	22.2	65.22	29.15	27.02	96.77	84.39	48.76	48.6	24.7	72.25	98.09	32.02	37.05	19.31	90.38	33.54	11.66	84.5	22.8	81.79	53.85	31.11	75.24	41.98	18.44	81.86	22.8	46.1
26	64.9	21.59	46.14	29.15	96.38	23.35	79.4	38.21	38.21	28.43	34.01	61.85	60.11	39.56	64.29	38.33	77.13	76.92	43.05	49.03	43.1	27.2	67.36	40.31	90.08	10.05	0.0	19.21	40.46	45.45	18.36	64.76	41.88	82.15	85.43	63.56	31.06	73.41	23.02	76.16	55.01	15.23	35.11	40.2	20.59	34.18	63.25	80.62	12.65	56.73	30.87	29.41	86.98	77.79	45.88	41.73	15.26	65.86	88.57	25.81	37.95	17.26	80.95	34.23	9.85	75.64	21.38	71.81	45.0	25.94	66.65	32.02	15.13	73.43	13.0	37.74
27	83.41	13.45	47.2	46.49	115.43	31.4	98.6	45.22	57.38	47.63	52.84	80.43	79.25	36.77	77.16	53.46	94.87	86.83	58.86	65.0	56.29	46.01	85.62	34.41	108.69	13.93	19.21	0.0	59.67	52.81	24.33	78.06	61.03	98.48	95.34	77.03	48.08	92.13	38.48	93.92	68.45	34.13	45.1	30.08	7.81	47.0	81.84	99.28	31.38	63.16	16.12	40.45	98.48	96.88	62.61	60.83	28.28	84.86	98.49	44.6	24.19	13.0	90.52	47.3	11.4	94.37	14.21	85.09	53.16	44.2	85.59	46.17	31.91	92.44	27.89	56.86
28	28.44	59.2	66.48	23.09	56.86	45.54	38.95	52.09	3.0	12.04	12.0	25.32	20.0	67.05	53.01	31.78	44.72	71.02	30.46	30.41	38.01	15.52	33.38	70.94	52.77	48.02	40.46	59.67	0.0	55.15	47.41	52.01	5.0	55.15	78.01	50.61	24.0	36.22	30.15	43.74	43.19	26.25	43.57	74.71	60.14	38.01	26.48	43.42	29.07	64.13	69.66	40.05	75.01	37.8	25.46	4.47	38.47	26.42	80.6	16.76	75.45	54.82	75.17	35.9	49.5	38.33	58.6	57.31	53.24	19.24	28.44	34.0	31.02	34.48	36.36	6.08
29	83.01	40.79	16.28	32.56	91.59	22.47	84.77	7.62	55.44	48.76	43.19	80.0	71.45	25.63	29.55	24.19	61.72	34.37	28.16	80.96	81.41	54.42	57.8	31.95	80.0	54.08	45.45	52.81	55.15	0.0	29.07	31.3	52.0	58.01	42.76	30.89	31.26	67.12	62.13	61.07	91.39	40.82	77.8	40.52	46.32	17.26	81.01	72.4	40.22	11.31	48.01	72.01	47.0	87.1	76.24	59.3	30.41	78.52	45.89	53.85	47.52	39.85	37.85	74.09	43.83	68.96	39.81	37.34	2.24	56.86	64.62	21.38	55.0	71.18	33.24	49.09
30	75.03	14.87	27.78	27.59	98.49	7.07	85.0	21.47	46.1	36.4	37.2	71.87	67.23	22.09	53.01	31.02	74.24	62.64	36.77	64.01	60.21	38.64	66.29	24.33	89.87	25.5	18.36	24.33	47.41	29.07	0.0	54.01	46.87	75.96	71.17	53.04	28.43	74.03	39.81	73.36	71.7	22.56	53.31	27.29	19.1	23.35	73.16	80.8	20.22	39.96	25.06	47.54	74.15	84.91	60.13	50.16	8.94	73.82	74.33	37.48	29.0	12.04	66.41	51.66	14.76	76.22	13.93	61.0	29.15	39.12	68.62	23.41	31.78	75.69	11.4	42.72
31	74.09	68.26	47.17	38.47	67.05	47.04	67.07	36.69	53.91	52.63	43.19	71.69	60.41	56.86	2.24	26.93	35.11	19.92	23.85	82.33	87.86	59.82	36.01	63.16	53.85	74.73	64.76	78.06	52.01	31.3	54.01	0.0	47.2	27.59	26.08	1.41	36.24	45.18	72.72	34.79	94.85	53.31	89.04	71.51	73.06	31.14	72.24	48.27	54.42	29.73	77.1	83.86	23.6	71.57	77.34	56.4	50.49	66.76	28.6	60.0	77.88	66.03	23.77	83.01	67.27	46.39	67.27	7.07	29.55	63.6	46.17	32.76	67.98	51.01	51.97	46.75
32	31.02	59.46	64.13	20.88	54.59	44.28	38.29	49.5	7.62	13.93	9.85	28.0	20.62	65.55	48.26	28.16	40.31	66.37	26.25	35.36	42.94	19.03	29.07	69.78	49.48	50.09	41.88	61.03	5.0	52.0	46.87	47.2	0.0	50.33	73.24	45.8	21.38	32.76	34.0	39.32	48.17	27.02	48.05	74.09	60.88	35.13	29.02	40.02	29.83	60.53	70.04	44.28	70.09	38.08	30.41	9.22	38.01	27.51	75.8	20.1	75.43	55.17	70.49	40.52	50.45	34.93	58.8	52.4	50.01	23.0	25.3	31.26	33.96	31.78	36.24	4.24
33	67.21	90.8	74.2	53.04	44.01	69.57	51.89	62.27	57.94	61.39	51.79	65.76	53.76	83.01	29.73	45.12	14.76	41.11	39.62	83.86	93.11	68.15	24.08	89.19	30.02	92.09	82.15	98.48	55.15	58.01	75.96	27.59	50.33	0.0	42.3	27.59	51.09	29.15	82.98	15.26	96.9	68.01	98.08	97.06	94.83	52.81	65.76	28.16	70.01	57.31	100.57	93.86	34.0	58.18	79.26	58.6	70.21	58.14	43.05	68.88	102.55	87.8	43.17	90.76	87.13	29.07	89.84	24.19	56.04	72.28	34.71	52.63	80.62	35.85	70.71	52.2
34	99.81	83.55	54.08	62.48	86.21	64.2	90.61	50.22	79.81	77.78	68.68	97.51	86.01	66.01	25.0	50.45	55.04	8.54	48.8	108.23	113.14	84.86	59.44	72.06	72.25	94.94	85.43	95.34	78.01	42.76	71.17	26.08	73.24	42.3	0.0	27.46	60.31	67.74	96.83	55.08	120.62	76.28	113.23	81.06	89.05	51.48	97.99	69.07	76.85	34.0	90.45	107.8	9.43	95.8	103.23	82.42	70.26	92.11	3.16	84.9	89.01	82.46	5.0	107.71	85.7	68.47	82.57	22.14	42.2	88.46	70.34	54.38	91.26	74.15	72.45	72.62
35	72.8	67.36	46.87	37.12	66.41	46.1	66.03	36.06	52.5	51.22	41.77	70.38	59.14	56.36	3.0	25.63	34.54	21.19	22.47	80.92	86.45	58.41	35.06	62.65	53.31	73.55	63.56	77.03	50.61	30.89	53.04	1.41	45.8	27.59	27.46	0.0	34.89	44.28	71.34	34.18	93.43	52.0	87.66	70.94	72.11	30.07	70.94	47.54	53.14	29.83	76.3	82.49	25.0	70.46	75.93	55.0	49.37	65.52	30.0	58.6	77.2	65.07	25.08	81.61	66.19	45.54	66.37	8.25	29.07	62.2	45.1	31.58	66.64	50.04	50.8	45.34
36	52.24	42.72	42.76	2.24	70.09	24.21	57.8	28.16	24.19	18.36	12.0	49.16	41.76	44.72	36.36	9.9	46.82	52.35	12.65	50.57	53.26	25.0	38.08	49.4	61.59	41.01	31.06	48.08	24.0	31.26	28.43	36.24	21.38	51.09	60.31	34.89	0.0	45.61	36.62	45.88	61.91	17.46	53.01	54.67	45.62	14.04	50.25	52.43	19.1	40.8	53.25	47.71	59.68	58.69	45.69	28.07	20.59	48.76	63.25	24.84	57.38	38.95	56.59	47.42	36.69	47.8	41.88	42.95	29.43	28.32	40.31	10.0	31.78	47.38	20.25	18.03
37	39.2	88.23	82.68	46.62	24.84	69.35	23.09	68.24	39.2	46.57	39.4	38.28	26.83	88.09	47.27	45.45	14.42	64.03	40.0	59.77	71.2	51.62	9.49	93.51	16.76	82.28	73.41	92.13	36.22	67.12	74.03	45.18	32.76	29.15	67.74	44.28	45.61	0.0	66.37	13.89	72.45	58.18	79.06	99.7	90.74	54.67	38.01	7.28	60.84	71.17	98.81	76.03	60.88	29.07	55.79	38.0	66.03	29.83	69.23	52.77	102.94	84.31	67.19	71.11	81.01	2.24	87.42	46.1	64.88	55.44	8.06	52.35	66.71	6.71	65.19	36.4
38	46.75	44.41	66.73	34.41	86.02	42.72	65.74	55.95	27.17	21.59	31.32	44.05	46.1	61.81	72.95	46.4	74.17	88.73	48.88	26.57	20.4	15.03	63.03	63.13	82.87	24.6	23.02	38.48	30.15	62.13	39.81	72.72	34.0	82.98	96.83	71.34	36.62	66.37	0.0	73.17	32.06	21.4	16.4	63.2	42.45	46.75	45.45	73.55	21.95	73.24	52.89	11.18	96.25	62.43	24.19	28.86	33.24	50.25	99.81	14.14	60.42	40.2	92.96	12.08	32.39	68.47	44.28	79.26	61.03	11.0	58.55	43.14	8.06	64.33	30.08	31.14
39	52.35	88.1	77.23	47.43	32.28	67.74	36.77	63.66	46.69	52.0	43.19	51.09	39.2	84.29	37.0	42.72	1.0	52.24	36.89	70.68	80.96	58.14	10.44	90.14	19.24	85.7	76.16	93.92	43.74	61.07	73.36	34.79	39.32	15.26	55.08	34.18	45.88	13.89	73.17	0.0	83.63	61.19	87.3	97.2	91.39	51.61	50.99	14.0	63.56	63.13	98.41	83.6	47.68	42.94	66.31	46.57	66.31	43.14	56.32	59.08	101.55	84.58	55.04	79.62	82.54	13.93	87.21	34.23	58.9	62.2	19.85	50.25	72.06	20.59	66.13	42.05
40	37.01	76.11	97.98	60.03	84.21	73.98	61.07	86.03	41.01	43.57	52.01	36.22	45.88	93.77	95.67	71.56	84.53	113.23	72.01	13.04	12.17	37.12	73.36	95.19	86.35	54.74	55.01	68.45	43.19	91.39	71.7	94.85	48.17	96.9	120.62	93.43	61.91	72.45	32.06	83.63	0.0	51.24	24.6	95.05	73.55	74.69	37.12	78.45	52.63	101.98	83.86	28.16	118.09	55.01	17.8	39.05	64.54	45.4	123.33	37.58	91.66	72.03	117.44	21.21	64.07	74.0	76.06	100.41	89.96	34.54	64.62	70.66	40.11	67.72	61.39	48.1
41	52.8	33.02	46.87	15.3	81.3	23.09	65.05	34.93	24.41	14.42	18.79	49.66	46.23	44.1	53.23	26.4	62.17	68.01	30.08	42.19	40.72	16.12	52.2	46.87	74.85	24.52	15.23	34.13	26.25	40.82	22.56	53.31	27.02	68.01	76.28	52.0	17.46	58.18	21.4	61.19	51.24	0.0	37.48	49.4	33.94	25.46	50.99	65.39	2.83	51.87	43.42	31.83	76.48	64.03	38.01	28.3	14.04	52.43	79.32	15.03	49.4	28.6	72.2	33.29	23.43	60.42	32.45	60.17	39.66	17.12	51.48	22.02	15.0	58.31	11.18	22.8
42	52.39	54.45	80.96	50.8	96.34	57.31	74.46	71.28	40.61	37.16	47.01	50.33	55.73	74.63	89.31	62.8	88.28	105.12	65.19	26.63	13.45	30.08	76.94	74.95	95.02	32.06	35.11	45.1	43.57	77.8	53.31	89.04	48.05	98.08	113.23	87.66	53.01	79.06	16.4	87.3	24.6	37.48	0.0	73.44	51.04	62.94	51.62	86.01	37.64	89.02	61.01	5.83	112.61	69.89	27.31	41.11	48.02	58.24	116.21	29.55	69.0	50.8	109.34	8.06	42.76	81.02	54.59	95.52	76.84	26.0	71.03	59.41	22.8	76.06	44.94	45.88
43	102.16	19.03	27.0	54.2	124.46	30.48	112.07	34.93	73.35	63.56	64.35	99.01	94.51	15.13	69.89	54.67	98.01	73.25	60.44	89.11	83.01	65.15	91.35	9.0	114.87	41.44	40.2	30.08	74.71	40.52	27.29	71.51	74.09	97.06	81.06	70.94	54.67	99.7	63.2	97.2	95.05	49.4	73.44	0.0	22.8	45.61	100.32	106.15	46.82	47.1	15.0	68.18	86.7	112.16	85.7	77.39	36.24	101.12	84.02	63.89	8.94	23.02	76.06	74.0	31.0	101.83	19.0	77.79	42.06	65.0	94.92	47.42	55.33	101.98	38.48	69.97
44	85.44	5.83	39.66	44.29	114.62	26.02	98.99	38.83	58.14	48.17	52.01	82.38	80.06	29.0	72.01	49.73	92.31	80.6	55.36	68.96	61.4	47.71	83.65	26.63	107.04	19.0	20.59	7.81	60.14	46.32	19.1	73.06	60.88	94.83	89.05	72.11	45.62	90.74	42.45	91.39	73.55	33.94	51.04	22.8	0.0	42.43	83.76	97.75	31.11	56.3	10.44	46.01	92.66	97.84	66.13	61.85	25.08	86.05	92.2	46.32	18.11	7.07	84.17	52.35	10.82	92.96	6.71	80.02	46.87	46.53	84.63	42.2	35.11	91.61	25.55	56.64
45	66.12	38.08	29.41	15.3	79.51	16.76	69.86	14.56	38.21	31.62	26.02	63.07	55.11	33.42	30.41	9.22	52.43	43.05	14.87	63.91	65.19	37.58	45.97	38.9	69.35	43.97	34.18	47.0	38.01	17.26	23.35	31.14	35.13	52.81	51.48	30.07	14.04	54.67	46.75	51.61	74.69	25.46	62.94	45.61	42.43	0.0	64.12	60.83	25.61	27.31	47.76	57.28	52.81	71.47	59.14	42.11	19.42	62.17	54.59	37.12	50.12	35.36	47.17	58.41	36.12	56.73	37.11	38.21	15.52	40.31	50.77	4.12	40.36	57.69	21.19	32.0
46	2.0	83.73	92.91	49.5	47.1	71.84	24.0	78.41	27.2	36.77	38.33	1.41	12.21	93.41	73.74	57.04	51.74	92.11	54.45	26.31	40.02	36.06	41.77	97.08	49.98	68.68	63.25	81.84	26.48	81.01	73.16	72.24	29.02	65.76	97.99	70.94	50.25	38.01	45.45	50.99	37.12	50.99	51.62	100.32	83.76	64.12	0.0	42.94	53.67	89.27	93.81	51.0	93.15	18.44	24.35	23.09	64.26	8.54	100.18	37.44	100.24	79.26	96.01	43.86	72.95	39.12	83.24	76.03	79.0	37.64	31.14	60.21	50.25	32.25	61.85	32.25
47	43.91	95.13	88.23	53.54	19.24	75.93	24.41	74.03	46.39	53.85	46.62	43.38	32.57	94.18	50.45	51.62	14.04	66.19	46.01	65.97	77.78	58.86	14.87	99.72	9.49	89.54	80.62	99.28	43.42	72.4	80.8	48.27	40.02	28.16	69.07	47.54	52.43	7.28	73.55	14.0	78.45	65.39	86.01	106.15	97.75	60.83	42.94	0.0	68.03	75.64	105.68	83.1	61.52	31.24	62.17	45.04	72.95	34.48	70.26	60.02	109.64	91.27	69.03	78.03	88.12	5.1	94.3	48.17	70.18	62.65	15.03	58.73	73.98	10.77	72.2	43.68
48	55.46	30.23	45.35	17.03	84.06	21.38	67.88	34.0	27.2	17.2	21.47	52.33	49.04	42.01	54.23	27.51	64.54	68.51	31.58	44.05	41.79	18.44	54.71	44.55	77.47	22.2	12.65	31.38	29.07	40.22	20.22	54.42	29.83	70.01	76.85	53.14	19.1	60.84	21.95	63.56	52.63	2.83	37.64	46.82	31.11	25.61	53.67	68.03	0.0	51.4	40.61	31.89	77.39	66.84	40.01	31.06	12.04	55.22	79.92	17.26	46.65	25.81	72.67	34.0	20.62	63.07	29.68	61.35	39.2	19.0	54.2	22.47	14.87	61.06	9.0	25.61
49	91.27	50.6	20.22	42.38	94.85	33.6	90.61	18.6	64.76	58.87	52.39	88.36	79.0	32.02	27.59	32.39	63.63	26.17	35.0	91.18	92.28	64.88	61.68	38.12	82.37	65.22	56.73	63.16	64.13	11.31	39.96	29.73	60.53	57.31	34.0	29.83	40.8	71.17	73.24	63.13	101.98	51.87	89.02	47.1	56.3	27.31	89.27	75.64	51.4	0.0	56.72	83.24	39.81	93.65	86.38	68.45	41.73	86.01	37.01	64.4	55.01	50.16	29.0	85.15	54.71	72.8	49.65	34.21	12.21	67.54	69.86	31.38	66.22	75.96	44.55	58.05
50	95.52	10.63	37.95	52.2	123.07	31.02	108.3	41.05	67.8	57.8	60.83	92.44	89.64	26.0	75.8	55.95	99.3	82.22	61.74	79.4	71.7	57.8	91.27	21.63	114.83	29.15	30.87	16.12	69.66	48.01	25.06	77.1	70.04	100.57	90.45	76.3	53.25	98.81	52.89	98.41	83.86	43.42	61.01	15.0	10.44	47.76	93.81	105.68	40.61	56.72	0.0	56.14	95.01	107.45	76.55	71.61	32.8	95.8	93.54	56.44	8.06	14.87	85.48	62.65	21.02	101.02	11.4	83.86	49.01	56.8	93.09	48.33	45.54	100.12	33.97	65.8
51	51.97	49.16	75.15	45.49	94.37	51.48	73.05	65.46	37.05	32.57	42.38	49.65	53.85	68.96	84.06	57.43	84.59	99.64	60.03	27.59	16.16	25.71	73.33	69.43	92.27	27.02	29.41	40.45	40.05	72.01	47.54	83.86	44.28	93.86	107.8	82.49	47.71	76.03	11.18	83.6	28.16	31.83	5.83	68.18	46.01	57.28	51.0	83.1	31.89	83.24	56.14	0.0	107.38	68.94	27.2	38.05	42.19	57.01	110.8	25.0	64.07	45.4	103.86	7.81	37.34	78.06	49.25	90.43	71.06	21.59	68.07	53.81	17.03	73.44	39.12	41.77
52	94.89	87.37	60.02	61.91	78.01	67.08	83.93	54.08	77.08	76.22	66.71	92.78	81.01	71.57	23.32	50.12	47.52	13.93	47.43	105.42	111.4	83.41	53.14	77.78	64.01	96.77	86.98	98.48	75.01	47.0	74.15	23.6	70.09	34.0	9.43	25.0	59.68	60.88	96.25	47.68	118.09	76.48	112.61	86.7	92.66	52.81	93.15	61.52	77.39	39.81	95.01	107.38	0.0	89.49	100.45	79.31	72.12	86.76	9.22	83.6	94.26	85.84	12.81	106.61	88.29	61.39	86.37	17.69	46.04	87.2	64.26	55.15	91.3	67.45	74.0	70.01
53	18.11	97.01	100.88	58.6	29.83	82.3	7.21	86.02	39.7	49.68	47.89	19.65	17.8	103.37	73.44	63.06	43.42	91.24	59.03	44.72	58.46	50.99	36.4	107.78	35.81	84.39	77.79	96.88	37.8	87.1	84.91	71.57	38.08	58.18	95.8	70.46	58.69	29.07	62.43	42.94	55.01	64.03	69.89	112.16	97.84	71.47	18.44	31.24	66.84	93.65	107.45	68.94	89.49	0.0	42.72	36.07	76.01	12.21	97.53	52.4	113.23	92.62	94.73	62.03	87.11	29.15	96.4	73.76	84.93	53.41	25.5	68.01	66.22	22.36	74.06	42.19
54	25.08	67.45	84.59	44.01	70.18	61.07	47.68	71.59	23.43	27.51	34.99	23.09	30.07	82.02	78.24	55.01	67.23	96.02	54.92	5.0	16.03	22.2	55.95	84.38	70.58	48.76	45.88	62.61	25.46	76.24	60.13	77.34	30.41	79.26	103.23	75.93	45.69	55.79	24.19	66.31	17.8	38.01	27.31	85.7	66.13	59.14	24.35	62.17	40.01	86.38	76.55	27.2	100.45	42.72	0.0	21.26	52.0	31.4	105.89	23.09	83.82	63.06	100.21	19.72	55.66	57.49	67.19	82.76	74.63	21.02	47.8	55.03	31.02	51.62	49.01	30.61
55	25.0	61.29	70.26	27.0	57.25	48.76	38.01	56.01	4.12	13.89	16.12	21.84	18.44	70.34	57.43	36.14	47.54	75.47	34.93	26.17	34.54	15.26	36.14	74.0	54.23	48.6	41.73	60.83	4.47	59.3	50.16	56.4	9.22	58.6	82.42	55.0	28.07	38.0	28.86	46.57	39.05	28.3	41.11	77.39	61.85	42.11	23.09	45.04	31.06	68.45	71.61	38.05	79.31	36.07	21.26	0.0	41.23	24.21	85.0	16.64	77.7	56.86	79.61	33.24	51.09	40.01	60.75	61.62	57.43	18.38	30.02	38.05	30.89	35.51	38.91	10.44
56	66.13	22.2	33.53	19.42	90.27	9.49	76.22	23.43	37.16	27.51	28.43	62.97	58.31	30.07	49.82	25.18	67.23	61.74	30.59	56.08	53.45	30.15	58.67	32.98	82.15	24.7	15.26	28.28	38.47	30.41	8.94	50.49	38.01	70.21	70.26	49.37	20.59	66.03	33.24	66.31	64.54	14.04	48.02	36.24	25.08	19.42	64.26	72.95	12.04	41.73	32.8	42.19	72.12	76.01	52.0	41.23	0.0	64.88	73.41	29.07	37.54	18.36	65.74	45.31	17.03	68.24	21.4	57.56	29.83	31.02	60.31	18.0	25.5	67.36	3.16	33.84
57	9.43	85.45	91.44	48.38	39.0	71.69	16.28	76.69	28.02	38.01	37.34	9.22	7.07	93.05	68.41	54.33	43.84	86.68	51.01	34.01	47.38	38.9	34.41	97.17	41.44	72.25	65.86	84.86	26.42	78.52	73.82	66.76	27.51	58.14	92.11	65.52	48.76	29.83	50.25	43.14	45.4	52.43	58.24	101.12	86.05	62.17	8.54	34.48	55.22	86.01	95.8	57.01	86.76	12.21	31.4	24.21	64.88	0.0	94.15	40.31	101.79	81.02	90.44	50.29	75.29	30.81	84.88	70.01	76.42	41.23	23.43	58.46	54.04	23.85	62.77	31.38
58	101.98	86.68	57.04	65.44	87.05	67.36	92.2	53.37	82.46	80.62	71.45	99.73	88.14	69.0	27.66	53.41	56.22	11.7	51.62	110.89	115.97	87.73	61.13	75.03	73.06	98.09	88.57	98.49	80.6	45.89	74.33	28.6	75.8	43.05	3.16	30.0	63.25	69.23	99.81	56.32	123.33	79.32	116.21	84.02	92.2	54.59	100.18	70.26	79.92	37.01	93.54	110.8	9.22	97.53	105.89	85.0	73.41	94.15	0.0	87.78	92.02	85.62	8.06	110.63	88.87	69.87	85.7	24.17	45.35	91.35	72.12	57.45	94.3	75.71	75.58	75.29
59	39.12	46.52	61.52	22.8	73.54	38.01	54.64	48.76	13.93	7.62	17.46	36.06	35.0	59.14	60.44	34.71	60.07	77.08	36.24	27.46	28.43	1.41	49.0	61.81	69.43	32.02	25.81	44.6	16.76	53.85	37.48	60.0	20.1	68.88	84.9	58.6	24.84	52.77	14.14	59.08	37.58	15.03	29.55	63.89	46.32	37.12	37.44	60.02	17.26	64.4	56.44	25.0	83.6	52.4	23.09	16.64	29.07	40.31	87.78	0.0	63.07	42.05	81.32	23.02	35.51	54.92	46.1	66.29	52.39	3.61	45.12	33.12	14.32	51.24	26.17	17.03
60	102.0	16.55	35.23	56.59	127.48	33.84	113.7	41.23	73.78	63.81	65.95	98.88	95.44	23.09	76.4	58.83	102.4	81.02	64.66	86.83	79.51	64.4	95.0	17.46	118.6	37.05	37.95	24.19	75.45	47.52	29.0	77.88	75.43	102.55	89.01	77.2	57.38	102.94	60.42	101.55	91.66	49.4	69.0	8.94	18.11	50.12	100.24	109.64	46.65	55.01	8.06	64.07	94.26	113.23	83.82	77.7	37.54	101.79	92.02	63.07	0.0	21.02	84.01	70.46	28.16	105.12	17.0	84.4	48.84	63.69	97.62	51.31	52.89	104.69	39.2	71.22
