vehicles
vehicle_idx, capacity, cost_per_unit_distance
1,100,1
2,100,1
3,100,1
4,100,1
5,100,1
6,100,1
7,100,1
8,100,1
9,100,1
10,100,1
depot
node_idx,x,y
0,76,75
home delivery customers
node_idx,x,y,service_time,demand
1,46,5,15,20
2,91,14,15,26
3,20,0,15,17
4,41,55,15,1
5,21,15,15,15
6,95,45,15,22
7,41,1,15,22
8,60,94,15,25
9,55,25,15,20
10,39,35,15,21
11,61,70,15,26
12,80,36,15,12
13,65,85,15,11
14,34,50,15,17
15,36,61,15,12
16,61,94,15,15
17,19,11,15,21
18,51,91,15,12
19,76,90,15,17
20,41,75,15,16
21,35,100,15,15
22,1,40,15,26
23,15,91,15,12
24,34,36,15,21
25,75,14,15,2
26,65,54,15,6
27,99,91,15,10
28,25,86,15,11
29,21,85,15,10
30,56,81,15,1
31,25,76,15,6
32,85,76,15,26
33,41,44,15,10
34,6,55,15,25
35,40,96,15,25
36,20,71,15,16
37,94,45,15,5
38,56,80,15,6
self pickup customers
node_idx,x,y,service_time,demand,locker_idxs
39,60,14,15,11,63-71-68-69-75-66-77-73
40,70,95,15,17,65-67-76-70-74-78-72
41,86,31,15,5,72-63-68-71-69-75-77-73
42,46,1,15,16,68-66-75-73-77-69
43,71,41,15,20,63-76-72-70-74-78-68-75-71-69-77-73
44,100,26,15,5,77-69-75-68-63
45,40,51,15,5,64-76-70-74-78-72-71-69-75-77-66-73
46,79,81,15,16,72-78-74-70-76-67-65
47,74,99,15,16,67-65-76-70-74-78
48,55,10,15,2,63-68-75-66-69-77-73-71
49,100,6,15,6,63-68-75
50,75,16,15,1,73-71-63-77-72-68-69-75
51,30,45,15,63,66-73-75-77-69-71-72-74-78-70-76
52,75,80,15,21,67-65-72-76-70-74-78
53,71,35,15,7,63-68-75-73-77-69-72-71-70-78-74
54,60,34,15,17,63-66-68-73-75-77-69-71-72-78-74-70-76
55,31,41,15,22,76-72-70-74-78-71-75-69-77-73-66
56,40,49,15,17,66-73-75-77-69-71-72-78-74-70-76
flexible customers
node_idx,x,y,service_time,demand,locker_idxs
57,16,89,15,2,64-74-78-70-76
58,19,71,15,21,71-64-78-70-74-76
59,69,50,15,12,68-73-75-77-69-71-72-67-78-74-65-70-76
60,61,54,15,2,67-65-68-72-75-69-77-76-70-78-74-73-71
61,21,11,15,22,73-77-66
62,60,54,15,25,67-65-68-76-72-70-74-78-75-69-77-73-71
lockers
node_idx,x,y,service_time,capacity,cost_per_unit_good
63,93,12,10,82,100
64,22,88,10,82,100
65,65,88,10,78,100
66,25,15,10,76,100
67,77,88,10,76,100
68,72,14,10,88,100
69,60,28,10,88,100
70,49,71,10,95,100
71,51,44,10,74,100
72,68,57,10,90,100
73,51,18,10,91,100
74,48,70,10,97,100
75,63,23,10,75,100
76,49,74,10,88,100
77,58,24,10,89,100
78,49,69,10,91,100
mrt lines
start_node_idx,end_node_idx,freight_capacity,cost_per_unit_good
63,64,82,1
64,63,82,1
65,66,78,1
66,65,78,1
67,68,88,1
68,67,88,1
distance matrix
,0,1,2,3,4,5,6,7,8,9,10,11,12,13,14,15,16,17,18,19,20,21,22,23,24,25,26,27,28,29,30,31,32,33,34,35,36,37,38,39,40,41,42,43,44,45,46,47,48,49,50,51,52,53,54,55,56,57,58,59,60,61,62,63,64,65,66,67,68,69,70,71,72,73,74,75,76,77,78,
0,0.0,76.16,62.82,93.6,40.31,81.39,35.51,81.86,24.84,54.23,54.49,15.81,39.2,14.87,48.88,42.38,24.21,85.7,29.68,15.0,35.0,48.02,82.76,63.06,57.31,61.01,23.71,28.02,52.17,55.9,20.88,51.01,9.06,46.75,72.8,41.68,56.14,34.99,20.62,63.06,20.88,45.12,79.85,34.37,54.56,43.27,6.71,24.08,68.31,73.05,59.01,54.92,5.1,40.31,44.01,56.4,44.41,61.61,57.14,25.96,25.81,84.39,26.4,65.25,55.54,17.03,78.75,13.04,61.13,49.65,27.29,39.82,19.7,62.24,28.44,53.6,27.02,54.08,27.66
1,76.16,0.0,45.89,26.48,50.25,26.93,63.25,6.4,90.09,21.93,30.81,66.71,46.01,82.23,46.57,56.89,90.26,27.66,86.15,90.14,70.18,95.63,57.01,91.42,33.24,30.36,52.55,101.02,83.68,83.82,76.66,74.04,81.01,39.32,64.03,91.2,70.94,62.48,75.66,16.64,93.15,47.71,4.0,43.83,57.94,46.39,82.86,98.08,10.3,54.01,31.02,43.08,80.41,39.05,32.2,39.0,44.41,89.2,71.31,50.54,51.24,25.71,50.96,47.52,86.4,85.15,23.26,88.6,27.51,26.93,66.07,39.32,56.46,13.93,65.03,24.76,69.07,22.47,64.07
2,62.82,45.89,0.0,72.37,64.66,70.01,31.26,51.66,85.8,37.64,56.08,63.53,24.6,75.61,67.42,72.35,85.44,72.06,86.77,77.47,78.87,102.63,93.68,108.19,61.1,16.0,47.71,77.41,97.67,99.7,75.59,90.55,62.29,58.31,94.37,96.57,91.05,31.14,74.71,31.0,83.68,17.72,46.84,33.6,15.0,63.01,68.07,86.68,36.22,12.04,16.12,68.43,67.91,29.0,36.89,65.8,61.85,106.07,91.83,42.19,50.0,70.06,50.61,2.83,101.18,78.43,66.01,75.31,19.0,34.01,70.8,50.0,48.76,40.2,70.6,29.41,73.24,34.48,69.2
3,93.6,26.48,72.37,0.0,58.87,15.03,87.46,21.02,102.16,43.01,39.82,81.12,69.97,96.18,51.92,63.06,102.55,11.05,96.14,106.0,77.88,101.12,44.28,91.14,38.63,56.75,70.29,120.51,86.15,85.01,88.64,76.16,100.0,48.75,56.75,98.06,71.0,86.61,87.73,42.38,107.35,72.92,26.02,65.44,84.12,54.78,100.21,112.77,36.4,80.22,57.28,46.1,97.08,61.85,52.5,42.45,52.92,89.09,71.01,70.01,67.8,11.05,67.2,73.98,88.02,98.84,15.81,104.85,53.85,48.83,76.69,53.82,74.52,35.85,75.39,48.76,79.48,44.94,74.85
4,40.31,50.25,64.66,58.87,0.0,44.72,54.92,54.0,43.38,33.11,20.1,25.0,43.38,38.42,8.6,7.81,43.83,49.19,37.36,49.5,20.0,45.4,42.72,44.41,20.25,53.26,24.02,68.26,34.89,36.06,30.02,26.4,48.75,11.0,35.0,41.01,26.4,53.94,29.15,45.19,49.41,51.0,54.23,33.11,65.74,4.12,46.04,55.0,47.13,76.69,51.74,14.87,42.2,36.06,28.32,17.2,6.08,42.2,27.2,28.44,20.02,48.33,19.03,67.48,38.08,40.8,43.08,48.84,51.4,33.02,17.89,14.87,27.07,38.33,16.55,38.83,20.62,35.36,16.12
5,81.39,26.93,70.01,15.03,44.72,0.0,79.85,24.41,88.1,35.44,26.91,68.01,62.63,82.68,37.34,48.38,88.55,4.47,81.71,93.01,63.25,86.15,32.02,76.24,24.7,54.01,58.8,108.9,71.11,70.0,74.71,61.13,88.41,35.23,42.72,83.2,56.01,78.92,73.82,39.01,93.81,66.94,28.65,56.36,79.76,40.71,87.86,99.32,34.37,79.51,54.01,31.32,84.5,53.85,43.38,27.86,38.95,74.17,56.04,59.41,55.87,4.0,55.15,72.06,73.01,85.23,4.0,92.01,51.01,41.11,62.61,41.73,63.03,30.15,61.27,42.76,65.31,38.08,60.83
6,35.51,63.25,31.26,87.46,54.92,79.85,0.0,69.66,60.22,44.72,56.89,42.2,17.49,50.0,61.2,61.13,59.64,83.26,63.66,48.85,61.77,81.39,94.13,92.28,61.66,36.89,31.32,46.17,81.12,84.12,53.08,76.56,32.57,54.01,89.56,75.01,79.38,1.0,52.4,46.75,55.9,16.64,65.86,24.33,19.65,55.33,39.4,57.94,53.15,39.32,35.23,65.0,40.31,26.0,36.69,64.12,55.15,90.43,80.32,26.48,35.17,81.44,36.14,33.06,84.72,52.43,76.16,46.62,38.6,38.91,52.84,44.01,29.55,51.62,53.24,38.83,54.38,42.54,51.88
7,81.86,6.4,51.66,21.02,54.0,24.41,69.66,0.0,94.92,27.78,34.06,71.84,52.4,87.36,49.5,60.21,95.13,24.17,90.55,95.63,74.0,99.18,55.87,93.68,35.69,36.4,58.18,107.07,86.49,86.35,81.39,76.69,86.95,43.0,64.35,95.01,73.08,68.88,80.41,23.02,98.37,54.08,5.0,50.0,64.08,50.01,88.57,103.41,16.64,59.21,37.16,45.35,86.01,45.34,38.08,41.23,48.01,91.48,73.38,56.44,56.65,22.36,56.3,53.15,89.05,90.25,21.26,94.15,33.62,33.02,70.46,44.15,62.17,19.72,69.35,31.11,73.44,28.6,68.47
8,24.84,90.09,85.8,102.16,43.38,88.1,60.22,94.92,0.0,69.18,62.63,24.02,61.35,10.3,51.11,40.8,1.0,92.57,9.49,16.49,26.87,25.71,79.98,45.1,63.56,81.39,40.31,39.12,35.9,40.02,13.6,39.36,30.81,53.49,66.61,20.1,46.14,59.64,14.56,80.0,10.05,68.15,94.05,54.13,78.89,47.42,23.02,14.87,84.15,96.66,79.43,57.45,20.52,60.02,60.0,60.42,49.24,44.28,47.01,44.91,40.01,91.71,40.0,88.39,38.47,7.81,86.41,18.03,80.89,66.0,25.5,50.8,37.85,76.53,26.83,71.06,22.83,70.03,27.31
9,54.23,21.93,37.64,43.01,33.11,35.44,44.72,27.78,69.18,0.0,18.87,45.4,27.31,60.83,32.65,40.71,69.26,38.63,66.12,68.31,51.92,77.62,56.04,77.18,23.71,22.83,30.68,79.32,67.98,68.96,56.01,59.17,59.17,23.6,57.45,72.57,57.8,43.83,55.01,12.08,71.59,31.58,25.63,22.63,45.01,30.02,60.93,76.4,15.0,48.85,21.93,32.02,58.52,18.87,10.3,28.84,28.3,74.95,58.41,28.65,29.61,36.77,29.43,40.16,71.12,63.79,31.62,66.73,20.25,5.83,46.39,19.42,34.54,8.06,45.54,8.25,49.37,3.16,44.41
10,54.49,30.81,56.08,39.82,20.1,26.91,56.89,34.06,62.63,18.87,0.0,41.34,41.01,56.36,15.81,26.17,62.97,31.24,57.27,66.29,40.05,65.12,38.33,60.93,5.1,41.68,32.2,82.07,52.89,53.14,49.04,43.32,61.62,9.22,38.59,61.01,40.71,55.9,48.1,29.7,67.54,47.17,34.71,32.56,61.66,16.03,60.96,72.95,29.68,67.54,40.71,13.45,57.63,32.0,21.02,10.0,14.04,58.69,41.18,33.54,29.07,30.0,28.32,58.69,55.66,59.03,24.41,65.22,39.12,22.14,37.36,15.0,36.4,20.81,36.14,26.83,40.26,21.95,35.44
11,15.81,66.71,63.53,81.12,25.0,68.01,42.2,71.84,24.02,45.4,41.34,0.0,38.95,15.52,33.6,26.57,24.0,72.42,23.26,25.0,20.62,39.7,67.08,50.57,43.42,57.72,16.49,43.42,39.4,42.72,12.08,36.5,24.74,32.8,57.01,33.42,41.01,41.4,11.18,56.01,26.57,46.32,70.61,30.68,58.8,28.32,21.1,31.78,60.3,74.95,55.79,39.82,17.2,36.4,36.01,41.73,29.7,48.85,42.01,21.54,16.0,71.28,16.03,66.24,42.95,18.44,65.73,24.08,57.07,42.01,12.04,27.86,14.76,52.95,13.0,47.04,12.65,46.1,12.04
12,39.2,46.01,24.6,69.97,43.38,62.63,17.49,52.4,61.35,27.31,41.01,38.95,0.0,51.24,48.08,50.61,61.03,65.92,62.18,54.15,55.15,78.24,79.1,85.15,46.0,22.56,23.43,58.19,74.33,76.69,51.0,68.01,40.31,39.81,76.4,72.11,69.46,16.64,50.12,29.73,59.84,7.81,48.8,10.3,22.36,42.72,45.01,63.29,36.07,36.06,20.62,50.8,44.28,9.06,20.1,49.25,42.06,83.1,70.33,17.8,26.17,64.08,26.91,27.29,77.9,54.12,58.87,52.09,23.41,21.54,46.75,30.08,24.19,34.13,46.69,21.4,49.04,25.06,45.28
13,14.87,82.23,75.61,96.18,38.42,82.68,50.0,87.36,10.3,60.83,56.36,15.52,51.24,0.0,46.75,37.64,9.85,87.13,15.23,12.08,26.0,33.54,78.24,50.36,57.98,71.7,31.0,34.53,40.01,44.0,9.85,41.0,21.93,47.51,66.19,27.31,47.13,49.41,10.3,71.18,11.18,57.94,86.12,44.41,68.6,42.2,14.56,16.64,75.66,86.41,69.72,53.15,11.18,50.36,51.24,55.61,43.83,49.16,48.08,35.23,31.26,86.09,31.4,78.19,43.1,3.0,80.62,12.37,71.34,57.22,21.26,43.32,28.16,68.45,22.67,62.03,19.42,61.4,22.63
14,48.88,46.57,67.42,51.92,8.6,37.34,61.2,49.5,51.11,32.65,15.81,33.6,48.08,46.75,0.0,11.18,51.62,41.79,44.38,58.0,25.96,50.01,34.48,45.19,14.0,54.56,31.26,76.85,37.11,37.34,38.01,27.51,57.25,9.22,28.44,46.39,25.24,60.21,37.2,44.41,57.63,55.36,50.45,38.08,70.23,6.08,54.64,63.25,45.18,79.32,53.26,6.4,50.8,39.92,30.53,9.49,6.08,42.95,25.81,35.0,27.29,41.11,26.31,70.18,39.85,49.04,36.14,57.38,52.35,34.06,25.81,18.03,34.71,36.24,24.41,39.62,28.3,35.38,24.21
15,42.38,56.89,72.35,63.06,7.81,48.38,61.13,60.21,40.8,40.71,26.17,26.57,50.61,37.64,11.18,0.0,41.4,52.81,33.54,49.41,14.87,39.01,40.82,36.62,25.08,61.07,29.83,69.78,27.31,28.3,28.28,18.6,51.24,17.72,30.59,35.23,18.87,60.17,27.59,52.77,48.08,58.31,60.83,40.31,72.95,10.77,47.42,53.74,54.42,84.39,59.55,17.09,43.38,43.6,36.12,20.62,12.65,34.41,19.72,34.79,25.96,52.2,25.0,75.17,30.41,39.62,47.3,49.09,59.2,40.8,16.4,22.67,32.25,45.54,15.0,46.62,18.38,43.05,15.26
16,24.21,90.26,85.44,102.55,43.83,88.55,59.64,95.13,1.0,69.26,62.97,24.0,61.03,9.85,51.62,41.4,0.0,93.02,10.44,15.52,27.59,26.68,80.72,46.1,63.98,81.22,40.2,38.12,36.88,41.0,13.93,40.25,30.0,53.85,67.42,21.1,47.01,59.08,14.87,80.01,9.06,67.78,94.2,53.94,78.39,47.85,22.2,13.93,84.21,96.25,79.25,57.98,19.8,59.84,60.01,60.9,49.66,45.28,47.89,44.72,40.0,92.14,40.01,88.02,39.46,7.21,86.82,17.09,80.75,66.01,25.94,50.99,37.66,76.66,27.29,71.03,23.32,70.06,27.73
17,85.7,27.66,72.06,11.05,49.19,4.47,83.26,24.17,92.57,38.63,31.24,72.42,65.92,87.13,41.79,52.81,93.02,0.0,86.16,97.42,67.68,90.43,34.13,80.1,29.15,56.08,62.97,113.14,75.24,74.03,79.18,65.28,92.63,39.66,45.88,87.56,60.01,82.35,78.29,41.11,98.27,69.92,28.79,60.03,82.38,45.18,92.2,103.77,36.01,81.15,56.22,35.74,88.87,57.27,47.01,32.31,43.42,78.06,60.0,63.41,60.11,2.0,59.41,74.01,77.06,89.69,7.21,96.4,53.08,44.38,67.08,45.97,67.21,32.76,65.74,45.61,69.78,41.11,65.3
18,29.68,86.15,86.77,96.14,37.36,81.71,63.66,90.55,9.49,66.12,57.27,23.26,62.18,15.23,44.38,33.54,10.44,86.16,0.0,25.02,18.87,18.36,71.42,36.0,57.57,80.65,39.56,48.0,26.48,30.59,11.18,30.02,37.16,48.05,57.63,12.08,36.89,62.97,12.08,77.52,19.42,69.46,90.14,53.85,81.4,41.48,29.73,24.35,81.1,98.11,78.75,50.57,26.4,59.46,57.71,53.85,43.42,35.06,37.74,44.78,38.33,85.44,38.08,89.47,29.15,14.32,80.32,26.17,79.81,63.64,20.1,47.0,38.01,73.0,21.21,69.05,17.12,67.36,22.09
19,15.0,90.14,77.47,106.0,49.5,93.01,48.85,95.63,16.49,68.31,66.29,25.0,54.15,12.08,58.0,49.41,15.52,97.42,25.02,0.0,38.08,42.2,90.14,61.01,68.41,76.01,37.64,23.02,51.16,55.23,21.93,52.89,16.64,57.8,78.26,36.5,59.14,48.47,22.36,77.67,7.81,59.84,93.92,49.25,68.35,53.08,9.49,9.22,82.71,87.36,74.01,64.35,10.05,55.23,58.24,66.53,54.56,60.01,60.08,40.61,39.0,96.26,39.4,79.83,54.04,11.18,90.7,2.24,76.11,64.03,33.02,52.35,33.96,76.22,34.41,68.25,31.38,68.41,34.21
20,35.0,70.18,78.87,77.88,20.0,63.25,61.77,74.0,26.87,51.92,40.05,20.62,55.15,26.0,25.96,14.87,27.59,67.68,18.87,38.08,0.0,25.71,53.15,30.53,39.62,69.84,31.89,60.17,19.42,22.36,16.16,16.03,44.01,31.0,40.31,21.02,21.38,60.9,15.81,63.89,35.23,62.94,74.17,45.34,76.69,24.02,38.47,40.8,66.49,90.79,68.1,31.95,34.37,50.0,45.19,35.44,26.02,28.65,22.36,37.54,29.0,67.05,28.32,81.69,23.02,27.29,62.1,38.28,68.43,50.7,8.94,32.57,32.45,57.87,8.6,56.46,8.06,53.76,10.0
21,48.02,95.63,102.63,101.12,45.4,86.15,81.39,99.18,25.71,77.62,65.12,39.7,78.24,33.54,50.01,39.01,26.68,90.43,18.36,42.2,25.71,0.0,68.96,21.93,64.01,94.85,54.92,64.63,17.2,20.52,28.32,26.0,55.46,56.32,53.54,6.4,32.65,80.66,29.0,89.56,35.36,85.8,99.61,69.12,98.49,49.25,47.93,39.01,92.2,114.28,93.04,55.23,44.72,74.3,70.58,59.14,51.24,21.95,33.12,60.46,52.84,90.09,52.35,105.39,17.69,32.31,85.59,43.68,93.62,76.22,32.2,58.24,54.2,83.55,32.7,81.93,29.53,79.4,34.01
22,82.76,57.01,93.68,44.28,42.72,32.02,94.13,55.87,79.98,56.04,38.33,67.08,79.1,78.24,34.48,40.82,80.72,34.13,71.42,90.14,53.15,68.96,0.0,52.89,33.24,78.43,65.51,110.48,51.88,49.24,68.6,43.27,91.39,40.2,15.81,68.24,36.36,93.13,68.01,64.47,88.24,85.48,59.55,70.01,99.98,40.52,88.12,93.86,61.77,104.68,77.79,29.43,84.12,70.18,59.3,30.02,40.02,51.24,35.85,68.73,61.61,35.23,60.64,96.17,52.39,80.0,34.66,89.89,75.61,60.21,57.14,50.16,69.12,54.63,55.76,64.29,58.82,59.2,56.08
23,63.06,91.42,108.19,91.14,44.41,76.24,92.28,93.68,45.1,77.18,60.93,50.57,85.15,50.36,45.19,36.62,46.1,80.1,36.0,61.01,30.53,21.93,52.89,0.0,58.19,97.62,62.2,84.0,11.18,8.49,42.2,18.03,71.59,53.71,37.11,25.5,20.62,91.42,42.45,89.19,55.15,92.96,95.19,75.07,107.0,47.17,64.78,59.54,90.34,120.21,96.05,48.38,61.0,79.2,72.62,52.5,48.88,2.24,20.4,67.8,59.03,80.22,58.26,111.02,7.62,50.09,76.66,62.07,95.8,77.42,39.45,59.2,62.97,81.39,39.12,83.23,38.01,79.61,40.5
24,57.31,33.24,61.1,38.63,20.25,24.7,61.66,35.69,63.56,23.71,5.1,43.42,46.0,57.98,14.0,25.08,63.98,29.15,57.57,68.41,39.62,64.01,33.24,58.19,0.0,46.53,35.85,85.15,50.8,50.7,50.09,41.0,64.82,10.63,33.84,60.3,37.7,60.67,49.19,34.06,69.12,52.24,37.0,37.34,66.75,16.16,63.64,74.63,33.42,72.5,45.62,9.85,60.14,37.01,26.08,5.83,14.32,55.97,38.08,37.7,32.45,28.18,31.62,63.69,53.37,60.54,22.85,67.48,43.91,27.2,38.08,18.79,39.96,24.76,36.77,31.78,40.85,26.83,36.25
25,61.01,30.36,16.0,56.75,53.26,54.01,36.89,36.4,81.39,22.83,41.68,57.72,22.56,71.7,54.56,61.07,81.22,56.08,80.65,76.01,69.84,94.85,78.43,97.62,46.53,0.0,41.23,80.65,87.66,89.2,69.64,79.65,62.8,45.34,80.26,89.16,79.21,36.36,68.68,15.0,81.15,20.25,31.78,27.29,27.73,50.93,67.12,85.01,20.4,26.25,2.0,54.64,66.0,21.38,25.0,51.62,49.5,95.43,79.91,36.5,42.38,54.08,42.72,18.11,91.02,74.67,50.01,74.03,3.0,20.52,62.65,38.42,43.57,24.33,62.17,15.0,65.39,19.72,60.84
26,23.71,52.55,47.71,70.29,24.02,58.8,31.32,58.18,40.31,30.68,32.2,16.49,23.43,31.0,31.26,29.83,40.2,62.97,39.56,37.64,31.89,54.92,65.51,62.2,35.85,41.23,0.0,50.25,51.22,53.82,28.46,45.65,29.73,26.0,59.01,48.88,48.1,30.36,27.51,40.31,41.3,31.14,56.3,14.32,44.82,25.18,30.41,45.89,45.12,59.41,39.29,36.14,27.86,19.92,20.62,36.4,25.5,60.22,49.04,5.66,4.0,61.52,5.0,50.48,54.82,34.0,55.87,36.06,40.61,26.48,23.35,17.2,4.24,38.63,23.35,31.06,25.61,30.81,21.93
27,28.02,101.02,77.41,120.51,68.26,108.9,46.17,107.07,39.12,79.32,82.07,43.42,58.19,34.53,76.85,69.78,38.12,113.14,48.0,23.02,60.17,64.63,110.48,84.0,85.15,80.65,50.25,0.0,74.17,78.23,44.15,75.5,20.52,74.65,99.72,59.21,81.49,46.27,44.38,86.31,29.27,61.39,104.45,57.31,65.01,71.28,22.36,26.25,92.18,85.01,78.75,82.93,26.4,62.61,69.07,84.4,72.42,83.02,82.46,50.8,53.04,111.73,53.76,79.23,77.06,34.13,106.08,22.2,81.6,74.09,53.85,67.18,46.01,87.37,55.15,76.94,52.81,78.55,54.63
28,52.17,83.68,97.67,86.15,34.89,71.11,81.12,86.49,35.9,67.98,52.89,39.4,74.33,40.01,37.11,27.31,36.88,75.24,26.48,51.16,19.42,17.2,51.88,11.18,50.8,87.66,51.22,74.17,0.0,4.12,31.4,10.0,60.83,44.94,36.36,18.03,15.81,80.26,31.58,80.06,45.89,82.13,87.56,64.35,96.05,38.08,54.23,50.7,81.71,109.66,86.02,41.3,50.36,68.68,62.68,45.4,39.92,9.49,16.16,56.85,48.17,75.11,47.42,100.5,3.61,40.05,71.0,52.04,85.98,67.74,28.3,49.4,51.87,72.8,28.02,73.57,26.83,70.24,29.41
29,55.9,83.82,99.7,85.01,36.06,70.0,84.12,86.35,40.02,68.96,53.14,42.72,76.69,44.0,37.34,28.3,41.0,74.03,30.59,55.23,22.36,20.52,49.24,8.49,50.7,89.2,53.82,78.23,4.12,0.0,35.23,9.85,64.63,45.62,33.54,21.95,14.04,83.24,35.36,81.01,50.01,84.5,87.64,66.6,98.6,38.95,58.14,54.82,82.35,111.72,87.62,41.0,54.23,70.71,64.2,45.12,40.71,6.4,14.14,59.41,50.61,74.0,49.82,102.53,3.16,44.1,70.11,56.08,87.42,69.07,31.3,50.8,54.71,73.41,30.89,74.89,30.08,71.34,32.25
30,20.88,76.66,75.59,88.64,30.02,74.71,53.08,81.39,13.6,56.01,49.04,12.08,51.0,9.85,38.01,28.28,13.93,79.18,11.18,21.93,16.16,28.32,68.6,42.2,50.09,69.64,28.46,44.15,31.4,35.23,0.0,31.4,29.43,39.92,56.36,21.93,37.36,52.35,1.0,67.12,19.8,58.31,80.62,42.72,70.43,34.0,23.0,25.46,71.01,86.95,67.72,44.41,19.03,48.38,47.17,47.17,35.78,40.79,38.33,33.62,27.46,78.26,27.29,78.29,34.71,11.4,72.92,22.14,68.88,53.15,12.21,37.34,26.83,63.2,13.6,58.42,9.9,57.04,13.89
31,51.01,74.04,90.55,76.16,26.4,61.13,76.56,76.69,39.36,59.17,43.32,36.5,68.01,41.0,27.51,18.6,40.25,65.28,30.02,52.89,16.03,26.0,43.27,18.03,41.0,79.65,45.65,75.5,10.0,9.85,31.4,0.0,60.0,35.78,28.32,25.0,7.07,75.64,31.26,71.2,48.85,75.8,77.88,57.8,90.14,29.15,54.23,54.13,72.5,102.59,78.1,31.4,50.16,61.62,54.67,35.51,30.89,15.81,7.81,51.11,42.19,65.12,41.34,93.38,12.37,41.76,61.0,53.37,77.8,59.41,24.52,41.23,47.01,63.56,23.77,65.22,24.08,61.59,25.0
32,9.06,81.01,62.29,100.0,48.75,88.41,32.57,86.95,30.81,59.17,61.62,24.74,40.31,21.93,57.25,51.24,30.0,92.63,37.16,16.64,44.01,55.46,91.39,71.59,64.82,62.8,29.73,20.52,60.83,64.63,29.43,60.0,0.0,54.41,81.74,49.24,65.19,32.28,29.27,66.85,24.21,45.01,84.53,37.7,52.2,51.48,7.81,25.5,72.5,71.59,60.83,63.13,10.77,43.32,48.88,64.35,52.48,70.21,66.19,30.53,32.56,91.22,33.3,64.5,64.13,23.32,85.56,14.42,63.35,54.12,36.35,46.69,25.5,67.23,37.48,57.38,36.06,58.59,36.67
33,46.75,39.32,58.31,48.75,11.0,35.23,54.01,43.0,53.49,23.6,9.22,32.8,39.81,47.51,9.22,17.72,53.85,39.66,48.05,57.8,31.0,56.32,40.2,53.71,10.63,45.34,26.0,74.65,44.94,45.62,39.92,35.78,54.41,0.0,36.69,52.01,34.21,53.01,39.0,35.51,58.67,46.84,43.29,30.15,61.68,7.07,53.04,64.14,36.77,70.18,44.05,11.05,49.52,31.32,21.47,10.44,5.1,51.48,34.83,28.64,22.36,38.59,21.47,61.06,47.93,50.12,33.12,56.85,43.14,24.84,28.16,10.0,29.97,27.86,26.93,30.41,31.05,26.25,26.25
34,72.8,64.03,94.37,56.75,35.0,42.72,89.56,64.35,66.61,57.45,38.59,57.01,76.4,66.19,28.44,30.59,67.42,45.88,57.63,78.26,40.31,53.54,15.81,37.11,33.84,80.26,59.01,99.72,36.36,33.54,56.36,28.32,81.74,36.69,0.0,53.26,21.26,88.57,55.9,67.8,75.47,83.52,67.2,66.49,98.37,34.23,77.49,80.99,66.53,106.0,79.26,26.0,73.39,68.01,57.94,28.65,34.53,35.44,20.62,63.2,55.01,46.49,54.01,97.05,36.67,67.6,44.28,78.29,77.7,60.37,45.88,46.32,62.03,58.26,44.6,65.37,47.01,60.54,45.22
35,41.68,91.2,96.57,98.06,41.01,83.2,75.01,95.01,20.1,72.57,61.01,33.42,72.11,27.31,46.39,35.23,21.1,87.56,12.08,36.5,21.02,6.4,68.24,25.5,60.3,89.16,48.88,59.21,18.03,21.95,21.93,25.0,49.24,52.01,53.26,0.0,32.02,74.28,22.63,84.4,30.02,79.63,95.19,63.13,92.2,45.0,41.79,34.13,87.3,108.17,87.32,51.97,38.48,68.43,65.15,55.73,47.0,25.0,32.65,54.38,46.96,87.1,46.52,99.32,19.7,26.25,82.38,37.85,88.02,70.88,26.57,53.15,48.01,78.77,27.2,76.54,23.77,74.22,28.46
36,56.14,70.94,91.05,71.0,26.4,56.01,79.38,73.08,46.14,57.8,40.71,41.01,69.46,47.13,25.24,18.87,47.01,60.01,36.89,59.14,21.38,32.65,36.36,20.62,37.7,79.21,48.1,81.49,15.81,14.04,37.36,7.07,65.19,34.21,21.26,32.02,0.0,78.43,37.11,69.63,55.46,77.18,74.67,59.17,91.79,28.28,59.84,60.83,70.33,103.08,77.78,27.86,55.73,62.43,54.49,31.95,29.73,18.44,1.0,53.31,44.38,60.01,43.46,93.86,17.12,48.1,56.22,59.48,77.16,58.73,29.0,41.11,50.0,61.4,28.02,64.44,29.15,60.44,29.07
37,34.99,62.48,31.14,86.61,53.94,78.92,1.0,68.88,59.64,43.83,55.9,41.4,16.64,49.41,60.21,60.17,59.08,82.35,62.97,48.47,60.9,80.66,93.13,91.42,60.67,36.36,30.36,46.27,80.26,83.24,52.35,75.64,32.28,53.01,88.57,74.28,78.43,0.0,51.66,46.01,55.46,16.12,65.12,23.35,19.92,54.33,39.0,57.58,52.4,39.46,34.67,64.0,39.82,25.08,35.74,63.13,54.15,89.55,79.38,25.5,34.21,80.53,35.17,33.02,83.86,51.87,75.24,46.24,38.01,38.01,51.97,43.01,28.64,50.77,52.35,38.01,53.54,41.68,51.0
38,20.62,75.66,74.71,87.73,29.15,73.82,52.4,80.41,14.56,55.01,48.1,11.18,50.12,10.3,37.2,27.59,14.87,78.29,12.08,22.36,15.81,29.0,68.01,42.45,49.19,68.68,27.51,44.38,31.58,35.36,1.0,31.26,29.27,39.0,55.9,22.63,37.11,51.66,0.0,66.12,20.52,57.45,79.63,41.79,69.66,33.12,23.02,26.17,70.01,86.09,66.76,43.6,19.0,47.43,46.17,46.32,34.89,41.0,38.08,32.7,26.48,77.37,26.31,77.41,34.93,12.04,72.01,22.47,67.91,52.15,11.4,36.35,25.94,62.2,12.81,57.43,9.22,56.04,13.04
39,63.06,16.64,31.0,42.38,45.19,39.01,46.75,23.02,80.0,12.08,29.7,56.01,29.73,71.18,44.41,52.77,80.01,41.11,77.52,77.67,63.89,89.56,64.47,89.19,34.06,15.0,40.31,86.31,80.06,81.01,67.12,71.2,66.85,35.51,67.8,84.4,69.63,46.01,66.12,0.0,81.61,31.06,19.1,29.15,41.76,42.06,69.64,86.15,6.4,40.79,15.13,43.14,67.68,23.71,20.0,39.62,40.31,86.95,70.21,37.11,40.01,39.12,40.0,33.06,83.19,74.17,35.01,75.93,12.0,14.0,58.05,31.32,43.74,9.85,57.27,9.49,61.0,10.2,56.09
40,20.88,93.15,83.68,107.35,49.41,93.81,55.9,98.37,10.05,71.59,67.54,26.57,59.84,11.18,57.63,48.08,9.06,98.27,19.42,7.81,35.23,35.36,88.24,55.15,69.12,81.15,41.3,29.27,45.89,50.01,19.8,48.85,24.21,58.67,75.47,30.02,55.46,55.46,20.52,81.61,0.0,65.97,97.02,54.01,75.24,53.25,16.64,5.66,86.31,93.92,79.16,64.03,15.81,60.01,61.81,66.61,54.92,54.33,56.36,45.01,41.98,97.25,42.2,86.13,48.51,8.6,91.79,9.9,81.02,67.74,31.89,54.42,38.05,79.31,33.3,72.34,29.7,72.01,33.42
41,45.12,47.71,17.72,72.92,51.0,66.94,16.64,54.08,68.15,31.58,47.17,46.32,7.81,57.94,55.36,58.31,67.78,69.92,69.46,59.84,62.94,85.8,85.48,92.96,52.24,20.25,31.14,61.39,82.13,84.5,58.31,75.8,45.01,46.84,83.52,79.63,77.18,16.12,57.45,31.06,65.97,0.0,50.0,18.03,14.87,50.16,50.49,69.05,37.44,28.65,18.6,57.72,50.22,15.52,26.17,55.9,49.4,90.91,78.03,25.5,33.97,68.01,34.71,20.25,85.7,60.75,63.06,57.71,22.02,26.17,54.49,37.34,31.62,37.34,54.45,24.35,56.73,28.86,53.04
42,79.85,4.0,46.84,26.02,54.23,28.65,65.86,5.0,94.05,25.63,34.71,70.61,48.8,86.12,50.45,60.83,94.2,28.79,90.14,93.92,74.17,99.61,59.55,95.19,37.0,31.78,56.3,104.45,87.56,87.64,80.62,77.88,84.53,43.29,67.2,95.19,74.67,65.12,79.63,19.1,97.02,50.0,0.0,47.17,59.51,50.36,86.54,101.92,12.73,54.23,32.65,46.82,84.15,42.2,35.85,42.72,48.37,92.97,75.03,54.13,55.08,26.93,54.82,48.27,90.25,89.05,25.24,92.36,29.07,30.41,70.06,43.29,60.17,17.72,69.03,27.8,73.06,25.94,68.07
43,34.37,43.83,33.6,65.44,33.11,56.36,24.33,50.0,54.13,22.63,32.56,30.68,10.3,44.41,38.08,40.31,53.94,60.03,53.85,49.25,45.34,69.12,70.01,75.07,37.34,27.29,14.32,57.31,64.35,66.6,42.72,57.8,37.7,30.15,66.49,63.13,59.17,23.35,41.79,29.15,54.01,18.03,47.17,0.0,32.65,32.57,40.79,58.08,34.89,45.45,25.32,41.19,39.2,6.0,13.04,40.0,32.02,73.0,60.03,9.22,16.4,58.31,17.03,36.4,67.9,47.38,52.84,47.38,27.02,17.03,37.2,20.22,16.28,30.48,37.01,19.7,39.66,21.4,35.61
44,54.56,57.94,15.0,84.12,65.74,79.76,19.65,64.08,78.89,45.01,61.66,58.8,22.36,68.6,70.23,72.95,78.39,82.38,81.4,68.35,76.69,98.49,99.98,107.0,66.75,27.73,44.82,65.01,96.05,98.6,70.43,90.14,52.2,61.68,98.37,92.2,91.79,19.92,69.66,41.76,75.24,14.87,59.51,32.65,0.0,65.0,58.87,77.49,47.76,20.0,26.93,72.53,59.51,30.36,40.79,70.61,64.26,105.0,92.66,39.2,48.01,80.41,48.83,15.65,99.64,71.2,75.8,66.13,30.46,40.05,68.01,52.2,44.55,49.65,68.12,37.12,70.04,42.05,66.71
45,43.27,46.39,63.01,54.78,4.12,40.71,55.33,50.01,47.42,30.02,16.03,28.32,42.72,42.2,6.08,10.77,47.85,45.18,41.48,53.08,24.02,49.25,40.52,47.17,16.16,50.93,25.18,71.28,38.08,38.95,34.0,29.15,51.48,7.07,34.23,45.0,28.28,54.33,33.12,42.06,53.25,50.16,50.36,32.57,65.0,0.0,49.2,58.82,43.66,75.0,49.5,11.66,45.45,34.89,26.25,13.45,2.0,44.94,29.0,29.02,21.21,44.28,20.22,65.8,41.15,44.65,39.0,52.33,48.92,30.48,21.93,13.04,28.64,34.79,20.62,36.24,24.7,32.45,20.12
46,6.71,82.86,68.07,100.21,46.04,87.86,39.4,88.57,23.02,60.93,60.96,21.1,45.01,14.56,54.64,47.42,22.2,92.2,29.73,9.49,38.47,47.93,88.12,64.78,63.64,67.12,30.41,22.36,54.23,58.14,23.0,54.23,7.81,53.04,77.49,41.79,59.84,39.0,23.02,69.64,16.64,50.49,86.54,40.79,58.87,49.2,0.0,18.68,74.95,77.88,65.12,60.8,4.12,46.69,50.7,62.48,50.45,63.51,60.83,32.57,32.45,90.91,33.02,70.41,57.43,15.65,85.28,7.28,67.36,56.3,31.62,46.4,26.4,68.94,32.89,60.17,30.81,60.75,32.31
47,24.08,98.08,86.68,112.77,55.0,99.32,57.94,103.41,14.87,76.4,72.95,31.78,63.29,16.64,63.25,53.74,13.93,103.77,24.35,9.22,40.8,39.01,93.86,59.54,74.63,85.01,45.89,26.25,50.7,54.82,25.46,54.13,25.5,64.14,80.99,34.13,60.83,57.58,26.17,86.15,5.66,69.05,101.92,58.08,77.49,58.82,18.68,0.0,91.01,96.57,83.01,69.66,19.03,64.07,66.49,72.2,60.46,58.86,61.72,49.25,46.84,102.73,47.13,89.05,53.15,14.21,97.25,11.4,85.02,72.37,37.54,59.62,42.43,84.2,38.95,76.79,35.36,76.69,39.05
48,68.31,10.3,36.22,36.4,47.13,34.37,53.15,16.64,84.15,15.0,29.68,60.3,36.07,75.66,45.18,54.42,84.21,36.01,81.1,82.71,66.49,92.2,61.77,90.34,33.42,20.4,45.12,92.18,81.71,82.35,71.01,72.5,72.5,36.77,66.53,87.3,70.33,52.4,70.01,6.4,86.31,37.44,12.73,34.89,47.76,43.66,74.95,91.01,0.0,45.18,20.88,43.01,72.8,29.68,24.52,39.2,41.79,88.1,70.83,42.38,44.41,34.01,44.28,38.05,84.69,78.64,30.41,81.04,17.46,18.68,61.29,34.23,48.76,8.94,60.41,15.26,64.28,14.32,59.3
49,73.05,54.01,12.04,80.22,76.69,79.51,39.32,59.21,96.66,48.85,67.54,74.95,36.06,86.41,79.32,84.39,96.25,81.15,98.11,87.36,90.79,114.28,104.68,120.21,72.5,26.25,59.41,85.01,109.66,111.72,86.95,102.59,71.59,70.18,106.0,108.17,103.08,39.46,86.09,40.79,93.92,28.65,54.23,45.45,20.0,75.0,77.88,96.57,45.18,0.0,26.93,80.13,78.11,41.01,48.83,77.37,73.82,118.09,103.86,53.82,61.85,79.16,62.48,9.22,113.17,89.16,75.54,85.16,29.12,45.65,82.62,62.01,60.21,50.45,82.46,40.72,85.0,45.69,81.06
50,59.01,31.02,16.12,57.28,51.74,54.01,35.23,37.16,79.43,21.93,40.71,55.79,20.62,69.72,53.26,59.55,79.25,56.22,78.75,74.01,68.1,93.04,77.79,96.05,45.62,2.0,39.29,78.75,86.02,87.62,67.72,78.1,60.83,44.05,79.26,87.32,77.78,34.67,66.76,15.13,79.16,18.6,32.65,25.32,26.93,49.5,65.12,83.01,20.88,26.93,0.0,53.54,64.0,19.42,23.43,50.61,48.1,93.86,78.49,34.53,40.5,54.23,40.85,18.44,89.4,72.69,50.01,72.03,3.61,19.21,60.84,36.88,41.59,24.08,60.37,13.89,63.56,18.79,59.03
51,54.92,43.08,68.43,46.1,14.87,31.32,65.0,45.35,57.45,32.02,13.45,39.82,50.8,53.15,6.4,17.09,57.98,35.74,50.57,64.35,31.95,55.23,29.43,48.38,9.85,54.64,36.14,82.93,41.3,41.0,44.41,31.4,63.13,11.05,26.0,51.97,27.86,64.0,43.6,43.14,64.03,57.72,46.82,41.19,72.53,11.66,60.8,69.66,43.01,80.13,53.54,0.0,57.01,42.2,31.95,4.12,10.77,46.17,28.23,39.32,32.28,35.17,31.32,71.12,43.74,55.44,30.41,63.7,52.2,34.48,32.2,21.02,39.85,34.21,30.81,39.66,34.67,35.0,30.61
52,5.1,80.41,67.91,97.08,42.2,84.5,40.31,86.01,20.52,58.52,57.63,17.2,44.28,11.18,50.8,43.38,19.8,88.87,26.4,10.05,34.37,44.72,84.12,61.0,60.14,66.0,27.86,26.4,50.36,54.23,19.03,50.16,10.77,49.52,73.39,38.48,55.73,39.82,19.0,67.68,15.81,50.22,84.15,39.2,59.51,45.45,4.12,19.03,72.8,78.11,64.0,57.01,0.0,45.18,48.38,58.8,46.75,59.68,56.72,30.59,29.53,87.62,30.02,70.34,53.6,12.81,82.01,8.25,66.07,54.12,27.51,43.27,24.04,66.48,28.79,58.25,26.68,58.52,28.23
53,40.31,39.05,29.0,61.85,36.06,53.85,26.0,45.34,60.02,18.87,32.0,36.4,9.06,50.36,39.92,43.6,59.84,57.27,59.46,55.23,50.0,74.3,70.18,79.2,37.01,21.38,19.92,62.61,68.68,70.71,48.38,61.62,43.32,31.32,68.01,68.43,62.43,25.08,47.43,23.71,60.01,15.52,42.2,6.0,30.36,34.89,46.69,64.07,29.68,41.01,19.42,42.2,45.18,0.0,11.05,40.45,34.01,77.08,63.25,15.13,21.47,55.46,21.95,31.83,72.18,53.34,50.16,53.34,21.02,13.04,42.19,21.93,22.2,26.25,41.88,14.42,44.78,17.03,40.5
54,44.01,32.2,36.89,52.5,28.32,43.38,36.69,38.08,60.0,10.3,21.02,36.01,20.1,51.24,30.53,36.12,60.01,47.01,57.71,58.24,45.19,70.58,59.3,72.62,26.08,25.0,20.62,69.07,62.68,64.2,47.17,54.67,48.88,21.47,57.94,65.15,54.49,35.74,46.17,20.0,61.81,26.17,35.85,13.04,40.79,26.25,50.7,66.49,24.52,48.83,23.43,31.95,48.38,11.05,0.0,29.83,25.0,70.43,55.23,18.36,20.02,45.28,20.0,39.66,66.03,54.23,39.82,56.61,23.32,6.0,38.6,13.45,24.35,18.36,37.95,11.4,41.48,10.2,36.69
55,56.4,39.0,65.8,42.45,17.2,27.86,64.12,41.23,60.42,28.84,10.0,41.73,49.25,55.61,9.49,20.62,60.9,32.31,53.85,66.53,35.44,59.14,30.02,52.5,5.83,51.62,36.4,84.4,45.4,45.12,47.17,35.51,64.35,10.44,28.65,55.73,31.95,63.13,46.32,39.62,66.61,55.9,42.72,40.0,70.61,13.45,62.48,72.2,39.2,77.37,50.61,4.12,58.8,40.45,29.83,0.0,12.04,50.29,32.31,39.05,32.7,31.62,31.78,68.45,47.85,58.01,26.68,65.76,49.09,31.78,34.99,20.22,40.31,30.48,33.62,36.72,37.59,31.91,33.29
56,44.41,44.41,61.85,52.92,6.08,38.95,55.15,48.01,49.24,28.3,14.04,29.7,42.06,43.83,6.08,12.65,49.66,43.42,43.42,54.56,26.02,51.24,40.02,48.88,14.32,49.5,25.5,72.42,39.92,40.71,35.78,30.89,52.48,5.1,34.53,47.0,29.73,54.15,34.89,40.31,54.92,49.4,48.37,32.02,64.26,2.0,50.45,60.46,41.79,73.82,48.1,10.77,46.75,34.01,25.0,12.04,0.0,46.65,30.41,29.02,21.59,42.49,20.62,64.64,42.95,46.32,37.16,53.76,47.42,29.0,23.77,12.08,29.12,32.89,22.47,34.71,26.57,30.81,21.93
57,61.61,89.2,106.07,89.09,42.2,74.17,90.43,91.48,44.28,74.95,58.69,48.85,83.1,49.16,42.95,34.41,45.28,78.06,35.06,60.01,28.65,21.95,51.24,2.24,55.97,95.43,60.22,83.02,9.49,6.4,40.79,15.81,70.21,51.48,35.44,25.0,18.44,89.55,41.0,86.95,54.33,90.91,92.97,73.0,105.0,44.94,63.51,58.86,88.1,118.09,93.86,46.17,59.68,77.08,70.43,50.29,46.65,0.0,18.25,65.8,57.01,78.16,56.22,108.89,6.08,49.01,74.55,61.01,93.6,75.21,37.59,57.01,61.06,79.16,37.22,81.02,36.25,77.39,38.59
58,57.14,71.31,91.83,71.01,27.2,56.04,80.32,73.38,47.01,58.41,41.18,42.01,70.33,48.08,25.81,19.72,47.89,60.0,37.74,60.08,22.36,33.12,35.85,20.4,38.08,79.91,49.04,82.46,16.16,14.14,38.33,7.81,66.19,34.83,20.62,32.65,1.0,79.38,38.08,70.21,56.36,78.03,75.03,60.03,92.66,29.0,60.83,61.72,70.83,103.86,78.49,28.23,56.72,63.25,55.23,32.31,30.41,18.25,0.0,54.23,45.31,60.03,44.38,94.64,17.26,49.04,56.32,60.44,77.83,59.41,30.0,41.87,50.96,61.91,29.02,65.12,30.15,61.07,30.07
59,25.96,50.54,42.19,70.01,28.44,59.41,26.48,56.44,44.91,28.65,33.54,21.54,17.8,35.23,35.0,34.79,44.72,63.41,44.78,40.61,37.54,60.46,68.73,67.8,37.7,36.5,5.66,50.8,56.85,59.41,33.62,51.11,30.53,28.64,63.2,54.38,53.31,25.5,32.7,37.11,45.01,25.5,54.13,9.22,39.2,29.02,32.57,49.25,42.38,53.82,34.53,39.32,30.59,15.13,18.36,39.05,29.02,65.8,54.23,0.0,8.94,61.85,9.85,44.94,60.44,38.21,56.22,38.83,36.12,23.77,29.0,18.97,7.07,36.72,29.0,27.66,31.24,28.23,27.59
60,25.81,51.24,50.0,67.8,20.02,55.87,35.17,56.65,40.01,29.61,29.07,16.0,26.17,31.26,27.29,25.96,40.0,60.11,38.33,39.0,29.0,52.84,61.61,59.03,32.45,42.38,4.0,53.04,48.17,50.61,27.46,42.19,32.56,22.36,55.01,46.96,44.38,34.21,26.48,40.01,41.98,33.97,55.08,16.4,48.01,21.21,32.45,46.84,44.41,61.85,40.5,32.28,29.53,21.47,20.02,32.7,21.59,57.01,45.31,8.94,0.0,58.73,1.0,52.8,51.74,34.23,53.08,37.58,41.48,26.02,20.81,14.14,7.62,37.36,20.62,31.06,23.32,30.15,19.21
61,84.39,25.71,70.06,11.05,48.33,4.0,81.44,22.36,91.71,36.77,30.0,71.28,64.08,86.09,41.11,52.2,92.14,2.0,85.44,96.26,67.05,90.09,35.23,80.22,28.18,54.08,61.52,111.73,75.11,74.0,78.26,65.12,91.22,38.59,46.49,87.1,60.01,80.53,77.37,39.12,97.25,68.01,26.93,58.31,80.41,44.28,90.91,102.73,34.01,79.16,54.23,35.17,87.62,55.46,45.28,31.62,42.49,78.16,60.03,61.85,58.73,0.0,58.05,72.01,77.01,88.68,5.66,95.21,51.09,42.54,66.21,44.6,65.76,30.81,64.88,43.68,68.94,39.22,64.4
62,26.4,50.96,50.61,67.2,19.03,55.15,36.14,56.3,40.0,29.43,28.32,16.03,26.91,31.4,26.31,25.0,40.01,59.41,38.08,39.4,28.32,52.35,60.64,58.26,31.62,42.72,5.0,53.76,47.42,49.82,27.29,41.34,33.3,21.47,54.01,46.52,43.46,35.17,26.31,40.0,42.2,34.71,54.82,17.03,48.83,20.22,33.02,47.13,44.28,62.48,40.85,31.32,30.02,21.95,20.0,31.78,20.62,56.22,44.38,9.85,1.0,58.05,0.0,53.41,50.99,34.37,52.4,38.01,41.76,26.0,20.25,13.45,8.54,37.11,20.0,31.14,22.83,30.07,18.6
63,65.25,47.52,2.83,73.98,67.48,72.06,33.06,53.15,88.39,40.16,58.69,66.24,27.29,78.19,70.18,75.17,88.02,74.01,89.47,79.83,81.69,105.39,96.17,111.02,63.69,18.11,50.48,79.23,100.5,102.53,78.29,93.38,64.5,61.06,97.05,99.32,93.86,33.02,77.41,33.06,86.13,20.25,48.27,36.4,15.65,65.8,70.41,89.05,38.05,9.22,18.44,71.12,70.34,31.83,39.66,68.45,64.64,108.89,94.64,44.94,52.8,72.01,53.41,0.0,104.0,80.99,68.07,77.67,21.1,36.67,73.6,52.8,51.48,42.43,73.41,31.95,76.03,37.0,72.01
64,55.54,86.4,101.18,88.02,38.08,73.01,84.72,89.05,38.47,71.12,55.66,42.95,77.9,43.1,39.85,30.41,39.46,77.06,29.15,54.04,23.02,17.69,52.39,7.62,53.37,91.02,54.82,77.06,3.61,3.16,34.71,12.37,64.13,47.93,36.67,19.7,17.12,83.86,34.93,83.19,48.51,85.7,90.25,67.9,99.64,41.15,57.43,53.15,84.69,113.17,89.4,43.74,53.6,72.18,66.03,47.85,42.95,6.08,17.26,60.44,51.74,77.01,50.99,104.0,0.0,43.0,73.06,55.0,89.31,71.02,31.91,52.7,55.47,75.77,31.62,76.85,30.41,73.43,33.02
65,17.03,85.15,78.43,98.84,40.8,85.23,52.43,90.25,7.81,63.79,59.03,18.44,54.12,3.0,49.04,39.62,7.21,89.69,14.32,11.18,27.29,32.31,80.0,50.09,60.54,74.67,34.0,34.13,40.05,44.1,11.4,41.76,23.32,50.12,67.6,26.25,48.1,51.87,12.04,74.17,8.6,60.75,89.05,47.38,71.2,44.65,15.65,14.21,78.64,89.16,72.69,55.44,12.81,53.34,54.23,58.01,46.32,49.01,49.04,38.21,34.23,88.68,34.37,80.99,43.0,0.0,83.24,12.0,74.33,60.21,23.35,46.17,31.14,71.39,24.76,65.03,21.26,64.38,24.84
66,78.75,23.26,66.01,15.81,43.08,4.0,76.16,21.26,86.41,31.62,24.41,65.73,58.87,80.62,36.14,47.3,86.82,7.21,80.32,90.7,62.1,85.59,34.66,76.66,22.85,50.01,55.87,106.08,71.0,70.11,72.92,61.0,85.56,33.12,44.28,82.38,56.22,75.24,72.01,35.01,91.79,63.06,25.24,52.84,75.8,39.0,85.28,97.25,30.41,75.54,50.01,30.41,82.01,50.16,39.82,26.68,37.16,74.55,56.32,56.22,53.08,5.66,52.4,68.07,73.06,83.24,0.0,89.63,47.01,37.34,60.93,38.95,60.11,26.17,59.62,38.83,63.69,34.21,59.09
67,13.04,88.6,75.31,104.85,48.84,92.01,46.62,94.15,18.03,66.73,65.22,24.08,52.09,12.37,57.38,49.09,17.09,96.4,26.17,2.24,38.28,43.68,89.89,62.07,67.48,74.03,36.06,22.2,52.04,56.08,22.14,53.37,14.42,56.85,78.29,37.85,59.48,46.24,22.47,75.93,9.9,57.71,92.36,47.38,66.13,52.33,7.28,11.4,81.04,85.16,72.03,63.7,8.25,53.34,56.61,65.76,53.76,61.01,60.44,38.83,37.58,95.21,38.01,77.67,55.0,12.0,89.63,0.0,74.17,62.36,32.76,51.11,32.28,74.67,34.13,66.49,31.3,66.76,33.84
68,61.13,27.51,19.0,53.85,51.4,51.01,38.6,33.62,80.89,20.25,39.12,57.07,23.41,71.34,52.35,59.2,80.75,53.08,79.81,76.11,68.43,93.62,75.61,95.8,43.91,3.0,40.61,81.6,85.98,87.42,68.88,77.8,63.35,43.14,77.7,88.02,77.16,38.01,67.91,12.0,81.02,22.02,29.07,27.02,30.46,48.92,67.36,85.02,17.46,29.12,3.61,52.2,66.07,21.02,23.32,49.09,47.42,93.6,77.83,36.12,41.48,51.09,41.76,21.1,89.31,74.33,47.01,74.17,0.0,18.44,61.47,36.62,43.19,21.38,60.93,12.73,64.26,17.2,59.62
69,49.65,26.93,34.01,48.83,33.02,41.11,38.91,33.02,66.0,5.83,22.14,42.01,21.54,57.22,34.06,40.8,66.01,44.38,63.64,64.03,50.7,76.22,60.21,77.42,27.2,20.52,26.48,74.09,67.74,69.07,53.15,59.41,54.12,24.84,60.37,70.88,58.73,38.01,52.15,14.0,67.74,26.17,30.41,17.03,40.05,30.48,56.3,72.37,18.68,45.65,19.21,34.48,54.12,13.04,6.0,31.78,29.0,75.21,59.41,23.77,26.02,42.54,26.0,36.67,71.02,60.21,37.34,62.36,18.44,0.0,44.38,18.36,30.08,13.45,43.68,5.83,47.3,4.47,42.45
70,27.29,66.07,70.8,76.69,17.89,62.61,52.84,70.46,25.5,46.39,37.36,12.04,46.75,21.26,25.81,16.4,25.94,67.08,20.1,33.02,8.94,32.2,57.14,39.45,38.08,62.65,23.35,53.85,28.3,31.3,12.21,24.52,36.35,28.16,45.88,26.57,29.0,51.97,11.4,58.05,31.89,54.49,70.06,37.2,68.01,21.93,31.62,37.54,61.29,82.62,60.84,32.2,27.51,42.19,38.6,34.99,23.77,37.59,30.0,29.0,20.81,66.21,20.25,73.6,31.91,23.35,60.93,32.76,61.47,44.38,0.0,27.07,23.6,53.04,1.41,50.0,3.0,47.85,2.0
71,39.82,39.32,50.0,53.82,14.87,41.73,44.01,44.15,50.8,19.42,15.0,27.86,30.08,43.32,18.03,22.67,50.99,45.97,47.0,52.35,32.57,58.24,50.16,59.2,18.79,38.42,17.2,67.18,49.4,50.8,37.34,41.23,46.69,10.0,46.32,53.15,41.11,43.01,36.35,31.32,54.42,37.34,43.29,20.22,52.2,13.04,46.4,59.62,34.23,62.01,36.88,21.02,43.27,21.93,13.45,20.22,12.08,57.01,41.87,18.97,14.14,44.6,13.45,52.8,52.7,46.17,38.95,51.11,36.62,18.36,27.07,0.0,21.4,26.0,26.17,24.19,30.07,21.19,25.08
72,19.7,56.46,48.76,74.52,27.07,63.03,29.55,62.17,37.85,34.54,36.4,14.76,24.19,28.16,34.71,32.25,37.66,67.21,38.01,33.96,32.45,54.2,69.12,62.97,39.96,43.57,4.24,46.01,51.87,54.71,26.83,47.01,25.5,29.97,62.03,48.01,50.0,28.64,25.94,43.74,38.05,31.62,60.17,16.28,44.55,28.64,26.4,42.43,48.76,60.21,41.59,39.85,24.04,22.2,24.35,40.31,29.12,61.06,50.96,7.07,7.62,65.76,8.54,51.48,55.47,31.14,60.11,32.28,43.19,30.08,23.6,21.4,0.0,42.54,23.85,34.37,25.5,34.48,22.47
73,62.24,13.93,40.2,35.85,38.33,30.15,51.62,19.72,76.53,8.06,20.81,52.95,34.13,68.45,36.24,45.54,76.66,32.76,73.0,76.22,57.87,83.55,54.63,81.39,24.76,24.33,38.63,87.37,72.8,73.41,63.2,63.56,67.23,27.86,58.26,78.77,61.4,50.77,62.2,9.85,79.31,37.34,17.72,30.48,49.65,34.79,68.94,84.2,8.94,50.45,24.08,34.21,66.48,26.25,18.36,30.48,32.89,79.16,61.91,36.72,37.36,30.81,37.11,42.43,75.77,71.39,26.17,74.67,21.38,13.45,53.04,26.0,42.54,0.0,52.09,13.0,56.04,9.22,51.04
74,28.44,65.03,70.6,75.39,16.55,61.27,53.24,69.35,26.83,45.54,36.14,13.0,46.69,22.67,24.41,15.0,27.29,65.74,21.21,34.41,8.6,32.7,55.76,39.12,36.77,62.17,23.35,55.15,28.02,30.89,13.6,23.77,37.48,26.93,44.6,27.2,28.02,52.35,12.81,57.27,33.3,54.45,69.03,37.01,68.12,20.62,32.89,38.95,60.41,82.46,60.37,30.81,28.79,41.88,37.95,33.62,22.47,37.22,29.02,29.0,20.62,64.88,20.0,73.41,31.62,24.76,59.62,34.13,60.93,43.68,1.41,26.17,23.85,52.09,0.0,49.34,4.12,47.07,1.41
75,53.6,24.76,29.41,48.76,38.83,42.76,38.83,31.11,71.06,8.25,26.83,47.04,21.4,62.03,39.62,46.62,71.03,45.61,69.05,68.25,56.46,81.93,64.29,83.23,31.78,15.0,31.06,76.94,73.57,74.89,58.42,65.22,57.38,30.41,65.37,76.54,64.44,38.01,57.43,9.49,72.34,24.35,27.8,19.7,37.12,36.24,60.17,76.79,15.26,40.72,13.89,39.66,58.25,14.42,11.4,36.72,34.71,81.02,65.12,27.66,31.06,43.68,31.14,31.95,76.85,65.03,38.83,66.49,12.73,5.83,50.0,24.19,34.37,13.0,49.34,0.0,52.89,5.1,48.08
76,27.02,69.07,73.24,79.48,20.62,65.31,54.38,73.44,22.83,49.37,40.26,12.65,49.04,19.42,28.3,18.38,23.32,69.78,17.12,31.38,8.06,29.53,58.82,38.01,40.85,65.39,25.61,52.81,26.83,30.08,9.9,24.08,36.06,31.05,47.01,23.77,29.15,53.54,9.22,61.0,29.7,56.73,73.06,39.66,70.04,24.7,30.81,35.36,64.28,85.0,63.56,34.67,26.68,44.78,41.48,37.59,26.57,36.25,30.15,31.24,23.32,68.94,22.83,76.03,30.41,21.26,63.69,31.3,64.26,47.3,3.0,30.07,25.5,56.04,4.12,52.89,0.0,50.8,5.0
77,54.08,22.47,34.48,44.94,35.36,38.08,42.54,28.6,70.03,3.16,21.95,46.1,25.06,61.4,35.38,43.05,70.06,41.11,67.36,68.41,53.76,79.4,59.2,79.61,26.83,19.72,30.81,78.55,70.24,71.34,57.04,61.59,58.59,26.25,60.54,74.22,60.44,41.68,56.04,10.2,72.01,28.86,25.94,21.4,42.05,32.45,60.75,76.69,14.32,45.69,18.79,35.0,58.52,17.03,10.2,31.91,30.81,77.39,61.07,28.23,30.15,39.22,30.07,37.0,73.43,64.38,34.21,66.76,17.2,4.47,47.85,21.19,34.48,9.22,47.07,5.1,50.8,0.0,45.89
78,27.66,64.07,69.2,74.85,16.12,60.83,51.88,68.47,27.31,44.41,35.44,12.04,45.28,22.63,24.21,15.26,27.73,65.3,22.09,34.21,10.0,34.01,56.08,40.5,36.25,60.84,21.93,54.63,29.41,32.25,13.89,25.0,36.67,26.25,45.22,28.46,29.07,51.0,13.04,56.09,33.42,53.04,68.07,35.61,66.71,20.12,32.31,39.05,59.3,81.06,59.03,30.61,28.23,40.5,36.69,33.29,21.93,38.59,30.07,27.59,19.21,64.4,18.6,72.01,33.02,24.84,59.09,33.84,59.62,42.45,2.0,25.08,22.47,51.04,1.41,48.08,5.0,45.89,0.0
