vehicles
vehicle_idx, capacity, cost_per_unit_distance
1,100,1
2,100,1
3,100,1
4,100,1
5,100,1
6,100,1
7,100,1
8,100,1
9,100,1
10,100,1
depot
node_idx,x,y
0,76,75
home delivery customers
node_idx,x,y,service_time,demand
1,60,14,15,11
2,70,95,15,17
3,20,0,15,17
4,21,15,15,15
5,46,1,15,16
6,95,45,15,22
7,41,1,15,22
8,60,94,15,25
9,55,25,15,20
10,71,41,15,20
11,61,70,15,26
12,80,36,15,12
13,65,85,15,11
14,40,51,15,5
15,19,71,15,21
16,34,50,15,17
17,19,11,15,21
18,51,91,15,12
19,61,54,15,2
20,41,75,15,16
21,35,100,15,15
22,21,11,15,22
23,34,36,15,21
24,74,99,15,16
25,75,16,15,1
26,30,45,15,63
27,21,85,15,10
28,75,80,15,21
29,71,35,15,7
30,25,76,15,6
31,85,76,15,26
32,60,34,15,17
33,41,44,15,10
34,6,55,15,25
35,20,71,15,16
36,94,45,15,5
37,31,41,15,22
38,56,80,15,6
self pickup customers
node_idx,x,y,service_time,demand,locker_idxs
39,46,5,15,20,67-73-65-69
40,91,14,15,26,63-69-65-71
41,86,31,15,5,63-71-68-65-67-69
42,41,55,15,1,64-66-71-74-72-68-70-65-69-67-73
43,16,89,15,2,64-66-72-74
44,39,35,15,21,72-73-70-74-67-69-68-65-71
45,100,26,15,5,71-63-65
46,36,61,15,12,67-64-68-70-72-74-66
47,69,50,15,12,66-72-74-70-68-71-67-73-69-65
48,76,90,15,17,66-74-68
49,1,40,15,26,74
50,15,91,15,12,64-72-66
51,75,14,15,2,63-73-69-65-67-71
52,55,10,15,2,63-71-69-73-65-67
53,99,91,15,10,72
54,25,86,15,11,64-66-74-72-70
55,40,96,15,25,64-66-74-72-70
56,40,49,15,17,69-73-65-67-71-68-70-72-74-66
flexible customers
node_idx,x,y,service_time,demand,locker_idxs
57,61,94,15,15,64-72-66-74-70-68
58,79,81,15,16,71-68-70-74-66
59,65,54,15,6,69-73-65-71-67-68-70-74-72-66
60,100,6,15,6,63
61,56,81,15,1,64-66-71-74-72-68-70
62,60,54,15,25,73-69-65-67-71-70-72-68-74-66
lockers
node_idx,x,y,service_time,capacity,cost_per_unit_good
63,93,12,10,87,100
64,22,88,10,83,100
65,60,26,10,72,100
66,51,78,10,83,100
67,47,35,10,87,100
68,55,56,10,93,100
69,57,17,10,85,100
70,47,58,10,83,100
71,78,45,10,92,100
72,35,70,10,88,100
73,46,17,10,77,100
74,51,68,10,93,100
mrt lines
start_node_idx,end_node_idx,freight_capacity,cost_per_unit_good
63,64,87,1
64,63,87,1
distance matrix
,0,1,2,3,4,5,6,7,8,9,10,11,12,13,14,15,16,17,18,19,20,21,22,23,24,25,26,27,28,29,30,31,32,33,34,35,36,37,38,39,40,41,42,43,44,45,46,47,48,49,50,51,52,53,54,55,56,57,58,59,60,61,62,63,64,65,66,67,68,69,70,71,72,73,74,
0,0.0,63.06,20.88,93.6,81.39,79.85,35.51,81.86,24.84,54.23,34.37,15.81,39.2,14.87,43.27,57.14,48.88,85.7,29.68,25.81,35.0,48.02,84.39,57.31,24.08,59.01,54.92,55.9,5.1,40.31,51.01,9.06,44.01,46.75,72.8,56.14,34.99,56.4,20.62,76.16,62.82,45.12,40.31,61.61,54.49,54.56,42.38,25.96,15.0,82.76,63.06,61.01,68.31,28.02,52.17,41.68,44.41,24.21,6.71,23.71,73.05,20.88,26.4,65.25,55.54,51.55,25.18,49.41,28.32,61.03,33.62,30.07,41.3,65.3,25.96
1,63.06,0.0,81.61,42.38,39.01,19.1,46.75,23.02,80.0,12.08,29.15,56.01,29.73,71.18,42.06,70.21,44.41,41.11,77.52,40.01,63.89,89.56,39.12,34.06,86.15,15.13,43.14,81.01,67.68,23.71,71.2,66.85,20.0,35.51,67.8,69.63,46.01,39.62,66.12,16.64,31.0,31.06,45.19,86.95,29.7,41.76,52.77,37.11,77.67,64.47,89.19,15.0,6.4,86.31,80.06,84.4,40.31,80.01,69.64,40.31,40.79,67.12,40.0,33.06,83.19,12.0,64.63,24.7,42.3,4.24,45.88,35.85,61.33,14.32,54.74
2,20.88,81.61,0.0,107.35,93.81,97.02,55.9,98.37,10.05,71.59,54.01,26.57,59.84,11.18,53.25,56.36,57.63,98.27,19.42,41.98,35.23,35.36,97.25,69.12,5.66,79.16,64.03,50.01,15.81,60.01,48.85,24.21,61.81,58.67,75.47,55.46,55.46,66.61,20.52,93.15,83.68,65.97,49.41,54.33,67.54,75.24,48.08,45.01,7.81,88.24,55.15,81.15,86.31,29.27,45.89,30.02,54.92,9.06,16.64,41.3,93.92,19.8,42.2,86.13,48.51,69.72,25.5,64.26,41.79,79.08,43.57,50.64,43.01,81.61,33.02
3,93.6,42.38,107.35,0.0,15.03,26.02,87.46,21.02,102.16,43.01,65.44,81.12,69.97,96.18,54.78,71.01,51.92,11.05,96.14,67.8,77.88,101.12,11.05,38.63,112.77,57.28,46.1,85.01,97.08,61.85,76.16,100.0,52.5,48.75,56.75,71.0,86.61,42.45,87.73,26.48,72.37,72.92,58.87,89.09,39.82,84.12,63.06,70.01,106.0,44.28,91.14,56.75,36.4,120.51,86.15,98.06,52.92,102.55,100.21,70.29,80.22,88.64,67.2,73.98,88.02,47.71,83.93,44.2,66.04,40.72,63.98,73.41,71.59,31.06,74.73
4,81.39,39.01,93.81,15.03,0.0,28.65,79.85,24.41,88.1,35.44,56.36,68.01,62.63,82.68,40.71,56.04,37.34,4.47,81.71,55.87,63.25,86.15,4.0,24.7,99.32,54.01,31.32,70.0,84.5,53.85,61.13,88.41,43.38,35.23,42.72,56.01,78.92,27.86,73.82,26.93,70.01,66.94,44.72,74.17,26.91,79.76,48.38,59.41,93.01,32.02,76.24,54.01,34.37,108.9,71.11,83.2,38.95,88.55,87.86,58.8,79.51,74.71,55.15,72.06,73.01,40.52,69.78,32.8,53.26,36.06,50.25,64.41,56.75,25.08,60.9
5,79.85,19.1,97.02,26.02,28.65,0.0,65.86,5.0,94.05,25.63,47.17,70.61,48.8,86.12,50.36,75.03,50.45,28.79,90.14,55.08,74.17,99.61,26.93,37.0,101.92,32.65,46.82,87.64,84.15,42.2,77.88,84.53,35.85,43.29,67.2,74.67,65.12,42.72,79.63,4.0,46.84,50.0,54.23,92.97,34.71,59.51,60.83,54.13,93.92,59.55,95.19,31.78,12.73,104.45,87.56,95.19,48.37,94.2,86.54,56.3,54.23,80.62,54.82,48.27,90.25,28.65,77.16,34.01,55.73,19.42,57.01,54.41,69.87,16.0,67.19
6,35.51,46.75,55.9,87.46,79.85,65.86,0.0,69.66,60.22,44.72,24.33,42.2,17.49,50.0,55.33,80.32,61.2,83.26,63.66,35.17,61.77,81.39,81.44,61.66,57.94,35.23,65.0,84.12,40.31,26.0,76.56,32.57,36.69,54.01,89.56,79.38,1.0,64.12,52.4,63.25,31.26,16.64,54.92,90.43,56.89,19.65,61.13,26.48,48.85,94.13,92.28,36.89,53.15,46.17,81.12,75.01,55.15,59.64,39.4,31.32,39.32,53.08,36.14,33.06,84.72,39.82,55.0,49.03,41.48,47.2,49.73,17.0,65.0,56.44,49.65
7,81.86,23.02,98.37,21.02,24.41,5.0,69.66,0.0,94.92,27.78,50.0,71.84,52.4,87.36,50.01,73.38,49.5,24.17,90.55,56.65,74.0,99.18,22.36,35.69,103.41,37.16,45.35,86.35,86.01,45.34,76.69,86.95,38.08,43.0,64.35,73.08,68.88,41.23,80.41,6.4,51.66,54.08,54.0,91.48,34.06,64.08,60.21,56.44,95.63,55.87,93.68,36.4,16.64,107.07,86.49,95.01,48.01,95.13,88.57,58.18,59.21,81.39,56.3,53.15,89.05,31.4,77.65,34.53,56.75,22.63,57.31,57.49,69.26,16.76,67.74
8,24.84,80.0,10.05,102.16,88.1,94.05,60.22,94.92,0.0,69.18,54.13,24.02,61.35,10.3,47.42,47.01,51.11,92.57,9.49,40.01,26.87,25.71,91.71,63.56,14.87,79.43,57.45,40.02,20.52,60.02,39.36,30.81,60.0,53.49,66.61,46.14,59.64,60.42,14.56,90.09,85.8,68.15,43.38,44.28,62.63,78.89,40.8,44.91,16.49,79.98,45.1,81.39,84.15,39.12,35.9,20.1,49.24,1.0,23.02,40.31,96.66,13.6,40.0,88.39,38.47,68.0,18.36,60.42,38.33,77.06,38.28,52.2,34.66,78.26,27.51
9,54.23,12.08,71.59,43.01,35.44,25.63,44.72,27.78,69.18,0.0,22.63,45.4,27.31,60.83,30.02,58.41,32.65,38.63,66.12,29.61,51.92,77.62,36.77,23.71,76.4,21.93,32.02,68.96,58.52,18.87,59.17,59.17,10.3,23.6,57.45,57.8,43.83,28.84,55.01,21.93,37.64,31.58,33.11,74.95,18.87,45.01,40.71,28.65,68.31,56.04,77.18,22.83,15.0,79.32,67.98,72.57,28.3,69.26,60.93,30.68,48.85,56.01,29.43,40.16,71.12,5.1,53.15,12.81,31.0,8.25,33.96,30.48,49.24,12.04,43.19
10,34.37,29.15,54.01,65.44,56.36,47.17,24.33,50.0,54.13,22.63,0.0,30.68,10.3,44.41,32.57,60.03,38.08,60.03,53.85,16.4,45.34,69.12,58.31,37.34,58.08,25.32,41.19,66.6,39.2,6.0,57.8,37.7,13.04,30.15,66.49,59.17,23.35,40.0,41.79,43.83,33.6,18.03,33.11,73.0,32.56,32.65,40.31,9.22,49.25,70.01,75.07,27.29,34.89,57.31,64.35,63.13,32.02,53.94,40.79,14.32,45.45,42.72,17.03,36.4,67.9,18.6,42.06,24.74,21.93,27.78,29.41,8.06,46.23,34.66,33.6
11,15.81,56.01,26.57,81.12,68.01,70.61,42.2,71.84,24.02,45.4,30.68,0.0,38.95,15.52,28.32,42.01,33.6,72.42,23.26,16.0,20.62,39.7,71.28,43.42,31.78,55.79,39.82,42.72,17.2,36.4,36.5,24.74,36.01,32.8,57.01,41.01,41.4,41.73,11.18,66.71,63.53,46.32,25.0,48.85,41.34,58.8,26.57,21.54,25.0,67.08,50.57,57.72,60.3,43.42,39.4,33.42,29.7,24.0,21.1,16.49,74.95,12.08,16.03,66.24,42.95,44.01,12.81,37.7,15.23,53.15,18.44,30.23,26.0,55.08,10.2
12,39.2,29.73,59.84,69.97,62.63,48.8,17.49,52.4,61.35,27.31,10.3,38.95,0.0,51.24,42.72,70.33,48.08,65.92,62.18,26.17,55.15,78.24,64.08,46.0,63.29,20.62,50.8,76.69,44.28,9.06,68.01,40.31,20.1,39.81,76.4,69.46,16.64,49.25,50.12,46.01,24.6,7.81,43.38,83.1,41.01,22.36,50.61,17.8,54.15,79.1,85.15,22.56,36.07,58.19,74.33,72.11,42.06,61.03,45.01,23.43,36.06,51.0,26.91,27.29,77.9,22.36,51.04,33.02,32.02,29.83,39.66,9.22,56.4,38.95,43.19
13,14.87,71.18,11.18,96.18,82.68,86.12,50.0,87.36,10.3,60.83,44.41,15.52,51.24,0.0,42.2,48.08,46.75,87.13,15.23,31.26,26.0,33.54,86.09,57.98,16.64,69.72,53.15,44.0,11.18,50.36,41.0,21.93,51.24,47.51,66.19,47.13,49.41,55.61,10.3,82.23,75.61,57.94,38.42,49.16,56.36,68.6,37.64,35.23,12.08,78.24,50.36,71.7,75.66,34.53,40.01,27.31,43.83,9.85,14.56,31.0,86.41,9.85,31.4,78.19,43.1,59.21,15.65,53.14,30.68,68.47,32.45,42.06,33.54,70.6,22.02
14,43.27,42.06,53.25,54.78,40.71,50.36,55.33,50.01,47.42,30.02,32.57,28.32,42.72,42.2,0.0,29.0,6.08,45.18,41.48,21.21,24.02,49.25,44.28,16.16,58.82,49.5,11.66,38.95,45.45,34.89,29.15,51.48,26.25,7.07,34.23,28.28,54.33,13.45,33.12,46.39,63.01,50.16,4.12,44.94,16.03,65.0,10.77,29.02,53.08,40.52,47.17,50.93,43.66,71.28,38.08,45.0,2.0,47.85,49.2,25.18,75.0,34.0,20.22,65.8,41.15,32.02,29.15,17.46,15.81,38.01,9.9,38.47,19.65,34.53,20.25
15,57.14,70.21,56.36,71.01,56.04,75.03,80.32,73.38,47.01,58.41,60.03,42.01,70.33,48.08,29.0,0.0,25.81,60.0,37.74,45.31,22.36,33.12,60.03,38.08,61.72,78.49,28.23,14.14,56.72,63.25,7.81,66.19,55.23,34.83,20.62,1.0,79.38,32.31,38.08,71.31,91.83,78.03,27.2,18.25,41.18,92.66,19.72,54.23,60.08,35.85,20.4,79.91,70.83,82.46,16.16,32.65,30.41,47.89,60.83,49.04,103.86,38.33,44.38,94.64,17.26,60.88,32.76,45.61,39.0,66.03,30.87,64.47,16.03,60.37,32.14
16,48.88,44.41,57.63,51.92,37.34,50.45,61.2,49.5,51.11,32.65,38.08,33.6,48.08,46.75,6.08,25.81,0.0,41.79,44.38,27.29,25.96,50.01,41.11,14.0,63.25,53.26,6.4,37.34,50.8,39.92,27.51,57.25,30.53,9.22,28.44,25.24,60.21,9.49,37.2,46.57,67.42,55.36,8.6,42.95,15.81,70.23,11.18,35.0,58.0,34.48,45.19,54.56,45.18,76.85,37.11,46.39,6.08,51.62,54.64,31.26,79.32,38.01,26.31,70.18,39.85,35.38,32.76,19.85,21.84,40.22,15.26,44.28,20.02,35.11,24.76
17,85.7,41.11,98.27,11.05,4.47,28.79,83.26,24.17,92.57,38.63,60.03,72.42,65.92,87.13,45.18,60.0,41.79,0.0,86.16,60.11,67.68,90.43,2.0,29.15,103.77,56.22,35.74,74.03,88.87,57.27,65.28,92.63,47.01,39.66,45.88,60.01,82.35,32.31,78.29,27.66,72.06,69.92,49.19,78.06,31.24,82.38,52.81,63.41,97.42,34.13,80.1,56.08,36.01,113.14,75.24,87.56,43.42,93.02,92.2,62.97,81.15,79.18,59.41,74.01,77.06,43.66,74.25,36.88,57.63,38.47,54.71,68.1,61.13,27.66,65.37
18,29.68,77.52,19.42,96.14,81.71,90.14,63.66,90.55,9.49,66.12,53.85,23.26,62.18,15.23,41.48,37.74,44.38,86.16,0.0,38.33,18.87,18.36,85.44,57.57,24.35,78.75,50.57,30.59,26.4,59.46,30.02,37.16,57.71,48.05,57.63,36.89,62.97,53.85,12.08,86.15,86.77,69.46,37.36,35.06,57.27,81.4,33.54,44.78,25.02,71.42,36.0,80.65,81.1,48.0,26.48,12.08,43.42,10.44,29.73,39.56,98.11,11.18,38.08,89.47,29.15,65.62,13.0,56.14,35.23,74.24,33.24,53.34,26.4,74.17,23.0
19,25.81,40.01,41.98,67.8,55.87,55.08,35.17,56.65,40.01,29.61,16.4,16.0,26.17,31.26,21.21,45.31,27.29,60.11,38.33,0.0,29.0,52.84,58.73,32.45,46.84,40.5,32.28,50.61,29.53,21.47,42.19,32.56,20.02,22.36,55.01,44.38,34.21,32.7,26.48,51.24,50.0,33.97,20.02,57.01,29.07,48.01,25.96,8.94,39.0,61.61,59.03,42.38,44.41,53.04,48.17,46.96,21.59,40.0,32.45,4.0,61.85,27.46,1.0,52.8,51.74,28.02,26.0,23.6,6.32,37.22,14.56,19.24,30.53,39.92,17.2
20,35.0,63.89,35.23,77.88,63.25,74.17,61.77,74.0,26.87,51.92,45.34,20.62,55.15,26.0,24.02,22.36,25.96,67.68,18.87,29.0,0.0,25.71,67.05,39.62,40.8,68.1,31.95,22.36,34.37,50.0,16.03,44.01,45.19,31.0,40.31,21.38,60.9,35.44,15.81,70.18,78.87,62.94,20.0,28.65,40.05,76.69,14.87,37.54,38.08,53.15,30.53,69.84,66.49,60.17,19.42,21.02,26.02,27.59,38.47,31.89,90.79,16.16,28.32,81.69,23.02,52.55,10.44,40.45,23.6,60.17,18.03,47.63,7.81,58.22,12.21
21,48.02,89.56,35.36,101.12,86.15,99.61,81.39,99.18,25.71,77.62,69.12,39.7,78.24,33.54,49.25,33.12,50.01,90.43,18.36,52.84,25.71,0.0,90.09,64.01,39.01,93.04,55.23,20.52,44.72,74.3,26.0,55.46,70.58,56.32,53.54,32.65,80.66,59.14,29.0,95.63,102.63,85.8,45.4,21.95,65.12,98.49,39.01,60.46,42.2,68.96,21.93,94.85,92.2,64.63,17.2,6.4,51.24,26.68,47.93,54.92,114.28,28.32,52.35,105.39,17.69,78.11,27.2,66.1,48.33,85.87,43.68,69.81,30.0,83.73,35.78
22,84.39,39.12,97.25,11.05,4.0,26.93,81.44,22.36,91.71,36.77,58.31,71.28,64.08,86.09,44.28,60.03,41.11,2.0,85.44,58.73,67.05,90.09,0.0,28.18,102.73,54.23,35.17,74.0,87.62,55.46,65.12,91.22,45.28,38.59,46.49,60.01,80.53,31.62,77.37,25.71,70.06,68.01,48.33,78.16,30.0,80.41,52.2,61.85,96.26,35.23,80.22,54.08,34.01,111.73,75.11,87.1,42.49,92.14,90.91,61.52,79.16,78.26,58.05,72.01,77.01,41.79,73.41,35.38,56.4,36.5,53.71,66.37,60.64,25.71,64.41
23,57.31,34.06,69.12,38.63,24.7,37.0,61.66,35.69,63.56,23.71,37.34,43.42,46.0,57.98,16.16,38.08,14.0,29.15,57.57,32.45,39.62,64.01,28.18,0.0,74.63,45.62,9.85,50.7,60.14,37.01,41.0,64.82,26.08,10.63,33.84,37.7,60.67,5.83,49.19,33.24,61.1,52.24,20.25,55.97,5.1,66.75,25.08,37.7,68.41,33.24,58.19,46.53,33.42,85.15,50.8,60.3,14.32,63.98,63.64,35.85,72.5,50.09,31.62,63.69,53.37,27.86,45.31,13.04,29.0,29.83,25.55,44.91,34.01,22.47,36.24
24,24.08,86.15,5.66,112.77,99.32,101.92,57.94,103.41,14.87,76.4,58.08,31.78,63.29,16.64,58.82,61.72,63.25,103.77,24.35,46.84,40.8,39.01,102.73,74.63,0.0,83.01,69.66,54.82,19.03,64.07,54.13,25.5,66.49,64.14,80.99,60.83,57.58,72.2,26.17,98.08,86.68,69.05,55.0,58.86,72.95,77.49,53.74,49.25,9.22,93.86,59.54,85.01,91.01,26.25,50.7,34.13,60.46,13.93,18.68,45.89,96.57,25.46,47.13,89.05,53.15,74.33,31.14,69.46,47.01,83.74,49.09,54.15,48.6,86.65,38.6
25,59.01,15.13,79.16,57.28,54.01,32.65,35.23,37.16,79.43,21.93,25.32,55.79,20.62,69.72,49.5,78.49,53.26,56.22,78.75,40.5,68.1,93.04,54.23,45.62,83.01,0.0,53.54,87.62,64.0,19.42,78.1,60.83,23.43,44.05,79.26,77.78,34.67,50.61,66.76,31.02,16.12,18.6,51.74,93.86,40.71,26.93,59.55,34.53,74.01,77.79,96.05,2.0,20.88,78.75,86.02,87.32,48.1,79.25,65.12,39.29,26.93,67.72,40.85,18.44,89.4,18.03,66.48,33.84,44.72,18.03,50.48,29.15,67.2,29.02,57.27
26,54.92,43.14,64.03,46.1,31.32,46.82,65.0,45.35,57.45,32.02,41.19,39.82,50.8,53.15,11.66,28.23,6.4,35.74,50.57,32.28,31.95,55.23,35.17,9.85,69.66,53.54,0.0,41.0,57.01,42.2,31.4,63.13,31.95,11.05,26.0,27.86,64.0,4.12,43.6,43.08,68.43,57.72,14.87,46.17,13.45,72.53,17.09,39.32,64.35,29.43,48.38,54.64,43.01,82.93,41.3,51.97,10.77,57.98,60.8,36.14,80.13,44.41,31.32,71.12,43.74,35.51,39.12,19.72,27.31,38.9,21.4,48.0,25.5,32.25,31.14
27,55.9,81.01,50.01,85.01,70.0,87.64,84.12,86.35,40.02,68.96,66.6,42.72,76.69,44.0,38.95,14.14,37.34,74.03,30.59,50.61,22.36,20.52,74.0,50.7,54.82,87.62,41.0,0.0,54.23,70.71,9.85,64.63,64.2,45.62,33.54,14.04,83.24,45.12,35.36,83.82,99.7,84.5,36.06,6.4,53.14,98.6,28.3,59.41,55.23,49.24,8.49,89.2,82.35,78.23,4.12,21.95,40.71,41.0,58.14,53.82,111.72,35.23,49.82,102.53,3.16,70.72,30.81,56.36,44.69,76.94,37.48,69.63,20.52,72.45,34.48
28,5.1,67.68,15.81,97.08,84.5,84.15,40.31,86.01,20.52,58.52,39.2,17.2,44.28,11.18,45.45,56.72,50.8,88.87,26.4,29.53,34.37,44.72,87.62,60.14,19.03,64.0,57.01,54.23,0.0,45.18,50.16,10.77,48.38,49.52,73.39,55.73,39.82,58.8,19.0,80.41,67.91,50.22,42.2,59.68,57.63,59.51,43.38,30.59,10.05,84.12,61.0,66.0,72.8,26.4,50.36,38.48,46.75,19.8,4.12,27.86,78.11,19.03,30.02,70.34,53.6,56.04,24.08,53.0,31.24,65.52,35.61,35.13,41.23,69.35,26.83
29,40.31,23.71,60.01,61.85,53.85,42.2,26.0,45.34,60.02,18.87,6.0,36.4,9.06,50.36,34.89,63.25,39.92,57.27,59.46,21.47,50.0,74.3,55.46,37.01,64.07,19.42,42.2,70.71,45.18,0.0,61.62,43.32,11.05,31.32,68.01,62.43,25.08,40.45,47.43,39.05,29.0,15.52,36.06,77.08,32.0,30.36,43.6,15.13,55.23,70.18,79.2,21.38,29.68,62.61,68.68,68.43,34.01,59.84,46.69,19.92,41.01,48.38,21.95,31.83,72.18,14.21,47.42,24.0,26.4,22.8,33.24,12.21,50.21,30.81,38.59
30,51.01,71.2,48.85,76.16,61.13,77.88,76.56,76.69,39.36,59.17,57.8,36.5,68.01,41.0,29.15,7.81,27.51,65.28,30.02,42.19,16.03,26.0,65.12,41.0,54.13,78.1,31.4,9.85,50.16,61.62,0.0,60.0,54.67,35.78,28.32,7.07,75.64,35.51,31.26,74.04,90.55,75.8,26.4,15.81,43.32,90.14,18.6,51.11,52.89,43.27,18.03,79.65,72.5,75.5,10.0,25.0,30.89,40.25,54.23,45.65,102.59,31.4,41.34,93.38,12.37,61.03,26.08,46.53,36.06,67.12,28.43,61.4,11.66,62.63,27.2
31,9.06,66.85,24.21,100.0,88.41,84.53,32.57,86.95,30.81,59.17,37.7,24.74,40.31,21.93,51.48,66.19,57.25,92.63,37.16,32.56,44.01,55.46,91.22,64.82,25.5,60.83,63.13,64.63,10.77,43.32,60.0,0.0,48.88,54.41,81.74,65.19,32.28,64.35,29.27,81.01,62.29,45.01,48.75,70.21,61.62,52.2,51.24,30.53,16.64,91.39,71.59,62.8,72.5,20.52,60.83,49.24,52.48,30.0,7.81,29.73,71.59,29.43,33.3,64.5,64.13,55.9,34.06,55.9,36.06,65.31,42.05,31.78,50.36,70.72,34.93
32,44.01,20.0,61.81,52.5,43.38,35.85,36.69,38.08,60.0,10.3,13.04,36.01,20.1,51.24,26.25,55.23,30.53,47.01,57.71,20.02,45.19,70.58,45.28,26.08,66.49,23.43,31.95,64.2,48.38,11.05,54.67,48.88,0.0,21.47,57.94,54.49,35.74,29.83,46.17,32.2,36.89,26.17,28.32,70.43,21.02,40.79,36.12,18.36,58.24,59.3,72.62,25.0,24.52,69.07,62.68,65.15,25.0,60.01,50.7,20.62,48.83,47.17,20.0,39.66,66.03,8.0,44.91,13.04,22.56,17.26,27.29,21.1,43.83,22.02,35.17
33,46.75,35.51,58.67,48.75,35.23,43.29,54.01,43.0,53.49,23.6,30.15,32.8,39.81,47.51,7.07,34.83,9.22,39.66,48.05,22.36,31.0,56.32,38.59,10.63,64.14,44.05,11.05,45.62,49.52,31.32,35.78,54.41,21.47,0.0,36.69,34.21,53.01,10.44,39.0,39.32,58.31,46.84,11.0,51.48,9.22,61.68,17.72,28.64,57.8,40.2,53.71,45.34,36.77,74.65,44.94,52.01,5.1,53.85,53.04,26.0,70.18,39.92,21.47,61.06,47.93,26.17,35.44,10.82,18.44,31.38,15.23,37.01,26.68,27.46,26.0
34,72.8,67.8,75.47,56.75,42.72,67.2,89.56,64.35,66.61,57.45,66.49,57.01,76.4,66.19,34.23,20.62,28.44,45.88,57.63,55.01,40.31,53.54,46.49,33.84,80.99,79.26,26.0,33.54,73.39,68.01,28.32,81.74,57.94,36.69,0.0,21.26,88.57,28.65,55.9,64.03,94.37,83.52,35.0,35.44,38.59,98.37,30.59,63.2,78.26,15.81,37.11,80.26,66.53,99.72,36.36,53.26,34.53,67.42,77.49,59.01,106.0,56.36,54.01,97.05,36.67,61.29,50.54,45.62,49.01,63.6,41.11,72.69,32.65,55.17,46.84
35,56.14,69.63,55.46,71.0,56.01,74.67,79.38,73.08,46.14,57.8,59.17,41.01,69.46,47.13,28.28,1.0,25.24,60.01,36.89,44.38,21.38,32.65,60.01,37.7,60.83,77.78,27.86,14.04,55.73,62.43,7.07,65.19,54.49,34.21,21.26,0.0,78.43,31.95,37.11,70.94,91.05,77.18,26.4,18.44,40.71,91.79,18.87,53.31,59.14,36.36,20.62,79.21,70.33,81.49,15.81,32.02,29.73,47.01,59.84,48.1,103.08,37.36,43.46,93.86,17.12,60.21,31.78,45.0,38.08,65.46,29.97,63.56,15.03,59.93,31.14
36,34.99,46.01,55.46,86.61,78.92,65.12,1.0,68.88,59.64,43.83,23.35,41.4,16.64,49.41,54.33,79.38,60.21,82.35,62.97,34.21,60.9,80.66,80.53,60.67,57.58,34.67,64.0,83.24,39.82,25.08,75.64,32.28,35.74,53.01,88.57,78.43,0.0,63.13,51.66,62.48,31.14,16.12,53.94,89.55,55.9,19.92,60.17,25.5,48.47,93.13,91.42,36.36,52.4,46.27,80.26,74.28,54.15,59.08,39.0,30.36,39.46,52.35,35.17,33.02,83.86,38.95,54.2,48.05,40.52,46.4,48.76,16.0,64.08,55.57,48.76
37,56.4,39.62,66.61,42.45,27.86,42.72,64.12,41.23,60.42,28.84,40.0,41.73,49.25,55.61,13.45,32.31,9.49,32.31,53.85,32.7,35.44,59.14,31.62,5.83,72.2,50.61,4.12,45.12,58.8,40.45,35.51,64.35,29.83,10.44,28.65,31.95,63.13,0.0,46.32,39.0,65.8,55.9,17.2,50.29,10.0,70.61,20.62,39.05,66.53,30.02,52.5,51.62,39.2,84.4,45.4,55.73,12.04,60.9,62.48,36.4,77.37,47.17,31.78,68.45,47.85,32.65,42.06,17.09,28.3,35.38,23.35,47.17,29.27,28.3,33.6
38,20.62,66.12,20.52,87.73,73.82,79.63,52.4,80.41,14.56,55.01,41.79,11.18,50.12,10.3,33.12,38.08,37.2,78.29,12.08,26.48,15.81,29.0,77.37,49.19,26.17,66.76,43.6,35.36,19.0,47.43,31.26,29.27,46.17,39.0,55.9,37.11,51.66,46.32,0.0,75.66,74.71,57.45,29.15,41.0,48.1,69.66,27.59,32.7,22.36,68.01,42.45,68.68,70.01,44.38,31.58,22.63,34.89,14.87,23.02,27.51,86.09,1.0,26.31,77.41,34.93,54.15,5.39,45.89,24.02,63.01,23.77,41.34,23.26,63.79,13.0
39,76.16,16.64,93.15,26.48,26.93,4.0,63.25,6.4,90.09,21.93,43.83,66.71,46.01,82.23,46.39,71.31,46.57,27.66,86.15,51.24,70.18,95.63,25.71,33.24,98.08,31.02,43.08,83.82,80.41,39.05,74.04,81.01,32.2,39.32,64.03,70.94,62.48,39.0,75.66,0.0,45.89,47.71,50.25,89.2,30.81,57.94,56.89,50.54,90.14,57.01,91.42,30.36,10.3,101.02,83.68,91.2,44.41,90.26,82.86,52.55,54.01,76.66,50.96,47.52,86.4,25.24,73.17,30.02,51.79,16.28,53.01,51.22,65.92,12.0,63.2
40,62.82,31.0,83.68,72.37,70.01,46.84,31.26,51.66,85.8,37.64,33.6,63.53,24.6,75.61,63.01,91.83,67.42,72.06,86.77,50.0,78.87,102.63,70.06,61.1,86.68,16.12,68.43,99.7,67.91,29.0,90.55,62.29,36.89,58.31,94.37,91.05,31.14,65.8,74.71,45.89,0.0,17.72,64.66,106.07,56.08,15.0,72.35,42.19,77.47,93.68,108.19,16.0,36.22,77.41,97.67,96.57,61.85,85.44,68.07,47.71,12.04,75.59,50.61,2.83,101.18,33.24,75.47,48.75,55.32,34.13,62.23,33.62,79.2,45.1,67.2
41,45.12,31.06,65.97,72.92,66.94,50.0,16.64,54.08,68.15,31.58,18.03,46.32,7.81,57.94,50.16,78.03,55.36,69.92,69.46,33.97,62.94,85.8,68.01,52.24,69.05,18.6,57.72,84.5,50.22,15.52,75.8,45.01,26.17,46.84,83.52,77.18,16.12,55.9,57.45,47.71,17.72,0.0,51.0,90.91,47.17,14.87,58.31,25.5,59.84,85.48,92.96,20.25,37.44,61.39,82.13,79.63,49.4,67.78,50.49,31.14,28.65,58.31,34.71,20.25,85.7,26.48,58.6,39.2,39.82,32.2,47.43,16.12,64.2,42.38,50.93
42,40.31,45.19,49.41,58.87,44.72,54.23,54.92,54.0,43.38,33.11,33.11,25.0,43.38,38.42,4.12,27.2,8.6,49.19,37.36,20.02,20.0,45.4,48.33,20.25,55.0,51.74,14.87,36.06,42.2,36.06,26.4,48.75,28.32,11.0,35.0,26.4,53.94,17.2,29.15,50.25,64.66,51.0,0.0,42.2,20.1,65.74,7.81,28.44,49.5,42.72,44.41,53.26,47.13,68.26,34.89,41.01,6.08,43.83,46.04,24.02,76.69,30.02,19.03,67.48,38.08,34.67,25.08,20.88,14.04,41.23,6.71,38.33,16.16,38.33,16.4
43,61.61,86.95,54.33,89.09,74.17,92.97,90.43,91.48,44.28,74.95,73.0,48.85,83.1,49.16,44.94,18.25,42.95,78.06,35.06,57.01,28.65,21.95,78.16,55.97,58.86,93.86,46.17,6.4,59.68,77.08,15.81,70.21,70.43,51.48,35.44,18.44,89.55,50.29,41.0,89.2,106.07,90.91,42.2,0.0,58.69,105.0,34.41,65.8,60.01,51.24,2.24,95.43,88.1,83.02,9.49,25.0,46.65,45.28,63.51,60.22,118.09,40.79,56.22,108.89,6.08,76.84,36.69,62.27,51.09,82.86,43.84,76.03,26.87,78.0,40.82
44,54.49,29.7,67.54,39.82,26.91,34.71,56.89,34.06,62.63,18.87,32.56,41.34,41.01,56.36,16.03,41.18,15.81,31.24,57.27,29.07,40.05,65.12,30.0,5.1,72.95,40.71,13.45,53.14,57.63,32.0,43.32,61.62,21.02,9.22,38.59,40.71,55.9,10.0,48.1,30.81,56.08,47.17,20.1,58.69,0.0,61.66,26.17,33.54,66.29,38.33,60.93,41.68,29.68,82.07,52.89,61.01,14.04,62.97,60.96,32.2,67.54,49.04,28.32,58.69,55.66,22.85,44.64,8.0,26.4,25.46,24.35,40.26,35.23,19.31,35.11
45,54.56,41.76,75.24,84.12,79.76,59.51,19.65,64.08,78.89,45.01,32.65,58.8,22.36,68.6,65.0,92.66,70.23,82.38,81.4,48.01,76.69,98.49,80.41,66.75,77.49,26.93,72.53,98.6,59.51,30.36,90.14,52.2,40.79,61.68,98.37,91.79,19.92,70.61,69.66,57.94,15.0,14.87,65.74,105.0,61.66,0.0,72.95,39.2,68.35,99.98,107.0,27.73,47.76,65.01,96.05,92.2,64.26,78.39,58.87,44.82,20.0,70.43,48.83,15.65,99.64,40.0,71.45,53.76,54.08,43.93,61.91,29.07,78.49,54.74,64.54
46,42.38,52.77,48.08,63.06,48.38,60.83,61.13,60.21,40.8,40.71,40.31,26.57,50.61,37.64,10.77,19.72,11.18,52.81,33.54,25.96,14.87,39.01,52.2,25.08,53.74,59.55,17.09,28.3,43.38,43.6,18.6,51.24,36.12,17.72,30.59,18.87,60.17,20.62,27.59,56.89,72.35,58.31,7.81,34.41,26.17,72.95,0.0,34.79,49.41,40.82,36.62,61.07,54.42,69.78,27.31,35.23,12.65,41.4,47.42,29.83,84.39,28.28,25.0,75.17,30.41,42.44,22.67,28.23,19.65,48.75,11.4,44.94,9.06,45.12,16.55
47,25.96,37.11,45.01,70.01,59.41,54.13,26.48,56.44,44.91,28.65,9.22,21.54,17.8,35.23,29.02,54.23,35.0,63.41,44.78,8.94,37.54,60.46,61.85,37.7,49.25,34.53,39.32,59.41,30.59,15.13,51.11,30.53,18.36,28.64,63.2,53.31,25.5,39.05,32.7,50.54,42.19,25.5,28.44,65.8,33.54,39.2,34.79,0.0,40.61,68.73,67.8,36.5,42.38,50.8,56.85,54.38,29.02,44.72,32.57,5.66,53.82,33.62,9.85,44.94,60.44,25.63,33.29,26.63,15.23,35.11,23.41,10.3,39.45,40.22,25.46
48,15.0,77.67,7.81,106.0,93.01,93.92,48.85,95.63,16.49,68.31,49.25,25.0,54.15,12.08,53.08,60.08,58.0,97.42,25.02,39.0,38.08,42.2,96.26,68.41,9.22,74.01,64.35,55.23,10.05,55.23,52.89,16.64,58.24,57.8,78.26,59.14,48.47,66.53,22.36,90.14,77.47,59.84,49.5,60.01,66.29,68.35,49.41,40.61,0.0,90.14,61.01,76.01,82.71,23.02,51.16,36.5,54.56,15.52,9.49,37.64,87.36,21.93,39.4,79.83,54.04,65.97,27.73,62.18,39.96,75.43,43.19,45.04,45.62,78.92,33.3
49,82.76,64.47,88.24,44.28,32.02,59.55,94.13,55.87,79.98,56.04,70.01,67.08,79.1,78.24,40.52,35.85,34.48,34.13,71.42,61.61,53.15,68.96,35.23,33.24,93.86,77.79,29.43,49.24,84.12,70.18,43.27,91.39,59.3,40.2,15.81,36.36,93.13,30.02,68.01,57.01,93.68,85.48,42.72,51.24,38.33,99.98,40.82,68.73,90.14,0.0,52.89,78.43,61.77,110.48,51.88,68.24,40.02,80.72,88.12,65.51,104.68,68.6,60.64,96.17,52.39,60.64,62.8,46.27,56.32,60.54,49.4,77.16,45.34,50.54,57.31
50,63.06,89.19,55.15,91.14,76.24,95.19,92.28,93.68,45.1,77.18,75.07,50.57,85.15,50.36,47.17,20.4,45.19,80.1,36.0,59.03,30.53,21.93,80.22,58.19,59.54,96.05,48.38,8.49,61.0,79.2,18.03,71.59,72.62,53.71,37.11,20.62,91.42,52.5,42.45,91.42,108.19,92.96,44.41,2.24,60.93,107.0,36.62,67.8,61.01,52.89,0.0,97.62,90.34,84.0,11.18,25.5,48.88,46.1,64.78,62.2,120.21,42.2,58.26,111.02,7.62,79.06,38.28,64.5,53.15,85.09,45.97,78.01,29.0,80.23,42.72
51,61.01,15.0,81.15,56.75,54.01,31.78,36.89,36.4,81.39,22.83,27.29,57.72,22.56,71.7,50.93,79.91,54.56,56.08,80.65,42.38,69.84,94.85,54.08,46.53,85.01,2.0,54.64,89.2,66.0,21.38,79.65,62.8,25.0,45.34,80.26,79.21,36.36,51.62,68.68,30.36,16.0,20.25,53.26,95.43,41.68,27.73,61.07,36.5,76.01,78.43,97.62,0.0,20.4,80.65,87.66,89.16,49.5,81.22,67.12,41.23,26.25,69.64,42.72,18.11,91.02,19.21,68.35,35.0,46.52,18.25,52.15,31.14,68.82,29.15,59.09
52,68.31,6.4,86.31,36.4,34.37,12.73,53.15,16.64,84.15,15.0,34.89,60.3,36.07,75.66,43.66,70.83,45.18,36.01,81.1,44.41,66.49,92.2,34.01,33.42,91.01,20.88,43.01,82.35,72.8,29.68,72.5,72.5,24.52,36.77,66.53,70.33,52.4,39.2,70.01,10.3,36.22,37.44,47.13,88.1,29.68,47.76,54.42,42.38,82.71,61.77,90.34,20.4,0.0,92.18,81.71,87.3,41.79,84.21,74.95,45.12,45.18,71.01,44.28,38.05,84.69,16.76,68.12,26.25,46.0,7.28,48.66,41.88,63.25,11.4,58.14
53,28.02,86.31,29.27,120.51,108.9,104.45,46.17,107.07,39.12,79.32,57.31,43.42,58.19,34.53,71.28,82.46,76.85,113.14,48.0,53.04,60.17,64.63,111.73,85.15,26.25,78.75,82.93,78.23,26.4,62.61,75.5,20.52,69.07,74.65,99.72,81.49,46.27,84.4,44.38,101.02,77.41,61.39,68.26,83.02,82.07,65.01,69.78,50.8,23.02,110.48,84.0,80.65,92.18,0.0,74.17,59.21,72.42,38.12,22.36,50.25,85.01,44.15,53.76,79.23,77.06,75.8,49.73,76.42,56.22,85.09,61.59,50.57,67.36,91.02,53.23
54,52.17,80.06,45.89,86.15,71.11,87.56,81.12,86.49,35.9,67.98,64.35,39.4,74.33,40.01,38.08,16.16,37.11,75.24,26.48,48.17,19.42,17.2,75.11,50.8,50.7,86.02,41.3,4.12,50.36,68.68,10.0,60.83,62.68,44.94,36.36,15.81,80.26,45.4,31.58,83.68,97.67,82.13,34.89,9.49,52.89,96.05,27.31,56.85,51.16,51.88,11.18,87.66,81.71,74.17,0.0,18.03,39.92,36.88,54.23,51.22,109.66,31.4,47.42,100.5,3.61,69.46,27.2,55.54,42.43,76.06,35.61,67.01,18.87,72.12,31.62
55,41.68,84.4,30.02,98.06,83.2,95.19,75.01,95.01,20.1,72.57,63.13,33.42,72.11,27.31,45.0,32.65,46.39,87.56,12.08,46.96,21.02,6.4,87.1,60.3,34.13,87.32,51.97,21.95,38.48,68.43,25.0,49.24,65.15,52.01,53.26,32.02,74.28,55.73,22.63,91.2,96.57,79.63,41.01,25.0,61.01,92.2,35.23,54.38,36.5,68.24,25.5,89.16,87.3,59.21,18.03,0.0,47.0,21.1,41.79,48.88,108.17,21.93,46.52,99.32,19.7,72.8,21.1,61.4,42.72,80.81,38.64,63.6,26.48,79.23,30.08
56,44.41,40.31,54.92,52.92,38.95,48.37,55.15,48.01,49.24,28.3,32.02,29.7,42.06,43.83,2.0,30.41,6.08,43.42,43.42,21.59,26.02,51.24,42.49,14.32,60.46,48.1,10.77,40.71,46.75,34.01,30.89,52.48,25.0,5.1,34.53,29.73,54.15,12.04,34.89,44.41,61.85,49.4,6.08,46.65,14.04,64.26,12.65,29.02,54.56,40.02,48.88,49.5,41.79,72.42,39.92,47.0,0.0,49.66,50.45,25.5,73.82,35.78,20.62,64.64,42.95,30.48,31.02,15.65,16.55,36.24,11.4,38.21,21.59,32.56,21.95
57,24.21,80.01,9.06,102.55,88.55,94.2,59.64,95.13,1.0,69.26,53.94,24.0,61.03,9.85,47.85,47.89,51.62,93.02,10.44,40.0,27.59,26.68,92.14,63.98,13.93,79.25,57.98,41.0,19.8,59.84,40.25,30.0,60.01,53.85,67.42,47.01,59.08,60.9,14.87,90.26,85.44,67.78,43.83,45.28,62.97,78.39,41.4,44.72,15.52,80.72,46.1,81.22,84.21,38.12,36.88,21.1,49.66,0.0,22.2,40.2,96.25,13.93,40.01,88.02,39.46,68.01,18.87,60.64,38.47,77.1,38.63,51.87,35.38,78.45,27.86
58,6.71,69.64,16.64,100.21,87.86,86.54,39.4,88.57,23.02,60.93,40.79,21.1,45.01,14.56,49.2,60.83,54.64,92.2,29.73,32.45,38.47,47.93,90.91,63.64,18.68,65.12,60.8,58.14,4.12,46.69,54.23,7.81,50.7,53.04,77.49,59.84,39.0,62.48,23.02,82.86,68.07,50.49,46.04,63.51,60.96,58.87,47.42,32.57,9.49,88.12,64.78,67.12,74.95,22.36,54.23,41.79,50.45,22.2,0.0,30.41,77.88,23.0,33.02,70.41,57.43,58.19,28.16,56.04,34.66,67.68,39.41,36.01,45.35,72.01,30.87
59,23.71,40.31,41.3,70.29,58.8,56.3,31.32,58.18,40.31,30.68,14.32,16.49,23.43,31.0,25.18,49.04,31.26,62.97,39.56,4.0,31.89,54.92,61.52,35.85,45.89,39.29,36.14,53.82,27.86,19.92,45.65,29.73,20.62,26.0,59.01,48.1,30.36,36.4,27.51,52.55,47.71,31.14,24.02,60.22,32.2,44.82,29.83,5.66,37.64,65.51,62.2,41.23,45.12,50.25,51.22,48.88,25.5,40.2,30.41,0.0,59.41,28.46,5.0,50.48,54.82,28.44,27.78,26.17,10.2,37.85,18.44,15.81,34.0,41.59,19.8
60,73.05,40.79,93.92,80.22,79.51,54.23,39.32,59.21,96.66,48.85,45.45,74.95,36.06,86.41,75.0,103.86,79.32,81.15,98.11,61.85,90.79,114.28,79.16,72.5,96.57,26.93,80.13,111.72,78.11,41.01,102.59,71.59,48.83,70.18,106.0,103.08,39.46,77.37,86.09,54.01,12.04,28.65,76.69,118.09,67.54,20.0,84.39,53.82,87.36,104.68,120.21,26.25,45.18,85.01,109.66,108.17,73.82,96.25,77.88,59.41,0.0,86.95,62.48,9.22,113.17,44.72,87.09,60.42,67.27,44.38,74.25,44.78,91.22,55.11,79.03
61,20.88,67.12,19.8,88.64,74.71,80.62,53.08,81.39,13.6,56.01,42.72,12.08,51.0,9.85,34.0,38.33,38.01,79.18,11.18,27.46,16.16,28.32,78.26,50.09,25.46,67.72,44.41,35.23,19.03,48.38,31.4,29.43,47.17,39.92,56.36,37.36,52.35,47.17,1.0,76.66,75.59,58.31,30.02,40.79,49.04,70.43,28.28,33.62,21.93,68.6,42.2,69.64,71.01,44.15,31.4,21.93,35.78,13.93,23.0,28.46,86.95,0.0,27.29,78.29,34.71,55.15,5.83,46.87,25.02,64.01,24.7,42.19,23.71,64.78,13.93
62,26.4,40.0,42.2,67.2,55.15,54.82,36.14,56.3,40.0,29.43,17.03,16.03,26.91,31.4,20.22,44.38,26.31,59.41,38.08,1.0,28.32,52.35,58.05,31.62,47.13,40.85,31.32,49.82,30.02,21.95,41.34,33.3,20.0,21.47,54.01,43.46,35.17,31.78,26.31,50.96,50.61,34.71,19.03,56.22,28.32,48.83,25.0,9.85,39.4,60.64,58.26,42.72,44.28,53.76,47.42,46.52,20.62,40.01,33.02,5.0,62.48,27.29,0.0,53.41,50.99,28.0,25.63,23.02,5.39,37.12,13.6,20.12,29.68,39.56,16.64
63,65.25,33.06,86.13,73.98,72.06,48.27,33.06,53.15,88.39,40.16,36.4,66.24,27.29,78.19,65.8,94.64,70.18,74.01,89.47,52.8,81.69,105.39,72.01,63.69,89.05,18.44,71.12,102.53,70.34,31.83,93.38,64.5,39.66,61.06,97.05,93.86,33.02,68.45,77.41,47.52,2.83,20.25,67.48,108.89,58.69,15.65,75.17,44.94,79.83,96.17,111.02,18.11,38.05,79.23,100.5,99.32,64.64,88.02,70.41,50.48,9.22,78.29,53.41,0.0,104.0,35.85,78.23,51.43,58.14,36.35,65.05,36.25,82.02,47.27,70.0
64,55.54,83.19,48.51,88.02,73.01,90.25,84.72,89.05,38.47,71.12,67.9,42.95,77.9,43.1,41.15,17.26,39.85,77.06,29.15,51.74,23.02,17.69,77.01,53.37,53.15,89.4,43.74,3.16,53.6,72.18,12.37,64.13,66.03,47.93,36.67,17.12,83.86,47.85,34.93,86.4,101.18,85.7,38.08,6.08,55.66,99.64,30.41,60.44,54.04,52.39,7.62,91.02,84.69,77.06,3.61,19.7,42.95,39.46,57.43,54.82,113.17,34.71,50.99,104.0,0.0,72.72,30.68,58.6,45.97,79.16,39.05,70.6,22.2,74.95,35.23
65,51.55,12.0,69.72,47.71,40.52,28.65,39.82,31.4,68.0,5.1,18.6,44.01,22.36,59.21,32.02,60.88,35.38,43.66,65.62,28.02,52.55,78.11,41.79,27.86,74.33,18.03,35.51,70.72,56.04,14.21,61.03,55.9,8.0,26.17,61.29,60.21,38.95,32.65,54.15,25.24,33.24,26.48,34.67,76.84,22.85,40.0,42.44,25.63,65.97,60.64,79.06,19.21,16.76,75.8,69.46,72.8,30.48,68.01,58.19,28.44,44.72,55.15,28.0,35.85,72.72,0.0,52.77,15.81,30.41,9.49,34.54,26.17,50.61,16.64,42.95
66,25.18,64.63,25.5,83.93,69.78,77.16,55.0,77.65,18.36,53.15,42.06,12.81,51.04,15.65,29.15,32.76,32.76,74.25,13.0,26.0,10.44,27.2,73.41,45.31,31.14,66.48,39.12,30.81,24.08,47.42,26.08,34.06,44.91,35.44,50.54,31.78,54.2,42.06,5.39,73.17,75.47,58.6,25.08,36.69,44.64,71.45,22.67,33.29,27.73,62.8,38.28,68.35,68.12,49.73,27.2,21.1,31.02,18.87,28.16,27.78,87.09,5.83,25.63,78.23,30.68,52.77,0.0,43.19,22.36,61.29,20.4,42.64,17.89,61.2,10.0
67,49.41,24.7,64.26,44.2,32.8,34.01,49.03,34.53,60.42,12.81,24.74,37.7,33.02,53.14,17.46,45.61,19.85,36.88,56.14,23.6,40.45,66.1,35.38,13.04,69.46,33.84,19.72,56.36,53.0,24.0,46.53,55.9,13.04,10.82,45.62,45.0,48.05,17.09,45.89,30.02,48.75,39.2,20.88,62.27,8.0,53.76,28.23,26.63,62.18,46.27,64.5,35.0,26.25,76.42,55.54,61.4,15.65,60.64,56.04,26.17,60.42,46.87,23.02,51.43,58.6,15.81,43.19,0.0,22.47,20.59,23.0,32.57,37.0,18.03,33.24
68,28.32,42.3,41.79,66.04,53.26,55.73,41.48,56.75,38.33,31.0,21.93,15.23,32.02,30.68,15.81,39.0,21.84,57.63,35.23,6.32,23.6,48.33,56.4,29.0,47.01,44.72,27.31,44.69,31.24,26.4,36.06,36.06,22.56,18.44,49.01,38.08,40.52,28.3,24.02,51.79,55.32,39.82,14.04,51.09,26.4,54.08,19.65,15.23,39.96,56.32,53.15,46.52,46.0,56.22,42.43,42.72,16.55,38.47,34.66,10.2,67.27,25.02,5.39,58.14,45.97,30.41,22.36,22.47,0.0,39.05,8.25,25.5,24.41,40.02,12.65
69,61.03,4.24,79.08,40.72,36.06,19.42,47.2,22.63,77.06,8.25,27.78,53.15,29.83,68.47,38.01,66.03,40.22,38.47,74.24,37.22,60.17,85.87,36.5,29.83,83.74,18.03,38.9,76.94,65.52,22.8,67.12,65.31,17.26,31.38,63.6,65.46,46.4,35.38,63.01,16.28,34.13,32.2,41.23,82.86,25.46,43.93,48.75,35.11,75.43,60.54,85.09,18.25,7.28,85.09,76.06,80.81,36.24,77.1,67.68,37.85,44.38,64.01,37.12,36.35,79.16,9.49,61.29,20.59,39.05,0.0,42.2,35.0,57.38,11.0,51.35
70,33.62,45.88,43.57,63.98,50.25,57.01,49.73,57.31,38.28,33.96,29.41,18.44,39.66,32.45,9.9,30.87,15.26,54.71,33.24,14.56,18.03,43.68,53.71,25.55,49.09,50.48,21.4,37.48,35.61,33.24,28.43,42.05,27.29,15.23,41.11,29.97,48.76,23.35,23.77,53.01,62.23,47.43,6.71,43.84,24.35,61.91,11.4,23.41,43.19,49.4,45.97,52.15,48.66,61.59,35.61,38.64,11.4,38.63,39.41,18.44,74.25,24.7,13.6,65.05,39.05,34.54,20.4,23.0,8.25,42.2,0.0,33.62,16.97,41.01,10.77
71,30.07,35.85,50.64,73.41,64.41,54.41,17.0,57.49,52.2,30.48,8.06,30.23,9.22,42.06,38.47,64.47,44.28,68.1,53.34,19.24,47.63,69.81,66.37,44.91,54.15,29.15,48.0,69.63,35.13,12.21,61.4,31.78,21.1,37.01,72.69,63.56,16.0,47.17,41.34,51.22,33.62,16.12,38.33,76.03,40.26,29.07,44.94,10.3,45.04,77.16,78.01,31.14,41.88,50.57,67.01,63.6,38.21,51.87,36.01,15.81,44.78,42.19,20.12,36.25,70.6,26.17,42.64,32.57,25.5,35.0,33.62,0.0,49.74,42.52,35.47
72,41.3,61.33,43.01,71.59,56.75,69.87,65.0,69.26,34.66,49.24,46.23,26.0,56.4,33.54,19.65,16.03,20.02,61.13,26.4,30.53,7.81,30.0,60.64,34.01,48.6,67.2,25.5,20.52,41.23,50.21,11.66,50.36,43.83,26.68,32.65,15.03,64.08,29.27,23.26,65.92,79.2,64.2,16.16,26.87,35.23,78.49,9.06,39.45,45.62,45.34,29.0,68.82,63.25,67.36,18.87,26.48,21.59,35.38,45.35,34.0,91.22,23.71,29.68,82.02,22.2,50.61,17.89,37.0,24.41,57.38,16.97,49.74,0.0,54.13,16.12
73,65.3,14.32,81.61,31.06,25.08,16.0,56.44,16.76,78.26,12.04,34.66,55.08,38.95,70.6,34.53,60.37,35.11,27.66,74.17,39.92,58.22,83.73,25.71,22.47,86.65,29.02,32.25,72.45,69.35,30.81,62.63,70.72,22.02,27.46,55.17,59.93,55.57,28.3,63.79,12.0,45.1,42.38,38.33,78.0,19.31,54.74,45.12,40.22,78.92,50.54,80.23,29.15,11.4,91.02,72.12,79.23,32.56,78.45,72.01,41.59,55.11,64.78,39.56,47.27,74.95,16.64,61.2,18.03,40.02,11.0,41.01,42.52,54.13,0.0,51.24
74,25.96,54.74,33.02,74.73,60.9,67.19,49.65,67.74,27.51,43.19,33.6,10.2,43.19,22.02,20.25,32.14,24.76,65.37,23.0,17.2,12.21,35.78,64.41,36.24,38.6,57.27,31.14,34.48,26.83,38.59,27.2,34.93,35.17,26.0,46.84,31.14,48.76,33.6,13.0,63.2,67.2,50.93,16.4,40.82,35.11,64.54,16.55,25.46,33.3,57.31,42.72,59.09,58.14,53.23,31.62,30.08,21.95,27.86,30.87,19.8,79.03,13.93,16.64,70.0,35.23,42.95,10.0,33.24,12.65,51.35,10.77,35.47,16.12,51.24,0.0
