set K:= 1	2	3	4	5	6	7	8	9;
set C_H:= 1	2	3	4	5	6	7	8	9	10	11	12	13	14	15	16	17	18	19	20	21	22	23	24	25	26	27	28	29	30	31	32	33	34	35	36	37	38	39;
set C_S:= 40	41	42	43	44	45	46	47	48	49	50	51	52	53	54	55	56	57;
set C_F:= 58	59	60	61	62	63;
set M:= 64	65;
set L_B:= 66	67	68	69	70	71	72	73	74;
set A1:=
(0,*) 1 2 3 4 5 6 7 8 9 10 11 12 13 14 15 16 17 18 19 20 21 22 23 24 25 26 27 28 29 30 31 32 33 34 35 36 37 38 39 58 59 60 61 62 63 64 65 66 67 68 69 70 71 72 73 74
(1,*) 0 2 3 4 5 6 7 8 9 10 11 12 13 14 15 16 17 18 19 20 21 22 23 24 25 26 27 28 29 30 31 32 33 34 35 36 37 38 39 58 59 60 61 62 63 64 65 66 67 68 69 70 71 72 73 74
(2,*) 0 1 3 4 5 6 7 8 9 10 11 12 13 14 15 16 17 18 19 20 21 22 23 24 25 26 27 28 29 30 31 32 33 34 35 36 37 38 39 58 59 60 61 62 63 64 65 66 67 68 69 70 71 72 73 74
(3,*) 0 1 2 4 5 6 7 8 9 10 11 12 13 14 15 16 17 18 19 20 21 22 23 24 25 26 27 28 29 30 31 32 33 34 35 36 37 38 39 58 59 60 61 62 63 64 65 66 67 68 69 70 71 72 73 74
(4,*) 0 1 2 3 5 6 7 8 9 10 11 12 13 14 15 16 17 18 19 20 21 22 23 24 25 26 27 28 29 30 31 32 33 34 35 36 37 38 39 58 59 60 61 62 63 64 65 66 67 68 69 70 71 72 73 74
(5,*) 0 1 2 3 4 6 7 8 9 10 11 12 13 14 15 16 17 18 19 20 21 22 23 24 25 26 27 28 29 30 31 32 33 34 35 36 37 38 39 58 59 60 61 62 63 64 65 66 67 68 69 70 71 72 73 74
(6,*) 0 1 2 3 4 5 7 8 9 10 11 12 13 14 15 16 17 18 19 20 21 22 23 24 25 26 27 28 29 30 31 32 33 34 35 36 37 38 39 58 59 60 61 62 63 64 65 66 67 68 69 70 71 72 73 74
(7,*) 0 1 2 3 4 5 6 8 9 10 11 12 13 14 15 16 17 18 19 20 21 22 23 24 25 26 27 28 29 30 31 32 33 34 35 36 37 38 39 58 59 60 61 62 63 64 65 66 67 68 69 70 71 72 73 74
(8,*) 0 1 2 3 4 5 6 7 9 10 11 12 13 14 15 16 17 18 19 20 21 22 23 24 25 26 27 28 29 30 31 32 33 34 35 36 37 38 39 58 59 60 61 62 63 64 65 66 67 68 69 70 71 72 73 74
(9,*) 0 1 2 3 4 5 6 7 8 10 11 12 13 14 15 16 17 18 19 20 21 22 23 24 25 26 27 28 29 30 31 32 33 34 35 36 37 38 39 58 59 60 61 62 63 64 65 66 67 68 69 70 71 72 73 74
(10,*) 0 1 2 3 4 5 6 7 8 9 11 12 13 14 15 16 17 18 19 20 21 22 23 24 25 26 27 28 29 30 31 32 33 34 35 36 37 38 39 58 59 60 61 62 63 64 65 66 67 68 69 70 71 72 73 74
(11,*) 0 1 2 3 4 5 6 7 8 9 10 12 13 14 15 16 17 18 19 20 21 22 23 24 25 26 27 28 29 30 31 32 33 34 35 36 37 38 39 58 59 60 61 62 63 64 65 66 67 68 69 70 71 72 73 74
(12,*) 0 1 2 3 4 5 6 7 8 9 10 11 13 14 15 16 17 18 19 20 21 22 23 24 25 26 27 28 29 30 31 32 33 34 35 36 37 38 39 58 59 60 61 62 63 64 65 66 67 68 69 70 71 72 73 74
(13,*) 0 1 2 3 4 5 6 7 8 9 10 11 12 14 15 16 17 18 19 20 21 22 23 24 25 26 27 28 29 30 31 32 33 34 35 36 37 38 39 58 59 60 61 62 63 64 65 66 67 68 69 70 71 72 73 74
(14,*) 0 1 2 3 4 5 6 7 8 9 10 11 12 13 15 16 17 18 19 20 21 22 23 24 25 26 27 28 29 30 31 32 33 34 35 36 37 38 39 58 59 60 61 62 63 64 65 66 67 68 69 70 71 72 73 74
(15,*) 0 1 2 3 4 5 6 7 8 9 10 11 12 13 14 16 17 18 19 20 21 22 23 24 25 26 27 28 29 30 31 32 33 34 35 36 37 38 39 58 59 60 61 62 63 64 65 66 67 68 69 70 71 72 73 74
(16,*) 0 1 2 3 4 5 6 7 8 9 10 11 12 13 14 15 17 18 19 20 21 22 23 24 25 26 27 28 29 30 31 32 33 34 35 36 37 38 39 58 59 60 61 62 63 64 65 66 67 68 69 70 71 72 73 74
(17,*) 0 1 2 3 4 5 6 7 8 9 10 11 12 13 14 15 16 18 19 20 21 22 23 24 25 26 27 28 29 30 31 32 33 34 35 36 37 38 39 58 59 60 61 62 63 64 65 66 67 68 69 70 71 72 73 74
(18,*) 0 1 2 3 4 5 6 7 8 9 10 11 12 13 14 15 16 17 19 20 21 22 23 24 25 26 27 28 29 30 31 32 33 34 35 36 37 38 39 58 59 60 61 62 63 64 65 66 67 68 69 70 71 72 73 74
(19,*) 0 1 2 3 4 5 6 7 8 9 10 11 12 13 14 15 16 17 18 20 21 22 23 24 25 26 27 28 29 30 31 32 33 34 35 36 37 38 39 58 59 60 61 62 63 64 65 66 67 68 69 70 71 72 73 74
(20,*) 0 1 2 3 4 5 6 7 8 9 10 11 12 13 14 15 16 17 18 19 21 22 23 24 25 26 27 28 29 30 31 32 33 34 35 36 37 38 39 58 59 60 61 62 63 64 65 66 67 68 69 70 71 72 73 74
(21,*) 0 1 2 3 4 5 6 7 8 9 10 11 12 13 14 15 16 17 18 19 20 22 23 24 25 26 27 28 29 30 31 32 33 34 35 36 37 38 39 58 59 60 61 62 63 64 65 66 67 68 69 70 71 72 73 74
(22,*) 0 1 2 3 4 5 6 7 8 9 10 11 12 13 14 15 16 17 18 19 20 21 23 24 25 26 27 28 29 30 31 32 33 34 35 36 37 38 39 58 59 60 61 62 63 64 65 66 67 68 69 70 71 72 73 74
(23,*) 0 1 2 3 4 5 6 7 8 9 10 11 12 13 14 15 16 17 18 19 20 21 22 24 25 26 27 28 29 30 31 32 33 34 35 36 37 38 39 58 59 60 61 62 63 64 65 66 67 68 69 70 71 72 73 74
(24,*) 0 1 2 3 4 5 6 7 8 9 10 11 12 13 14 15 16 17 18 19 20 21 22 23 25 26 27 28 29 30 31 32 33 34 35 36 37 38 39 58 59 60 61 62 63 64 65 66 67 68 69 70 71 72 73 74
(25,*) 0 1 2 3 4 5 6 7 8 9 10 11 12 13 14 15 16 17 18 19 20 21 22 23 24 26 27 28 29 30 31 32 33 34 35 36 37 38 39 58 59 60 61 62 63 64 65 66 67 68 69 70 71 72 73 74
(26,*) 0 1 2 3 4 5 6 7 8 9 10 11 12 13 14 15 16 17 18 19 20 21 22 23 24 25 27 28 29 30 31 32 33 34 35 36 37 38 39 58 59 60 61 62 63 64 65 66 67 68 69 70 71 72 73 74
(27,*) 0 1 2 3 4 5 6 7 8 9 10 11 12 13 14 15 16 17 18 19 20 21 22 23 24 25 26 28 29 30 31 32 33 34 35 36 37 38 39 58 59 60 61 62 63 64 65 66 67 68 69 70 71 72 73 74
(28,*) 0 1 2 3 4 5 6 7 8 9 10 11 12 13 14 15 16 17 18 19 20 21 22 23 24 25 26 27 29 30 31 32 33 34 35 36 37 38 39 58 59 60 61 62 63 64 65 66 67 68 69 70 71 72 73 74
(29,*) 0 1 2 3 4 5 6 7 8 9 10 11 12 13 14 15 16 17 18 19 20 21 22 23 24 25 26 27 28 30 31 32 33 34 35 36 37 38 39 58 59 60 61 62 63 64 65 66 67 68 69 70 71 72 73 74
(30,*) 0 1 2 3 4 5 6 7 8 9 10 11 12 13 14 15 16 17 18 19 20 21 22 23 24 25 26 27 28 29 31 32 33 34 35 36 37 38 39 58 59 60 61 62 63 64 65 66 67 68 69 70 71 72 73 74
(31,*) 0 1 2 3 4 5 6 7 8 9 10 11 12 13 14 15 16 17 18 19 20 21 22 23 24 25 26 27 28 29 30 32 33 34 35 36 37 38 39 58 59 60 61 62 63 64 65 66 67 68 69 70 71 72 73 74
(32,*) 0 1 2 3 4 5 6 7 8 9 10 11 12 13 14 15 16 17 18 19 20 21 22 23 24 25 26 27 28 29 30 31 33 34 35 36 37 38 39 58 59 60 61 62 63 64 65 66 67 68 69 70 71 72 73 74
(33,*) 0 1 2 3 4 5 6 7 8 9 10 11 12 13 14 15 16 17 18 19 20 21 22 23 24 25 26 27 28 29 30 31 32 34 35 36 37 38 39 58 59 60 61 62 63 64 65 66 67 68 69 70 71 72 73 74
(34,*) 0 1 2 3 4 5 6 7 8 9 10 11 12 13 14 15 16 17 18 19 20 21 22 23 24 25 26 27 28 29 30 31 32 33 35 36 37 38 39 58 59 60 61 62 63 64 65 66 67 68 69 70 71 72 73 74
(35,*) 0 1 2 3 4 5 6 7 8 9 10 11 12 13 14 15 16 17 18 19 20 21 22 23 24 25 26 27 28 29 30 31 32 33 34 36 37 38 39 58 59 60 61 62 63 64 65 66 67 68 69 70 71 72 73 74
(36,*) 0 1 2 3 4 5 6 7 8 9 10 11 12 13 14 15 16 17 18 19 20 21 22 23 24 25 26 27 28 29 30 31 32 33 34 35 37 38 39 58 59 60 61 62 63 64 65 66 67 68 69 70 71 72 73 74
(37,*) 0 1 2 3 4 5 6 7 8 9 10 11 12 13 14 15 16 17 18 19 20 21 22 23 24 25 26 27 28 29 30 31 32 33 34 35 36 38 39 58 59 60 61 62 63 64 65 66 67 68 69 70 71 72 73 74
(38,*) 0 1 2 3 4 5 6 7 8 9 10 11 12 13 14 15 16 17 18 19 20 21 22 23 24 25 26 27 28 29 30 31 32 33 34 35 36 37 39 58 59 60 61 62 63 64 65 66 67 68 69 70 71 72 73 74
(39,*) 0 1 2 3 4 5 6 7 8 9 10 11 12 13 14 15 16 17 18 19 20 21 22 23 24 25 26 27 28 29 30 31 32 33 34 35 36 37 38 58 59 60 61 62 63 64 65 66 67 68 69 70 71 72 73 74
(58,*) 0 1 2 3 4 5 6 7 8 9 10 11 12 13 14 15 16 17 18 19 20 21 22 23 24 25 26 27 28 29 30 31 32 33 34 35 36 37 38 39 59 60 61 62 63 64 65 66 67 68 69 70 71 72 73 74
(59,*) 0 1 2 3 4 5 6 7 8 9 10 11 12 13 14 15 16 17 18 19 20 21 22 23 24 25 26 27 28 29 30 31 32 33 34 35 36 37 38 39 58 60 61 62 63 64 65 66 67 68 69 70 71 72 73 74
(60,*) 0 1 2 3 4 5 6 7 8 9 10 11 12 13 14 15 16 17 18 19 20 21 22 23 24 25 26 27 28 29 30 31 32 33 34 35 36 37 38 39 58 59 61 62 63 64 65 66 67 68 69 70 71 72 73 74
(61,*) 0 1 2 3 4 5 6 7 8 9 10 11 12 13 14 15 16 17 18 19 20 21 22 23 24 25 26 27 28 29 30 31 32 33 34 35 36 37 38 39 58 59 60 62 63 64 65 66 67 68 69 70 71 72 73 74
(62,*) 0 1 2 3 4 5 6 7 8 9 10 11 12 13 14 15 16 17 18 19 20 21 22 23 24 25 26 27 28 29 30 31 32 33 34 35 36 37 38 39 58 59 60 61 63 64 65 66 67 68 69 70 71 72 73 74
(63,*) 0 1 2 3 4 5 6 7 8 9 10 11 12 13 14 15 16 17 18 19 20 21 22 23 24 25 26 27 28 29 30 31 32 33 34 35 36 37 38 39 58 59 60 61 62 64 65 66 67 68 69 70 71 72 73 74
(64,*) 0 1 2 3 4 5 6 7 8 9 10 11 12 13 14 15 16 17 18 19 20 21 22 23 24 25 26 27 28 29 30 31 32 33 34 35 36 37 38 39 58 59 60 61 62 63 65 66 67 68 69 70 71 72 73 74
(65,*) 0 1 2 3 4 5 6 7 8 9 10 11 12 13 14 15 16 17 18 19 20 21 22 23 24 25 26 27 28 29 30 31 32 33 34 35 36 37 38 39 58 59 60 61 62 63 64 66 67 68 69 70 71 72 73 74
(66,*) 0 1 2 3 4 5 6 7 8 9 10 11 12 13 14 15 16 17 18 19 20 21 22 23 24 25 26 27 28 29 30 31 32 33 34 35 36 37 38 39 58 59 60 61 62 63 64 65 67 68 69 70 71 72 73 74
(67,*) 0 1 2 3 4 5 6 7 8 9 10 11 12 13 14 15 16 17 18 19 20 21 22 23 24 25 26 27 28 29 30 31 32 33 34 35 36 37 38 39 58 59 60 61 62 63 64 65 66 68 69 70 71 72 73 74
(68,*) 0 1 2 3 4 5 6 7 8 9 10 11 12 13 14 15 16 17 18 19 20 21 22 23 24 25 26 27 28 29 30 31 32 33 34 35 36 37 38 39 58 59 60 61 62 63 64 65 66 67 69 70 71 72 73 74
(69,*) 0 1 2 3 4 5 6 7 8 9 10 11 12 13 14 15 16 17 18 19 20 21 22 23 24 25 26 27 28 29 30 31 32 33 34 35 36 37 38 39 58 59 60 61 62 63 64 65 66 67 68 70 71 72 73 74
(70,*) 0 1 2 3 4 5 6 7 8 9 10 11 12 13 14 15 16 17 18 19 20 21 22 23 24 25 26 27 28 29 30 31 32 33 34 35 36 37 38 39 58 59 60 61 62 63 64 65 66 67 68 69 71 72 73 74
(71,*) 0 1 2 3 4 5 6 7 8 9 10 11 12 13 14 15 16 17 18 19 20 21 22 23 24 25 26 27 28 29 30 31 32 33 34 35 36 37 38 39 58 59 60 61 62 63 64 65 66 67 68 69 70 72 73 74
(72,*) 0 1 2 3 4 5 6 7 8 9 10 11 12 13 14 15 16 17 18 19 20 21 22 23 24 25 26 27 28 29 30 31 32 33 34 35 36 37 38 39 58 59 60 61 62 63 64 65 66 67 68 69 70 71 73 74
(73,*) 0 1 2 3 4 5 6 7 8 9 10 11 12 13 14 15 16 17 18 19 20 21 22 23 24 25 26 27 28 29 30 31 32 33 34 35 36 37 38 39 58 59 60 61 62 63 64 65 66 67 68 69 70 71 72 74
(74,*) 0 1 2 3 4 5 6 7 8 9 10 11 12 13 14 15 16 17 18 19 20 21 22 23 24 25 26 27 28 29 30 31 32 33 34 35 36 37 38 39 58 59 60 61 62 63 64 65 66 67 68 69 70 71 72 73
;
set A2:=
(64,*) 65
(65,*) 64
;
param BigM:=99999;
param n:= 9;
param d:=
1	10
2	15
3	23
4	24
5	1
6	5
7	18
8	9
9	23
10	13
11	18
12	16
13	4
14	23
15	8
16	5
17	21
18	8
19	5
20	8
21	26
22	12
23	8
24	19
25	16
26	17
27	7
28	5
29	19
30	26
31	5
32	9
33	18
34	19
35	15
36	5
37	11
38	54
39	8
40	23
41	17
42	4
43	2
44	8
45	16
46	26
47	2
48	23
49	3
50	2
51	3
52	8
53	4
54	12
55	19
56	24
57	8
58	4
59	26
60	16
61	8
62	22
63	12
;
param Q:=100;
param w:=
[64,*] 65 1
[65,*] 64 1
;
param V:=
[64,*] 65 97
[65,*] 64 97
;
param f:=
64	100
65	100
66	100
67	100
68	100
69	100
70	100
71	100
72	100
73	100
74	100
;
param e:
	64	65	66	67	68	69	70	71	72	73	74:=
40	0	0	1	0	0	1	1	1	0	1	1	
41	1	0	0	1	0	0	0	1	0	0	0	
42	0	0	0	0	0	1	0	0	0	1	0	
43	0	0	1	1	1	1	1	1	0	1	1	
44	1	0	0	1	0	1	0	1	0	1	0	
45	0	0	0	0	1	0	0	0	1	0	0	
46	0	0	0	1	0	1	0	1	0	1	0	
47	0	1	1	0	1	0	1	1	1	0	1	
48	0	0	0	0	1	0	0	1	0	1	0	
49	0	1	0	0	0	0	0	0	0	0	1	
50	0	1	0	0	0	0	0	0	0	0	1	
51	1	0	0	1	0	1	0	1	0	1	0	
52	0	0	1	0	1	1	1	1	1	1	1	
53	0	0	1	0	0	1	0	0	0	1	0	
54	0	0	1	0	0	0	0	0	0	0	0	
55	0	1	1	0	0	0	1	0	1	0	1	
56	0	0	1	0	1	1	1	1	0	1	1	
57	0	0	1	0	1	1	1	1	1	1	1	
58	0	0	0	0	0	1	0	0	0	1	0	
59	0	0	1	0	1	1	1	1	0	1	1	
60	0	0	0	0	1	0	0	1	0	0	0	
61	0	1	0	0	0	0	1	0	1	0	1	
62	0	0	1	0	0	1	1	0	0	1	1	
63	0	0	0	1	0	1	0	1	0	1	0	
;
param p:=
1	1
2	1
3	1
4	1
5	1
6	1
7	1
8	1
9	1
;
param G:=
64	82
65	97
66	88
67	87
68	72
69	83
70	91
71	93
72	92
73	90
74	97
;
param s:=
0	0
1	15
2	15
3	15
4	15
5	15
6	15
7	15
8	15
9	15
10	15
11	15
12	15
13	15
14	15
15	15
16	15
17	15
18	15
19	15
20	15
21	15
22	15
23	15
24	15
25	15
26	15
27	15
28	15
29	15
30	15
31	15
32	15
33	15
34	15
35	15
36	15
37	15
38	15
39	15
58	15
59	15
60	15
61	15
62	15
63	15
64	10
65	10
66	10
67	10
68	10
69	10
70	10
71	10
72	10
73	10
74	10
;
param t:
	0	1	2	3	4	5	6	7	8	9	10	11	12	13	14	15	16	17	18	19	20	21	22	23	24	25	26	27	28	29	30	31	32	33	34	35	36	37	38	39	40	41	42	43	44	45	46	47	48	49	50	51	52	53	54	55	56	57	58	59	60	61	62	63	64	65	66	67	68	69	70	71	72	73	74:=
0	0.0	62.48	96.0	48.37	76.24	108.76	12.81	43.86	61.74	69.43	35.38	59.67	46.69	95.27	62.8	59.23	86.28	69.34	57.69	79.12	47.54	29.73	60.53	61.61	42.38	88.57	38.0	63.81	87.82	33.53	87.36	31.24	74.67	27.78	49.52	88.02	75.29	70.68	48.7	88.57	68.12	5.66	75.29	50.16	34.99	50.16	58.14	67.94	22.8	99.54	99.54	22.63	31.62	77.67	91.76	78.0	50.99	45.65	75.15	50.64	21.63	86.28	76.0	49.19	21.38	93.01	58.52	36.8	45.25	48.51	60.42	38.33	64.66	46.1	61.72
1	62.48	0.0	73.76	24.08	55.32	52.95	63.53	18.87	16.12	12.17	27.78	2.83	40.45	36.06	33.11	40.25	25.06	10.2	17.89	44.41	60.3	39.85	44.72	39.45	27.2	41.23	48.04	8.49	36.22	38.83	50.12	74.73	37.2	76.55	13.42	66.48	41.23	81.61	32.56	75.29	52.15	56.85	76.97	45.12	66.75	36.06	74.97	10.2	39.7	52.95	52.95	68.35	33.11	73.43	88.2	36.72	39.29	26.0	84.76	41.23	41.04	24.41	60.0	70.11	77.83	35.69	34.89	74.15	17.89	55.58	23.02	38.12	2.24	51.35	25.0
2	96.0	73.76	0.0	59.09	20.88	58.14	86.37	73.35	89.64	63.66	74.0	74.03	50.64	63.91	106.02	39.85	68.96	82.02	57.69	29.73	51.42	68.73	36.88	38.63	91.24	41.23	58.0	82.22	48.33	64.78	26.83	79.7	36.77	85.44	71.69	8.25	32.56	43.86	52.5	12.81	28.28	92.09	32.56	46.17	68.41	104.71	51.11	65.05	83.95	38.21	38.21	81.58	72.28	25.61	27.2	38.42	47.07	60.17	42.52	46.69	85.91	71.69	20.0	56.46	94.37	58.87	43.46	73.39	71.55	48.51	51.87	59.84	74.33	50.09	49.65
3	48.37	24.08	59.09	0.0	38.47	60.46	45.25	14.42	35.78	24.17	16.0	22.36	16.49	48.17	49.68	20.0	41.18	34.23	10.0	34.06	36.22	19.8	24.08	20.59	32.25	40.5	24.33	31.05	39.45	17.2	42.0	52.8	28.07	55.57	14.42	50.99	30.07	58.31	8.94	57.2	32.8	42.94	54.92	21.54	43.68	46.04	50.99	23.41	28.64	51.92	51.92	47.71	17.09	52.5	67.94	30.59	16.12	2.83	61.74	17.89	30.59	42.05	41.62	46.04	58.9	45.28	15.65	51.24	12.81	31.58	12.08	14.87	26.02	27.29	13.6
4	76.24	55.32	20.88	38.47	0.0	54.41	67.47	52.84	70.71	46.65	53.14	55.17	30.07	54.04	86.56	18.97	55.79	64.4	38.21	16.0	34.99	48.17	16.12	17.89	70.71	32.25	38.47	63.78	38.0	44.18	19.7	63.53	20.88	68.88	51.61	12.65	16.49	37.95	31.62	20.0	8.25	72.03	28.28	26.08	51.88	84.38	40.0	47.71	63.15	35.78	35.78	63.91	51.42	22.0	34.18	24.33	26.31	39.4	38.83	26.08	65.12	58.24	6.0	42.52	76.9	49.01	22.83	57.98	51.11	30.87	32.53	39.2	56.22	31.32	30.41
5	108.76	52.95	58.14	60.46	54.41	0.0	105.26	67.23	66.03	41.76	74.24	55.32	67.94	18.11	82.1	57.2	30.07	54.0	51.11	39.4	83.76	80.0	59.36	54.41	80.05	23.32	79.25	58.14	21.26	76.84	34.93	109.12	38.83	113.17	62.03	56.14	41.18	92.35	62.29	68.12	59.09	103.25	82.46	68.41	98.08	88.36	93.04	43.68	87.66	20.0	20.0	106.08	77.18	75.71	84.1	34.41	63.78	63.25	93.15	65.3	89.44	32.25	60.17	93.3	118.26	17.26	54.56	105.42	65.39	78.49	48.6	73.0	51.62	76.4	47.63
6	12.81	63.53	86.37	45.25	67.47	105.26	0.0	44.72	65.97	68.41	35.78	60.83	39.4	93.38	70.0	52.0	85.6	71.69	55.17	72.5	36.22	25.46	52.5	54.63	48.17	83.76	29.12	66.48	84.02	28.43	80.62	18.87	68.96	16.49	50.12	78.64	68.88	58.31	43.27	78.03	59.23	13.42	63.56	41.76	22.36	58.31	45.69	67.2	26.31	94.02	94.02	10.0	30.53	66.48	80.05	72.72	43.86	42.43	62.77	43.08	26.08	86.02	66.48	36.77	14.32	90.52	52.35	24.04	45.65	38.01	56.73	32.45	65.76	36.35	57.63
7	43.86	18.87	73.35	14.42	52.84	67.23	44.72	0.0	24.33	26.08	8.94	16.12	28.84	52.15	36.06	34.41	42.52	27.2	18.0	47.07	46.82	22.09	38.42	34.99	17.89	50.36	32.98	22.36	47.54	22.09	54.59	56.89	40.45	58.24	5.66	65.3	43.17	70.71	22.63	71.61	47.2	38.21	68.41	34.41	50.0	31.62	62.03	24.41	21.26	62.29	62.29	50.0	14.56	66.48	82.02	42.05	29.73	14.14	74.43	31.24	22.8	42.43	56.04	55.79	59.03	50.54	30.02	57.08	2.0	42.95	23.19	23.09	21.1	38.48	25.32
8	61.74	16.12	89.64	35.78	70.71	66.03	65.97	24.33	0.0	27.86	32.0	15.62	52.0	48.17	17.09	54.41	36.22	12.17	32.56	60.46	70.88	46.04	58.82	54.04	20.0	56.92	57.27	8.25	51.42	46.39	66.24	80.22	53.25	80.89	21.54	82.22	57.2	94.02	44.72	90.55	66.84	56.46	90.55	57.27	74.11	22.8	86.02	26.0	39.85	68.41	68.41	72.69	38.0	87.66	102.8	52.84	51.88	36.77	97.51	53.67	40.5	34.53	75.07	80.05	80.08	49.01	49.2	81.01	24.74	66.73	38.18	47.3	16.16	62.3	40.31
9	69.43	12.17	63.66	24.17	46.65	41.76	68.41	26.08	27.86	0.0	34.06	14.0	38.47	26.08	44.94	34.53	17.2	18.44	14.56	33.94	58.31	43.27	38.83	32.98	38.47	29.12	48.08	19.7	24.08	41.18	38.83	76.97	26.91	79.65	20.59	56.85	31.24	76.94	30.59	66.57	44.94	63.78	70.88	42.05	67.68	48.17	72.0	2.0	47.2	40.79	40.79	71.69	38.21	66.48	80.5	25.61	36.06	26.83	79.62	38.05	48.83	17.89	51.88	68.47	82.42	24.7	29.27	75.27	24.41	53.15	17.03	39.0	11.7	49.37	18.25
10	35.38	27.78	74.0	16.0	53.14	74.24	35.78	8.94	32.0	34.06	0.0	25.06	25.61	60.0	41.23	34.18	50.91	36.06	23.41	50.04	41.18	14.14	37.58	35.44	20.0	55.79	26.83	31.05	53.85	15.23	58.0	48.37	44.05	49.48	14.42	65.79	46.04	66.03	21.54	70.71	46.52	29.73	65.05	31.24	42.19	34.06	56.36	32.56	13.42	67.47	67.47	41.23	6.0	64.03	79.65	46.39	27.78	14.14	70.0	28.84	15.23	50.99	55.46	49.4	50.09	57.98	30.81	49.01	10.0	38.01	27.46	17.8	30.02	33.6	29.27
11	59.67	2.83	74.03	22.36	55.17	55.32	60.83	16.12	15.62	14.0	25.06	0.0	38.83	38.63	32.25	39.45	27.78	12.0	17.2	44.94	58.55	37.36	43.91	38.83	24.74	42.76	46.0	8.94	38.05	36.5	50.99	72.28	37.74	74.0	10.77	66.6	41.62	80.32	31.05	75.07	51.61	54.04	76.03	43.68	64.5	34.23	73.35	12.0	36.88	54.59	54.59	65.79	30.46	72.72	87.66	37.58	37.95	24.08	83.57	39.85	38.21	27.2	59.67	68.26	75.13	38.08	34.13	71.85	15.23	53.94	22.67	36.01	5.0	49.65	24.76
12	46.69	40.45	50.64	16.49	30.07	67.94	39.4	28.84	52.0	38.47	25.61	38.83	0.0	59.06	64.9	12.65	54.41	50.64	24.08	33.11	20.0	18.11	14.0	15.23	45.25	45.34	11.31	47.54	46.86	14.14	41.23	41.23	30.0	45.25	30.46	42.43	29.53	42.05	8.0	45.69	22.36	42.19	39.7	5.66	30.53	59.4	34.53	38.21	33.53	54.92	54.92	38.42	22.36	38.42	54.04	34.06	4.47	15.23	45.65	4.0	35.44	55.79	31.05	30.07	51.04	55.23	13.45	38.08	27.78	15.13	22.14	9.22	42.3	11.0	21.93
13	95.27	36.06	63.91	48.17	54.04	18.11	93.38	52.15	48.17	26.08	60.0	38.63	59.06	0.0	64.03	50.6	12.0	36.06	38.21	38.05	77.25	67.94	53.85	48.08	63.25	22.8	69.97	40.45	16.12	65.3	37.36	99.86	34.23	103.23	46.65	59.67	38.05	90.55	52.15	71.39	56.32	89.64	82.02	60.93	89.55	70.71	88.77	27.78	73.24	28.43	28.43	95.6	63.78	76.03	87.13	30.07	55.46	50.99	92.2	57.27	74.89	14.14	60.03	87.32	107.06	5.1	46.62	97.13	50.48	71.87	37.44	62.2	34.48	68.94	37.22
14	62.8	33.11	106.02	49.68	86.56	82.1	70.0	36.06	17.09	44.94	41.23	32.25	64.9	64.03	0.0	69.31	52.04	28.28	48.41	77.18	82.29	55.03	73.59	69.31	22.36	74.0	68.03	25.3	68.41	56.46	83.19	86.58	69.97	86.09	35.38	98.41	73.78	106.68	58.41	106.15	82.02	58.31	104.4	70.46	82.46	13.42	97.51	43.08	44.18	85.44	85.44	78.23	46.82	102.18	117.59	69.77	65.6	50.0	110.45	67.2	44.05	50.0	90.55	90.62	83.22	65.38	64.35	88.65	37.2	78.77	54.2	58.59	33.24	74.3	56.4
15	59.23	40.25	39.85	20.0	18.97	57.2	52.0	34.41	54.41	34.53	34.18	39.45	12.65	50.6	69.31	0.0	48.17	50.16	22.36	20.59	26.83	30.07	4.47	2.83	52.15	34.06	23.32	48.37	36.72	26.08	28.64	52.35	18.44	56.85	33.94	31.62	17.2	42.43	12.65	37.2	12.81	54.59	36.77	11.31	41.04	66.03	38.47	34.93	44.41	42.8	42.8	50.48	32.56	33.29	48.41	22.8	8.25	20.59	45.12	8.94	46.39	50.04	21.63	36.77	63.29	46.24	5.39	48.27	32.8	21.47	17.72	21.1	41.63	19.21	16.28
16	86.28	25.06	68.96	41.18	55.79	30.07	85.6	42.52	36.22	17.2	50.91	27.78	54.41	12.0	52.04	48.17	0.0	24.08	31.3	40.5	73.76	60.46	52.04	46.04	52.0	28.43	64.62	28.64	21.26	58.31	42.19	93.91	34.93	96.75	36.88	63.56	39.29	90.02	46.82	74.67	56.32	80.62	82.61	57.27	84.31	58.86	86.58	18.44	63.78	37.2	37.2	88.84	55.32	77.28	89.84	31.62	51.42	43.91	92.2	53.37	65.3	2.83	61.61	83.95	99.62	13.93	43.42	91.92	41.04	68.45	32.28	55.9	23.26	65.0	32.76
17	69.34	10.2	82.02	34.23	64.4	54.0	71.69	27.2	12.17	18.44	36.06	12.0	50.64	36.06	28.28	50.16	24.08	0.0	27.86	52.35	70.46	49.03	54.63	49.19	30.0	46.52	58.0	5.66	40.5	48.37	57.2	83.95	45.25	85.44	22.36	75.07	49.52	91.76	42.76	84.4	61.77	63.81	86.93	55.32	76.42	34.93	85.16	16.97	46.65	57.58	57.58	77.2	41.76	83.19	97.75	44.05	49.48	36.06	94.87	51.42	47.71	22.36	69.34	80.22	86.01	37.12	44.78	83.73	26.68	65.76	32.65	48.01	8.54	61.52	34.48
18	57.69	17.89	57.69	10.0	38.21	51.11	55.17	18.0	32.56	14.56	23.41	17.2	24.08	38.21	48.41	22.36	31.3	27.86	0.0	29.73	44.05	29.73	26.83	21.63	34.93	32.56	33.53	26.08	30.46	27.2	36.88	62.61	22.8	65.51	14.56	50.0	26.0	64.03	16.12	58.0	34.41	52.15	59.09	28.07	53.14	47.54	58.14	14.14	36.77	44.41	44.41	57.69	26.08	55.57	70.46	24.08	22.09	12.81	67.05	24.08	38.63	32.31	42.52	54.15	68.88	35.47	17.0	60.75	16.0	39.0	5.83	24.6	19.31	35.06	8.06
19	79.12	44.41	29.73	34.06	16.0	39.4	72.5	47.07	60.46	33.94	50.04	44.94	33.11	38.05	77.18	20.59	40.5	52.35	29.73	0.0	45.34	49.48	21.26	17.89	64.56	16.49	43.91	52.8	22.0	45.61	8.25	72.47	7.21	77.2	44.27	23.32	4.0	53.37	30.59	34.18	19.7	74.22	44.18	31.62	60.96	77.25	53.67	35.38	62.13	22.63	22.63	71.02	50.16	38.0	49.48	8.94	28.64	36.0	54.59	29.53	64.12	43.08	22.0	54.41	83.86	33.02	20.62	67.9	45.12	40.31	24.04	40.8	44.82	39.05	21.84
20	47.54	60.3	51.42	36.22	34.99	83.76	36.22	46.82	70.88	58.31	41.18	58.55	20.0	77.25	82.29	26.83	73.76	70.46	44.05	45.34	0.0	28.43	24.41	29.53	61.06	60.46	14.42	67.08	63.53	26.08	52.35	28.64	44.94	34.18	49.48	44.27	42.8	25.46	28.0	42.05	27.2	44.94	27.86	16.49	17.09	74.89	15.23	58.14	43.86	67.94	67.94	30.27	36.06	30.27	44.27	49.4	22.36	34.53	29.73	20.4	45.34	75.31	32.31	10.2	42.95	73.01	30.68	23.02	46.17	5.39	41.59	23.77	62.2	9.0	41.0
21	29.73	39.85	68.73	19.8	48.17	80.0	25.46	22.09	46.04	43.27	14.14	37.36	18.11	67.94	55.03	30.07	60.46	49.03	29.73	49.48	28.43	0.0	32.06	32.25	33.11	59.06	14.14	44.41	58.82	4.0	57.72	34.93	44.94	36.77	26.68	60.53	45.61	53.81	18.97	63.25	40.45	24.74	54.41	22.8	28.07	46.65	43.27	42.19	16.12	69.86	69.86	28.64	8.25	54.59	69.97	48.33	22.0	16.97	58.0	22.09	17.89	61.06	49.03	35.78	39.2	65.07	28.86	35.01	22.36	26.25	31.4	9.0	42.06	22.2	32.45
22	60.53	44.72	36.88	24.08	16.12	59.36	52.5	38.42	58.82	38.83	37.58	43.91	14.0	53.85	73.59	4.47	52.04	54.63	26.83	21.26	24.41	32.06	0.0	6.0	56.04	36.06	23.41	52.84	39.4	28.07	28.84	51.22	20.59	56.04	38.21	28.64	18.44	38.21	16.12	33.29	8.94	56.14	32.31	10.77	39.7	70.0	34.93	39.29	47.07	43.86	43.86	50.12	35.44	28.84	44.05	25.06	10.2	24.41	40.79	10.0	49.03	54.0	17.89	34.0	63.06	49.34	9.85	46.67	36.88	19.21	22.14	23.09	46.1	17.8	20.62
23	61.61	39.45	38.63	20.59	17.89	54.41	54.63	34.99	54.04	32.98	35.44	38.83	15.23	48.08	69.31	2.83	46.04	49.19	21.63	17.89	29.53	32.25	6.0	0.0	52.84	31.24	26.08	47.71	34.0	28.28	26.0	55.17	15.62	59.67	34.06	30.46	14.42	44.18	14.14	36.88	12.81	56.89	37.95	14.14	43.86	66.57	40.79	33.53	46.17	40.0	40.0	53.25	34.23	34.0	48.83	20.0	10.77	21.54	46.69	11.66	48.17	48.0	21.26	39.4	66.04	43.66	5.0	51.09	33.29	24.19	16.55	23.35	40.71	22.02	14.87
24	42.38	27.2	91.24	32.25	70.71	80.05	48.17	17.89	20.0	38.47	20.0	24.74	45.25	63.25	22.36	52.15	52.0	30.0	34.93	64.56	61.06	33.11	56.04	52.84	0.0	66.03	46.65	24.41	62.13	34.99	71.81	64.28	57.72	64.0	20.4	83.19	60.73	86.02	40.0	89.31	64.9	37.36	84.9	50.91	60.17	14.14	76.16	36.5	22.0	78.03	78.03	56.04	25.06	83.55	99.16	58.86	46.86	31.62	90.0	48.17	22.09	50.99	73.78	68.88	61.81	62.82	47.89	66.29	19.7	58.01	40.52	37.8	28.79	53.6	42.72
25	88.57	41.23	41.23	40.5	32.25	23.32	83.76	50.36	56.92	29.12	55.79	42.76	45.34	22.8	74.0	34.06	28.43	46.52	32.56	16.49	60.46	59.06	36.06	31.24	66.03	0.0	56.64	48.7	7.21	55.57	14.56	86.28	15.62	90.55	46.04	36.88	17.89	69.86	40.5	48.66	36.06	83.26	60.53	45.34	75.07	76.94	69.86	31.05	68.96	12.0	12.0	83.74	57.58	54.15	64.5	11.31	41.04	43.08	71.02	42.43	70.88	31.24	38.21	69.97	96.21	17.72	31.89	82.33	48.37	55.22	28.46	51.31	40.8	53.26	26.93
26	38.0	48.04	58.0	24.33	38.47	79.25	29.12	32.98	57.27	48.08	26.83	46.0	11.31	69.97	68.03	23.32	64.62	58.0	33.53	43.91	14.42	14.14	23.41	26.08	46.65	56.64	0.0	54.15	58.14	11.66	51.88	30.0	41.23	33.94	36.22	50.04	40.5	39.7	17.89	50.99	30.27	34.23	40.5	12.65	19.7	60.46	29.53	47.54	30.0	66.03	66.03	27.2	21.63	41.23	56.36	45.34	15.62	22.09	43.86	14.42	31.62	65.79	38.0	22.8	39.96	66.29	24.76	27.31	32.56	12.21	32.65	10.05	50.09	8.54	32.76
27	63.81	8.49	82.22	31.05	63.78	58.14	66.48	22.36	8.25	19.7	31.05	8.94	47.54	40.45	25.3	48.37	28.64	5.66	26.08	52.8	67.08	44.41	52.84	47.71	24.41	48.7	54.15	0.0	43.17	44.05	58.31	79.25	45.61	80.52	18.0	74.97	49.68	89.2	39.85	83.74	60.46	58.31	84.97	52.5	72.11	30.27	82.0	17.89	41.18	60.17	60.17	72.28	36.88	81.63	96.52	44.94	46.82	32.56	92.48	48.7	42.19	27.2	68.41	76.66	80.78	41.01	43.05	79.31	22.09	62.59	31.4	44.1	8.06	58.25	33.42
28	87.82	36.22	48.33	39.45	38.0	21.26	84.02	47.54	51.42	24.08	53.85	38.05	46.86	16.12	68.41	36.72	21.26	40.5	30.46	22.0	63.53	58.82	39.4	34.0	62.13	7.21	58.14	43.17	0.0	55.61	21.54	88.09	18.97	92.02	42.76	43.68	22.36	74.97	41.04	55.32	40.79	82.37	66.12	47.71	77.2	72.25	74.0	26.08	67.23	17.09	17.09	84.85	56.36	60.0	71.02	14.56	42.8	42.19	76.42	44.41	69.08	24.08	44.0	73.35	97.0	11.05	33.6	84.63	45.61	58.18	27.46	51.74	35.51	55.76	26.4
29	33.53	38.83	64.78	17.2	44.18	76.84	28.43	22.09	46.39	41.18	15.23	36.5	14.14	65.3	56.46	26.08	58.31	48.37	27.2	45.61	26.08	4.0	28.07	28.28	34.99	55.57	11.66	44.05	55.61	0.0	53.85	36.06	41.23	38.47	26.08	56.57	41.76	51.22	15.23	59.46	36.5	28.64	51.22	18.97	28.07	48.83	41.18	40.25	19.7	66.21	66.21	30.53	10.0	51.11	66.57	44.72	18.0	14.42	55.32	18.11	21.54	59.06	45.12	34.18	41.77	62.24	25.0	35.36	22.0	23.35	28.32	5.0	41.0	19.1	29.21
30	87.36	50.12	26.83	42.0	19.7	34.93	80.62	54.59	66.24	38.83	58.0	50.99	41.23	37.36	83.19	28.64	42.19	57.2	36.88	8.25	52.35	57.72	28.84	26.0	71.81	14.56	51.88	58.31	21.54	53.85	0.0	80.0	14.14	84.88	51.42	22.36	12.17	57.58	38.83	34.23	25.61	82.46	47.54	39.45	68.41	84.12	59.36	40.5	70.26	16.12	16.12	78.89	58.31	40.79	50.16	13.42	36.77	44.05	58.24	37.58	72.25	44.94	25.3	60.96	91.79	32.28	28.86	75.17	52.61	47.51	31.4	49.04	50.25	46.62	29.27
31	31.24	74.73	79.7	52.8	63.53	109.12	18.87	56.89	80.22	76.97	48.37	72.28	41.23	99.86	86.58	52.35	93.91	83.95	62.61	72.47	28.64	34.93	51.22	55.17	64.28	86.28	30.0	79.25	88.09	36.06	80.0	0.0	70.71	6.0	61.61	72.8	69.43	44.41	47.71	69.43	55.57	32.25	52.04	41.04	11.66	75.71	32.06	76.16	42.43	95.02	95.02	8.94	42.43	56.57	68.03	74.97	45.34	50.16	48.66	43.86	42.76	94.85	60.93	24.08	16.28	96.26	54.56	7.07	57.27	32.76	62.43	38.01	76.92	33.42	62.68
32	74.67	37.2	36.77	28.07	20.88	38.83	68.96	40.45	53.25	26.91	44.05	37.74	30.0	34.23	69.97	18.44	34.93	45.25	22.8	7.21	44.94	44.94	20.59	15.62	57.72	15.62	41.23	45.61	18.97	41.23	14.14	70.71	0.0	75.07	37.36	30.0	4.47	56.32	26.0	40.25	22.09	69.57	48.04	29.73	59.46	70.23	55.03	28.28	56.57	25.06	25.06	68.41	44.72	42.43	55.03	4.47	25.61	30.27	58.03	26.91	58.55	37.36	26.68	54.59	81.02	29.43	16.64	66.71	38.47	39.66	17.26	36.67	37.64	37.64	15.13
33	27.78	76.55	85.44	55.57	68.88	113.17	16.49	58.24	80.89	79.65	49.48	74.0	45.25	103.23	86.09	56.85	96.75	85.44	65.51	77.2	34.18	36.77	56.04	59.67	64.0	90.55	33.94	80.52	92.02	38.47	84.88	6.0	75.07	0.0	63.25	78.43	74.03	50.36	51.22	75.31	60.83	29.73	58.03	45.61	17.09	74.67	38.05	78.71	42.0	99.64	99.64	8.25	43.68	62.51	74.03	79.25	49.52	52.84	54.59	48.17	42.05	97.53	66.48	30.07	10.44	99.81	58.69	13.04	58.82	38.01	65.8	41.05	78.77	38.28	66.22
34	49.52	13.42	71.69	14.42	51.61	62.03	50.12	5.66	21.54	20.59	14.42	10.77	30.46	46.65	35.38	33.94	36.88	22.36	14.56	44.27	49.48	26.68	38.21	34.06	20.4	46.04	36.22	18.0	42.76	26.08	51.42	61.61	37.36	63.25	0.0	63.81	40.5	72.5	23.32	70.94	46.69	43.86	69.34	35.78	54.15	33.11	64.56	18.87	26.91	58.03	58.03	55.03	19.7	66.84	82.22	38.47	30.53	15.23	76.03	32.25	28.43	36.77	55.32	58.86	64.41	45.19	29.07	61.4	4.47	45.22	20.25	26.17	15.65	40.8	22.47
35	88.02	66.48	8.25	50.99	12.65	56.14	78.64	65.3	82.22	56.85	65.79	66.6	42.43	59.67	98.41	31.62	63.56	75.07	50.0	23.32	44.27	60.53	28.64	30.46	83.19	36.88	50.04	74.97	43.68	56.57	22.36	72.8	30.0	78.43	63.81	0.0	25.61	40.0	44.27	12.0	20.1	84.02	28.84	38.05	61.35	96.75	45.61	58.14	75.71	36.22	36.22	74.22	64.03	21.63	28.0	32.25	38.83	52.0	39.45	38.47	77.67	66.21	12.17	50.12	87.09	54.57	35.34	66.71	63.53	41.0	44.2	51.62	67.18	42.3	42.01
36	75.29	41.23	32.56	30.07	16.49	41.18	68.88	43.17	57.2	31.24	46.04	41.62	29.53	38.05	73.78	17.2	39.29	49.52	26.0	4.0	42.8	45.61	18.44	14.42	60.73	17.89	40.5	49.68	22.36	41.76	12.17	69.43	4.47	74.03	40.5	25.61	0.0	52.61	26.68	35.78	18.44	70.34	44.0	28.43	58.0	73.54	52.0	32.56	58.14	25.61	25.61	67.68	46.17	38.21	50.6	8.0	25.06	32.0	54.15	26.08	60.13	41.76	22.36	52.15	80.45	33.14	16.76	65.07	41.23	37.64	20.25	37.0	41.77	36.07	18.03
37	70.68	81.61	43.86	58.31	37.95	92.35	58.31	70.71	94.02	76.94	66.03	80.32	42.05	90.55	106.68	42.43	90.02	91.76	64.03	53.37	25.46	53.81	38.21	44.18	86.02	69.86	39.7	89.2	74.97	51.22	57.58	44.41	56.32	50.36	72.5	40.0	52.61	0.0	49.4	31.24	34.23	68.96	11.31	36.77	36.06	100.0	12.65	77.28	69.31	73.54	73.54	50.0	61.22	18.44	24.33	60.53	42.38	57.27	4.47	40.5	70.77	92.09	32.31	21.54	60.67	85.71	47.68	37.34	69.77	28.02	60.02	48.26	83.24	32.45	58.69
38	48.7	32.56	52.5	8.94	31.62	62.29	43.27	22.63	44.72	30.59	21.54	31.05	8.0	52.15	58.41	12.65	46.82	42.76	16.12	30.59	28.0	18.97	16.12	14.14	40.0	40.5	17.89	39.85	41.04	15.23	38.83	47.71	26.0	51.22	23.32	44.27	26.68	49.4	0.0	49.4	25.06	43.68	46.04	12.65	37.58	54.04	42.43	30.27	32.06	50.99	50.99	43.86	20.1	43.86	59.4	29.53	7.21	8.49	52.8	8.94	34.06	48.08	34.0	38.05	55.97	48.6	10.05	45.19	21.26	23.09	14.76	10.82	34.37	19.0	15.0
39	88.57	75.29	12.81	57.2	20.0	68.12	78.03	71.61	90.55	66.57	70.71	75.07	45.69	71.39	106.15	37.2	74.67	84.4	58.0	34.18	42.05	63.25	33.29	36.88	89.31	48.66	50.99	83.74	55.32	59.46	34.23	69.43	40.25	75.31	70.94	12.0	35.78	31.24	49.4	0.0	24.41	85.16	20.0	40.5	58.55	103.23	39.4	67.68	79.12	48.17	48.17	72.25	68.03	13.42	16.0	43.08	42.94	57.69	29.73	42.05	80.99	77.25	15.62	45.61	84.72	66.29	41.87	62.82	70.0	40.11	52.4	54.78	76.22	42.58	50.33
40	68.12	52.15	28.28	32.8	8.25	59.09	59.23	47.2	66.84	44.94	46.52	51.61	22.36	56.32	82.02	12.81	56.32	61.77	34.41	19.7	27.2	40.45	8.94	12.81	64.9	36.06	30.27	60.46	40.79	36.5	25.61	55.57	22.09	60.83	46.69	20.1	18.44	34.23	25.06	24.41	0.0	64.0	26.31	18.0	43.91	78.82	34.0	45.69	55.79	41.62	41.62	55.71	44.27	21.54	36.06	26.31	18.97	33.29	36.0	18.44	57.72	58.55	8.94	35.38	68.71	51.48	17.69	50.22	45.61	22.83	29.15	31.58	53.34	23.09	27.29
41	5.66	56.85	92.09	42.94	72.03	103.25	13.42	38.21	56.46	63.78	29.73	54.04	42.19	89.64	58.31	54.59	80.62	63.81	52.15	74.22	44.94	24.74	56.14	56.89	37.36	83.26	34.23	58.31	82.37	28.64	82.46	32.25	69.57	29.73	43.86	84.02	70.34	68.96	43.68	85.16	64.0	0.0	72.8	46.0	34.06	46.0	56.6	62.29	17.2	94.34	94.34	23.32	26.08	74.73	89.2	72.8	46.39	40.25	73.43	46.17	16.12	80.62	72.11	47.71	25.0	87.42	53.6	37.01	39.6	45.35	55.01	33.54	59.03	42.58	56.36
42	75.29	76.97	32.56	54.92	28.28	82.46	63.56	68.41	90.55	70.88	65.05	76.03	39.7	82.02	104.4	36.77	82.61	86.93	59.09	44.18	27.86	54.41	32.31	37.95	84.9	60.53	40.5	84.97	66.12	51.22	47.54	52.04	48.04	58.03	69.34	28.84	44.0	11.31	46.04	20.0	26.31	72.8	0.0	34.06	42.19	99.04	20.4	71.47	70.46	63.25	63.25	56.32	60.96	7.21	16.49	52.0	38.83	54.41	10.77	37.2	72.11	84.85	22.36	28.0	68.01	77.06	42.15	45.1	67.2	28.3	54.42	47.42	78.39	32.2	52.81
43	50.16	45.12	46.17	21.54	26.08	68.41	41.76	34.41	57.27	42.05	31.24	43.68	5.66	60.93	70.46	11.31	57.27	55.32	28.07	31.62	16.49	22.8	10.77	14.14	50.91	45.34	12.65	52.5	47.71	18.97	39.45	41.04	29.73	45.61	35.78	38.05	28.43	36.77	12.65	40.5	18.0	46.0	34.06	0.0	29.73	65.05	30.07	42.0	38.63	54.04	54.04	39.45	27.78	32.8	48.41	34.06	6.0	20.59	40.25	4.0	40.5	58.86	26.31	26.68	52.35	56.8	14.32	37.01	33.29	11.18	25.18	14.32	46.87	8.06	24.52
44	34.99	66.75	68.41	43.68	51.88	98.08	22.36	50.0	74.11	67.68	42.19	64.5	30.53	89.55	82.46	41.04	84.31	76.42	53.14	60.96	17.09	28.07	39.7	43.86	60.17	75.07	19.7	72.11	77.2	28.07	68.41	11.66	59.46	17.09	54.15	61.35	58.0	36.06	37.58	58.55	43.91	34.06	42.19	29.73	0.0	72.8	23.41	67.05	39.4	83.55	83.55	14.14	36.22	46.04	58.55	63.78	34.41	41.23	40.5	32.8	40.25	85.44	49.4	14.56	26.17	85.76	43.6	7.62	50.04	21.1	52.33	28.86	68.88	21.93	52.35
45	50.16	36.06	104.71	46.04	84.38	88.36	58.31	31.62	22.8	48.17	34.06	34.23	59.4	70.71	13.42	66.03	58.86	34.93	47.54	77.25	74.89	46.65	70.0	66.57	14.14	76.94	60.46	30.27	72.25	48.83	84.12	75.71	70.23	74.67	33.11	96.75	73.54	100.0	54.04	103.23	78.82	46.0	99.04	65.05	72.8	0.0	89.89	46.17	33.53	88.81	88.81	67.08	38.83	97.67	113.28	70.88	60.96	45.61	104.02	62.29	32.98	57.27	87.66	82.37	71.0	71.18	61.59	78.45	33.29	72.01	53.31	51.86	37.0	67.62	55.54
46	58.14	74.97	51.11	50.99	40.0	93.04	45.69	62.03	86.02	72.0	56.36	73.35	34.53	88.77	97.51	38.47	86.58	85.16	58.14	53.67	15.23	43.27	34.93	40.79	76.16	69.86	29.53	82.0	74.0	41.18	59.36	32.06	55.03	38.05	64.56	45.61	52.0	12.65	42.43	39.4	34.0	56.6	20.4	30.07	23.41	89.89	0.0	72.03	58.14	75.47	75.47	37.36	51.11	26.0	36.0	59.46	36.06	49.48	17.09	34.06	59.46	88.36	35.38	8.94	48.26	84.2	43.19	25.02	61.35	19.42	55.01	39.0	76.79	23.77	54.08
47	67.94	10.2	65.05	23.41	47.71	43.68	67.2	24.41	26.0	2.0	32.56	12.0	38.21	27.78	43.08	34.93	18.44	16.97	14.14	35.38	58.14	42.19	39.29	33.53	36.5	31.05	47.54	17.89	26.08	40.25	40.5	76.16	28.28	78.71	18.87	58.14	32.56	77.28	30.27	67.68	45.69	62.29	71.47	42.0	67.05	46.17	72.03	0.0	45.61	42.76	42.76	70.71	36.88	67.23	81.41	27.2	36.0	26.0	80.05	38.0	47.2	18.87	52.84	68.26	81.27	26.57	29.61	74.63	22.8	53.04	17.26	38.28	9.85	49.16	18.68
48	22.8	39.7	83.95	28.64	63.15	87.66	26.31	21.26	39.85	47.2	13.42	36.88	33.53	73.24	44.18	44.41	63.78	46.65	36.77	62.13	43.86	16.12	47.07	46.17	22.0	68.96	30.0	41.18	67.23	19.7	70.26	42.43	56.57	42.0	26.91	75.71	58.14	69.31	32.06	79.12	55.79	17.2	70.46	38.63	39.4	33.53	58.14	45.61	0.0	80.52	80.52	34.06	12.0	70.71	86.09	59.23	36.88	26.31	73.59	37.36	2.0	63.66	64.56	50.0	40.26	71.34	42.01	44.92	22.8	42.2	40.52	24.35	41.87	38.28	42.2
49	99.54	52.95	38.21	51.92	35.78	20.0	94.02	62.29	68.41	40.79	67.47	54.59	54.92	28.43	85.44	42.8	37.2	57.58	44.41	22.63	67.94	69.86	43.86	40.0	78.03	12.0	66.03	60.17	17.09	66.21	16.12	95.02	25.06	99.64	58.03	36.22	25.61	73.54	50.99	48.17	41.62	94.34	63.25	54.04	83.55	88.81	75.47	42.76	80.52	0.0	0.0	93.23	68.96	56.32	64.12	21.54	50.48	54.41	74.0	51.61	82.46	40.0	41.23	76.84	105.95	24.04	41.68	90.52	60.3	62.94	40.02	61.72	52.39	61.62	38.33
50	99.54	52.95	38.21	51.92	35.78	20.0	94.02	62.29	68.41	40.79	67.47	54.59	54.92	28.43	85.44	42.8	37.2	57.58	44.41	22.63	67.94	69.86	43.86	40.0	78.03	12.0	66.03	60.17	17.09	66.21	16.12	95.02	25.06	99.64	58.03	36.22	25.61	73.54	50.99	48.17	41.62	94.34	63.25	54.04	83.55	88.81	75.47	42.76	80.52	0.0	0.0	93.23	68.96	56.32	64.12	21.54	50.48	54.41	74.0	51.61	82.46	40.0	41.23	76.84	105.95	24.04	41.68	90.52	60.3	62.94	40.02	61.72	52.39	61.62	38.33
51	22.63	68.35	81.58	47.71	63.91	106.08	10.0	50.0	72.69	71.69	41.23	65.79	38.42	95.6	78.23	50.48	88.84	77.2	57.69	71.02	30.27	28.64	50.12	53.25	56.04	83.74	27.2	72.28	84.85	30.53	78.89	8.94	68.41	8.25	55.03	74.22	67.68	50.0	43.86	72.25	55.71	23.32	56.32	39.45	14.14	67.08	37.36	70.71	34.06	93.23	93.23	0.0	35.44	60.0	72.69	72.47	42.8	44.94	54.41	41.62	34.23	89.55	62.1	28.64	13.0	92.31	51.86	14.21	50.6	33.24	58.26	33.42	70.58	32.7	58.8
52	31.62	33.11	72.28	17.09	51.42	77.18	30.53	14.56	38.0	38.21	6.0	30.46	22.36	63.78	46.82	32.56	55.32	41.76	26.08	50.16	36.06	8.25	35.44	34.23	25.06	57.58	21.63	36.88	56.36	10.0	58.31	42.43	44.72	43.68	19.7	64.03	46.17	61.22	20.1	68.03	44.27	26.08	60.96	27.78	36.22	38.83	51.11	36.88	12.0	68.96	68.96	35.44	0.0	60.46	76.03	47.54	25.3	14.56	65.3	26.0	14.0	55.61	53.14	43.86	44.78	61.4	30.02	43.01	15.23	33.3	29.15	13.6	35.34	29.0	30.68
53	77.67	73.43	25.61	52.5	22.0	75.71	66.48	66.48	87.66	66.48	64.03	72.72	38.42	76.03	102.18	33.29	77.28	83.19	55.57	38.0	30.27	54.59	28.84	34.0	83.55	54.15	41.23	81.63	60.0	51.11	40.79	56.57	42.43	62.51	66.84	21.63	38.21	18.44	43.86	13.42	21.54	74.73	7.21	32.8	46.04	97.67	26.0	67.23	70.71	56.32	56.32	60.0	60.46	0.0	15.62	46.17	36.77	52.35	17.89	35.38	72.47	79.62	16.0	32.56	72.17	71.01	38.59	49.82	65.12	29.41	50.54	46.87	74.71	32.7	48.75
54	91.76	88.2	27.2	67.94	34.18	84.1	80.05	82.02	102.8	80.5	79.65	87.66	54.04	87.13	117.59	48.41	89.84	97.75	70.46	49.48	44.27	69.97	44.05	48.83	99.16	64.5	56.36	96.52	71.02	66.57	50.16	68.03	55.03	74.03	82.22	28.0	50.6	24.33	59.4	16.0	36.06	89.2	16.49	48.41	58.55	113.28	36.0	81.41	86.09	64.12	64.12	72.69	76.03	15.62	0.0	58.24	52.35	67.88	20.88	50.99	87.82	92.35	28.64	44.18	84.15	82.04	53.6	61.01	80.62	44.28	65.19	62.43	89.36	47.89	63.29
55	78.0	36.72	38.42	30.59	24.33	34.41	72.72	42.05	52.84	25.61	46.39	37.58	34.06	30.07	69.77	22.8	31.62	44.05	24.08	8.94	49.4	48.33	25.06	20.0	58.86	11.31	45.34	44.94	14.56	44.72	13.42	74.97	4.47	79.25	38.47	32.25	8.0	60.53	29.53	43.08	26.31	72.8	52.0	34.06	63.78	70.88	59.46	27.2	59.23	21.54	21.54	72.47	47.54	46.17	58.24	0.0	29.73	32.98	62.13	31.11	61.19	34.18	30.27	59.06	85.0	25.18	20.62	71.06	40.05	44.1	19.03	40.31	36.89	42.01	17.12
56	50.99	39.29	47.07	16.12	26.31	63.78	43.86	29.73	51.88	36.06	27.78	37.95	4.47	55.46	65.6	8.25	51.42	49.48	22.09	28.64	22.36	22.0	10.2	10.77	46.86	41.04	15.62	46.82	42.8	18.0	36.77	45.34	25.61	49.52	30.53	38.83	25.06	42.38	7.21	42.94	18.97	46.39	38.83	6.0	34.41	60.96	36.06	36.0	36.88	50.48	50.48	42.8	25.3	36.77	52.35	29.73	0.0	15.62	45.69	2.0	38.83	52.95	27.86	32.56	55.47	51.48	9.22	41.88	28.43	17.12	19.24	13.0	41.0	13.6	18.68
57	45.65	26.0	60.17	2.83	39.4	63.25	42.43	14.14	36.77	26.83	14.14	24.08	15.23	50.99	50.0	20.59	43.91	36.06	12.81	36.0	34.53	16.97	24.41	21.54	31.62	43.08	22.09	32.56	42.19	14.42	44.05	50.16	30.27	52.84	15.23	52.0	32.0	57.27	8.49	57.69	33.29	40.25	54.41	20.59	41.23	45.61	49.48	26.0	26.31	54.41	54.41	44.94	14.56	52.35	67.88	32.98	15.62	0.0	60.83	17.2	28.28	44.72	42.19	44.18	56.08	48.1	16.76	48.76	12.81	30.08	14.76	12.37	28.02	25.71	16.16
58	75.15	84.76	42.52	61.74	38.83	93.15	62.77	74.43	97.51	79.62	70.0	83.57	45.65	92.2	110.45	45.12	92.2	94.87	67.05	54.59	29.73	58.0	40.79	46.69	90.0	71.02	43.86	92.48	76.42	55.32	58.24	48.66	58.03	54.59	76.03	39.45	54.15	4.47	52.8	29.73	36.0	73.43	10.77	40.25	40.5	104.02	17.09	80.05	73.59	74.0	74.0	54.41	65.3	17.89	20.88	62.13	45.69	60.83	0.0	43.86	75.07	94.34	32.98	26.0	64.94	87.28	50.45	41.59	73.43	32.02	62.82	52.2	86.33	36.4	61.39
59	50.64	41.23	46.69	17.89	26.08	65.3	43.08	31.24	53.67	38.05	28.84	39.85	4.0	57.27	67.2	8.94	53.37	51.42	24.08	29.53	20.4	22.09	10.0	11.66	48.17	42.43	14.42	48.7	44.41	18.11	37.58	43.86	26.91	48.17	32.25	38.47	26.08	40.5	8.94	42.05	18.44	46.17	37.2	4.0	32.8	62.29	34.06	38.0	37.36	51.61	51.61	41.62	26.0	35.38	50.99	31.11	2.0	17.2	43.86	0.0	39.29	54.92	27.2	30.59	54.38	53.24	10.82	40.22	30.0	15.13	21.21	13.15	42.95	11.7	20.62
60	21.63	41.04	85.91	30.59	65.12	89.44	26.08	22.8	40.5	48.83	15.23	38.21	35.44	74.89	44.05	46.39	65.3	47.71	38.63	64.12	45.34	17.89	49.03	48.17	22.09	70.88	31.62	42.19	69.08	21.54	72.25	42.76	58.55	42.05	28.43	77.67	60.13	70.77	34.06	80.99	57.72	16.12	72.11	40.5	40.25	32.98	59.46	47.2	2.0	82.46	82.46	34.23	14.0	72.47	87.82	61.19	38.83	28.28	75.07	39.29	0.0	65.12	66.48	51.22	39.81	73.06	44.01	45.54	24.41	43.83	42.45	26.25	43.19	39.96	44.15
61	86.28	24.41	71.69	42.05	58.24	32.25	86.02	42.43	34.53	17.89	50.99	27.2	55.79	14.14	50.0	50.04	2.83	22.36	32.31	43.08	75.31	61.06	54.0	48.0	50.99	31.24	65.79	27.2	24.08	59.06	44.94	94.85	37.36	97.53	36.77	66.21	41.76	92.09	48.08	77.25	58.55	80.62	84.85	58.86	85.44	57.27	88.36	18.87	63.66	40.0	40.0	89.55	55.61	79.62	92.35	34.18	52.95	44.72	94.34	54.92	65.12	0.0	64.03	85.51	100.12	16.55	45.18	93.05	41.04	70.04	33.73	56.86	22.47	66.49	34.37
62	76.0	60.0	20.0	41.62	6.0	60.17	66.48	56.04	75.07	51.88	55.46	59.67	31.05	60.03	90.55	21.63	61.61	69.34	42.52	22.0	32.31	49.03	17.89	21.26	73.78	38.21	38.0	68.41	44.0	45.12	25.3	60.93	26.68	66.48	55.32	12.17	22.36	32.31	34.0	15.62	8.94	72.11	22.36	26.31	49.4	87.66	35.38	52.84	64.56	41.23	41.23	62.1	53.14	16.0	28.64	30.27	27.86	42.19	32.98	27.2	66.48	64.03	0.0	38.83	75.0	55.01	26.25	55.01	54.41	28.86	37.01	40.26	61.03	30.15	35.0
63	49.19	70.11	56.46	46.04	42.52	93.3	36.77	55.79	80.05	68.47	49.4	68.26	30.07	87.32	90.62	36.77	83.95	80.22	54.15	54.41	10.2	35.78	34.0	39.4	68.88	69.97	22.8	76.66	73.35	34.18	60.96	24.08	54.59	30.07	58.86	50.12	52.15	21.54	38.05	45.61	35.38	47.71	28.0	26.68	14.56	82.37	8.94	68.26	50.0	76.84	76.84	28.64	43.86	32.56	44.18	59.06	32.56	44.18	26.0	30.59	51.22	85.51	38.83	0.0	40.01	83.01	40.8	17.26	55.32	15.52	51.79	32.76	72.06	19.1	51.2
