set K:= 1	2	3	4	5	6	7	8	9;
set C_H:= 1	2	3	4	5	6	7	8	9	10	11	12	13	14	15	16	17	18	19	20	21	22	23	24	25	26	27	28	29	30	31	32	33	34	35	36;
set C_S:= 37	38	39	40	41	42	43	44	45	46	47	48	49	50	51	52	53	54;
set C_F:= 55	56	57	58	59	60;
set M:= 61	62	63	64;
set L_B:= 65	66	67	68	69	70	71	72	73;
set A1:=
(0,*) 1 2 3 4 5 6 7 8 9 10 11 12 13 14 15 16 17 18 19 20 21 22 23 24 25 26 27 28 29 30 31 32 33 34 35 36 55 56 57 58 59 60 61 62 63 64 65 66 67 68 69 70 71 72 73
(1,*) 0 2 3 4 5 6 7 8 9 10 11 12 13 14 15 16 17 18 19 20 21 22 23 24 25 26 27 28 29 30 31 32 33 34 35 36 55 56 57 58 59 60 61 62 63 64 65 66 67 68 69 70 71 72 73
(2,*) 0 1 3 4 5 6 7 8 9 10 11 12 13 14 15 16 17 18 19 20 21 22 23 24 25 26 27 28 29 30 31 32 33 34 35 36 55 56 57 58 59 60 61 62 63 64 65 66 67 68 69 70 71 72 73
(3,*) 0 1 2 4 5 6 7 8 9 10 11 12 13 14 15 16 17 18 19 20 21 22 23 24 25 26 27 28 29 30 31 32 33 34 35 36 55 56 57 58 59 60 61 62 63 64 65 66 67 68 69 70 71 72 73
(4,*) 0 1 2 3 5 6 7 8 9 10 11 12 13 14 15 16 17 18 19 20 21 22 23 24 25 26 27 28 29 30 31 32 33 34 35 36 55 56 57 58 59 60 61 62 63 64 65 66 67 68 69 70 71 72 73
(5,*) 0 1 2 3 4 6 7 8 9 10 11 12 13 14 15 16 17 18 19 20 21 22 23 24 25 26 27 28 29 30 31 32 33 34 35 36 55 56 57 58 59 60 61 62 63 64 65 66 67 68 69 70 71 72 73
(6,*) 0 1 2 3 4 5 7 8 9 10 11 12 13 14 15 16 17 18 19 20 21 22 23 24 25 26 27 28 29 30 31 32 33 34 35 36 55 56 57 58 59 60 61 62 63 64 65 66 67 68 69 70 71 72 73
(7,*) 0 1 2 3 4 5 6 8 9 10 11 12 13 14 15 16 17 18 19 20 21 22 23 24 25 26 27 28 29 30 31 32 33 34 35 36 55 56 57 58 59 60 61 62 63 64 65 66 67 68 69 70 71 72 73
(8,*) 0 1 2 3 4 5 6 7 9 10 11 12 13 14 15 16 17 18 19 20 21 22 23 24 25 26 27 28 29 30 31 32 33 34 35 36 55 56 57 58 59 60 61 62 63 64 65 66 67 68 69 70 71 72 73
(9,*) 0 1 2 3 4 5 6 7 8 10 11 12 13 14 15 16 17 18 19 20 21 22 23 24 25 26 27 28 29 30 31 32 33 34 35 36 55 56 57 58 59 60 61 62 63 64 65 66 67 68 69 70 71 72 73
(10,*) 0 1 2 3 4 5 6 7 8 9 11 12 13 14 15 16 17 18 19 20 21 22 23 24 25 26 27 28 29 30 31 32 33 34 35 36 55 56 57 58 59 60 61 62 63 64 65 66 67 68 69 70 71 72 73
(11,*) 0 1 2 3 4 5 6 7 8 9 10 12 13 14 15 16 17 18 19 20 21 22 23 24 25 26 27 28 29 30 31 32 33 34 35 36 55 56 57 58 59 60 61 62 63 64 65 66 67 68 69 70 71 72 73
(12,*) 0 1 2 3 4 5 6 7 8 9 10 11 13 14 15 16 17 18 19 20 21 22 23 24 25 26 27 28 29 30 31 32 33 34 35 36 55 56 57 58 59 60 61 62 63 64 65 66 67 68 69 70 71 72 73
(13,*) 0 1 2 3 4 5 6 7 8 9 10 11 12 14 15 16 17 18 19 20 21 22 23 24 25 26 27 28 29 30 31 32 33 34 35 36 55 56 57 58 59 60 61 62 63 64 65 66 67 68 69 70 71 72 73
(14,*) 0 1 2 3 4 5 6 7 8 9 10 11 12 13 15 16 17 18 19 20 21 22 23 24 25 26 27 28 29 30 31 32 33 34 35 36 55 56 57 58 59 60 61 62 63 64 65 66 67 68 69 70 71 72 73
(15,*) 0 1 2 3 4 5 6 7 8 9 10 11 12 13 14 16 17 18 19 20 21 22 23 24 25 26 27 28 29 30 31 32 33 34 35 36 55 56 57 58 59 60 61 62 63 64 65 66 67 68 69 70 71 72 73
(16,*) 0 1 2 3 4 5 6 7 8 9 10 11 12 13 14 15 17 18 19 20 21 22 23 24 25 26 27 28 29 30 31 32 33 34 35 36 55 56 57 58 59 60 61 62 63 64 65 66 67 68 69 70 71 72 73
(17,*) 0 1 2 3 4 5 6 7 8 9 10 11 12 13 14 15 16 18 19 20 21 22 23 24 25 26 27 28 29 30 31 32 33 34 35 36 55 56 57 58 59 60 61 62 63 64 65 66 67 68 69 70 71 72 73
(18,*) 0 1 2 3 4 5 6 7 8 9 10 11 12 13 14 15 16 17 19 20 21 22 23 24 25 26 27 28 29 30 31 32 33 34 35 36 55 56 57 58 59 60 61 62 63 64 65 66 67 68 69 70 71 72 73
(19,*) 0 1 2 3 4 5 6 7 8 9 10 11 12 13 14 15 16 17 18 20 21 22 23 24 25 26 27 28 29 30 31 32 33 34 35 36 55 56 57 58 59 60 61 62 63 64 65 66 67 68 69 70 71 72 73
(20,*) 0 1 2 3 4 5 6 7 8 9 10 11 12 13 14 15 16 17 18 19 21 22 23 24 25 26 27 28 29 30 31 32 33 34 35 36 55 56 57 58 59 60 61 62 63 64 65 66 67 68 69 70 71 72 73
(21,*) 0 1 2 3 4 5 6 7 8 9 10 11 12 13 14 15 16 17 18 19 20 22 23 24 25 26 27 28 29 30 31 32 33 34 35 36 55 56 57 58 59 60 61 62 63 64 65 66 67 68 69 70 71 72 73
(22,*) 0 1 2 3 4 5 6 7 8 9 10 11 12 13 14 15 16 17 18 19 20 21 23 24 25 26 27 28 29 30 31 32 33 34 35 36 55 56 57 58 59 60 61 62 63 64 65 66 67 68 69 70 71 72 73
(23,*) 0 1 2 3 4 5 6 7 8 9 10 11 12 13 14 15 16 17 18 19 20 21 22 24 25 26 27 28 29 30 31 32 33 34 35 36 55 56 57 58 59 60 61 62 63 64 65 66 67 68 69 70 71 72 73
(24,*) 0 1 2 3 4 5 6 7 8 9 10 11 12 13 14 15 16 17 18 19 20 21 22 23 25 26 27 28 29 30 31 32 33 34 35 36 55 56 57 58 59 60 61 62 63 64 65 66 67 68 69 70 71 72 73
(25,*) 0 1 2 3 4 5 6 7 8 9 10 11 12 13 14 15 16 17 18 19 20 21 22 23 24 26 27 28 29 30 31 32 33 34 35 36 55 56 57 58 59 60 61 62 63 64 65 66 67 68 69 70 71 72 73
(26,*) 0 1 2 3 4 5 6 7 8 9 10 11 12 13 14 15 16 17 18 19 20 21 22 23 24 25 27 28 29 30 31 32 33 34 35 36 55 56 57 58 59 60 61 62 63 64 65 66 67 68 69 70 71 72 73
(27,*) 0 1 2 3 4 5 6 7 8 9 10 11 12 13 14 15 16 17 18 19 20 21 22 23 24 25 26 28 29 30 31 32 33 34 35 36 55 56 57 58 59 60 61 62 63 64 65 66 67 68 69 70 71 72 73
(28,*) 0 1 2 3 4 5 6 7 8 9 10 11 12 13 14 15 16 17 18 19 20 21 22 23 24 25 26 27 29 30 31 32 33 34 35 36 55 56 57 58 59 60 61 62 63 64 65 66 67 68 69 70 71 72 73
(29,*) 0 1 2 3 4 5 6 7 8 9 10 11 12 13 14 15 16 17 18 19 20 21 22 23 24 25 26 27 28 30 31 32 33 34 35 36 55 56 57 58 59 60 61 62 63 64 65 66 67 68 69 70 71 72 73
(30,*) 0 1 2 3 4 5 6 7 8 9 10 11 12 13 14 15 16 17 18 19 20 21 22 23 24 25 26 27 28 29 31 32 33 34 35 36 55 56 57 58 59 60 61 62 63 64 65 66 67 68 69 70 71 72 73
(31,*) 0 1 2 3 4 5 6 7 8 9 10 11 12 13 14 15 16 17 18 19 20 21 22 23 24 25 26 27 28 29 30 32 33 34 35 36 55 56 57 58 59 60 61 62 63 64 65 66 67 68 69 70 71 72 73
(32,*) 0 1 2 3 4 5 6 7 8 9 10 11 12 13 14 15 16 17 18 19 20 21 22 23 24 25 26 27 28 29 30 31 33 34 35 36 55 56 57 58 59 60 61 62 63 64 65 66 67 68 69 70 71 72 73
(33,*) 0 1 2 3 4 5 6 7 8 9 10 11 12 13 14 15 16 17 18 19 20 21 22 23 24 25 26 27 28 29 30 31 32 34 35 36 55 56 57 58 59 60 61 62 63 64 65 66 67 68 69 70 71 72 73
(34,*) 0 1 2 3 4 5 6 7 8 9 10 11 12 13 14 15 16 17 18 19 20 21 22 23 24 25 26 27 28 29 30 31 32 33 35 36 55 56 57 58 59 60 61 62 63 64 65 66 67 68 69 70 71 72 73
(35,*) 0 1 2 3 4 5 6 7 8 9 10 11 12 13 14 15 16 17 18 19 20 21 22 23 24 25 26 27 28 29 30 31 32 33 34 36 55 56 57 58 59 60 61 62 63 64 65 66 67 68 69 70 71 72 73
(36,*) 0 1 2 3 4 5 6 7 8 9 10 11 12 13 14 15 16 17 18 19 20 21 22 23 24 25 26 27 28 29 30 31 32 33 34 35 55 56 57 58 59 60 61 62 63 64 65 66 67 68 69 70 71 72 73
(55,*) 0 1 2 3 4 5 6 7 8 9 10 11 12 13 14 15 16 17 18 19 20 21 22 23 24 25 26 27 28 29 30 31 32 33 34 35 36 56 57 58 59 60 61 62 63 64 65 66 67 68 69 70 71 72 73
(56,*) 0 1 2 3 4 5 6 7 8 9 10 11 12 13 14 15 16 17 18 19 20 21 22 23 24 25 26 27 28 29 30 31 32 33 34 35 36 55 57 58 59 60 61 62 63 64 65 66 67 68 69 70 71 72 73
(57,*) 0 1 2 3 4 5 6 7 8 9 10 11 12 13 14 15 16 17 18 19 20 21 22 23 24 25 26 27 28 29 30 31 32 33 34 35 36 55 56 58 59 60 61 62 63 64 65 66 67 68 69 70 71 72 73
(58,*) 0 1 2 3 4 5 6 7 8 9 10 11 12 13 14 15 16 17 18 19 20 21 22 23 24 25 26 27 28 29 30 31 32 33 34 35 36 55 56 57 59 60 61 62 63 64 65 66 67 68 69 70 71 72 73
(59,*) 0 1 2 3 4 5 6 7 8 9 10 11 12 13 14 15 16 17 18 19 20 21 22 23 24 25 26 27 28 29 30 31 32 33 34 35 36 55 56 57 58 60 61 62 63 64 65 66 67 68 69 70 71 72 73
(60,*) 0 1 2 3 4 5 6 7 8 9 10 11 12 13 14 15 16 17 18 19 20 21 22 23 24 25 26 27 28 29 30 31 32 33 34 35 36 55 56 57 58 59 61 62 63 64 65 66 67 68 69 70 71 72 73
(61,*) 0 1 2 3 4 5 6 7 8 9 10 11 12 13 14 15 16 17 18 19 20 21 22 23 24 25 26 27 28 29 30 31 32 33 34 35 36 55 56 57 58 59 60 62 63 64 65 66 67 68 69 70 71 72 73
(62,*) 0 1 2 3 4 5 6 7 8 9 10 11 12 13 14 15 16 17 18 19 20 21 22 23 24 25 26 27 28 29 30 31 32 33 34 35 36 55 56 57 58 59 60 61 63 64 65 66 67 68 69 70 71 72 73
(63,*) 0 1 2 3 4 5 6 7 8 9 10 11 12 13 14 15 16 17 18 19 20 21 22 23 24 25 26 27 28 29 30 31 32 33 34 35 36 55 56 57 58 59 60 61 62 64 65 66 67 68 69 70 71 72 73
(64,*) 0 1 2 3 4 5 6 7 8 9 10 11 12 13 14 15 16 17 18 19 20 21 22 23 24 25 26 27 28 29 30 31 32 33 34 35 36 55 56 57 58 59 60 61 62 63 65 66 67 68 69 70 71 72 73
(65,*) 0 1 2 3 4 5 6 7 8 9 10 11 12 13 14 15 16 17 18 19 20 21 22 23 24 25 26 27 28 29 30 31 32 33 34 35 36 55 56 57 58 59 60 61 62 63 64 66 67 68 69 70 71 72 73
(66,*) 0 1 2 3 4 5 6 7 8 9 10 11 12 13 14 15 16 17 18 19 20 21 22 23 24 25 26 27 28 29 30 31 32 33 34 35 36 55 56 57 58 59 60 61 62 63 64 65 67 68 69 70 71 72 73
(67,*) 0 1 2 3 4 5 6 7 8 9 10 11 12 13 14 15 16 17 18 19 20 21 22 23 24 25 26 27 28 29 30 31 32 33 34 35 36 55 56 57 58 59 60 61 62 63 64 65 66 68 69 70 71 72 73
(68,*) 0 1 2 3 4 5 6 7 8 9 10 11 12 13 14 15 16 17 18 19 20 21 22 23 24 25 26 27 28 29 30 31 32 33 34 35 36 55 56 57 58 59 60 61 62 63 64 65 66 67 69 70 71 72 73
(69,*) 0 1 2 3 4 5 6 7 8 9 10 11 12 13 14 15 16 17 18 19 20 21 22 23 24 25 26 27 28 29 30 31 32 33 34 35 36 55 56 57 58 59 60 61 62 63 64 65 66 67 68 70 71 72 73
(70,*) 0 1 2 3 4 5 6 7 8 9 10 11 12 13 14 15 16 17 18 19 20 21 22 23 24 25 26 27 28 29 30 31 32 33 34 35 36 55 56 57 58 59 60 61 62 63 64 65 66 67 68 69 71 72 73
(71,*) 0 1 2 3 4 5 6 7 8 9 10 11 12 13 14 15 16 17 18 19 20 21 22 23 24 25 26 27 28 29 30 31 32 33 34 35 36 55 56 57 58 59 60 61 62 63 64 65 66 67 68 69 70 72 73
(72,*) 0 1 2 3 4 5 6 7 8 9 10 11 12 13 14 15 16 17 18 19 20 21 22 23 24 25 26 27 28 29 30 31 32 33 34 35 36 55 56 57 58 59 60 61 62 63 64 65 66 67 68 69 70 71 73
(73,*) 0 1 2 3 4 5 6 7 8 9 10 11 12 13 14 15 16 17 18 19 20 21 22 23 24 25 26 27 28 29 30 31 32 33 34 35 36 55 56 57 58 59 60 61 62 63 64 65 66 67 68 69 70 71 72
;
set A2:=
(61,*) 62
(62,*) 61
(63,*) 64
(64,*) 63
;
param BigM:=99999;
param n:= 9;
param d:=
1	23
2	17
3	6
4	22
5	24
6	8
7	14
8	20
9	16
10	16
11	4
12	18
13	14
14	10
15	9
16	18
17	11
18	15
19	12
20	8
21	18
22	2
23	5
24	11
25	19
26	19
27	3
28	12
29	10
30	20
31	13
32	23
33	22
34	12
35	27
36	15
37	12
38	24
39	11
40	7
41	9
42	19
43	22
44	19
45	2
46	18
47	18
48	12
49	72
50	14
51	16
52	16
53	18
54	6
55	3
56	12
57	19
58	4
59	7
60	9
;
param Q:=100;
param w:=
[61,*] 62 1
[62,*] 61 1
[63,*] 64 1
[64,*] 63 1
;
param V:=
[61,*] 62 76
[62,*] 61 76
[63,*] 64 79
[64,*] 63 79
;
param f:=
61	100
62	100
63	100
64	100
65	100
66	100
67	100
68	100
69	100
70	100
71	100
72	100
73	100
;
param e:
	61	62	63	64	65	66	67	68	69	70	71	72	73:=
37	0	0	0	1	1	0	1	1	0	1	1	1	0	
38	0	0	0	1	1	0	1	1	1	1	1	1	1	
39	0	0	0	0	1	0	1	0	1	0	1	1	1	
40	0	1	0	1	1	0	1	1	0	1	1	1	0	
41	0	0	1	0	0	0	1	0	0	0	1	0	0	
42	1	0	0	1	1	0	1	0	1	0	1	0	1	
43	0	0	0	1	1	0	1	1	1	1	1	1	1	
44	0	0	0	1	1	0	1	1	1	1	1	1	1	
45	0	1	1	0	0	1	0	1	0	1	0	1	0	
46	1	0	0	0	1	0	1	0	1	0	1	0	1	
47	1	0	0	0	0	0	1	0	1	0	1	0	1	
48	0	0	0	1	0	0	0	1	0	0	0	0	0	
49	0	0	0	1	1	0	0	1	0	1	1	1	0	
50	0	1	0	0	0	1	0	1	0	1	0	1	0	
51	1	0	0	0	1	0	1	0	1	0	1	0	1	
52	1	0	0	0	0	0	0	0	1	0	0	0	1	
53	0	0	0	1	1	0	1	0	1	0	1	0	1	
54	0	1	1	0	0	1	1	1	0	1	0	1	0	
55	0	1	1	0	1	1	1	1	0	1	0	1	0	
56	1	0	0	0	1	0	1	0	1	0	1	0	1	
57	0	0	0	1	1	0	0	1	0	0	0	1	0	
58	0	0	0	1	1	0	1	1	1	0	1	0	1	
59	1	0	0	0	1	0	1	0	1	0	1	0	1	
60	0	1	0	1	0	0	0	1	0	1	0	1	0	
;
param p:=
1	1
2	1
3	1
4	1
5	1
6	1
7	1
8	1
9	1
;
param G:=
61	76
62	70
63	77
64	79
65	86
66	77
67	97
68	85
69	75
70	86
71	75
72	92
73	91
;
param s:=
0	0
1	15
2	15
3	15
4	15
5	15
6	15
7	15
8	15
9	15
10	15
11	15
12	15
13	15
14	15
15	15
16	15
17	15
18	15
19	15
20	15
21	15
22	15
23	15
24	15
25	15
26	15
27	15
28	15
29	15
30	15
31	15
32	15
33	15
34	15
35	15
36	15
55	15
56	15
57	15
58	15
59	15
60	15
61	10
62	10
63	10
64	10
65	10
66	10
67	10
68	10
69	10
70	10
71	10
72	10
73	10
;
param t:
	0	1	2	3	4	5	6	7	8	9	10	11	12	13	14	15	16	17	18	19	20	21	22	23	24	25	26	27	28	29	30	31	32	33	34	35	36	37	38	39	40	41	42	43	44	45	46	47	48	49	50	51	52	53	54	55	56	57	58	59	60	61	62	63	64	65	66	67	68	69	70	71	72	73:=
0	0.0	37.74	54.92	32.98	61.22	50.99	24.74	14.42	8.25	36.06	40.0	22.36	17.09	48.41	63.15	38.83	36.06	59.09	43.86	30.0	37.95	63.56	10.2	36.77	34.0	31.3	61.19	72.11	36.06	38.47	43.86	10.77	50.99	71.22	31.3	29.73	30.27	38.47	14.0	10.0	41.76	44.94	28.07	14.0	29.73	51.42	26.08	36.06	56.32	42.76	49.52	27.2	38.63	12.81	48.17	48.17	32.56	42.19	28.64	14.56	49.48	40.61	64.2	51.16	42.19	8.6	63.98	10.05	40.0	6.4	47.2	7.28	40.0	11.0
1	37.74	0.0	78.64	65.6	82.0	71.39	51.11	40.0	45.65	70.34	14.42	32.31	50.0	64.56	60.83	55.32	69.66	65.51	80.92	14.56	25.61	69.34	28.43	58.31	71.69	66.48	92.35	94.15	34.0	19.8	72.03	29.73	71.39	91.21	34.23	42.76	16.12	71.39	50.16	28.64	72.44	27.2	56.6	50.16	60.83	53.25	18.97	22.36	89.11	74.97	67.91	13.42	34.23	50.0	45.61	65.97	14.0	77.79	66.24	44.05	80.4	45.0	77.47	41.77	79.92	41.79	70.18	34.48	64.12	36.12	62.64	36.4	57.27	29.0
2	54.92	78.64	0.0	72.72	8.25	8.94	74.97	68.41	49.68	29.73	70.03	77.18	38.42	17.89	46.69	24.08	72.47	32.56	64.03	64.28	58.31	34.41	62.61	20.4	48.7	66.24	22.8	17.2	48.37	64.12	13.42	53.85	8.94	17.2	86.09	36.06	80.32	25.3	43.86	56.46	18.97	63.15	75.29	43.86	26.91	39.45	77.25	88.02	26.0	22.36	13.42	75.29	93.06	55.17	45.69	15.23	81.61	34.23	46.52	66.6	18.11	95.44	22.14	54.23	52.95	46.32	33.84	49.24	15.23	61.29	19.7	49.65	22.09	64.41
3	32.98	65.6	72.72	0.0	80.62	72.5	16.12	25.61	30.0	44.05	71.55	35.61	38.83	73.38	94.09	65.51	4.47	87.48	22.0	61.74	70.88	91.78	38.47	60.73	27.2	7.21	68.12	88.81	68.73	70.94	59.36	43.68	72.5	89.89	40.25	60.03	52.35	48.41	32.56	42.38	54.41	77.79	10.77	32.56	46.52	82.1	48.08	53.25	61.22	52.5	72.8	52.5	47.54	22.0	80.1	72.11	55.17	44.05	26.91	21.63	59.46	40.61	88.6	83.86	29.73	37.01	91.98	42.58	60.93	30.87	72.8	39.46	65.97	37.22
4	61.22	82.0	8.25	80.62	0.0	10.77	82.22	75.07	56.57	37.95	72.25	83.23	45.25	18.0	43.27	26.68	80.5	28.84	72.28	67.47	60.03	29.73	68.26	25.06	56.92	74.24	28.64	12.17	50.04	66.12	21.54	59.06	10.77	10.0	92.09	39.29	85.09	33.53	50.99	61.77	27.2	64.12	82.8	50.99	34.41	37.95	82.29	93.04	32.98	30.59	14.14	79.85	98.79	62.48	45.12	16.12	86.16	42.43	54.63	73.54	26.0	101.83	15.81	53.6	61.19	52.63	29.0	54.71	21.26	67.62	20.0	55.47	24.74	70.18
5	50.99	71.39	8.94	72.5	10.77	0.0	72.8	65.05	46.86	32.06	62.03	72.8	35.61	8.94	38.21	16.12	72.8	24.41	66.48	56.89	50.04	26.83	57.69	14.42	50.64	66.48	31.11	22.8	40.05	56.0	16.12	48.37	0.0	20.59	81.61	28.64	74.32	28.0	41.62	51.11	22.09	54.59	73.78	41.62	26.0	30.53	71.55	82.29	33.29	26.31	4.47	69.08	88.2	53.25	36.77	6.32	75.39	38.21	47.54	63.78	24.17	91.55	17.03	45.31	56.04	42.45	26.4	44.1	11.66	57.38	10.77	45.0	14.14	59.64
6	24.74	51.11	74.97	16.12	82.22	72.8	0.0	12.17	26.08	49.4	58.82	19.8	37.2	71.69	87.86	62.61	20.59	83.57	36.88	49.48	60.3	88.02	26.31	59.36	36.88	20.4	75.18	91.93	60.13	59.23	62.29	34.06	72.8	92.02	24.17	54.41	36.88	53.25	31.24	32.0	58.41	66.75	5.66	31.24	48.08	76.16	32.8	37.2	68.88	57.69	72.11	37.74	31.62	19.8	72.69	71.02	39.7	52.0	34.18	10.2	64.9	26.02	87.46	75.03	42.05	31.78	88.39	34.71	61.22	20.02	70.71	32.02	63.53	24.52
7	14.42	40.0	68.41	25.61	75.07	65.05	12.17	0.0	18.87	46.17	46.82	12.17	30.0	62.8	76.66	53.25	29.73	73.35	42.94	37.36	48.17	77.82	14.14	50.99	38.21	27.2	72.11	85.6	48.37	47.07	56.6	22.36	65.05	85.04	20.1	43.86	27.2	49.4	25.06	20.1	53.67	54.59	17.09	25.06	42.19	65.15	22.8	29.73	66.48	53.85	63.78	26.91	28.07	16.12	61.19	62.48	30.0	50.64	34.0	4.47	60.93	27.29	78.6	63.13	45.12	22.67	78.26	23.77	53.81	8.54	61.61	21.47	54.41	12.37
8	8.25	45.65	49.68	30.0	56.57	46.86	26.08	18.87	0.0	28.28	46.69	29.12	11.31	45.65	64.12	36.77	32.25	58.24	37.2	36.77	42.94	62.64	18.44	33.29	26.08	26.68	53.85	66.84	39.29	44.41	37.74	16.97	46.86	66.48	37.95	30.07	38.47	31.05	6.32	17.2	34.93	50.12	27.86	6.32	23.32	52.15	34.23	44.0	48.66	35.44	46.04	35.44	45.61	8.0	50.16	44.94	40.79	34.06	20.59	16.97	42.38	46.14	61.4	54.34	34.41	7.07	62.94	13.89	35.38	13.15	44.72	10.82	37.58	19.1
9	36.06	70.34	29.73	44.05	37.95	32.06	49.4	46.17	28.28	0.0	67.08	57.27	20.4	36.5	64.62	33.11	43.27	53.37	34.53	58.31	58.82	56.89	46.0	26.0	18.97	37.2	26.0	44.94	50.99	62.77	16.49	40.79	32.06	46.52	65.97	36.77	66.03	4.47	22.09	42.43	10.77	65.6	48.41	22.09	11.31	53.67	62.0	72.11	20.4	8.49	34.06	62.29	73.76	30.46	56.04	34.23	68.12	8.49	17.2	43.08	15.62	73.16	49.09	63.25	24.0	29.15	56.72	35.9	22.36	41.44	36.88	34.37	32.31	47.04
10	40.0	14.42	70.03	71.55	72.25	62.03	58.82	46.82	46.69	67.08	0.0	42.19	47.71	54.33	46.86	46.0	75.18	52.8	83.74	10.0	12.65	56.36	33.11	50.36	72.25	71.02	86.35	84.38	22.36	6.32	65.51	29.73	62.03	80.89	46.17	34.23	28.64	67.23	49.68	30.0	67.05	12.81	63.91	49.68	56.46	40.25	30.07	36.06	84.12	70.23	58.14	24.08	47.54	52.8	32.25	56.14	27.2	75.18	66.6	50.16	74.73	57.56	65.8	27.59	80.72	41.11	57.25	33.3	56.57	40.71	52.35	36.07	48.0	34.54
11	22.36	32.31	77.18	35.61	83.23	72.8	19.8	12.17	29.12	57.27	42.19	0.0	39.4	69.31	78.79	59.4	40.0	77.67	54.63	34.06	46.69	82.1	15.62	58.41	50.36	38.47	82.97	94.34	49.4	44.05	66.21	25.61	72.8	93.23	8.94	48.41	17.2	60.17	35.44	22.8	63.91	52.15	25.46	35.44	52.0	68.0	13.42	17.89	77.67	64.56	70.94	18.97	16.49	28.0	62.77	69.43	20.0	62.29	46.04	16.49	71.47	19.21	84.86	63.06	57.27	30.89	82.66	29.0	62.13	16.16	67.88	27.8	60.83	13.45
12	17.09	50.0	38.42	38.83	45.25	35.61	37.2	30.0	11.31	20.4	47.71	39.4	0.0	34.93	56.14	26.68	40.2	48.66	40.5	38.47	41.04	52.95	26.31	22.36	26.08	34.06	44.41	55.61	34.99	44.05	26.83	20.4	35.61	55.17	48.33	22.8	46.04	22.0	6.32	22.09	24.74	48.17	38.47	6.32	12.65	44.18	42.19	52.61	40.0	26.08	34.99	42.05	55.71	17.89	43.68	34.0	48.0	27.86	20.59	28.28	32.56	57.14	50.54	49.24	34.41	9.06	53.15	15.52	24.08	23.26	34.18	14.04	27.2	27.66
13	48.41	64.56	17.89	73.38	18.0	8.94	71.69	62.8	45.65	36.5	54.33	69.31	34.93	0.0	30.0	10.0	74.22	17.09	70.0	50.0	42.05	20.4	53.81	12.65	54.0	67.91	39.7	30.07	32.06	48.17	22.36	44.05	8.94	26.68	77.9	22.36	68.96	32.98	41.23	46.86	27.86	46.17	73.35	41.23	28.07	21.63	66.57	77.18	41.23	32.31	4.47	63.53	84.02	52.8	27.86	2.83	69.77	43.68	50.16	62.13	31.62	88.39	15.81	36.4	60.3	40.22	20.22	40.31	14.14	54.67	2.0	41.77	8.49	55.9
14	63.15	60.83	46.69	94.09	43.27	38.21	87.86	76.66	64.12	64.62	46.86	78.79	56.14	30.0	0.0	31.62	96.0	14.42	95.71	48.41	35.38	14.56	63.91	38.63	80.05	90.02	69.31	52.8	29.53	41.04	52.15	54.41	38.21	47.54	85.88	34.06	71.61	61.74	62.03	56.92	57.31	34.41	91.08	62.03	54.41	12.0	71.02	80.0	71.22	61.77	34.06	66.03	89.89	72.11	16.12	32.8	71.22	72.5	75.31	77.67	61.61	97.49	29.15	19.42	87.36	57.22	15.52	53.15	42.94	68.15	28.84	55.9	32.31	66.13
15	38.83	55.32	24.08	65.51	26.68	16.12	62.61	53.25	36.77	33.11	46.0	59.4	26.68	10.0	31.62	0.0	66.75	22.09	64.5	40.79	34.23	26.31	43.86	7.21	48.66	60.53	42.94	38.83	24.33	40.05	22.8	34.06	16.12	36.06	67.94	12.65	59.06	30.53	32.98	36.88	26.91	39.29	64.62	32.98	22.8	20.59	56.6	67.23	42.8	31.24	12.65	53.67	74.03	44.27	24.08	10.77	59.93	41.18	44.18	52.84	32.8	78.52	25.5	32.2	55.79	30.89	26.48	30.41	12.81	45.0	8.49	32.02	2.0	45.97
16	36.06	69.66	72.47	4.47	80.5	72.8	20.59	29.73	32.25	43.27	75.18	40.0	40.2	74.22	96.0	66.75	0.0	88.81	18.11	65.3	74.0	93.06	42.19	61.61	25.46	6.32	66.48	88.2	71.39	74.32	59.06	46.82	72.8	89.55	44.72	62.03	56.64	47.71	34.06	45.69	53.85	80.99	15.23	34.06	46.82	84.0	52.35	57.69	59.46	51.61	73.38	56.64	52.0	24.33	82.39	72.8	59.46	42.43	26.08	25.61	58.41	44.91	89.19	86.49	26.83	39.32	93.21	45.35	61.35	34.48	73.76	42.2	67.08	41.05
17	59.09	65.51	32.56	87.48	28.84	24.41	83.57	73.35	58.24	53.37	52.8	77.67	48.66	17.09	14.42	22.09	88.81	0.0	86.21	51.61	40.25	4.47	62.13	28.07	70.26	82.61	55.32	38.63	31.62	46.52	39.4	52.15	24.41	33.53	85.6	29.53	73.59	50.0	54.92	54.92	44.94	41.76	86.02	54.92	44.18	12.65	72.14	82.07	57.69	49.4	20.59	67.94	90.69	65.97	20.88	19.7	73.76	60.73	66.03	73.54	48.37	96.83	15.3	28.16	76.94	51.87	5.0	49.65	31.05	64.85	16.49	51.89	22.0	64.35
18	43.86	80.92	64.03	22.0	72.28	66.48	36.88	42.94	37.2	34.53	83.74	54.63	40.5	70.0	95.71	64.5	18.11	86.21	0.0	73.76	79.92	90.09	52.5	58.14	16.0	16.49	53.25	78.0	75.15	81.61	50.99	54.04	66.48	80.32	60.73	63.25	69.97	38.83	35.78	53.81	45.12	87.13	32.25	35.78	42.05	83.95	65.51	72.5	46.04	41.76	68.12	68.82	68.41	31.11	84.12	68.03	72.72	30.46	20.4	38.47	47.54	62.39	83.49	89.69	11.66	43.57	90.05	51.04	56.04	44.82	70.03	48.01	64.28	52.01
19	30.0	14.56	64.28	61.74	67.47	56.89	49.48	37.36	36.77	58.31	10.0	34.06	38.47	50.0	48.41	40.79	65.3	51.61	73.76	0.0	13.42	55.61	23.41	44.05	62.48	61.06	78.92	79.62	20.0	10.0	58.31	19.8	56.89	76.66	39.29	28.28	23.32	58.82	40.0	20.0	59.23	18.11	54.41	40.0	48.08	39.7	23.41	31.62	76.16	62.1	53.37	17.89	42.05	42.8	32.56	51.42	22.8	66.21	56.85	40.5	67.08	50.96	63.07	30.41	70.94	31.4	56.4	23.6	50.0	30.87	48.08	26.25	42.76	25.0
20	37.95	25.61	58.31	70.88	60.03	50.04	60.3	48.17	42.94	58.82	12.65	46.69	41.04	42.05	35.38	34.23	74.0	40.25	79.92	13.42	0.0	43.91	34.06	39.29	66.84	69.08	75.89	72.11	10.0	6.32	55.03	27.2	50.04	68.47	52.5	23.41	36.72	58.31	44.41	28.64	57.27	7.21	64.78	44.41	47.71	27.78	36.77	44.94	74.32	60.83	46.0	31.3	55.46	50.16	20.0	44.0	36.06	67.2	61.22	50.64	64.62	64.2	53.16	17.0	75.29	36.36	44.78	29.07	45.61	40.61	40.05	32.2	36.22	36.01
21	63.56	69.34	34.41	91.78	29.73	26.83	88.02	77.82	62.64	56.89	56.36	82.1	52.95	20.4	14.56	26.31	93.06	4.47	90.09	55.61	43.91	0.0	66.57	32.0	74.11	86.83	57.2	38.47	35.61	50.12	42.38	56.6	26.83	33.11	90.0	34.0	77.79	53.37	59.23	59.36	48.08	44.94	90.44	59.23	48.04	16.12	76.42	86.28	60.03	52.5	23.41	72.14	95.02	70.34	24.17	22.8	77.9	64.03	70.0	78.0	50.99	101.26	14.76	30.81	80.62	56.3	1.0	54.12	34.53	69.32	20.1	56.36	26.08	68.8
22	10.2	28.43	62.61	38.47	68.26	57.69	26.31	14.14	18.44	46.0	33.11	15.62	26.31	53.81	63.91	43.86	42.19	62.13	52.5	23.41	34.06	66.57	0.0	43.27	43.86	38.42	70.71	79.65	34.93	32.98	52.5	10.0	57.69	78.23	24.08	32.8	20.1	48.17	24.08	7.21	50.99	40.45	31.05	24.08	38.83	52.8	16.0	26.31	66.12	52.35	55.61	17.09	30.53	21.63	48.08	54.04	22.36	52.35	38.63	17.09	58.86	34.83	69.3	49.37	51.88	17.26	67.12	13.6	47.41	7.81	52.35	13.0	45.34	2.24
23	36.77	58.31	20.4	60.73	25.06	14.42	59.36	50.99	33.29	26.0	50.36	58.41	22.36	12.65	38.63	7.21	61.61	28.07	58.14	44.05	39.29	32.0	43.27	0.0	42.19	55.32	36.77	36.77	29.73	44.72	16.12	34.0	14.42	34.99	67.2	16.12	60.17	23.32	28.64	36.72	19.8	44.94	60.83	28.64	16.12	27.78	57.27	68.03	36.06	24.08	12.81	55.03	73.78	40.25	31.11	11.66	61.35	34.0	38.0	50.0	26.08	77.23	28.18	39.05	49.03	28.32	32.02	29.68	6.32	43.14	12.17	30.61	6.32	45.22
24	34.0	71.69	48.7	27.2	56.92	50.64	36.88	38.21	26.08	18.97	72.25	50.36	26.08	54.0	80.05	48.66	25.46	70.26	16.0	62.48	66.84	74.11	43.86	42.19	0.0	20.0	41.04	63.53	61.06	69.31	35.44	42.8	50.64	65.39	58.03	48.33	63.25	23.41	22.63	43.27	29.73	74.03	34.18	22.63	26.08	68.41	58.82	67.47	34.06	26.83	52.15	60.93	66.03	22.8	69.08	52.04	65.79	16.97	5.66	34.06	33.29	62.65	67.6	75.13	8.49	31.14	74.06	38.95	40.05	37.0	54.04	36.24	48.37	44.01
25	31.3	66.48	66.24	7.21	74.24	66.48	20.4	27.2	26.68	37.2	71.02	38.47	34.06	67.91	90.02	60.53	6.32	82.61	16.49	61.06	69.08	86.83	38.42	55.32	20.0	0.0	60.96	82.1	65.97	69.77	52.84	42.05	66.48	83.35	44.27	56.14	54.41	41.62	28.0	41.18	47.71	76.16	16.0	28.0	40.5	78.03	50.0	56.36	54.04	45.61	67.05	53.81	51.92	18.97	76.66	66.48	57.2	36.88	20.0	22.8	52.5	46.1	82.86	81.02	22.8	33.73	86.98	40.16	55.03	30.61	67.47	37.0	60.83	37.54
26	61.19	92.35	22.8	68.12	28.64	31.11	75.18	72.11	53.85	26.0	86.35	82.97	44.41	39.7	69.31	42.94	66.48	55.32	53.25	78.92	75.89	57.2	70.71	36.77	41.04	60.96	0.0	28.0	66.48	81.04	20.88	64.03	31.11	32.25	91.76	52.5	90.35	22.8	47.54	66.12	20.0	81.71	73.78	47.54	32.06	61.22	86.58	97.02	7.21	18.44	35.38	86.09	99.46	56.46	66.57	36.88	92.2	24.08	41.62	69.08	12.0	99.16	44.29	74.95	41.62	53.46	56.61	59.03	30.46	66.94	41.23	58.22	41.18	72.01
27	72.11	94.15	17.2	88.81	12.17	22.8	91.93	85.6	66.84	44.94	84.38	94.34	55.61	30.07	52.8	38.83	88.2	38.63	78.0	79.62	72.11	38.47	79.65	36.77	63.53	82.1	28.0	0.0	62.13	78.23	29.73	70.68	22.8	5.66	103.25	51.42	96.93	40.5	60.96	73.35	34.41	76.03	92.02	60.96	43.86	49.03	94.02	104.79	34.23	36.72	26.31	91.76	110.15	72.14	56.57	28.28	98.08	47.54	62.13	83.74	30.46	112.65	23.71	64.94	66.48	63.51	37.59	66.19	32.25	78.49	32.06	66.73	36.88	81.49
28	36.06	34.0	48.37	68.73	50.04	40.05	60.13	48.37	39.29	50.99	22.36	49.4	34.99	32.06	29.53	24.33	71.39	31.62	75.15	20.0	10.0	35.61	34.93	29.73	61.06	65.97	66.48	62.13	0.0	16.12	45.69	26.08	40.05	58.55	56.36	14.42	42.52	50.0	39.4	28.28	48.37	15.23	64.0	39.4	39.7	19.8	41.62	50.99	65.3	52.15	36.0	36.88	60.46	47.07	13.42	34.0	42.43	59.46	55.57	50.04	55.46	67.98	43.66	15.13	69.34	32.28	36.4	26.17	36.06	40.11	30.07	29.27	26.31	37.11
29	38.47	19.8	64.12	70.94	66.12	56.0	59.23	47.07	44.41	62.77	6.32	44.05	44.05	48.17	41.04	40.05	74.32	46.52	81.61	10.0	6.32	50.12	32.98	44.72	69.31	69.77	81.04	78.23	16.12	0.0	60.17	27.78	56.0	74.67	49.03	28.64	32.31	62.61	46.69	28.64	62.03	8.25	64.03	46.69	51.88	34.0	32.98	40.25	79.12	65.39	52.04	27.2	51.26	51.11	26.08	50.04	31.3	71.02	63.66	50.0	69.57	60.64	59.48	22.02	77.79	38.29	51.0	30.61	50.99	40.16	46.17	33.6	42.05	34.71
30	43.86	72.03	13.42	59.36	21.54	16.12	62.29	56.6	37.74	16.49	65.51	66.21	26.83	22.36	52.15	22.8	59.06	39.4	50.99	58.31	55.03	42.38	52.5	16.12	35.44	52.84	20.88	29.73	45.69	60.17	0.0	44.72	16.12	30.53	75.15	31.62	71.39	12.17	31.62	47.07	6.0	60.93	62.29	31.62	14.42	42.52	67.91	78.59	20.0	10.2	18.97	66.75	82.46	42.52	46.86	19.7	72.99	22.09	33.11	54.41	10.0	83.86	33.02	55.0	40.2	35.47	42.06	39.81	10.0	50.09	23.32	39.56	21.26	54.08
31	10.77	29.73	53.85	43.68	59.06	48.37	34.06	22.36	16.97	40.79	29.73	25.61	20.4	44.05	54.41	34.06	46.82	52.15	54.04	19.8	27.2	56.6	10.0	34.0	42.8	42.05	64.03	70.68	26.08	27.78	44.72	0.0	48.37	68.96	33.94	22.8	26.68	42.19	20.59	2.83	44.05	34.18	38.05	20.59	32.0	43.08	23.41	34.18	60.13	46.04	46.04	22.09	40.0	23.32	38.83	44.41	28.28	48.08	37.2	24.0	52.04	44.82	59.41	41.0	51.22	12.08	57.14	5.0	38.63	14.04	42.52	6.71	35.61	12.21
32	50.99	71.39	8.94	72.5	10.77	0.0	72.8	65.05	46.86	32.06	62.03	72.8	35.61	8.94	38.21	16.12	72.8	24.41	66.48	56.89	50.04	26.83	57.69	14.42	50.64	66.48	31.11	22.8	40.05	56.0	16.12	48.37	0.0	20.59	81.61	28.64	74.32	28.0	41.62	51.11	22.09	54.59	73.78	41.62	26.0	30.53	71.55	82.29	33.29	26.31	4.47	69.08	88.2	53.25	36.77	6.32	75.39	38.21	47.54	63.78	24.17	91.55	17.03	45.31	56.04	42.45	26.4	44.1	11.66	57.38	10.77	45.0	14.14	59.64
33	71.22	91.21	17.2	89.89	10.0	20.59	92.02	85.04	66.48	46.52	80.89	93.23	55.17	26.68	47.54	36.06	89.55	33.53	80.32	76.66	68.47	33.11	78.23	34.99	65.39	83.35	32.25	5.66	58.55	74.67	30.53	68.96	20.59	0.0	102.08	48.7	94.85	42.05	60.83	71.69	35.78	72.03	92.46	60.83	44.05	44.41	92.13	102.86	38.0	38.63	23.41	89.55	108.76	72.25	52.15	25.3	95.85	50.0	63.53	83.45	32.98	111.83	18.38	60.41	68.96	62.63	32.2	64.66	31.24	77.62	28.64	65.46	34.18	80.16
34	31.3	34.23	86.09	40.25	92.09	81.61	24.17	20.1	37.95	65.97	46.17	8.94	48.33	77.9	85.88	67.94	44.72	85.6	60.73	39.29	52.5	90.0	24.08	67.2	58.03	44.27	91.76	103.25	56.36	49.03	75.15	33.94	81.61	102.08	0.0	56.64	18.11	68.96	44.27	31.11	72.8	57.27	29.53	44.27	60.93	75.47	16.12	14.42	86.35	73.38	79.65	22.09	8.0	36.22	69.77	78.1	20.4	70.71	54.04	24.0	80.32	11.7	93.35	69.29	64.5	39.82	90.6	37.64	71.02	25.08	76.42	36.62	69.43	22.02
35	29.73	42.76	36.06	60.03	39.29	28.64	54.41	43.86	30.07	36.77	34.23	48.41	22.8	22.36	34.06	12.65	62.03	29.53	63.25	28.28	23.41	34.0	32.8	16.12	48.33	56.14	52.5	51.42	14.42	28.64	31.62	22.8	28.64	48.7	56.64	0.0	46.65	35.61	28.28	25.61	34.0	29.53	57.27	28.28	25.46	22.09	44.41	54.92	50.99	37.74	25.3	41.18	62.29	38.05	20.88	23.41	47.41	45.25	43.08	44.27	41.23	67.62	37.01	26.93	56.36	23.19	34.48	20.12	22.36	35.34	20.59	22.47	14.56	35.0
36	30.27	16.12	80.32	52.35	85.09	74.32	36.88	27.2	38.47	66.03	28.64	17.2	46.04	68.96	71.61	59.06	56.64	73.59	69.97	23.32	36.72	77.79	20.1	60.17	63.25	54.41	90.35	96.93	42.52	32.31	71.39	26.68	74.32	94.85	18.11	46.65	0.0	68.03	44.18	24.33	70.46	40.5	42.52	44.18	58.31	62.29	4.47	8.49	86.02	72.11	71.55	5.66	18.97	40.5	55.61	69.77	2.83	72.44	58.24	31.62	78.41	29.07	83.49	53.71	70.94	37.01	78.52	31.58	65.15	26.25	67.23	32.14	60.83	19.42
37	38.47	71.39	25.3	48.41	33.53	28.0	53.25	49.4	31.05	4.47	67.23	60.17	22.0	32.98	61.74	30.53	47.71	50.0	38.83	58.82	58.31	53.37	48.17	23.32	23.41	41.62	22.8	40.5	50.0	62.61	12.17	42.19	28.0	42.05	68.96	35.61	68.03	0.0	24.74	44.05	6.32	64.9	52.5	24.74	10.77	51.11	64.12	74.43	18.0	4.47	30.27	64.03	76.66	34.0	54.04	30.59	70.0	10.77	21.63	46.52	11.66	76.56	45.01	61.55	28.07	31.02	53.15	37.22	18.97	44.15	33.53	36.01	29.53	49.37
38	14.0	50.16	43.86	32.56	50.99	41.62	31.24	25.06	6.32	22.09	49.68	35.44	6.32	41.23	62.03	32.98	34.06	54.92	35.78	40.0	44.41	59.23	24.08	28.64	22.63	28.0	47.54	60.96	39.4	46.69	31.62	20.59	41.62	60.83	44.27	28.28	44.18	24.74	0.0	21.54	28.64	51.61	32.25	0.0	17.2	50.04	40.05	50.04	42.43	29.12	41.18	40.79	51.92	11.66	49.03	40.25	46.39	28.28	16.97	22.8	36.06	52.35	56.8	54.08	31.11	8.6	59.44	16.4	30.0	19.42	40.5	13.89	33.53	25.0
39	10.0	28.64	56.46	42.38	61.77	51.11	32.0	20.1	17.2	42.43	30.0	22.8	22.09	46.86	56.92	36.88	45.69	54.92	53.81	20.0	28.64	59.36	7.21	36.72	43.27	41.18	66.12	73.35	28.28	28.64	47.07	2.83	51.11	71.69	31.11	25.61	24.33	44.05	21.54	0.0	46.17	35.44	36.22	21.54	34.06	45.69	20.88	31.62	62.03	48.0	48.83	20.0	37.2	22.8	41.23	47.2	26.08	49.48	37.74	22.09	54.15	42.01	62.24	43.05	51.61	13.34	59.91	7.28	41.23	12.04	45.34	8.06	38.42	9.43
40	41.76	72.44	18.97	54.41	27.2	22.09	58.41	53.67	34.93	10.77	67.05	63.91	24.74	27.86	57.31	26.91	53.85	44.94	45.12	59.23	57.27	48.08	50.99	19.8	29.73	47.71	20.0	34.41	48.37	62.03	6.0	44.05	22.09	35.78	72.8	34.0	70.46	6.32	28.64	46.17	0.0	63.53	58.0	28.64	12.17	47.2	66.75	77.28	17.09	4.47	24.74	66.12	80.32	38.83	50.91	25.3	72.25	16.12	27.78	51.11	8.0	80.95	39.01	58.8	34.23	33.73	47.8	39.05	14.42	47.76	28.64	38.33	25.61	52.39
41	44.94	27.2	63.15	77.79	64.12	54.59	66.75	54.59	50.12	65.6	12.81	52.15	48.17	46.17	34.41	39.29	80.99	41.76	87.13	18.11	7.21	44.94	40.45	44.94	74.03	76.16	81.71	76.03	15.23	8.25	60.93	34.18	54.59	72.03	57.27	29.53	40.5	64.9	51.61	35.44	63.53	0.0	71.39	51.61	54.41	29.12	41.23	48.33	80.5	67.23	50.36	35.44	59.46	57.27	20.88	48.37	39.4	74.03	68.41	57.27	70.68	68.88	55.73	15.0	82.46	43.57	45.88	36.24	51.26	47.3	44.18	39.36	41.23	42.3
42	28.07	56.6	75.29	10.77	82.8	73.78	5.66	17.09	27.86	48.41	63.91	25.46	38.47	73.35	91.08	64.62	15.23	86.02	32.25	54.41	64.78	90.44	31.05	60.83	34.18	16.0	73.78	92.02	64.0	64.03	62.29	38.05	73.78	92.46	29.53	57.27	42.52	52.5	32.25	36.22	58.0	71.39	0.0	32.25	48.41	79.25	38.42	42.8	67.23	56.85	73.43	43.27	36.77	20.59	76.24	72.47	45.34	50.12	32.25	14.14	64.03	30.15	89.01	79.03	38.47	34.21	90.76	38.12	62.13	24.19	72.5	35.23	65.39	29.41
43	14.0	50.16	43.86	32.56	50.99	41.62	31.24	25.06	6.32	22.09	49.68	35.44	6.32	41.23	62.03	32.98	34.06	54.92	35.78	40.0	44.41	59.23	24.08	28.64	22.63	28.0	47.54	60.96	39.4	46.69	31.62	20.59	41.62	60.83	44.27	28.28	44.18	24.74	0.0	21.54	28.64	51.61	32.25	0.0	17.2	50.04	40.05	50.04	42.43	29.12	41.18	40.79	51.92	11.66	49.03	40.25	46.39	28.28	16.97	22.8	36.06	52.35	56.8	54.08	31.11	8.6	59.44	16.4	30.0	19.42	40.5	13.89	33.53	25.0
44	29.73	60.83	26.91	46.52	34.41	26.0	48.08	42.19	23.32	11.31	56.46	52.0	12.65	28.07	54.41	22.8	46.82	44.18	42.05	48.08	47.71	48.04	38.83	16.12	26.08	40.5	32.06	43.86	39.7	51.88	14.42	32.0	26.0	44.05	60.93	25.46	58.31	10.77	17.2	34.06	12.17	54.41	48.41	17.2	0.0	43.08	54.59	65.12	28.28	14.14	26.68	54.04	68.35	28.28	44.94	26.31	60.13	19.8	22.09	40.0	20.1	69.46	42.45	52.01	32.98	21.59	48.01	27.0	14.56	35.85	28.0	26.17	22.36	40.26
45	51.42	53.25	39.45	82.1	37.95	30.53	76.16	65.15	52.15	53.67	40.25	68.0	44.18	21.63	12.0	20.59	84.0	12.65	83.95	39.7	27.78	16.12	52.8	27.78	68.41	78.03	61.22	49.03	19.8	34.0	42.52	43.08	30.53	44.41	75.47	22.09	62.29	51.11	50.04	45.69	47.2	29.12	79.25	50.04	43.08	0.0	61.22	70.77	62.23	51.61	26.08	56.64	80.0	60.13	8.25	24.41	62.23	61.77	63.56	65.97	52.35	86.95	27.02	16.03	75.89	45.28	17.0	41.48	32.8	56.61	20.0	44.15	21.63	55.04
46	26.08	18.97	77.25	48.08	82.29	71.55	32.8	22.8	34.23	62.0	30.07	13.42	42.19	66.57	71.02	56.6	52.35	72.14	65.51	23.41	36.77	76.42	16.0	57.27	58.82	50.0	86.58	94.02	41.62	32.98	67.91	23.41	71.55	92.13	16.12	44.41	4.47	64.12	40.05	20.88	66.75	41.23	38.42	40.05	54.59	61.22	0.0	10.77	82.1	68.26	68.96	6.0	18.87	36.06	54.92	67.23	7.21	68.26	53.85	27.2	74.67	27.66	81.4	53.71	66.48	33.14	77.1	28.16	62.03	21.84	64.9	28.44	58.31	15.13
47	36.06	22.36	88.02	53.25	93.04	82.29	37.2	29.73	44.0	72.11	36.06	17.89	52.61	77.18	80.0	67.23	57.69	82.07	72.5	31.62	44.94	86.28	26.31	68.03	67.47	56.36	97.02	104.79	50.99	40.25	78.59	34.18	82.29	102.86	14.42	54.92	8.49	74.43	50.04	31.62	77.28	48.33	42.8	50.04	65.12	70.77	10.77	0.0	92.35	78.64	79.65	14.14	12.0	44.72	64.03	77.9	8.94	78.03	62.8	34.18	85.16	23.35	91.84	61.91	74.73	43.57	87.0	38.9	72.8	31.06	75.47	39.05	68.96	25.08
48	56.32	89.11	26.0	61.22	32.98	33.29	68.88	66.48	48.66	20.4	84.12	77.67	40.0	41.23	71.22	42.8	59.46	57.69	46.04	76.16	74.32	60.03	66.12	36.06	34.06	54.04	7.21	34.23	65.3	79.12	20.0	60.13	33.29	38.0	86.35	50.99	86.02	18.0	42.43	62.03	17.09	80.5	67.23	42.43	28.28	62.23	82.1	92.35	0.0	14.14	37.2	82.02	94.15	50.6	66.84	38.42	88.0	17.2	34.99	63.25	10.0	93.3	48.1	75.0	34.41	49.01	59.54	55.15	30.0	61.81	42.52	54.01	41.23	67.27
49	42.76	74.97	22.36	52.5	30.59	26.31	57.69	53.85	35.44	8.49	70.23	64.56	26.08	32.31	61.77	31.24	51.61	49.4	41.76	62.1	60.83	52.5	52.35	24.08	26.83	45.61	18.44	36.72	52.15	65.39	10.2	46.04	26.31	38.63	73.38	37.74	72.11	4.47	29.12	48.0	4.47	67.23	56.85	29.12	14.14	51.61	68.26	78.64	14.14	0.0	29.12	68.0	81.04	38.47	55.17	29.73	74.03	12.0	25.61	50.99	7.21	81.02	43.1	62.97	30.59	35.13	52.2	41.05	18.87	48.51	33.11	40.01	30.0	53.6
50	49.52	67.91	13.42	72.8	14.14	4.47	72.11	63.78	46.04	34.06	58.14	70.94	34.99	4.47	34.06	12.65	73.38	20.59	68.12	53.37	46.0	23.41	55.61	12.81	52.15	67.05	35.38	26.31	36.0	52.04	18.97	46.04	4.47	23.41	79.65	25.3	71.55	30.27	41.18	48.83	24.74	50.36	73.43	41.18	26.68	26.08	68.96	79.65	37.2	29.12	0.0	66.21	86.02	52.84	32.31	2.0	72.5	40.79	48.66	62.8	27.78	89.87	15.81	40.85	58.03	41.11	23.09	42.01	12.17	55.87	6.32	43.19	10.77	57.63
51	27.2	13.42	75.29	52.5	79.85	69.08	37.74	26.91	35.44	62.29	24.08	18.97	42.05	63.53	66.03	53.67	56.64	67.94	68.82	17.89	31.3	72.14	17.09	55.03	60.93	53.81	86.09	91.76	36.88	27.2	66.75	22.09	69.08	89.55	22.09	41.18	5.66	64.03	40.79	20.0	66.12	35.44	43.27	40.79	54.04	56.64	6.0	14.14	82.02	68.0	66.21	0.0	24.17	38.47	50.0	64.4	6.32	69.05	55.71	31.11	74.11	33.54	77.94	48.3	68.88	33.14	72.86	27.07	60.17	24.19	61.77	28.02	55.46	17.0
52	38.63	34.23	93.06	47.54	98.79	88.2	31.62	28.07	45.61	73.76	47.54	16.49	55.71	84.02	89.89	74.03	52.0	90.69	68.41	42.05	55.46	95.02	30.53	73.78	66.03	51.92	99.46	110.15	60.46	51.26	82.46	40.0	88.2	108.76	8.0	62.29	18.97	76.66	51.92	37.2	80.32	59.46	36.77	51.92	68.35	80.0	18.87	12.0	94.15	81.04	86.02	24.17	0.0	44.18	73.78	84.4	20.4	78.64	62.03	32.0	87.93	11.7	99.25	72.45	72.44	47.01	95.67	44.1	77.9	32.57	82.46	43.42	75.6	28.65
53	12.81	50.0	55.17	22.0	62.48	53.25	19.8	16.12	8.0	30.46	52.8	28.0	17.89	52.8	72.11	44.27	24.33	65.97	31.11	42.8	50.16	70.34	21.63	40.25	22.8	18.97	56.46	72.14	47.07	51.11	42.52	23.32	53.25	72.25	36.22	38.05	40.5	34.0	11.66	22.8	38.83	57.27	20.59	11.66	28.28	60.13	36.06	44.72	50.6	38.47	52.84	38.47	44.18	0.0	58.14	51.88	43.08	34.53	18.11	12.65	45.65	42.72	68.43	62.17	30.46	15.03	70.6	21.19	41.62	14.32	52.0	18.03	44.94	21.47
54	48.17	45.61	45.69	80.1	45.12	36.77	72.69	61.19	50.16	56.04	32.25	62.77	43.68	27.86	16.12	24.08	82.39	20.88	84.12	32.56	20.0	24.17	48.08	31.11	69.08	76.66	66.57	56.57	13.42	26.08	46.86	38.83	36.77	52.15	69.77	20.88	55.61	54.04	49.03	41.23	50.91	20.88	76.24	49.03	44.94	8.25	54.92	64.03	66.84	55.17	32.31	50.0	73.78	58.14	0.0	30.46	55.32	64.4	63.91	62.51	56.85	81.39	35.13	8.54	76.97	43.1	25.08	38.12	36.88	52.77	26.0	41.05	25.61	50.29
55	48.17	65.97	15.23	72.11	16.12	6.32	71.02	62.48	44.94	34.23	56.14	69.43	34.0	2.83	32.8	10.77	72.8	19.7	68.03	51.42	44.0	22.8	54.04	11.66	52.04	66.48	36.88	28.28	34.0	50.04	19.7	44.41	6.32	25.3	78.1	23.41	69.77	30.59	40.25	47.2	25.3	48.37	72.47	40.25	26.31	24.41	67.23	77.9	38.42	29.73	2.0	64.4	84.4	51.88	30.46	0.0	70.68	41.23	48.37	61.61	28.84	88.41	16.55	39.0	58.14	39.82	22.56	40.46	12.0	54.49	4.47	41.73	8.94	56.08
56	32.56	14.0	81.61	55.17	86.16	75.39	39.7	30.0	40.79	68.12	27.2	20.0	48.0	69.77	71.22	59.93	59.46	73.76	72.72	22.8	36.06	77.9	22.36	61.35	65.79	57.2	92.2	98.08	42.43	31.3	72.99	28.28	75.39	95.85	20.4	47.41	2.83	70.0	46.39	26.08	72.25	39.4	45.34	46.39	60.13	62.23	7.21	8.94	88.0	74.03	72.5	6.32	20.4	43.08	55.32	70.68	0.0	74.67	60.73	34.41	80.22	31.0	84.06	53.0	73.54	39.01	78.64	33.24	66.48	28.79	68.0	34.01	61.74	21.84
57	42.19	77.79	34.23	44.05	42.43	38.21	52.0	50.64	34.06	8.49	75.18	62.29	27.86	43.68	72.5	41.18	42.43	60.73	30.46	66.21	67.2	64.03	52.35	34.0	16.97	36.88	24.08	47.54	59.46	71.02	22.09	48.08	38.21	50.0	70.71	45.25	72.44	10.77	28.28	49.48	16.12	74.03	50.12	28.28	19.8	61.77	68.26	78.03	17.2	12.0	40.79	69.05	78.64	34.53	64.4	41.23	74.67	0.0	17.89	47.07	17.09	76.92	55.08	71.7	18.97	36.14	63.79	43.32	29.73	47.0	44.27	41.48	40.25	53.15
58	28.64	66.24	46.52	26.91	54.63	47.54	34.18	34.0	20.59	17.2	66.6	46.04	20.59	50.16	75.31	44.18	26.08	66.03	20.4	56.85	61.22	70.0	38.63	38.0	5.66	20.0	41.62	62.13	55.57	63.66	33.11	37.2	47.54	63.53	54.04	43.08	58.24	21.63	16.97	37.74	27.78	68.41	32.25	16.97	22.09	63.56	53.85	62.8	34.99	25.61	48.66	55.71	62.03	18.11	63.91	48.37	60.73	17.89	0.0	30.07	32.56	59.44	64.33	69.78	14.14	25.5	70.01	33.3	36.5	32.02	50.04	30.61	44.05	38.9
59	14.56	44.05	66.6	21.63	73.54	63.78	10.2	4.47	16.97	43.08	50.16	16.49	28.28	62.13	77.67	52.84	25.61	73.54	38.47	40.5	50.64	78.0	17.09	50.0	34.06	22.8	69.08	83.74	50.04	50.0	54.41	24.0	63.78	83.45	24.0	44.27	31.62	46.52	22.8	22.09	51.11	57.27	14.14	22.8	40.0	65.97	27.2	34.18	63.25	50.99	62.8	31.11	32.0	12.65	62.51	61.61	34.41	47.07	30.07	0.0	58.14	30.08	77.94	65.0	40.79	21.95	78.39	24.52	52.35	10.05	61.06	21.84	53.85	15.65
60	49.48	80.4	18.11	59.46	26.0	24.17	64.9	60.93	42.38	15.62	74.73	71.47	32.56	31.62	61.61	32.8	58.41	48.37	47.54	67.08	64.62	50.99	58.86	26.08	33.29	52.5	12.0	30.46	55.46	69.57	10.0	52.04	24.17	32.98	80.32	41.23	78.41	11.66	36.06	54.15	8.0	70.68	64.03	36.06	20.1	52.35	74.67	85.16	10.0	7.21	27.78	74.11	87.93	45.65	56.85	28.84	80.22	17.09	32.56	58.14	0.0	88.14	40.02	65.0	36.06	41.59	50.57	47.04	20.0	55.36	32.8	46.27	31.24	60.21
61	40.61	45.0	95.44	40.61	101.83	91.55	26.02	27.29	46.14	73.16	57.56	19.21	57.14	88.39	97.49	78.52	44.91	96.83	62.39	50.96	64.2	101.26	34.83	77.23	62.65	46.1	99.16	112.65	67.98	60.64	83.86	44.82	91.55	111.83	11.7	67.62	29.07	76.56	52.35	42.01	80.95	68.88	30.15	52.35	69.46	86.95	27.66	23.35	93.3	81.02	89.87	33.54	11.7	42.72	81.39	88.41	31.0	76.92	59.44	30.08	88.14	0.0	104.0	80.99	68.07	49.2	101.83	48.1	80.6	34.21	87.0	46.69	79.91	32.65
62	64.2	77.47	22.14	88.6	15.81	17.03	87.46	78.6	61.4	49.09	65.8	84.86	50.54	15.81	29.15	25.5	89.19	15.3	83.49	63.07	53.16	14.76	69.3	28.18	67.6	82.86	44.29	23.71	43.66	59.48	33.02	59.41	17.03	18.38	93.35	37.01	83.49	45.01	56.8	62.24	39.01	55.73	89.01	56.8	42.45	27.02	81.4	91.84	48.1	43.1	15.81	77.94	99.25	68.43	35.13	16.55	84.06	55.08	64.33	77.94	40.02	104.0	0.0	43.0	73.06	56.04	13.89	55.9	27.89	70.43	17.03	57.49	24.21	71.42
63	51.16	41.77	54.23	83.86	53.6	45.31	75.03	63.13	54.34	63.25	27.59	63.06	49.24	36.4	19.42	32.2	86.49	28.16	89.69	30.41	17.0	30.81	49.37	39.05	75.13	81.02	74.95	64.94	15.13	22.02	55.0	41.0	45.31	60.41	69.29	26.93	53.71	61.55	54.08	43.05	58.8	15.0	79.03	54.08	52.01	16.03	53.71	61.91	75.0	62.97	40.85	48.3	72.45	62.17	8.54	39.0	53.0	71.7	69.78	65.0	65.0	80.99	43.0	0.0	83.24	47.3	31.78	41.3	45.0	55.01	34.54	44.41	33.84	51.48
64	42.19	79.92	52.95	29.73	61.19	56.04	42.05	45.12	34.41	24.0	80.72	57.27	34.41	60.3	87.36	55.79	26.83	76.94	11.66	70.94	75.29	80.62	51.88	49.03	8.49	22.8	41.62	66.48	69.34	77.79	40.2	51.22	56.04	68.96	64.5	56.36	70.94	28.07	31.11	51.61	34.23	82.46	38.47	31.11	32.98	75.89	66.48	74.73	34.41	30.59	58.03	68.88	72.44	30.46	76.97	58.14	73.54	18.97	14.14	40.79	36.06	68.07	73.06	83.24	0.0	39.62	80.5	47.42	46.17	44.78	60.53	44.69	55.32	51.89
65	8.6	41.79	46.32	37.01	52.63	42.45	31.78	22.67	7.07	29.15	41.11	30.89	9.06	40.22	57.22	30.89	39.32	51.87	43.57	31.4	36.36	56.3	17.26	28.32	31.14	33.73	53.46	63.51	32.28	38.29	35.47	12.08	42.45	62.63	39.82	23.19	37.01	31.02	8.6	13.34	33.73	43.57	34.21	8.6	21.59	45.28	33.14	43.57	49.01	35.13	41.11	33.14	47.01	15.03	43.1	39.82	39.01	36.14	25.5	21.95	41.59	49.2	56.04	47.3	39.62	0.0	56.65	7.81	31.4	15.0	39.12	5.39	31.91	18.68
