vehicles
vehicle_idx, capacity, cost_per_unit_distance
1,100,3
2,100,3
3,100,3
4,100,3
5,100,3
6,100,3
7,100,3
8,100,3
9,100,3
10,100,3
depot
node_idx,x,y
0,92,92
home delivery customers
node_idx,x,y,service_time,demand
1,88,58,10,24
2,65,22,10,23
3,3,54,10,23
4,79,74,10,12
5,20,43,10,2
6,40,3,10,6
7,100,61,10,13
8,69,22,10,7
9,14,9,10,4
10,57,44,10,10
11,2,4,10,2
12,98,73,10,13
13,26,38,10,13
14,32,39,10,11
15,14,24,10,2
16,96,5,10,7
17,87,19,10,6
18,56,75,10,13
19,36,93,10,7
20,50,31,10,22
21,39,10,10,22
22,0,15,10,2
23,52,82,10,11
24,26,76,10,2
25,75,92,10,12
26,57,51,10,19
27,34,21,10,6
self pickup customers
node_idx,x,y,service_time,demand,locker_idxs
28,61,38,10,11,93-87-84-82-81
29,91,52,10,26,93-82
30,95,38,10,9,87-82
31,80,28,10,14,93-82
32,97,0,10,26,89-82
33,11,85,10,26,86-83
34,29,35,10,12,92-81
35,89,17,10,20,87-82-81
36,60,25,10,9,87-90-82
37,17,93,10,9,84-83
38,77,18,10,2,87-82
39,14,86,10,23,88-83
40,82,98,10,13,88-80
41,23,85,10,10,85-83
42,63,69,10,3,88-80
43,7,30,10,7,86-81
44,31,11,10,21,86-81
45,49,52,10,13,89-85-80
46,76,40,10,18,87-93-90-82
47,46,6,10,9,93-81
48,3,26,10,9,86-92-81
49,46,80,10,5,88-85-80-83
50,28,80,10,14,91-85-83
51,59,66,10,2,88-91-80
52,51,16,10,2,92-81
53,87,11,10,24,87-93-90-84-82
flexible customers
node_idx,x,y,service_time,demand,locker_idxs
54,70,6,10,22,87-90-84-93-82
55,57,59,10,23,85-88-91-80
56,0,98,10,5,90-83
57,59,2,10,9,93-87-82
58,66,42,10,16,93-84-90-87-82
59,99,25,10,2,90-87-82-80
60,50,42,10,20,90-93-84-89-91-81
61,21,19,10,12,86-92-89-81
62,36,21,10,15,86-92-89-93-81
63,69,35,10,17,87-90-84-93-82
64,50,33,10,4,93-90-84-92-89-81
65,48,42,10,2,91-89-93-84-90-81
66,21,50,10,1,92-89-81
67,63,83,10,12,85-91-88-80
68,68,6,10,14,87-93-90-84-82
69,41,95,10,23,85-83-80
70,48,54,10,21,85-91-89-80
71,69,76,10,23,88-85-91-80
72,40,1,10,3,86-93-81
73,65,41,10,6,93-87-84-90-82
74,15,63,10,2,93-83
75,10,45,10,14,89-92-81
76,83,34,10,22,87-93-90-84-82
77,33,51,10,6,92-89-91-81
78,52,82,10,5,85-88-91-80-83
79,94,30,10,12,87-90-84-82
lockers
node_idx,x,y,service_time,capacity,cost_per_unit_good
80,65,88,10,74
81,25,15,10,84
82,93,12,10,91
83,22,88,10,89
84,69,31,10,96
85,42,79,10,74
86,17,8,10,95
87,78,21,10,79
88,73,75,10,88
89,33,41,10,70
90,73,30,10,82
91,50,68,10,87
92,25,25,10,91
93,61,19,10,71
mrt lines
start_node_idx,end_node_idx,freight_capacity,cost_per_unit_good
80,81,84,0.5
81,80,84,0.5
82,83,91,0.5
83,82,91,0.5
distance matrix
,0,1,2,3,4,5,6,7,8,9,10,11,12,13,14,15,16,17,18,19,20,21,22,23,24,25,26,27,28,29,30,31,32,33,34,35,36,37,38,39,40,41,42,43,44,45,46,47,48,49,50,51,52,53,54,55,56,57,58,59,60,61,62,63,64,65,66,67,68,69,70,71,72,73,74,75,76,77,78,79,80,81,82,83,84,85,86,87,88,89,90,91,92,93,
0,0.0,34.23,75.03,96.77,22.2,87.09,103.08,32.02,73.68,113.9,59.41,125.87,19.92,85.28,80.06,103.48,87.09,73.17,39.81,56.01,74.06,97.64,119.97,41.23,67.91,17.0,53.91,91.68,62.27,40.01,54.08,65.12,92.14,81.3,84.96,75.06,74.25,75.01,75.5,78.23,11.66,69.35,37.01,105.21,101.4,58.73,54.41,97.53,110.8,47.54,65.12,42.01,86.35,81.15,88.77,48.1,92.2,95.86,56.36,67.36,65.3,101.83,90.43,61.47,72.42,66.6,82.49,30.36,89.29,51.09,58.14,28.02,104.81,57.71,82.28,94.51,58.69,71.85,41.23,62.03,27.29,102.07,80.01,70.11,65.19,51.66,112.61,72.37,25.5,77.99,64.85,48.37,94.75,79.31
1,34.23,0.0,42.72,85.09,18.36,69.63,73.0,12.37,40.71,88.75,34.01,101.55,18.03,65.15,59.14,81.44,53.6,39.01,36.24,62.68,46.62,68.59,97.94,43.27,64.56,36.4,31.78,65.46,33.6,6.71,21.19,31.05,58.69,81.6,63.32,41.01,43.28,79.16,41.48,79.12,40.45,70.38,27.31,85.7,73.88,39.46,21.63,66.84,90.82,47.41,63.91,30.08,55.97,47.01,55.03,31.02,96.66,63.06,27.2,34.79,41.23,77.52,63.82,29.83,45.49,43.08,67.48,35.36,55.71,59.82,40.2,26.17,74.52,28.6,73.17,79.08,24.52,55.44,43.27,28.64,37.8,76.28,46.27,72.5,33.02,50.57,86.84,38.33,22.67,57.57,31.76,39.29,71.12,47.43
2,75.03,42.72,0.0,69.77,53.85,49.66,31.4,52.4,4.0,52.63,23.41,65.52,60.75,42.15,37.12,51.04,35.36,22.2,53.76,76.69,17.49,28.64,65.38,61.39,66.61,70.71,30.08,31.02,16.49,39.7,34.0,16.16,38.83,82.98,38.28,24.52,5.83,85.7,12.65,81.84,77.88,75.72,47.04,58.55,35.74,34.0,21.1,24.84,62.13,61.03,68.8,44.41,15.23,24.6,16.76,37.85,100.0,20.88,20.02,34.13,25.0,44.1,29.02,13.6,18.6,26.25,52.15,61.03,16.28,76.84,36.24,54.15,32.65,19.0,64.66,59.62,21.63,43.19,61.39,30.08,66.0,40.61,29.73,78.77,9.85,61.47,50.0,13.04,53.6,37.22,11.31,48.38,40.11,5.0
3,96.77,85.09,69.77,0.0,78.59,20.25,63.01,97.25,73.35,46.32,54.92,50.01,96.88,28.02,32.65,31.95,105.12,91.0,57.01,51.09,52.33,56.85,39.12,56.44,31.83,81.41,54.08,45.28,60.17,88.02,93.38,81.27,108.41,32.02,32.2,93.62,63.95,41.44,82.29,33.84,90.43,36.89,61.85,24.33,51.31,46.04,74.33,64.44,28.0,50.25,36.07,57.27,61.22,94.37,82.42,54.23,44.1,76.42,64.13,100.28,48.51,39.36,46.67,68.68,51.48,46.57,18.44,66.64,80.8,55.9,45.0,69.57,64.64,63.35,15.0,11.4,82.46,30.15,56.44,94.11,70.71,44.78,99.32,38.95,69.89,46.32,48.08,81.94,73.08,32.7,74.0,49.04,36.4,67.74
4,22.2,18.36,53.85,78.59,0.0,66.65,81.01,24.7,52.95,91.92,37.2,104.06,19.03,64.07,58.6,82.01,71.06,55.58,23.02,47.01,51.87,75.47,98.6,28.16,53.04,18.44,31.83,69.53,40.25,25.06,39.4,46.01,76.16,68.88,63.41,57.87,52.55,64.85,56.04,66.1,24.19,57.07,16.76,84.38,79.2,37.2,34.13,75.58,89.89,33.54,51.35,21.54,64.4,63.51,68.59,26.63,82.57,74.73,34.54,52.92,43.19,79.93,68.25,40.26,50.22,44.55,62.77,18.36,68.88,43.42,36.89,10.2,82.76,35.85,64.94,74.85,40.2,51.43,28.16,46.49,19.8,79.98,63.56,58.69,44.15,37.34,90.55,53.01,6.08,56.61,44.41,29.61,72.92,57.87
5,87.09,69.63,49.66,20.25,66.65,0.0,44.72,82.0,53.31,34.53,37.01,42.95,83.57,7.81,12.65,19.92,84.97,71.17,48.17,52.5,32.31,38.08,34.41,50.45,33.54,73.66,37.85,26.08,41.3,71.57,75.17,61.85,88.19,42.95,12.04,73.74,43.86,50.09,62.24,43.42,82.88,42.11,50.25,18.38,33.84,30.36,56.08,45.22,24.04,45.22,37.85,45.28,41.11,74.25,62.2,40.31,58.52,56.59,46.01,81.02,30.02,24.02,27.2,49.65,31.62,28.02,7.07,58.73,60.61,56.08,30.08,59.08,46.52,45.04,20.62,10.2,63.64,15.26,50.45,75.13,63.64,28.44,79.31,45.04,50.45,42.19,35.13,62.03,61.91,13.15,54.57,39.05,18.68,47.51
6,103.08,73.0,31.4,63.01,81.01,44.72,0.0,83.45,34.67,26.68,44.38,38.01,90.91,37.7,36.88,33.42,56.04,49.65,73.76,90.09,29.73,7.07,41.76,79.91,74.33,95.63,50.92,18.97,40.82,70.72,65.19,47.17,57.08,86.98,33.84,50.96,29.73,92.89,39.92,86.98,103.87,83.74,69.89,42.64,12.04,49.82,51.62,6.71,43.57,77.23,77.93,65.8,17.03,47.68,30.15,58.52,103.08,19.03,46.87,62.97,40.26,24.84,18.44,43.19,31.62,39.81,50.7,83.24,28.16,92.01,51.62,78.55,2.0,45.49,65.0,51.61,53.01,48.51,79.91,60.37,88.6,19.21,53.76,86.88,40.31,76.03,23.54,42.05,79.2,38.64,42.64,65.76,26.63,26.4
7,32.02,12.37,52.4,97.25,24.7,82.0,83.45,0.0,49.82,100.5,46.24,113.37,12.17,77.49,71.47,93.62,56.14,43.97,46.17,71.55,58.31,79.51,110.07,52.39,75.5,39.82,44.15,77.18,45.28,12.73,23.54,38.59,61.07,92.18,75.61,45.35,53.81,88.96,48.76,89.56,41.15,80.65,37.85,98.03,85.21,51.79,31.89,77.08,103.12,57.25,74.46,41.3,66.53,51.66,62.65,43.05,106.63,71.85,38.95,36.01,53.49,89.47,75.47,40.46,57.31,55.36,79.76,43.05,63.63,68.1,52.47,34.44,84.85,40.31,85.02,91.41,31.91,67.74,52.39,31.58,44.2,87.98,49.5,82.54,43.14,60.73,98.48,45.65,30.41,69.92,41.11,50.49,83.19,57.31
8,73.68,40.71,4.0,73.35,52.95,53.31,34.67,49.82,0.0,56.52,25.06,69.38,58.67,45.88,40.72,55.04,31.91,18.25,54.57,78.29,21.02,32.31,69.35,62.36,69.03,70.26,31.38,35.01,17.89,37.2,30.53,12.53,35.61,85.63,42.06,20.62,9.49,88.01,8.94,84.39,77.1,78.01,47.38,62.51,39.56,36.06,19.31,28.02,66.12,62.39,71.03,45.12,18.97,21.1,16.03,38.9,102.65,22.36,20.22,30.15,27.59,48.09,33.02,13.0,21.95,29.0,55.57,61.29,16.03,78.19,38.28,54.0,35.81,19.42,67.8,63.32,18.44,46.23,62.36,26.25,66.12,44.55,26.0,81.02,9.0,63.07,53.85,9.06,53.15,40.71,8.94,49.77,44.1,8.54
9,113.9,88.75,52.63,46.32,91.92,34.53,26.68,100.5,56.52,0.0,55.44,13.0,105.6,31.38,34.99,15.0,82.1,73.68,78.23,86.83,42.19,25.02,15.23,82.3,68.07,103.0,60.11,23.32,55.23,88.19,86.03,68.68,83.49,76.06,30.02,75.43,48.7,84.05,63.64,77.0,112.0,76.53,77.47,22.14,17.12,55.44,69.32,32.14,20.25,77.88,72.37,72.62,37.66,73.03,56.08,65.95,90.09,45.54,61.59,86.49,48.84,12.21,25.06,60.84,43.27,47.38,41.59,88.75,54.08,90.14,56.4,86.68,27.2,60.21,54.01,36.22,73.39,46.1,82.3,82.71,94.03,12.53,79.06,79.4,59.24,75.39,3.16,65.12,88.53,37.22,62.63,69.12,19.42,48.05
10,59.41,34.01,23.41,54.92,37.2,37.01,44.38,46.24,25.06,55.44,0.0,68.01,50.22,31.58,25.5,47.42,55.15,39.05,31.02,53.31,14.76,38.47,63.95,38.33,44.55,51.26,7.0,32.53,7.21,34.93,38.47,28.02,59.46,61.62,29.41,41.87,19.24,63.25,32.8,60.11,59.51,53.26,25.71,51.92,42.01,11.31,19.42,39.56,56.92,37.64,46.23,22.09,28.64,44.6,40.16,15.0,78.52,42.05,9.22,46.1,7.28,43.83,31.14,15.0,13.04,9.22,36.5,39.46,39.56,53.45,13.45,34.18,46.24,8.54,46.1,47.01,27.86,25.0,38.33,39.56,44.72,43.19,48.17,56.22,17.69,38.08,53.81,31.14,34.89,24.19,21.26,25.0,37.22,25.32
11,125.87,101.55,65.52,50.01,104.06,42.95,38.01,113.37,69.38,13.0,68.01,0.0,118.22,41.62,46.1,23.32,94.01,86.31,89.2,95.27,55.07,37.48,11.18,92.65,75.89,114.34,72.35,36.24,68.1,101.12,99.02,81.61,95.08,81.5,41.11,87.97,61.68,90.26,76.3,82.87,123.43,83.68,89.14,26.48,29.83,67.18,82.29,44.05,22.02,87.82,80.32,84.22,50.45,85.29,68.03,77.78,94.02,57.04,74.43,99.25,61.22,24.21,38.01,73.82,56.08,59.67,49.77,99.81,66.03,99.01,67.94,98.35,38.12,73.06,60.42,41.77,86.38,56.3,92.65,95.6,105.0,25.5,91.35,86.35,72.24,85.0,15.52,77.88,100.41,48.27,75.61,80.0,31.14,60.88
12,19.92,18.03,60.75,96.88,19.03,83.57,90.91,12.17,58.67,105.6,50.22,118.22,0.0,80.06,74.24,97.25,68.03,55.11,42.05,65.15,63.78,86.31,113.88,46.87,72.06,29.83,46.53,82.46,50.93,22.14,35.13,48.47,73.01,87.82,78.77,56.72,61.22,83.43,58.87,85.0,29.68,75.95,35.23,100.65,91.29,53.31,39.66,84.81,105.99,52.47,70.35,39.62,73.88,62.97,72.62,43.32,101.14,81.01,44.55,48.01,57.14,94.05,80.92,47.8,62.48,58.83,80.36,36.4,73.41,61.1,53.49,29.15,92.46,45.97,83.6,92.35,41.79,68.62,46.87,43.19,36.25,93.24,61.2,77.47,51.04,56.32,103.86,55.71,25.08,72.45,49.74,48.26,87.37,65.46
13,85.28,65.15,42.15,28.02,64.07,7.81,37.7,77.49,45.88,31.38,31.58,41.62,80.06,0.0,6.08,18.44,77.39,63.89,47.63,55.9,25.0,30.87,34.71,51.11,38.0,72.92,33.62,18.79,35.0,66.49,69.0,54.92,80.53,49.34,4.24,66.41,36.4,55.73,54.78,49.48,82.07,47.1,48.27,20.62,27.46,26.93,50.04,37.74,25.94,46.52,42.05,43.28,33.3,66.71,54.41,37.44,65.39,48.84,40.2,74.15,24.33,19.65,19.72,43.1,24.52,22.36,13.0,58.26,52.8,58.94,27.2,57.38,39.56,39.12,27.31,17.46,57.14,14.76,51.11,68.47,63.41,23.02,71.87,50.16,43.57,44.01,31.32,54.71,59.82,7.62,47.68,38.42,13.04,39.82
14,80.06,59.14,37.12,32.65,58.6,12.65,36.88,71.47,40.72,34.99,25.5,46.1,74.24,6.08,0.0,23.43,72.47,58.52,43.27,54.15,19.7,29.83,40.0,47.42,37.48,68.25,27.73,18.11,29.02,60.42,63.01,49.24,75.8,50.57,5.0,61.1,31.3,56.04,49.66,50.33,77.34,46.87,43.14,26.57,28.02,21.4,44.01,35.85,31.78,43.32,41.19,38.18,29.83,61.72,50.33,32.02,67.12,45.8,34.13,68.45,18.25,22.83,18.44,37.22,18.97,16.28,15.56,53.82,48.84,56.72,21.93,52.33,38.83,33.06,29.41,22.8,51.24,12.04,47.42,62.65,59.08,25.0,66.71,50.01,37.85,41.23,34.44,49.4,54.56,2.24,41.98,34.13,15.65,35.23
15,103.48,81.44,51.04,31.95,82.01,19.92,33.42,93.62,55.04,15.0,47.42,23.32,97.25,18.44,23.43,0.0,84.17,73.17,66.07,72.42,36.67,28.65,16.64,69.34,53.37,91.35,50.77,20.22,49.04,81.93,82.2,66.12,86.4,61.07,18.6,75.33,46.01,69.07,63.29,62.0,100.5,61.66,66.53,9.22,21.4,44.82,64.03,36.72,11.18,64.5,57.72,61.55,37.85,74.15,58.82,55.44,75.31,50.09,55.03,85.01,40.25,8.6,22.2,56.09,37.11,38.47,26.93,76.69,56.92,75.96,45.34,75.69,34.71,53.76,39.01,21.38,69.72,33.02,69.34,80.22,81.84,14.21,79.91,64.5,55.44,61.72,16.28,64.07,77.99,25.5,59.3,56.85,11.05,47.27
16,87.09,53.6,35.36,105.12,71.06,84.97,56.04,56.14,31.91,82.1,55.15,94.01,68.03,77.39,72.47,84.17,0.0,16.64,80.62,106.51,52.84,57.22,96.52,88.68,99.7,89.5,60.31,64.03,48.1,47.27,33.02,28.02,5.1,116.73,73.41,13.89,41.18,118.26,23.02,115.26,94.05,108.3,72.01,92.44,65.28,66.47,40.31,50.01,95.34,90.14,101.24,71.34,46.32,10.82,26.02,66.61,133.66,37.12,47.63,20.22,59.03,76.3,62.1,40.36,53.85,60.61,87.46,84.69,28.02,105.48,68.59,75.96,56.14,47.51,99.62,94.85,31.78,78.01,88.68,25.08,88.6,71.7,7.62,111.2,37.48,91.61,79.06,24.08,73.68,72.56,33.97,78.01,73.76,37.7
17,73.17,39.01,22.2,91.0,55.58,71.17,49.65,43.97,18.25,73.68,39.05,86.31,55.11,63.89,58.52,73.17,16.64,0.0,64.01,89.87,38.9,48.84,87.09,72.07,83.49,73.98,43.86,53.04,32.2,33.24,20.62,11.4,21.47,100.66,60.17,2.83,27.66,101.86,10.05,99.09,79.16,91.93,55.46,80.75,56.57,50.33,23.71,43.01,84.29,73.5,84.86,54.71,36.12,8.0,21.4,50.0,117.52,32.76,31.14,13.42,43.57,66.0,51.04,24.08,39.56,45.28,72.92,68.35,23.02,88.84,52.4,59.77,50.33,31.11,84.38,81.27,15.52,62.77,72.07,13.04,72.42,62.13,9.22,94.79,21.63,75.0,70.86,9.22,57.72,58.31,17.8,61.4,62.29,26.0
18,39.81,36.24,53.76,57.01,23.02,48.17,73.76,46.17,54.57,78.23,31.02,89.2,42.05,47.63,43.27,66.07,80.62,64.01,0.0,26.91,44.41,67.19,82.07,8.06,30.02,25.5,24.02,58.31,37.34,41.88,53.76,52.77,85.48,46.1,48.26,66.73,50.16,42.95,60.75,43.42,34.71,34.48,9.22,66.53,68.71,24.04,40.31,69.72,72.18,11.18,28.44,9.49,59.21,71.11,70.41,16.03,60.54,73.06,34.48,65.95,33.54,66.04,57.58,42.06,42.43,33.96,43.01,10.63,70.04,25.0,22.47,13.04,75.71,35.17,42.72,54.92,49.09,33.24,8.06,58.9,15.81,67.54,73.06,36.4,45.88,14.56,77.52,58.31,17.0,41.05,48.1,9.22,58.83,56.22
19,56.01,62.68,76.69,51.09,47.01,52.5,90.09,71.55,78.29,86.83,53.31,95.27,65.15,55.9,54.15,72.42,106.51,89.87,26.91,0.0,63.56,83.05,85.91,19.42,19.72,39.01,46.96,72.03,60.42,68.6,80.66,78.49,111.22,26.25,58.42,92.66,72.11,19.0,85.48,23.09,46.27,15.26,36.12,69.35,82.15,43.01,66.4,87.57,74.69,16.4,15.26,35.47,78.45,96.57,93.41,39.96,36.35,93.86,59.17,92.7,52.89,75.5,72.0,66.73,61.61,52.39,45.54,28.79,92.7,5.39,40.8,37.12,92.09,59.54,36.62,54.59,75.43,42.11,19.42,85.63,29.43,78.77,99.05,14.87,70.24,15.23,87.1,83.35,41.15,52.09,73.06,28.65,68.88,78.11
20,74.06,46.62,17.49,52.33,51.87,32.31,29.73,58.31,21.02,42.19,14.76,55.07,63.78,25.0,19.7,36.67,52.84,38.9,44.41,63.56,0.0,23.71,52.5,51.04,51.0,65.92,21.19,18.87,13.04,46.07,45.54,30.15,56.3,66.61,21.38,41.44,11.66,70.24,29.97,65.73,74.25,60.37,40.16,43.01,27.59,21.02,27.51,25.32,47.27,49.16,53.71,36.14,15.03,42.06,32.02,28.86,83.6,30.36,19.42,49.37,11.0,31.38,17.2,19.42,2.0,11.18,34.67,53.6,30.81,64.63,23.09,48.85,31.62,18.03,47.42,42.38,33.14,26.25,51.04,44.01,58.94,29.68,47.01,63.51,19.0,48.66,40.22,29.73,49.65,19.72,23.02,37.0,25.71,16.28
21,97.64,68.59,28.64,56.85,75.47,38.08,7.07,79.51,32.31,25.02,38.47,37.48,86.31,30.87,29.83,28.65,57.22,48.84,67.19,83.05,23.71,0.0,39.32,73.16,67.27,89.55,44.78,12.08,35.61,66.84,62.61,44.78,58.86,80.06,26.93,50.49,25.81,85.87,38.83,80.01,97.94,76.69,63.69,37.74,8.06,43.17,47.63,8.06,39.4,70.35,70.86,59.46,13.42,48.01,31.26,52.2,96.25,21.54,41.87,61.85,33.84,20.12,11.4,39.05,25.5,33.24,43.86,76.84,29.27,85.02,44.91,72.5,9.06,40.46,58.18,45.45,50.12,41.44,73.16,58.52,82.22,14.87,54.04,79.83,36.62,69.07,22.09,40.52,73.36,31.58,39.45,59.03,20.52,23.77
22,119.97,97.94,65.38,39.12,98.6,34.41,41.76,110.07,69.35,15.23,63.95,11.18,113.88,34.71,40.0,16.64,96.52,87.09,82.07,85.91,52.5,39.32,0.0,84.81,66.31,107.49,67.42,34.53,65.19,98.23,97.74,81.05,98.15,70.86,35.23,89.02,60.83,79.83,77.06,72.37,116.67,73.68,82.98,16.55,31.26,61.4,80.01,46.87,11.4,79.63,70.77,77.99,51.01,87.09,70.58,72.01,83.0,60.42,71.31,99.5,56.82,21.38,36.5,71.84,53.14,55.07,40.82,92.7,68.59,89.89,61.85,92.1,42.38,70.01,50.29,31.62,85.15,48.84,84.81,95.19,97.74,25.0,93.05,76.24,70.83,76.55,18.38,78.23,94.49,42.01,74.53,72.86,26.93,61.13
23,41.23,43.27,61.39,56.44,28.16,50.45,79.91,52.39,62.36,82.3,38.33,92.65,46.87,51.11,47.42,69.34,88.68,72.07,8.06,19.42,51.04,73.16,84.81,0.0,26.68,25.08,31.4,63.6,44.91,49.2,61.52,60.83,93.54,41.11,52.33,74.79,57.56,36.69,68.71,38.21,34.0,29.15,17.03,68.77,74.04,30.15,48.37,76.24,74.41,6.32,24.08,17.46,66.01,79.16,78.1,23.54,54.41,80.31,42.38,73.88,40.05,70.21,63.06,49.98,49.04,40.2,44.55,11.05,77.67,17.03,28.28,18.03,81.88,43.01,41.59,55.97,57.14,36.36,0.0,66.84,14.32,72.24,81.12,30.59,53.76,10.44,81.86,66.31,22.14,45.19,56.08,14.14,63.07,63.64
24,67.91,64.56,66.61,31.83,53.04,33.54,74.33,75.5,69.03,68.07,44.55,75.89,72.06,38.0,37.48,53.37,99.7,83.49,30.02,19.72,51.0,67.27,66.31,26.68,0.0,51.55,39.82,55.58,51.66,69.29,78.77,72.25,104.0,17.49,41.11,86.31,61.29,19.24,77.23,15.62,60.17,9.49,37.66,49.77,65.19,33.24,61.61,72.8,55.04,20.4,4.47,34.48,65.0,89.14,82.68,35.36,34.06,81.02,52.5,89.05,41.62,57.22,55.9,59.41,49.24,40.5,26.48,37.66,81.63,24.21,31.11,43.0,76.3,52.4,17.03,34.89,70.8,25.96,26.68,82.1,40.8,61.01,92.66,12.65,62.24,16.28,68.59,75.69,47.01,35.69,65.76,25.3,51.01,66.89
25,17.0,36.4,70.71,81.41,18.44,73.66,95.63,39.82,70.26,103.0,51.26,114.34,29.83,72.92,68.25,91.35,89.5,73.98,25.5,39.01,65.92,89.55,107.49,25.08,51.55,0.0,44.78,81.99,55.79,43.08,57.58,64.2,94.59,64.38,73.25,76.3,68.66,58.01,74.03,61.29,9.22,52.47,25.94,92.02,92.18,47.71,52.01,90.76,97.67,31.38,48.51,30.53,79.7,81.88,86.15,37.59,75.24,91.41,50.8,71.17,55.9,90.8,81.01,57.31,64.08,56.82,68.41,15.0,86.28,34.13,46.62,17.09,97.5,51.97,66.64,80.21,58.55,58.69,25.08,64.85,10.77,91.81,82.0,53.15,61.29,35.47,102.08,71.06,17.12,66.07,62.03,34.66,83.6,74.33
26,53.91,31.78,30.08,54.08,31.83,37.85,50.92,44.15,31.38,60.11,7.0,72.35,46.53,33.62,27.73,50.77,60.31,43.86,24.02,46.96,21.19,44.78,67.42,31.4,39.82,44.78,0.0,37.8,13.6,34.01,40.16,32.53,64.82,57.2,32.25,46.69,26.17,58.0,38.59,55.44,53.24,48.08,18.97,54.23,47.71,8.06,21.95,46.32,59.51,31.02,41.01,15.13,35.51,50.0,46.84,8.0,73.88,49.04,12.73,49.4,11.4,48.17,36.62,20.0,19.31,12.73,36.01,32.56,46.32,46.82,9.49,27.73,52.81,12.81,43.68,47.38,31.06,24.0,31.4,42.54,37.85,48.17,53.08,50.93,23.32,31.76,58.73,36.62,28.84,26.0,26.4,18.38,41.23,32.25
27,91.68,65.46,31.02,45.28,69.53,26.08,18.97,77.18,35.01,23.32,32.53,36.24,82.46,18.79,18.11,20.22,64.03,53.04,58.31,72.03,18.87,12.08,34.53,63.6,55.58,81.99,37.8,0.0,31.91,64.88,63.32,46.53,66.41,68.01,14.87,55.15,26.31,73.98,43.1,68.01,90.74,64.94,56.08,28.46,10.44,34.44,46.1,19.21,31.4,60.21,59.3,51.48,17.72,53.94,39.0,44.42,84.17,31.4,38.28,65.12,26.4,13.15,2.0,37.7,20.0,25.24,31.78,68.45,37.16,74.33,35.85,65.19,20.88,36.89,46.1,33.94,50.7,30.02,63.6,60.67,73.82,10.82,59.68,68.07,36.4,58.55,21.4,44.0,66.61,20.02,40.02,49.65,9.85,27.07
28,62.27,33.6,16.49,60.17,40.25,41.3,40.82,45.28,17.89,55.23,7.21,68.1,50.93,35.0,29.02,49.04,48.1,32.2,37.34,60.42,13.04,35.61,65.19,44.91,51.66,55.79,13.6,31.91,0.0,33.11,34.0,21.47,52.35,68.62,32.14,35.0,13.04,70.43,25.61,67.18,63.57,60.44,31.06,54.59,40.36,18.44,15.13,35.34,59.23,44.6,53.41,28.07,24.17,37.48,33.24,21.38,85.56,36.06,6.4,40.16,11.7,44.28,30.23,8.54,12.08,13.6,41.76,45.04,32.76,60.41,20.62,38.83,42.54,5.0,52.35,51.48,22.36,30.87,44.91,33.96,50.16,42.72,41.23,63.41,10.63,45.19,53.25,24.04,38.9,28.16,14.42,31.95,38.28,19.0
29,40.01,6.71,39.7,88.02,25.06,71.57,70.72,12.73,37.2,88.19,34.93,101.12,22.14,66.49,60.42,81.93,47.27,33.24,41.88,68.6,46.07,66.84,98.23,49.2,69.29,43.08,34.01,64.88,33.11,0.0,14.56,26.4,52.35,86.54,64.29,35.06,41.11,84.6,36.77,84.17,46.87,75.58,32.76,86.83,72.67,42.0,19.21,64.35,91.76,53.0,68.94,34.93,53.81,41.19,50.57,34.71,101.97,59.36,26.93,28.16,42.2,77.39,63.13,27.8,45.19,44.15,70.03,41.77,51.43,65.95,43.05,32.56,72.12,28.23,76.79,81.3,19.7,58.01,49.2,22.2,44.41,75.66,40.05,77.83,30.41,55.95,86.09,33.62,29.21,59.03,28.43,44.01,71.31,44.6
30,54.08,21.19,34.0,93.38,39.4,75.17,65.19,23.54,30.53,86.03,38.47,99.02,35.13,69.0,63.01,82.2,33.02,20.62,53.76,80.66,45.54,62.61,97.74,61.52,78.77,57.58,40.16,63.32,34.0,14.56,0.0,18.03,38.05,96.25,66.07,21.84,37.34,95.44,26.91,94.15,61.39,85.98,44.55,88.36,69.46,48.08,19.1,58.52,92.78,64.54,79.08,45.61,49.19,28.16,40.61,43.42,112.36,50.91,29.27,13.6,45.18,76.4,61.4,26.17,45.28,47.17,74.97,55.22,41.87,78.52,49.65,46.04,66.29,30.15,83.82,85.29,12.65,63.35,61.52,8.06,58.31,73.68,26.08,88.48,26.93,67.01,83.57,24.04,43.05,62.07,23.41,54.08,71.2,38.95
31,65.12,31.05,16.16,81.27,46.01,61.85,47.17,38.59,12.53,68.68,28.02,81.61,48.47,54.92,49.24,66.12,28.02,11.4,52.77,78.49,30.15,44.78,81.05,60.83,72.25,64.2,32.53,46.53,21.47,26.4,18.03,0.0,32.76,89.5,51.48,14.21,20.22,90.52,10.44,87.86,70.03,80.61,44.38,73.03,51.87,39.2,12.65,40.5,77.03,62.13,73.54,43.42,31.38,18.38,24.17,38.6,106.3,33.42,19.8,19.24,33.11,59.68,44.55,13.04,30.41,34.93,62.97,57.57,25.06,77.52,41.23,49.24,48.26,19.85,73.82,72.03,6.71,52.33,60.83,14.14,61.85,56.52,20.62,83.45,11.4,63.6,66.1,7.28,47.52,48.76,7.28,50.0,55.08,21.02
32,92.14,58.69,38.83,108.41,76.16,88.19,57.08,61.07,35.61,83.49,59.46,95.08,73.01,80.53,75.8,86.4,5.1,21.47,85.48,111.22,56.3,58.86,98.15,93.54,104.0,94.59,64.82,66.41,52.35,52.35,38.05,32.76,0.0,120.92,76.48,18.79,44.65,122.67,26.91,119.52,99.14,112.7,76.92,94.87,66.91,70.77,45.18,51.35,97.53,94.87,105.65,76.16,48.7,14.87,27.66,71.28,137.89,38.05,52.2,25.08,63.03,78.34,64.51,44.82,57.43,64.54,90.97,89.69,29.61,110.28,72.92,80.99,57.01,52.01,103.41,97.95,36.77,81.84,93.54,30.15,93.64,73.55,12.65,115.62,41.77,96.26,80.4,28.32,78.75,76.01,38.42,82.66,76.22,40.71
33,81.3,81.6,82.98,32.02,68.88,42.95,86.98,92.18,85.63,76.06,61.62,81.5,87.82,49.34,50.57,61.07,116.73,100.66,46.1,26.25,66.61,80.06,70.86,41.11,17.49,64.38,57.2,68.01,68.62,86.54,96.25,89.5,120.92,0.0,53.14,103.48,77.47,10.0,94.05,3.16,72.18,12.0,54.41,55.15,76.66,50.33,79.06,86.41,59.54,35.36,17.72,51.62,79.76,106.08,98.6,52.84,17.03,95.88,69.81,106.51,58.05,66.75,68.71,76.58,65.0,56.73,36.4,52.04,97.42,31.62,48.27,58.69,88.87,69.66,22.36,40.01,88.23,40.5,41.11,99.57,54.08,71.39,109.79,11.4,79.25,31.58,77.23,92.66,62.8,49.19,82.88,42.54,61.61,82.8
34,84.96,63.32,38.28,32.2,63.41,12.04,33.84,75.61,42.06,30.02,29.41,41.11,78.77,4.24,5.0,18.6,73.41,60.17,48.26,58.42,21.38,26.93,35.23,52.33,41.11,73.25,32.25,14.87,32.14,64.29,66.07,51.48,76.48,53.14,0.0,62.64,32.57,59.23,50.92,53.16,82.33,50.36,48.08,22.56,24.08,26.25,47.27,33.62,27.51,48.1,45.01,43.14,29.07,62.77,50.22,36.88,69.35,44.6,37.66,70.71,22.14,17.89,15.65,40.0,21.1,20.25,17.0,58.82,48.6,61.19,26.87,57.28,35.74,36.5,31.3,21.47,54.01,16.49,52.33,65.19,64.07,20.4,68.01,53.46,40.2,45.88,29.55,50.96,59.46,7.21,44.28,39.12,10.77,35.78
35,75.06,41.01,24.52,93.62,57.87,73.74,50.96,45.35,20.62,75.43,41.87,87.97,56.72,66.41,61.1,75.33,13.89,2.83,66.73,92.66,41.44,50.49,89.02,74.79,86.31,76.3,46.69,55.15,35.0,35.06,21.84,14.21,18.79,103.48,62.64,0.0,30.08,104.69,12.04,101.91,81.3,94.76,58.14,83.02,58.31,53.15,26.42,44.38,86.47,76.28,87.69,57.45,38.01,6.32,21.95,52.8,120.34,33.54,33.97,12.81,46.32,68.03,53.15,26.91,42.15,48.02,75.58,70.94,23.71,91.59,55.23,62.3,51.55,33.94,87.13,83.82,18.03,65.51,74.79,13.93,74.95,64.03,6.4,97.62,24.41,77.8,72.56,11.7,60.17,60.93,20.62,64.2,64.5,28.07
36,74.25,43.28,5.83,63.95,52.55,43.86,29.73,53.81,9.49,48.7,19.24,61.68,61.22,36.4,31.3,46.01,41.18,27.66,50.16,72.11,11.66,25.81,60.83,57.56,61.29,68.66,26.17,26.31,13.04,41.11,37.34,20.22,44.65,77.47,32.57,30.08,0.0,80.45,18.38,76.4,76.24,70.49,44.1,53.24,32.2,29.15,21.93,23.6,57.01,56.75,63.63,41.01,12.73,30.41,21.47,34.13,94.49,23.02,18.03,39.0,19.72,39.46,24.33,13.45,12.81,20.81,46.32,58.08,20.62,72.53,31.38,51.79,31.24,16.76,58.9,53.85,24.7,37.48,57.56,34.37,63.2,36.4,35.47,73.57,10.82,56.92,46.24,18.44,51.66,31.38,13.93,44.15,35.0,6.08
37,75.01,79.16,85.7,41.44,64.85,50.09,92.89,88.96,88.01,84.05,63.25,90.26,83.43,55.73,56.04,69.07,118.26,101.86,42.95,19.0,70.24,85.87,79.83,36.69,19.24,58.01,58.0,73.98,70.43,84.6,95.44,90.52,122.67,10.0,59.23,104.69,80.45,0.0,96.05,7.62,65.19,10.0,51.88,63.79,83.19,52.01,79.31,91.71,68.45,31.78,17.03,49.93,84.17,107.81,101.87,52.5,17.72,100.22,70.72,106.53,60.75,74.11,74.46,77.9,68.48,59.68,43.19,47.07,100.85,24.08,49.82,54.71,94.83,70.77,30.07,48.51,88.53,44.94,36.69,99.49,48.26,78.41,111.07,7.07,80.92,28.65,85.0,94.37,58.82,54.41,84.29,41.4,68.47,86.09
38,75.5,41.48,12.65,82.29,56.04,62.24,39.92,48.76,8.94,63.64,32.8,76.3,58.87,54.78,49.66,63.29,23.02,10.05,60.75,85.48,29.97,38.83,77.06,68.71,77.23,74.03,38.59,43.1,25.61,36.77,26.91,10.44,26.91,94.05,50.92,12.04,18.38,96.05,0.0,92.7,80.16,86.05,52.89,71.02,46.53,44.05,22.02,33.24,74.43,69.32,79.03,51.26,26.08,12.21,13.89,45.62,111.04,24.08,26.4,23.09,36.12,56.01,41.11,18.79,30.89,37.64,64.5,66.49,15.0,85.0,46.23,58.55,40.72,25.94,76.61,72.24,17.09,55.0,68.71,20.81,71.02,52.09,17.09,89.02,15.26,70.33,60.83,3.16,57.14,49.65,12.65,56.82,52.47,16.03
39,78.23,79.12,81.84,33.84,66.1,43.42,86.98,89.56,84.39,77.0,60.11,82.87,85.0,49.48,50.33,62.0,115.26,99.09,43.42,23.09,65.73,80.01,72.37,38.21,15.62,61.29,55.44,68.01,67.18,84.17,94.15,87.86,119.52,3.16,53.16,101.91,76.4,7.62,92.7,0.0,69.05,9.06,51.87,56.44,76.9,48.8,77.2,86.16,61.0,32.56,15.23,49.24,79.18,104.66,97.65,50.77,18.44,95.29,68.12,104.62,56.85,67.36,68.62,75.01,64.07,55.61,36.67,49.09,96.52,28.46,46.69,55.9,88.89,68.01,23.02,41.19,86.4,39.82,38.21,97.65,51.04,71.85,108.25,8.25,77.78,28.86,78.06,91.22,60.02,48.85,81.34,40.25,61.98,81.84
40,11.66,40.45,77.88,90.43,24.19,82.88,103.87,41.15,77.1,112.0,59.51,123.43,29.68,82.07,77.34,100.5,94.05,79.16,34.71,46.27,74.25,97.94,116.67,34.0,60.17,9.22,53.24,90.74,63.57,46.87,61.39,70.03,99.14,72.18,82.33,81.3,76.24,65.19,80.16,69.05,0.0,60.42,34.67,101.24,100.85,56.61,58.31,98.79,106.89,40.25,56.92,39.41,87.66,87.14,92.78,46.32,82.0,98.72,58.24,74.95,64.5,99.81,89.69,64.33,72.45,65.51,77.62,24.21,93.06,41.11,55.61,25.55,105.7,59.48,75.59,89.4,64.01,67.9,34.0,69.05,19.72,100.69,86.7,60.83,68.25,44.28,111.02,77.1,24.7,75.17,68.59,43.86,92.62,81.74
41,69.35,70.38,75.72,36.89,57.07,42.11,83.74,80.65,78.01,76.53,53.26,83.68,75.95,47.1,46.87,61.66,108.3,91.93,34.48,15.26,60.37,76.69,73.68,29.15,9.49,52.47,48.08,64.94,60.44,75.58,85.98,80.61,112.7,12.0,50.36,94.76,70.49,10.0,86.05,9.06,60.42,0.0,43.08,57.28,74.43,42.01,69.53,82.28,62.3,23.54,7.07,40.71,74.46,97.84,91.92,42.8,26.42,90.47,60.81,96.83,50.77,66.03,65.31,67.94,58.59,49.74,35.06,40.05,90.92,20.59,39.82,46.87,85.7,60.83,23.41,42.06,78.75,35.44,29.15,89.81,42.11,70.03,101.14,3.16,70.94,19.92,77.23,84.39,50.99,45.12,74.33,31.91,60.03,76.16
42,37.01,27.31,47.04,61.85,16.76,50.25,69.89,37.85,47.38,77.47,25.71,89.14,35.23,48.27,43.14,66.53,72.01,55.46,9.22,36.12,40.16,63.69,82.98,17.03,37.66,25.94,18.97,56.08,31.06,32.76,44.55,44.38,76.92,54.41,48.08,58.14,44.1,51.88,52.89,51.87,34.67,43.08,0.0,68.24,66.24,22.02,31.78,65.25,73.82,20.25,36.69,5.0,54.34,62.77,63.39,11.66,69.35,67.12,27.17,56.85,29.97,65.3,55.07,34.53,38.28,30.89,46.1,14.0,63.2,34.06,21.21,9.22,71.78,28.07,48.37,58.18,40.31,34.99,17.03,49.82,19.1,66.03,64.41,45.19,38.47,23.26,76.4,50.29,11.66,41.04,40.26,13.04,58.14,50.04
43,105.21,85.7,58.55,24.33,84.38,18.38,42.64,98.03,62.51,22.14,51.92,26.48,100.65,20.62,26.57,9.22,92.44,80.75,66.53,69.35,43.01,37.74,16.55,68.77,49.77,92.02,54.23,28.46,54.59,86.83,88.36,73.03,94.87,55.15,22.56,83.02,53.24,63.79,71.02,56.44,101.24,57.28,68.24,0.0,30.61,47.41,69.72,45.79,5.66,63.41,54.23,63.25,46.17,82.23,67.42,57.8,68.36,59.06,60.21,92.14,44.64,17.8,30.36,62.2,43.1,42.72,24.41,77.1,65.55,73.36,47.51,77.2,43.93,59.03,33.96,15.3,76.11,33.42,68.77,87.0,82.02,23.43,87.86,59.91,62.01,60.22,24.17,71.57,79.88,28.23,66.0,57.38,18.68,55.11
44,101.4,73.88,35.74,51.31,79.2,33.84,12.04,85.21,39.56,17.12,42.01,29.83,91.29,27.46,28.02,21.4,65.28,56.57,68.71,82.15,27.59,8.06,31.26,74.04,65.19,92.18,47.71,10.44,40.36,72.67,69.46,51.87,66.91,76.66,24.08,58.31,32.2,83.19,46.53,76.9,100.85,74.43,66.24,30.61,0.0,44.78,53.54,15.81,31.76,70.61,69.07,61.72,20.62,56.0,39.32,54.59,92.36,29.41,46.75,69.43,36.36,12.81,11.18,44.94,29.07,35.36,40.26,78.79,37.34,84.59,46.24,75.29,13.45,45.34,54.41,39.96,56.86,40.05,74.04,65.8,84.17,7.21,62.01,77.52,42.94,68.88,14.32,48.05,76.55,30.07,46.1,60.08,15.23,31.05
45,58.73,39.46,34.0,46.04,37.2,30.36,49.82,51.79,36.06,55.44,11.31,67.18,53.31,26.93,21.4,44.82,66.47,50.33,24.04,43.01,21.02,43.17,61.4,30.15,33.24,47.71,8.06,34.44,18.44,42.0,48.08,39.2,70.77,50.33,26.25,53.15,29.15,52.01,44.05,48.8,56.61,42.01,22.02,47.41,44.78,0.0,29.55,46.1,52.84,28.16,35.0,17.2,36.06,55.9,50.57,10.63,67.21,50.99,19.72,56.82,10.05,43.28,33.62,26.25,19.03,10.05,28.07,34.01,49.77,43.74,2.24,31.24,51.79,19.42,35.74,39.62,38.47,16.03,30.15,50.09,39.4,44.1,59.46,45.0,29.0,27.89,54.41,42.45,33.24,19.42,32.56,16.03,36.12,35.11
46,54.41,21.63,21.1,74.33,34.13,56.08,51.62,31.89,19.31,69.32,19.42,82.29,39.66,50.04,44.01,64.03,40.31,23.71,40.31,66.4,27.51,47.63,80.01,48.37,61.61,52.01,21.95,46.1,15.13,19.21,19.1,12.65,45.18,79.06,47.27,26.42,21.93,79.31,22.02,77.2,58.31,69.53,31.78,69.72,53.54,29.55,0.0,45.34,74.33,50.0,62.48,31.06,34.66,31.02,34.53,26.87,95.6,41.63,10.2,27.46,26.08,58.87,44.28,8.6,26.93,28.07,55.9,44.92,34.93,65.19,31.3,36.67,53.08,11.05,65.19,66.19,9.22,44.38,48.37,20.59,49.24,56.8,32.76,72.25,11.4,51.74,67.12,19.1,35.13,43.01,10.44,38.21,53.16,25.81
47,97.53,66.84,24.84,64.44,75.58,45.22,6.71,77.08,28.02,32.14,39.56,44.05,84.81,37.74,35.85,36.72,50.01,43.01,69.72,87.57,25.32,8.06,46.87,76.24,72.8,90.76,46.32,19.21,35.34,64.35,58.52,40.5,51.35,86.41,33.62,44.38,23.6,91.71,33.24,86.16,98.79,82.28,65.25,45.79,15.81,46.1,45.34,0.0,47.42,74.0,76.16,61.39,11.18,41.3,24.0,54.13,102.86,13.6,41.18,56.3,36.22,28.18,18.03,37.01,27.29,36.06,50.61,78.85,22.0,89.14,48.04,73.68,7.81,39.82,64.88,53.08,46.4,46.84,76.24,53.67,84.17,22.85,47.38,85.44,33.97,73.11,29.07,35.34,74.09,37.34,36.12,62.13,28.32,19.85
48,110.8,90.82,62.13,28.0,89.89,24.04,43.57,103.12,66.12,20.25,56.92,22.02,105.99,25.94,31.78,11.18,95.34,84.29,72.18,74.69,47.27,39.4,11.4,74.41,55.04,97.67,59.51,31.4,59.23,91.76,92.78,77.03,97.53,59.54,27.51,86.47,57.01,68.45,74.43,61.0,106.89,62.3,73.82,5.66,31.76,52.84,74.33,47.42,0.0,69.03,59.51,68.82,49.03,85.33,69.92,63.29,72.06,60.93,65.0,96.01,49.65,19.31,33.38,66.61,47.52,47.76,30.0,82.76,68.01,78.77,53.0,82.8,44.65,63.79,38.9,20.25,80.4,39.05,74.41,91.09,87.68,24.6,91.08,64.85,66.19,65.8,22.8,75.17,85.45,33.54,70.11,63.03,22.02,58.42
49,47.54,47.41,61.03,50.25,33.54,45.22,77.23,57.25,62.39,77.88,37.64,87.82,52.47,46.52,43.32,64.5,90.14,73.5,11.18,16.4,49.16,70.35,79.63,6.32,20.4,31.38,31.02,60.21,44.6,53.0,64.54,62.13,94.87,35.36,48.1,76.28,56.75,31.78,69.32,32.56,40.25,23.54,20.25,63.41,70.61,28.16,50.0,74.0,69.03,0.0,18.0,19.1,64.2,80.26,77.79,23.71,49.4,79.08,42.94,76.38,38.21,65.92,59.84,50.54,47.17,38.05,39.05,17.26,77.2,15.81,26.08,23.35,79.23,43.38,35.36,50.21,59.03,31.78,6.32,69.31,20.62,68.31,82.66,25.3,54.13,4.12,77.62,67.12,27.46,41.11,56.82,12.65,58.87,62.82
50,65.12,63.91,68.8,36.07,51.35,37.85,77.93,74.46,71.03,72.37,46.23,80.32,70.35,42.05,41.19,57.72,101.24,84.86,28.44,15.26,53.71,70.86,70.77,24.08,4.47,48.51,41.01,59.3,53.41,68.94,79.08,73.54,105.65,17.72,45.01,87.69,63.63,17.03,79.03,15.23,56.92,7.07,36.69,54.23,69.07,35.0,62.48,76.16,59.51,18.0,0.0,34.01,68.01,90.79,85.09,35.81,33.29,83.93,53.74,89.81,43.91,61.4,59.54,60.88,51.89,42.94,30.81,35.13,84.12,19.85,32.8,41.19,79.91,53.76,21.4,39.36,71.7,29.43,24.08,82.8,37.85,65.07,94.07,10.0,63.89,14.04,72.84,77.34,45.28,39.32,67.27,25.06,55.08,69.35
51,42.01,30.08,44.41,57.27,21.54,45.28,65.8,41.3,45.12,72.62,22.09,84.22,39.62,43.28,38.18,61.55,71.34,54.71,9.49,35.47,36.14,59.46,77.99,17.46,34.48,30.53,15.13,51.48,28.07,34.93,45.61,43.42,76.16,51.62,43.14,57.45,41.01,49.93,51.26,49.24,39.41,40.71,5.0,63.25,61.72,17.2,31.06,61.39,68.82,19.1,34.01,0.0,50.64,61.72,61.0,7.28,67.12,64.0,25.0,57.28,25.63,60.44,50.54,32.57,34.21,26.4,41.23,17.46,60.67,34.13,16.28,14.14,67.72,25.71,44.1,53.31,40.0,30.02,17.46,50.21,22.8,61.29,63.81,43.05,36.4,21.4,71.61,48.85,16.64,36.07,38.63,9.22,53.26,47.04
52,86.35,55.97,15.23,61.22,64.4,41.11,17.03,66.53,18.97,37.66,28.64,50.45,73.88,33.3,29.83,37.85,46.32,36.12,59.21,78.45,15.03,13.42,51.01,66.01,65.0,79.7,35.51,17.72,24.17,53.81,49.19,31.38,48.7,79.76,29.07,38.01,12.73,84.17,26.08,79.18,87.66,74.46,54.34,46.17,20.62,36.06,34.66,11.18,49.03,64.2,68.01,50.64,0.0,36.35,21.47,43.42,96.57,16.12,30.02,48.84,26.02,30.15,15.81,26.17,17.03,26.17,45.34,68.07,19.72,79.63,38.12,62.64,18.6,28.65,59.2,50.22,36.72,39.36,66.01,45.22,73.35,26.02,42.19,77.62,23.43,63.64,34.93,27.46,62.97,30.81,26.08,52.01,27.51,10.44
53,81.15,47.01,24.6,94.37,63.51,74.25,47.68,51.66,21.1,73.03,44.6,85.29,62.97,66.71,61.72,74.15,10.82,8.0,71.11,96.57,42.06,48.01,87.09,79.16,89.14,81.88,50.0,53.94,37.48,41.19,28.16,18.38,14.87,106.08,62.77,6.32,30.41,107.81,12.21,104.66,87.14,97.84,62.77,82.23,56.0,55.9,31.02,41.3,85.33,80.26,90.79,61.72,36.35,0.0,17.72,56.6,123.04,29.41,37.44,18.44,48.27,66.48,51.97,30.0,43.05,49.82,76.66,75.89,19.65,95.77,58.05,67.45,48.05,37.2,88.81,84.17,23.35,67.2,79.16,20.25,80.08,62.13,6.08,100.77,26.91,81.54,70.06,13.45,65.51,61.77,23.6,67.96,63.56,27.2
54,88.77,55.03,16.76,82.42,68.59,62.2,30.15,62.65,16.03,56.08,40.16,68.03,72.62,54.41,50.33,58.82,26.02,21.4,70.41,93.41,32.02,31.26,70.58,78.1,82.68,86.15,46.84,39.0,33.24,50.57,40.61,24.17,27.66,98.6,50.22,21.95,21.47,101.87,13.89,97.65,92.78,91.92,63.39,67.42,39.32,50.57,34.53,24.0,69.92,77.79,85.09,61.0,21.47,17.72,0.0,54.57,115.6,11.7,36.22,34.67,41.18,50.7,37.16,29.02,33.6,42.19,65.86,77.32,2.0,93.61,52.8,70.01,30.41,35.36,79.21,71.56,30.87,58.26,78.1,33.94,82.15,45.89,23.77,95.02,25.02,78.19,53.04,17.0,69.07,50.93,24.19,65.15,48.85,15.81
55,48.1,31.02,37.85,54.23,26.63,40.31,58.52,43.05,38.9,65.95,15.0,77.78,43.32,37.44,32.02,55.44,66.61,50.0,16.03,39.96,28.86,52.2,72.01,23.54,35.36,37.59,8.0,44.42,21.38,34.71,43.42,38.6,71.28,52.84,36.88,52.8,34.13,52.5,45.62,50.77,46.32,42.8,11.66,57.8,54.59,10.63,26.87,54.13,63.29,23.71,35.81,7.28,43.42,56.6,54.57,0.0,69.07,57.04,19.24,54.04,18.38,53.81,43.42,26.83,26.93,19.24,37.11,24.74,54.13,39.4,10.3,20.81,60.44,19.7,42.19,49.04,36.07,25.3,23.54,47.01,30.08,54.41,59.2,45.45,30.46,25.0,64.82,43.42,22.63,30.0,33.12,11.4,46.69,40.2
56,92.2,96.66,100.0,44.1,82.57,58.52,103.08,106.63,102.65,90.09,78.52,94.02,101.14,65.39,67.12,75.31,133.66,117.52,60.54,36.35,83.6,96.25,83.0,54.41,34.06,75.24,73.88,84.17,85.56,101.97,112.36,106.3,137.89,17.03,69.35,120.34,94.49,17.72,111.04,18.44,82.0,26.42,69.35,68.36,92.36,67.21,95.6,102.86,72.06,49.4,33.29,67.12,96.57,123.04,115.6,69.07,0.0,112.68,86.56,123.0,75.07,81.74,85.0,93.43,82.01,73.76,52.39,64.76,114.4,41.11,65.12,72.42,104.92,86.45,38.08,53.94,104.81,57.43,54.41,116.02,65.76,86.68,126.67,24.17,96.18,46.1,91.59,109.6,76.54,65.86,99.76,58.31,77.16,99.81
57,95.86,63.06,20.88,76.42,74.73,56.59,19.03,71.85,22.36,45.54,42.05,57.04,81.01,48.84,45.8,50.09,37.12,32.76,73.06,93.86,30.36,21.54,60.42,80.31,81.02,91.41,49.04,31.4,36.06,59.36,50.91,33.42,38.05,95.88,44.6,33.54,23.02,100.22,24.08,95.29,98.72,90.47,67.12,59.06,29.41,50.99,41.63,13.6,60.93,79.08,83.93,64.0,16.12,29.41,11.7,57.04,112.68,0.0,40.61,46.14,41.0,41.63,29.83,34.48,32.28,41.48,61.22,81.1,9.85,94.73,53.15,74.67,19.03,39.46,75.21,65.19,40.0,55.47,80.31,44.82,86.21,36.4,35.44,93.62,30.68,78.85,42.43,26.87,74.33,46.87,31.3,66.61,41.05,17.12
58,56.36,27.2,20.02,64.13,34.54,46.01,46.87,38.95,20.22,61.59,9.22,74.43,44.55,40.2,34.13,55.03,47.63,31.14,34.48,59.17,19.42,41.87,71.31,42.38,52.5,50.8,12.73,38.28,6.4,26.93,29.27,19.8,52.2,69.81,37.66,33.97,18.03,70.72,26.4,68.12,58.24,60.81,27.17,60.21,46.75,19.72,10.2,41.18,65.0,42.94,53.74,25.0,30.02,37.44,36.22,19.24,86.56,40.61,0.0,37.12,16.0,50.54,36.62,7.62,18.36,18.0,45.71,41.11,36.06,58.6,21.63,34.13,48.55,1.41,55.15,56.08,18.79,34.21,42.38,30.46,46.01,49.09,40.36,63.66,11.4,44.1,59.64,24.19,33.73,33.02,13.89,30.53,44.38,23.54
59,67.36,34.79,34.13,100.28,52.92,81.02,62.97,36.01,30.15,86.49,46.1,99.25,48.01,74.15,68.45,85.01,20.22,13.42,65.95,92.7,49.37,61.85,99.5,73.88,89.05,71.17,49.4,65.12,40.16,28.16,13.6,19.24,25.08,106.51,70.71,12.81,39.0,106.53,23.09,104.62,74.95,96.83,56.85,92.14,69.43,56.82,27.46,56.3,96.01,76.38,89.81,57.28,48.84,18.44,34.67,54.04,123.0,46.14,37.12,0.0,51.87,78.23,63.13,31.62,49.65,53.76,81.91,68.26,36.36,90.91,58.67,59.17,63.69,37.58,92.2,91.22,18.36,70.94,73.88,7.07,71.59,74.67,14.32,99.49,30.59,78.52,83.74,21.38,56.36,67.91,26.48,65.19,74.0,38.47
60,65.3,41.23,25.0,48.51,43.19,30.02,40.26,53.49,27.59,48.84,7.28,61.22,57.14,24.33,18.25,40.25,59.03,43.57,33.54,52.89,11.0,33.84,56.82,40.05,41.62,55.9,11.4,26.4,11.7,42.2,45.18,33.11,63.03,58.05,22.14,46.32,19.72,60.75,36.12,56.85,64.5,50.77,29.97,44.64,36.36,10.05,26.08,36.22,49.65,38.21,43.91,25.63,26.02,48.27,41.18,18.38,75.07,41.0,16.0,51.87,0.0,37.01,25.24,20.25,9.0,2.0,30.08,43.01,40.25,53.76,12.17,38.95,42.2,15.03,40.82,40.11,33.96,19.24,40.05,45.61,48.38,36.8,52.43,53.85,21.95,37.85,47.38,35.0,40.22,17.03,25.94,26.0,30.23,25.5
61,101.83,77.52,44.1,39.36,79.93,24.02,24.84,89.47,48.09,12.21,43.83,24.21,94.05,19.65,22.83,8.6,76.3,66.0,66.04,75.5,31.38,20.12,21.38,70.21,57.22,90.8,48.17,13.15,44.28,77.39,76.4,59.68,78.34,66.75,17.89,68.03,39.46,74.11,56.01,67.36,99.81,66.03,65.3,17.8,12.81,43.28,58.87,28.18,19.31,65.92,61.4,60.44,30.15,66.48,50.7,53.81,81.74,41.63,50.54,78.23,37.01,0.0,15.13,50.6,32.2,35.47,31.0,76.55,48.76,78.59,44.2,74.52,26.17,49.19,44.41,28.23,63.79,34.18,70.21,73.82,81.84,5.66,72.34,69.01,49.48,63.57,11.7,57.04,76.42,25.06,53.15,56.94,7.21,40.0
62,90.43,63.82,29.02,46.67,68.25,27.2,18.44,75.47,33.02,25.06,31.14,38.01,80.92,19.72,18.44,22.2,62.1,51.04,57.58,72.0,17.2,11.4,36.5,63.06,55.9,81.01,36.62,2.0,30.23,63.13,61.4,44.55,64.51,68.71,15.65,53.15,24.33,74.46,41.11,68.62,89.69,65.31,55.07,30.36,11.18,33.62,44.28,18.03,33.38,59.84,59.54,50.54,15.81,51.97,37.16,43.42,85.0,29.83,36.62,63.13,25.24,15.13,0.0,35.85,18.44,24.19,32.65,67.62,35.34,74.17,35.11,64.14,20.4,35.23,46.96,35.38,48.76,30.15,63.06,58.69,73.01,12.53,57.71,68.45,34.48,58.31,23.02,42.0,65.46,20.22,38.08,49.04,11.7,25.08
63,61.47,29.83,13.6,68.68,40.26,49.65,43.19,40.46,13.0,60.84,15.0,73.82,47.8,43.1,37.22,56.09,40.36,24.08,42.06,66.73,19.42,39.05,71.84,49.98,59.41,57.31,20.0,37.7,8.54,27.8,26.17,13.04,44.82,76.58,40.0,26.91,13.45,77.9,18.79,75.01,64.33,67.94,34.53,62.2,44.94,26.25,8.6,37.01,66.61,50.54,60.88,32.57,26.17,30.0,29.02,26.83,93.43,34.48,7.62,31.62,20.25,50.6,35.85,0.0,19.1,22.14,50.29,48.37,29.02,66.21,28.32,41.0,44.69,7.21,60.83,59.84,14.04,39.4,49.98,25.5,53.15,48.33,33.24,70.84,4.0,51.62,58.59,16.64,40.2,36.5,6.4,38.08,45.12,17.89
64,72.42,45.49,18.6,51.48,50.22,31.62,31.62,57.31,21.95,43.27,13.04,56.08,62.48,24.52,18.97,37.11,53.85,39.56,42.43,61.61,2.0,25.5,53.14,49.04,49.24,64.08,19.31,20.0,12.08,45.19,45.28,30.41,57.43,65.0,21.1,42.15,12.81,68.48,30.89,64.07,72.45,58.59,38.28,43.1,29.07,19.03,26.93,27.29,47.52,47.17,51.89,34.21,17.03,43.05,33.6,26.93,82.01,32.28,18.36,49.65,9.0,32.2,18.44,19.1,0.0,9.22,33.62,51.66,32.45,62.65,21.1,47.01,33.53,17.0,46.1,41.76,33.02,24.76,49.04,44.1,57.01,30.81,47.85,61.72,19.1,46.69,41.4,30.46,47.89,18.79,23.19,35.0,26.25,17.8
65,66.6,43.08,26.25,46.57,44.55,28.02,39.81,55.36,29.0,47.38,9.22,59.67,58.83,22.36,16.28,38.47,60.61,45.28,33.96,52.39,11.18,33.24,55.07,40.2,40.5,56.82,12.73,25.24,13.6,44.15,47.17,34.93,64.54,56.73,20.25,48.02,20.81,59.68,37.64,55.61,65.51,49.74,30.89,42.72,35.36,10.05,28.07,36.06,47.76,38.05,42.94,26.4,26.17,49.82,42.19,19.24,73.76,41.48,18.0,53.76,2.0,35.47,24.19,22.14,9.22,0.0,28.16,43.66,41.18,53.46,12.0,39.96,41.77,17.03,39.12,38.12,35.9,17.49,40.2,47.54,49.04,35.47,54.08,52.84,23.71,37.48,46.01,36.62,41.4,15.03,27.73,26.08,28.6,26.42
66,82.49,67.48,52.15,18.44,62.77,7.07,50.7,79.76,55.57,41.59,36.5,49.77,80.36,13.0,15.56,26.93,87.46,72.92,43.01,45.54,34.67,43.86,40.82,44.55,26.48,68.41,36.01,31.78,41.76,70.03,74.97,62.97,90.97,36.4,17.0,75.58,46.32,43.19,64.5,36.67,77.62,35.06,46.1,24.41,40.26,28.07,55.9,50.61,30.0,39.05,30.81,41.23,45.34,76.66,65.86,37.11,52.39,61.22,45.71,81.91,30.08,31.0,32.65,50.29,33.62,28.16,0.0,53.41,64.38,49.24,27.29,54.59,52.55,44.91,14.32,12.08,64.03,12.04,44.55,75.69,58.14,35.23,81.41,38.01,51.62,35.81,42.19,63.95,57.7,15.0,55.71,34.13,25.32,50.61
