set K:= 1	2	3	4	5	6	7	8	9	10;
set C_H:= 1	2	3	4	5	6	7	8	9	10	11	12	13	14	15	16	17	18	19	20	21	22	23	24	25	26	27	28	29	30	31	32	33	34	35	36	37	38	39	40	41	42	43	44	45	46	47	48	49;
set C_S:= 50	51	52	53	54	55	56	57	58	59	60	61	62	63	64	65	66	67	68	69	70	71	72;
set C_F:= 73	74	75	76	77	78	79;
set M:= 80	81	82	83	84	85;
set L_B:= 86	87	88	89	90	91	92	93	94	95;
set A1:=
(0,*) 1 2 3 4 5 6 7 8 9 10 11 12 13 14 15 16 17 18 19 20 21 22 23 24 25 26 27 28 29 30 31 32 33 34 35 36 37 38 39 40 41 42 43 44 45 46 47 48 49 73 74 75 76 77 78 79 80 81 82 83 84 85 86 87 88 89 90 91 92 93 94 95
(1,*) 0 2 3 4 5 6 7 8 9 10 11 12 13 14 15 16 17 18 19 20 21 22 23 24 25 26 27 28 29 30 31 32 33 34 35 36 37 38 39 40 41 42 43 44 45 46 47 48 49 73 74 75 76 77 78 79 80 81 82 83 84 85 86 87 88 89 90 91 92 93 94 95
(2,*) 0 1 3 4 5 6 7 8 9 10 11 12 13 14 15 16 17 18 19 20 21 22 23 24 25 26 27 28 29 30 31 32 33 34 35 36 37 38 39 40 41 42 43 44 45 46 47 48 49 73 74 75 76 77 78 79 80 81 82 83 84 85 86 87 88 89 90 91 92 93 94 95
(3,*) 0 1 2 4 5 6 7 8 9 10 11 12 13 14 15 16 17 18 19 20 21 22 23 24 25 26 27 28 29 30 31 32 33 34 35 36 37 38 39 40 41 42 43 44 45 46 47 48 49 73 74 75 76 77 78 79 80 81 82 83 84 85 86 87 88 89 90 91 92 93 94 95
(4,*) 0 1 2 3 5 6 7 8 9 10 11 12 13 14 15 16 17 18 19 20 21 22 23 24 25 26 27 28 29 30 31 32 33 34 35 36 37 38 39 40 41 42 43 44 45 46 47 48 49 73 74 75 76 77 78 79 80 81 82 83 84 85 86 87 88 89 90 91 92 93 94 95
(5,*) 0 1 2 3 4 6 7 8 9 10 11 12 13 14 15 16 17 18 19 20 21 22 23 24 25 26 27 28 29 30 31 32 33 34 35 36 37 38 39 40 41 42 43 44 45 46 47 48 49 73 74 75 76 77 78 79 80 81 82 83 84 85 86 87 88 89 90 91 92 93 94 95
(6,*) 0 1 2 3 4 5 7 8 9 10 11 12 13 14 15 16 17 18 19 20 21 22 23 24 25 26 27 28 29 30 31 32 33 34 35 36 37 38 39 40 41 42 43 44 45 46 47 48 49 73 74 75 76 77 78 79 80 81 82 83 84 85 86 87 88 89 90 91 92 93 94 95
(7,*) 0 1 2 3 4 5 6 8 9 10 11 12 13 14 15 16 17 18 19 20 21 22 23 24 25 26 27 28 29 30 31 32 33 34 35 36 37 38 39 40 41 42 43 44 45 46 47 48 49 73 74 75 76 77 78 79 80 81 82 83 84 85 86 87 88 89 90 91 92 93 94 95
(8,*) 0 1 2 3 4 5 6 7 9 10 11 12 13 14 15 16 17 18 19 20 21 22 23 24 25 26 27 28 29 30 31 32 33 34 35 36 37 38 39 40 41 42 43 44 45 46 47 48 49 73 74 75 76 77 78 79 80 81 82 83 84 85 86 87 88 89 90 91 92 93 94 95
(9,*) 0 1 2 3 4 5 6 7 8 10 11 12 13 14 15 16 17 18 19 20 21 22 23 24 25 26 27 28 29 30 31 32 33 34 35 36 37 38 39 40 41 42 43 44 45 46 47 48 49 73 74 75 76 77 78 79 80 81 82 83 84 85 86 87 88 89 90 91 92 93 94 95
(10,*) 0 1 2 3 4 5 6 7 8 9 11 12 13 14 15 16 17 18 19 20 21 22 23 24 25 26 27 28 29 30 31 32 33 34 35 36 37 38 39 40 41 42 43 44 45 46 47 48 49 73 74 75 76 77 78 79 80 81 82 83 84 85 86 87 88 89 90 91 92 93 94 95
(11,*) 0 1 2 3 4 5 6 7 8 9 10 12 13 14 15 16 17 18 19 20 21 22 23 24 25 26 27 28 29 30 31 32 33 34 35 36 37 38 39 40 41 42 43 44 45 46 47 48 49 73 74 75 76 77 78 79 80 81 82 83 84 85 86 87 88 89 90 91 92 93 94 95
(12,*) 0 1 2 3 4 5 6 7 8 9 10 11 13 14 15 16 17 18 19 20 21 22 23 24 25 26 27 28 29 30 31 32 33 34 35 36 37 38 39 40 41 42 43 44 45 46 47 48 49 73 74 75 76 77 78 79 80 81 82 83 84 85 86 87 88 89 90 91 92 93 94 95
(13,*) 0 1 2 3 4 5 6 7 8 9 10 11 12 14 15 16 17 18 19 20 21 22 23 24 25 26 27 28 29 30 31 32 33 34 35 36 37 38 39 40 41 42 43 44 45 46 47 48 49 73 74 75 76 77 78 79 80 81 82 83 84 85 86 87 88 89 90 91 92 93 94 95
(14,*) 0 1 2 3 4 5 6 7 8 9 10 11 12 13 15 16 17 18 19 20 21 22 23 24 25 26 27 28 29 30 31 32 33 34 35 36 37 38 39 40 41 42 43 44 45 46 47 48 49 73 74 75 76 77 78 79 80 81 82 83 84 85 86 87 88 89 90 91 92 93 94 95
(15,*) 0 1 2 3 4 5 6 7 8 9 10 11 12 13 14 16 17 18 19 20 21 22 23 24 25 26 27 28 29 30 31 32 33 34 35 36 37 38 39 40 41 42 43 44 45 46 47 48 49 73 74 75 76 77 78 79 80 81 82 83 84 85 86 87 88 89 90 91 92 93 94 95
(16,*) 0 1 2 3 4 5 6 7 8 9 10 11 12 13 14 15 17 18 19 20 21 22 23 24 25 26 27 28 29 30 31 32 33 34 35 36 37 38 39 40 41 42 43 44 45 46 47 48 49 73 74 75 76 77 78 79 80 81 82 83 84 85 86 87 88 89 90 91 92 93 94 95
(17,*) 0 1 2 3 4 5 6 7 8 9 10 11 12 13 14 15 16 18 19 20 21 22 23 24 25 26 27 28 29 30 31 32 33 34 35 36 37 38 39 40 41 42 43 44 45 46 47 48 49 73 74 75 76 77 78 79 80 81 82 83 84 85 86 87 88 89 90 91 92 93 94 95
(18,*) 0 1 2 3 4 5 6 7 8 9 10 11 12 13 14 15 16 17 19 20 21 22 23 24 25 26 27 28 29 30 31 32 33 34 35 36 37 38 39 40 41 42 43 44 45 46 47 48 49 73 74 75 76 77 78 79 80 81 82 83 84 85 86 87 88 89 90 91 92 93 94 95
(19,*) 0 1 2 3 4 5 6 7 8 9 10 11 12 13 14 15 16 17 18 20 21 22 23 24 25 26 27 28 29 30 31 32 33 34 35 36 37 38 39 40 41 42 43 44 45 46 47 48 49 73 74 75 76 77 78 79 80 81 82 83 84 85 86 87 88 89 90 91 92 93 94 95
(20,*) 0 1 2 3 4 5 6 7 8 9 10 11 12 13 14 15 16 17 18 19 21 22 23 24 25 26 27 28 29 30 31 32 33 34 35 36 37 38 39 40 41 42 43 44 45 46 47 48 49 73 74 75 76 77 78 79 80 81 82 83 84 85 86 87 88 89 90 91 92 93 94 95
(21,*) 0 1 2 3 4 5 6 7 8 9 10 11 12 13 14 15 16 17 18 19 20 22 23 24 25 26 27 28 29 30 31 32 33 34 35 36 37 38 39 40 41 42 43 44 45 46 47 48 49 73 74 75 76 77 78 79 80 81 82 83 84 85 86 87 88 89 90 91 92 93 94 95
(22,*) 0 1 2 3 4 5 6 7 8 9 10 11 12 13 14 15 16 17 18 19 20 21 23 24 25 26 27 28 29 30 31 32 33 34 35 36 37 38 39 40 41 42 43 44 45 46 47 48 49 73 74 75 76 77 78 79 80 81 82 83 84 85 86 87 88 89 90 91 92 93 94 95
(23,*) 0 1 2 3 4 5 6 7 8 9 10 11 12 13 14 15 16 17 18 19 20 21 22 24 25 26 27 28 29 30 31 32 33 34 35 36 37 38 39 40 41 42 43 44 45 46 47 48 49 73 74 75 76 77 78 79 80 81 82 83 84 85 86 87 88 89 90 91 92 93 94 95
(24,*) 0 1 2 3 4 5 6 7 8 9 10 11 12 13 14 15 16 17 18 19 20 21 22 23 25 26 27 28 29 30 31 32 33 34 35 36 37 38 39 40 41 42 43 44 45 46 47 48 49 73 74 75 76 77 78 79 80 81 82 83 84 85 86 87 88 89 90 91 92 93 94 95
(25,*) 0 1 2 3 4 5 6 7 8 9 10 11 12 13 14 15 16 17 18 19 20 21 22 23 24 26 27 28 29 30 31 32 33 34 35 36 37 38 39 40 41 42 43 44 45 46 47 48 49 73 74 75 76 77 78 79 80 81 82 83 84 85 86 87 88 89 90 91 92 93 94 95
(26,*) 0 1 2 3 4 5 6 7 8 9 10 11 12 13 14 15 16 17 18 19 20 21 22 23 24 25 27 28 29 30 31 32 33 34 35 36 37 38 39 40 41 42 43 44 45 46 47 48 49 73 74 75 76 77 78 79 80 81 82 83 84 85 86 87 88 89 90 91 92 93 94 95
(27,*) 0 1 2 3 4 5 6 7 8 9 10 11 12 13 14 15 16 17 18 19 20 21 22 23 24 25 26 28 29 30 31 32 33 34 35 36 37 38 39 40 41 42 43 44 45 46 47 48 49 73 74 75 76 77 78 79 80 81 82 83 84 85 86 87 88 89 90 91 92 93 94 95
(28,*) 0 1 2 3 4 5 6 7 8 9 10 11 12 13 14 15 16 17 18 19 20 21 22 23 24 25 26 27 29 30 31 32 33 34 35 36 37 38 39 40 41 42 43 44 45 46 47 48 49 73 74 75 76 77 78 79 80 81 82 83 84 85 86 87 88 89 90 91 92 93 94 95
(29,*) 0 1 2 3 4 5 6 7 8 9 10 11 12 13 14 15 16 17 18 19 20 21 22 23 24 25 26 27 28 30 31 32 33 34 35 36 37 38 39 40 41 42 43 44 45 46 47 48 49 73 74 75 76 77 78 79 80 81 82 83 84 85 86 87 88 89 90 91 92 93 94 95
(30,*) 0 1 2 3 4 5 6 7 8 9 10 11 12 13 14 15 16 17 18 19 20 21 22 23 24 25 26 27 28 29 31 32 33 34 35 36 37 38 39 40 41 42 43 44 45 46 47 48 49 73 74 75 76 77 78 79 80 81 82 83 84 85 86 87 88 89 90 91 92 93 94 95
(31,*) 0 1 2 3 4 5 6 7 8 9 10 11 12 13 14 15 16 17 18 19 20 21 22 23 24 25 26 27 28 29 30 32 33 34 35 36 37 38 39 40 41 42 43 44 45 46 47 48 49 73 74 75 76 77 78 79 80 81 82 83 84 85 86 87 88 89 90 91 92 93 94 95
(32,*) 0 1 2 3 4 5 6 7 8 9 10 11 12 13 14 15 16 17 18 19 20 21 22 23 24 25 26 27 28 29 30 31 33 34 35 36 37 38 39 40 41 42 43 44 45 46 47 48 49 73 74 75 76 77 78 79 80 81 82 83 84 85 86 87 88 89 90 91 92 93 94 95
(33,*) 0 1 2 3 4 5 6 7 8 9 10 11 12 13 14 15 16 17 18 19 20 21 22 23 24 25 26 27 28 29 30 31 32 34 35 36 37 38 39 40 41 42 43 44 45 46 47 48 49 73 74 75 76 77 78 79 80 81 82 83 84 85 86 87 88 89 90 91 92 93 94 95
(34,*) 0 1 2 3 4 5 6 7 8 9 10 11 12 13 14 15 16 17 18 19 20 21 22 23 24 25 26 27 28 29 30 31 32 33 35 36 37 38 39 40 41 42 43 44 45 46 47 48 49 73 74 75 76 77 78 79 80 81 82 83 84 85 86 87 88 89 90 91 92 93 94 95
(35,*) 0 1 2 3 4 5 6 7 8 9 10 11 12 13 14 15 16 17 18 19 20 21 22 23 24 25 26 27 28 29 30 31 32 33 34 36 37 38 39 40 41 42 43 44 45 46 47 48 49 73 74 75 76 77 78 79 80 81 82 83 84 85 86 87 88 89 90 91 92 93 94 95
(36,*) 0 1 2 3 4 5 6 7 8 9 10 11 12 13 14 15 16 17 18 19 20 21 22 23 24 25 26 27 28 29 30 31 32 33 34 35 37 38 39 40 41 42 43 44 45 46 47 48 49 73 74 75 76 77 78 79 80 81 82 83 84 85 86 87 88 89 90 91 92 93 94 95
(37,*) 0 1 2 3 4 5 6 7 8 9 10 11 12 13 14 15 16 17 18 19 20 21 22 23 24 25 26 27 28 29 30 31 32 33 34 35 36 38 39 40 41 42 43 44 45 46 47 48 49 73 74 75 76 77 78 79 80 81 82 83 84 85 86 87 88 89 90 91 92 93 94 95
(38,*) 0 1 2 3 4 5 6 7 8 9 10 11 12 13 14 15 16 17 18 19 20 21 22 23 24 25 26 27 28 29 30 31 32 33 34 35 36 37 39 40 41 42 43 44 45 46 47 48 49 73 74 75 76 77 78 79 80 81 82 83 84 85 86 87 88 89 90 91 92 93 94 95
(39,*) 0 1 2 3 4 5 6 7 8 9 10 11 12 13 14 15 16 17 18 19 20 21 22 23 24 25 26 27 28 29 30 31 32 33 34 35 36 37 38 40 41 42 43 44 45 46 47 48 49 73 74 75 76 77 78 79 80 81 82 83 84 85 86 87 88 89 90 91 92 93 94 95
(40,*) 0 1 2 3 4 5 6 7 8 9 10 11 12 13 14 15 16 17 18 19 20 21 22 23 24 25 26 27 28 29 30 31 32 33 34 35 36 37 38 39 41 42 43 44 45 46 47 48 49 73 74 75 76 77 78 79 80 81 82 83 84 85 86 87 88 89 90 91 92 93 94 95
(41,*) 0 1 2 3 4 5 6 7 8 9 10 11 12 13 14 15 16 17 18 19 20 21 22 23 24 25 26 27 28 29 30 31 32 33 34 35 36 37 38 39 40 42 43 44 45 46 47 48 49 73 74 75 76 77 78 79 80 81 82 83 84 85 86 87 88 89 90 91 92 93 94 95
(42,*) 0 1 2 3 4 5 6 7 8 9 10 11 12 13 14 15 16 17 18 19 20 21 22 23 24 25 26 27 28 29 30 31 32 33 34 35 36 37 38 39 40 41 43 44 45 46 47 48 49 73 74 75 76 77 78 79 80 81 82 83 84 85 86 87 88 89 90 91 92 93 94 95
(43,*) 0 1 2 3 4 5 6 7 8 9 10 11 12 13 14 15 16 17 18 19 20 21 22 23 24 25 26 27 28 29 30 31 32 33 34 35 36 37 38 39 40 41 42 44 45 46 47 48 49 73 74 75 76 77 78 79 80 81 82 83 84 85 86 87 88 89 90 91 92 93 94 95
(44,*) 0 1 2 3 4 5 6 7 8 9 10 11 12 13 14 15 16 17 18 19 20 21 22 23 24 25 26 27 28 29 30 31 32 33 34 35 36 37 38 39 40 41 42 43 45 46 47 48 49 73 74 75 76 77 78 79 80 81 82 83 84 85 86 87 88 89 90 91 92 93 94 95
(45,*) 0 1 2 3 4 5 6 7 8 9 10 11 12 13 14 15 16 17 18 19 20 21 22 23 24 25 26 27 28 29 30 31 32 33 34 35 36 37 38 39 40 41 42 43 44 46 47 48 49 73 74 75 76 77 78 79 80 81 82 83 84 85 86 87 88 89 90 91 92 93 94 95
(46,*) 0 1 2 3 4 5 6 7 8 9 10 11 12 13 14 15 16 17 18 19 20 21 22 23 24 25 26 27 28 29 30 31 32 33 34 35 36 37 38 39 40 41 42 43 44 45 47 48 49 73 74 75 76 77 78 79 80 81 82 83 84 85 86 87 88 89 90 91 92 93 94 95
(47,*) 0 1 2 3 4 5 6 7 8 9 10 11 12 13 14 15 16 17 18 19 20 21 22 23 24 25 26 27 28 29 30 31 32 33 34 35 36 37 38 39 40 41 42 43 44 45 46 48 49 73 74 75 76 77 78 79 80 81 82 83 84 85 86 87 88 89 90 91 92 93 94 95
(48,*) 0 1 2 3 4 5 6 7 8 9 10 11 12 13 14 15 16 17 18 19 20 21 22 23 24 25 26 27 28 29 30 31 32 33 34 35 36 37 38 39 40 41 42 43 44 45 46 47 49 73 74 75 76 77 78 79 80 81 82 83 84 85 86 87 88 89 90 91 92 93 94 95
(49,*) 0 1 2 3 4 5 6 7 8 9 10 11 12 13 14 15 16 17 18 19 20 21 22 23 24 25 26 27 28 29 30 31 32 33 34 35 36 37 38 39 40 41 42 43 44 45 46 47 48 73 74 75 76 77 78 79 80 81 82 83 84 85 86 87 88 89 90 91 92 93 94 95
(73,*) 0 1 2 3 4 5 6 7 8 9 10 11 12 13 14 15 16 17 18 19 20 21 22 23 24 25 26 27 28 29 30 31 32 33 34 35 36 37 38 39 40 41 42 43 44 45 46 47 48 49 74 75 76 77 78 79 80 81 82 83 84 85 86 87 88 89 90 91 92 93 94 95
(74,*) 0 1 2 3 4 5 6 7 8 9 10 11 12 13 14 15 16 17 18 19 20 21 22 23 24 25 26 27 28 29 30 31 32 33 34 35 36 37 38 39 40 41 42 43 44 45 46 47 48 49 73 75 76 77 78 79 80 81 82 83 84 85 86 87 88 89 90 91 92 93 94 95
(75,*) 0 1 2 3 4 5 6 7 8 9 10 11 12 13 14 15 16 17 18 19 20 21 22 23 24 25 26 27 28 29 30 31 32 33 34 35 36 37 38 39 40 41 42 43 44 45 46 47 48 49 73 74 76 77 78 79 80 81 82 83 84 85 86 87 88 89 90 91 92 93 94 95
(76,*) 0 1 2 3 4 5 6 7 8 9 10 11 12 13 14 15 16 17 18 19 20 21 22 23 24 25 26 27 28 29 30 31 32 33 34 35 36 37 38 39 40 41 42 43 44 45 46 47 48 49 73 74 75 77 78 79 80 81 82 83 84 85 86 87 88 89 90 91 92 93 94 95
(77,*) 0 1 2 3 4 5 6 7 8 9 10 11 12 13 14 15 16 17 18 19 20 21 22 23 24 25 26 27 28 29 30 31 32 33 34 35 36 37 38 39 40 41 42 43 44 45 46 47 48 49 73 74 75 76 78 79 80 81 82 83 84 85 86 87 88 89 90 91 92 93 94 95
(78,*) 0 1 2 3 4 5 6 7 8 9 10 11 12 13 14 15 16 17 18 19 20 21 22 23 24 25 26 27 28 29 30 31 32 33 34 35 36 37 38 39 40 41 42 43 44 45 46 47 48 49 73 74 75 76 77 79 80 81 82 83 84 85 86 87 88 89 90 91 92 93 94 95
(79,*) 0 1 2 3 4 5 6 7 8 9 10 11 12 13 14 15 16 17 18 19 20 21 22 23 24 25 26 27 28 29 30 31 32 33 34 35 36 37 38 39 40 41 42 43 44 45 46 47 48 49 73 74 75 76 77 78 80 81 82 83 84 85 86 87 88 89 90 91 92 93 94 95
(80,*) 0 1 2 3 4 5 6 7 8 9 10 11 12 13 14 15 16 17 18 19 20 21 22 23 24 25 26 27 28 29 30 31 32 33 34 35 36 37 38 39 40 41 42 43 44 45 46 47 48 49 73 74 75 76 77 78 79 81 82 83 84 85 86 87 88 89 90 91 92 93 94 95
(81,*) 0 1 2 3 4 5 6 7 8 9 10 11 12 13 14 15 16 17 18 19 20 21 22 23 24 25 26 27 28 29 30 31 32 33 34 35 36 37 38 39 40 41 42 43 44 45 46 47 48 49 73 74 75 76 77 78 79 80 82 83 84 85 86 87 88 89 90 91 92 93 94 95
(82,*) 0 1 2 3 4 5 6 7 8 9 10 11 12 13 14 15 16 17 18 19 20 21 22 23 24 25 26 27 28 29 30 31 32 33 34 35 36 37 38 39 40 41 42 43 44 45 46 47 48 49 73 74 75 76 77 78 79 80 81 83 84 85 86 87 88 89 90 91 92 93 94 95
(83,*) 0 1 2 3 4 5 6 7 8 9 10 11 12 13 14 15 16 17 18 19 20 21 22 23 24 25 26 27 28 29 30 31 32 33 34 35 36 37 38 39 40 41 42 43 44 45 46 47 48 49 73 74 75 76 77 78 79 80 81 82 84 85 86 87 88 89 90 91 92 93 94 95
(84,*) 0 1 2 3 4 5 6 7 8 9 10 11 12 13 14 15 16 17 18 19 20 21 22 23 24 25 26 27 28 29 30 31 32 33 34 35 36 37 38 39 40 41 42 43 44 45 46 47 48 49 73 74 75 76 77 78 79 80 81 82 83 85 86 87 88 89 90 91 92 93 94 95
(85,*) 0 1 2 3 4 5 6 7 8 9 10 11 12 13 14 15 16 17 18 19 20 21 22 23 24 25 26 27 28 29 30 31 32 33 34 35 36 37 38 39 40 41 42 43 44 45 46 47 48 49 73 74 75 76 77 78 79 80 81 82 83 84 86 87 88 89 90 91 92 93 94 95
(86,*) 0 1 2 3 4 5 6 7 8 9 10 11 12 13 14 15 16 17 18 19 20 21 22 23 24 25 26 27 28 29 30 31 32 33 34 35 36 37 38 39 40 41 42 43 44 45 46 47 48 49 73 74 75 76 77 78 79 80 81 82 83 84 85 87 88 89 90 91 92 93 94 95
(87,*) 0 1 2 3 4 5 6 7 8 9 10 11 12 13 14 15 16 17 18 19 20 21 22 23 24 25 26 27 28 29 30 31 32 33 34 35 36 37 38 39 40 41 42 43 44 45 46 47 48 49 73 74 75 76 77 78 79 80 81 82 83 84 85 86 88 89 90 91 92 93 94 95
(88,*) 0 1 2 3 4 5 6 7 8 9 10 11 12 13 14 15 16 17 18 19 20 21 22 23 24 25 26 27 28 29 30 31 32 33 34 35 36 37 38 39 40 41 42 43 44 45 46 47 48 49 73 74 75 76 77 78 79 80 81 82 83 84 85 86 87 89 90 91 92 93 94 95
(89,*) 0 1 2 3 4 5 6 7 8 9 10 11 12 13 14 15 16 17 18 19 20 21 22 23 24 25 26 27 28 29 30 31 32 33 34 35 36 37 38 39 40 41 42 43 44 45 46 47 48 49 73 74 75 76 77 78 79 80 81 82 83 84 85 86 87 88 90 91 92 93 94 95
(90,*) 0 1 2 3 4 5 6 7 8 9 10 11 12 13 14 15 16 17 18 19 20 21 22 23 24 25 26 27 28 29 30 31 32 33 34 35 36 37 38 39 40 41 42 43 44 45 46 47 48 49 73 74 75 76 77 78 79 80 81 82 83 84 85 86 87 88 89 91 92 93 94 95
(91,*) 0 1 2 3 4 5 6 7 8 9 10 11 12 13 14 15 16 17 18 19 20 21 22 23 24 25 26 27 28 29 30 31 32 33 34 35 36 37 38 39 40 41 42 43 44 45 46 47 48 49 73 74 75 76 77 78 79 80 81 82 83 84 85 86 87 88 89 90 92 93 94 95
(92,*) 0 1 2 3 4 5 6 7 8 9 10 11 12 13 14 15 16 17 18 19 20 21 22 23 24 25 26 27 28 29 30 31 32 33 34 35 36 37 38 39 40 41 42 43 44 45 46 47 48 49 73 74 75 76 77 78 79 80 81 82 83 84 85 86 87 88 89 90 91 93 94 95
(93,*) 0 1 2 3 4 5 6 7 8 9 10 11 12 13 14 15 16 17 18 19 20 21 22 23 24 25 26 27 28 29 30 31 32 33 34 35 36 37 38 39 40 41 42 43 44 45 46 47 48 49 73 74 75 76 77 78 79 80 81 82 83 84 85 86 87 88 89 90 91 92 94 95
(94,*) 0 1 2 3 4 5 6 7 8 9 10 11 12 13 14 15 16 17 18 19 20 21 22 23 24 25 26 27 28 29 30 31 32 33 34 35 36 37 38 39 40 41 42 43 44 45 46 47 48 49 73 74 75 76 77 78 79 80 81 82 83 84 85 86 87 88 89 90 91 92 93 95
(95,*) 0 1 2 3 4 5 6 7 8 9 10 11 12 13 14 15 16 17 18 19 20 21 22 23 24 25 26 27 28 29 30 31 32 33 34 35 36 37 38 39 40 41 42 43 44 45 46 47 48 49 73 74 75 76 77 78 79 80 81 82 83 84 85 86 87 88 89 90 91 92 93 94
;
set A2:=
(80,*) 81
(81,*) 80
(82,*) 83
(83,*) 82
(84,*) 85
(85,*) 84
;
param BigM:=99999;
param n:= 10;
param d:=
1	23
2	5
3	11
4	9
5	23
6	9
7	14
8	16
9	2
10	20
11	26
12	26
13	17
14	12
15	20
16	10
17	9
18	2
19	9
20	1
21	2
22	14
23	13
24	23
25	3
26	23
27	11
28	2
29	10
30	2
31	14
32	21
33	22
34	13
35	22
36	18
37	6
38	2
39	11
40	9
41	9
42	5
43	12
44	12
45	6
46	14
47	2
48	2
49	24
50	24
51	22
52	23
53	26
54	12
55	6
56	12
57	15
58	7
59	4
60	4
61	12
62	23
63	21
64	13
65	6
66	7
67	13
68	6
69	13
70	7
71	5
72	2
73	2
74	13
75	2
76	3
77	7
78	22
79	19
;
param Q:=100;
param w:=
[80,*] 81 1
[81,*] 80 1
[82,*] 83 1
[83,*] 82 1
[84,*] 85 1
[85,*] 84 1
;
param V:=
[80,*] 81 90
[81,*] 80 90
[82,*] 83 75
[83,*] 82 75
[84,*] 85 86
[85,*] 84 86
;
param f:=
80	100
81	100
82	100
83	100
84	100
85	100
86	100
87	100
88	100
89	100
90	100
91	100
92	100
93	100
94	100
95	100
;
param e:
	80	81	82	83	84	85	86	87	88	89	90	91	92	93	94	95:=
50	0	0	1	0	1	0	1	0	0	1	1	0	1	0	0	1	
51	1	0	0	0	0	1	1	0	0	1	0	0	1	0	0	1	
52	1	0	0	1	0	1	1	0	0	1	0	0	1	0	0	1	
53	1	0	0	0	1	0	1	0	0	1	0	0	1	0	0	1	
54	0	0	1	0	1	0	1	1	0	0	1	0	0	1	0	0	
55	0	0	0	1	0	1	0	0	1	0	0	1	1	0	1	0	
56	0	0	0	1	0	0	0	0	1	0	0	1	0	0	1	0	
57	0	0	0	1	0	1	1	0	1	0	0	1	1	0	1	0	
58	1	0	0	0	0	1	1	0	0	1	0	0	1	0	0	1	
59	0	0	0	1	0	0	0	0	1	0	0	1	0	0	1	0	
60	0	0	0	1	0	1	1	1	0	1	1	1	1	0	1	1	
61	0	1	1	0	1	0	0	1	0	0	1	0	0	1	0	0	
62	0	1	1	0	1	0	0	1	0	0	1	0	0	1	0	0	
63	0	0	1	0	0	0	1	1	0	0	1	1	1	1	1	0	
64	0	0	0	1	0	0	0	1	1	0	1	1	0	0	1	0	
65	1	0	0	0	0	1	1	1	0	1	1	1	1	0	0	1	
66	1	0	0	0	0	1	1	0	0	1	0	0	1	0	0	1	
67	0	0	1	0	1	0	0	0	0	0	0	0	0	1	0	0	
68	1	0	0	0	0	1	1	0	0	1	0	0	1	0	0	1	
69	0	1	1	0	1	0	0	1	0	0	1	0	0	1	0	0	
70	0	0	0	1	0	0	0	0	1	0	0	1	0	0	1	0	
71	0	1	1	0	1	0	0	1	0	0	1	0	0	1	0	0	
72	0	1	1	0	0	0	0	1	0	0	1	1	0	1	0	0	
73	1	0	0	0	0	1	1	0	0	1	0	0	1	0	0	1	
74	0	0	0	0	1	0	1	0	0	0	0	0	0	0	0	1	
75	1	0	0	0	0	1	1	0	0	1	0	0	1	0	0	1	
76	0	0	1	0	1	0	1	1	0	0	1	0	0	1	0	0	
77	0	1	1	0	1	0	0	1	0	0	1	0	0	1	0	0	
78	1	0	0	0	0	1	1	0	0	1	0	0	1	0	0	1	
79	0	0	1	0	0	1	1	1	0	0	1	1	1	1	0	1	
;
param p:=
1	1
2	1
3	1
4	1
5	1
6	1
7	1
8	1
9	1
10	1
;
param G:=
80	90
81	75
82	71
83	75
84	78
85	86
86	86
87	81
88	96
89	88
90	97
91	81
92	99
93	73
94	92
95	82
;
param s:=
0	0
1	15
2	15
3	15
4	15
5	15
6	15
7	15
8	15
9	15
10	15
11	15
12	15
13	15
14	15
15	15
16	15
17	15
18	15
19	15
20	15
21	15
22	15
23	15
24	15
25	15
26	15
27	15
28	15
29	15
30	15
31	15
32	15
33	15
34	15
35	15
36	15
37	15
38	15
39	15
40	15
41	15
42	15
43	15
44	15
45	15
46	15
47	15
48	15
49	15
73	15
74	15
75	15
76	15
77	15
78	15
79	15
80	10
81	10
82	10
83	10
84	10
85	10
86	10
87	10
88	10
89	10
90	10
91	10
92	10
93	10
94	10
95	10
;
param t:
	0	1	2	3	4	5	6	7	8	9	10	11	12	13	14	15	16	17	18	19	20	21	22	23	24	25	26	27	28	29	30	31	32	33	34	35	36	37	38	39	40	41	42	43	44	45	46	47	48	49	50	51	52	53	54	55	56	57	58	59	60	61	62	63	64	65	66	67	68	69	70	71	72	73	74	75	76	77	78	79	80	81	82	83	84	85	86	87	88	89	90	91	92	93	94	95:=
0	0.0	48.1	92.2	62.27	95.86	96.77	54.08	65.12	56.36	87.09	65.3	92.14	81.3	61.47	84.96	75.06	59.41	74.25	66.6	75.01	82.49	125.87	89.29	19.92	28.02	104.81	78.23	80.06	103.48	69.35	82.28	94.51	101.4	74.06	58.73	97.64	54.41	71.85	119.97	41.23	97.53	110.8	47.54	62.03	17.0	91.68	65.12	42.01	86.35	81.15	34.23	88.77	75.03	40.01	22.2	103.08	101.83	90.43	73.68	113.9	72.42	30.36	51.09	58.14	85.28	57.71	87.09	11.66	73.17	39.81	105.21	41.23	67.91	67.36	32.02	75.5	37.01	56.01	58.69	53.91	80.01	70.11	27.29	102.07	15.52	80.52	60.08	53.23	108.07	74.11	53.0	84.2	73.74	45.71	96.67	64.63
1	48.1	0.0	69.07	21.38	57.04	54.23	43.42	38.6	19.24	40.31	18.38	71.28	52.84	26.83	36.88	52.8	15.0	34.13	19.24	52.5	37.11	77.78	54.13	43.32	20.81	60.44	50.77	32.02	55.44	42.8	42.19	49.04	54.59	28.86	10.63	52.2	26.87	25.3	72.01	23.54	54.13	63.29	23.71	47.01	37.59	44.42	35.81	7.28	43.42	56.6	31.02	54.57	37.85	34.71	26.63	58.52	53.81	43.42	38.9	65.95	26.93	24.74	39.4	10.3	37.44	19.7	66.61	46.32	50.0	16.03	57.8	23.54	35.36	54.04	43.05	45.62	11.66	39.96	36.07	8.0	59.2	45.45	30.08	54.41	35.23	47.43	28.84	16.4	60.22	51.4	11.18	36.72	37.11	26.93	48.83	40.46
2	92.2	69.07	0.0	85.56	112.68	44.1	112.36	106.3	86.56	58.52	75.07	137.89	17.03	93.43	69.35	120.34	78.52	94.49	73.76	17.72	52.39	94.02	114.4	101.14	72.42	104.92	18.44	67.12	75.31	26.42	38.08	53.94	92.36	83.6	67.21	96.25	95.6	57.43	83.0	54.41	102.86	72.06	49.4	116.02	75.24	84.17	33.29	67.12	96.57	123.04	96.66	115.6	100.0	101.97	82.57	103.08	81.74	85.0	102.65	90.09	82.01	64.76	41.11	65.12	65.39	86.45	133.66	82.0	117.52	60.54	68.36	54.41	34.06	123.0	106.63	111.04	69.35	36.35	104.81	73.88	126.67	24.17	65.76	86.68	77.65	110.63	96.43	52.7	74.43	118.93	58.01	62.24	99.9	49.04	69.12	108.58
3	62.27	21.38	85.56	0.0	36.06	60.17	34.0	21.47	6.4	41.3	11.7	52.35	68.62	8.54	32.14	35.0	7.21	13.04	13.6	70.43	41.76	68.1	32.76	50.93	38.83	42.54	67.18	29.02	49.04	60.44	52.35	51.48	40.36	13.04	18.44	35.61	15.13	30.87	65.19	44.91	35.34	59.23	44.6	33.96	55.79	31.91	53.41	28.07	24.17	37.48	33.6	33.24	16.49	33.11	40.25	40.82	44.28	30.23	17.89	55.23	12.08	45.04	60.41	20.62	35.0	5.0	48.1	63.57	32.2	37.34	54.59	44.91	51.66	40.16	45.28	25.61	31.06	60.42	22.36	13.6	41.23	63.41	50.16	42.72	52.5	26.4	12.37	35.36	54.82	33.6	29.53	36.12	15.81	48.08	44.55	24.17
4	95.86	57.04	112.68	36.06	0.0	76.42	50.91	33.42	40.61	56.59	41.0	38.05	95.88	34.48	44.6	33.54	42.05	23.02	41.48	100.22	61.22	57.04	9.85	81.01	74.67	19.03	95.29	45.8	50.09	90.47	75.21	65.19	29.41	30.36	50.99	21.54	41.63	55.47	60.42	80.31	13.6	60.93	79.08	44.82	91.41	31.4	83.93	64.0	16.12	29.41	63.06	11.7	20.88	59.36	74.73	19.03	41.63	29.83	22.36	45.54	32.28	81.1	94.73	53.15	48.84	39.46	37.12	98.72	32.76	73.06	59.06	80.31	81.02	46.14	71.85	24.08	67.12	93.86	40.0	49.04	35.44	93.62	86.21	36.4	87.86	17.69	35.85	68.66	55.54	33.12	63.15	51.74	22.14	82.87	51.04	35.38
5	96.77	54.23	44.1	60.17	76.42	0.0	93.38	81.27	64.13	20.25	48.51	108.41	32.02	68.68	32.2	93.62	54.92	63.95	46.57	41.44	18.44	50.01	80.8	96.88	69.57	64.64	33.84	32.65	31.95	36.89	15.0	11.4	51.31	52.33	46.04	56.85	74.33	30.15	39.12	56.44	64.44	28.0	50.25	94.11	81.41	45.28	36.07	57.27	61.22	94.37	85.09	82.42	69.77	88.02	78.59	63.01	39.36	46.67	73.35	46.32	51.48	66.64	55.9	45.0	28.02	63.35	105.12	90.43	91.0	57.01	24.33	56.44	31.83	100.28	97.25	82.29	61.85	51.09	82.46	54.08	99.32	38.95	70.71	44.78	81.44	79.76	72.53	43.66	30.41	92.31	45.12	25.55	70.21	53.25	26.93	84.12
6	54.08	43.42	112.36	34.0	50.91	93.38	0.0	18.03	29.27	75.17	45.18	38.05	96.25	26.17	66.07	21.84	38.47	37.34	47.17	95.44	74.97	99.02	41.87	35.13	46.04	66.29	94.15	63.01	82.2	85.98	83.82	85.29	69.46	45.54	48.08	62.61	19.1	63.35	97.74	61.52	58.52	92.78	64.54	8.06	57.58	63.32	79.08	45.61	49.19	28.16	21.19	40.61	34.0	14.56	39.4	65.19	76.4	61.4	30.53	86.03	45.28	55.22	78.52	49.65	69.0	30.15	33.02	61.39	20.62	53.76	88.36	61.52	78.77	13.6	23.54	26.91	44.55	80.66	12.65	40.16	26.08	88.48	58.31	73.68	53.14	33.24	22.2	59.68	88.12	21.19	54.59	70.06	32.65	66.48	78.31	15.62
7	65.12	38.6	106.3	21.47	33.42	81.27	18.03	0.0	19.8	61.85	33.11	32.76	89.5	13.04	51.48	14.21	28.02	20.22	34.93	90.52	62.97	81.61	25.06	48.47	49.24	48.26	87.86	49.24	66.12	80.61	73.82	72.03	51.87	30.15	39.2	44.78	12.65	52.33	81.05	60.83	40.5	77.03	62.13	14.14	64.2	46.53	73.54	43.42	31.38	18.38	31.05	24.17	16.16	26.4	46.01	47.17	59.68	44.55	12.53	68.68	30.41	57.57	77.52	41.23	54.92	19.85	28.02	70.03	11.4	52.77	73.03	60.83	72.25	19.24	38.59	10.44	44.38	78.49	6.71	32.53	20.62	83.45	61.85	56.52	60.07	16.12	9.9	54.56	72.11	12.81	48.84	56.52	14.87	65.0	63.07	3.0
8	56.36	19.24	86.56	6.4	40.61	64.13	29.27	19.8	0.0	46.01	16.0	52.2	69.81	7.62	37.66	33.97	9.22	18.03	18.0	70.72	45.71	74.43	36.06	44.55	34.13	48.55	68.12	34.13	55.03	60.81	55.15	56.08	46.75	19.42	19.72	41.87	10.2	34.21	71.31	42.38	41.18	65.0	42.94	30.46	50.8	38.28	53.74	25.0	30.02	37.44	27.2	36.22	20.02	26.93	34.54	46.87	50.54	36.62	20.22	61.59	18.36	41.11	58.6	21.63	40.2	1.41	47.63	58.24	31.14	34.48	60.21	42.38	52.5	37.12	38.95	26.4	27.17	59.17	18.79	12.73	40.36	63.66	46.01	49.09	47.3	28.64	9.9	34.83	60.73	32.56	29.07	41.01	19.0	46.1	50.22	22.02
9	87.09	40.31	58.52	41.3	56.59	20.25	75.17	61.85	46.01	0.0	30.02	88.19	42.95	49.65	12.04	73.74	37.01	43.86	28.02	50.09	7.07	42.95	60.61	83.57	59.08	46.52	43.42	12.65	19.92	42.11	20.62	10.2	33.84	32.31	30.36	38.08	56.08	15.26	34.41	50.45	45.22	24.04	45.22	75.13	73.66	26.08	37.85	45.28	41.11	74.25	69.63	62.2	49.66	71.57	66.65	44.72	24.02	27.2	53.31	34.53	31.62	58.73	56.08	30.08	7.81	45.04	84.97	82.88	71.17	48.17	18.38	50.45	33.54	81.02	82.0	62.24	50.25	52.5	63.64	37.85	79.31	45.04	63.64	28.44	72.62	59.54	53.6	35.38	22.47	72.45	34.21	5.39	50.16	49.09	12.37	64.76
10	65.3	18.38	75.07	11.7	41.0	48.51	45.18	33.11	16.0	30.02	0.0	63.03	58.05	20.25	22.14	46.32	7.28	19.72	2.0	60.75	30.08	61.22	40.25	57.14	38.95	42.2	56.85	18.25	40.25	50.77	40.82	40.11	36.36	11.0	10.05	33.84	26.08	19.24	56.82	40.05	36.22	49.65	38.21	45.61	55.9	26.4	43.91	25.63	26.02	48.27	41.23	41.18	25.0	42.2	43.19	40.26	37.01	25.24	27.59	48.84	9.0	43.01	53.76	12.17	24.33	15.03	59.03	64.5	43.57	33.54	44.64	40.05	41.62	51.87	53.49	36.12	29.97	52.89	33.96	11.4	52.43	53.85	48.38	36.8	53.34	35.61	24.04	27.66	45.69	44.94	22.2	25.02	24.84	42.11	34.79	35.85
11	92.14	71.28	137.89	52.35	38.05	108.41	38.05	32.76	52.2	88.19	63.03	0.0	120.92	44.82	76.48	18.79	59.46	44.65	64.54	122.67	90.97	95.08	29.61	73.01	80.99	57.01	119.52	75.8	86.4	112.7	103.41	97.95	66.91	56.3	70.77	58.86	45.18	81.84	98.15	93.54	51.35	97.53	94.87	30.15	94.59	66.41	105.65	76.16	48.7	14.87	58.69	27.66	38.83	52.35	76.16	57.08	78.34	64.51	35.61	83.49	57.43	89.69	110.28	72.92	80.53	52.01	5.1	99.14	21.47	85.48	94.87	93.54	104.0	25.08	61.07	26.91	76.92	111.22	36.77	64.82	12.65	115.62	93.64	73.55	90.24	28.65	42.44	87.01	92.18	20.12	81.22	82.86	38.6	97.75	85.8	31.3
12	81.3	52.84	17.03	68.62	95.88	32.02	96.25	89.5	69.81	42.95	58.05	120.92	0.0	76.58	53.14	103.48	61.62	77.47	56.73	10.0	36.4	81.5	97.42	87.82	58.69	88.87	3.16	50.57	61.07	12.0	22.36	40.01	76.66	66.61	50.33	80.06	79.06	40.5	70.86	41.11	86.41	59.54	35.36	99.57	64.38	68.01	17.72	51.62	79.76	106.08	81.6	98.6	82.98	86.54	68.88	86.98	66.75	68.71	85.63	76.06	65.0	52.04	31.62	48.27	49.34	69.66	116.73	72.18	100.66	46.1	55.15	41.11	17.49	106.51	92.18	94.05	54.41	26.25	88.23	57.2	109.79	11.4	54.08	71.39	66.07	93.61	79.65	36.67	61.07	102.07	41.68	46.17	82.88	36.01	54.33	91.83
13	61.47	26.83	93.43	8.54	34.48	68.68	26.17	13.04	7.62	49.65	20.25	44.82	76.58	0.0	40.0	26.91	15.0	13.45	22.14	77.9	50.29	73.82	29.02	47.8	41.0	44.69	75.01	37.22	56.09	67.94	60.83	59.84	44.94	19.42	26.25	39.05	8.6	39.4	71.84	49.98	37.01	66.61	50.54	25.5	57.31	37.7	60.88	32.57	26.17	30.0	29.83	29.02	13.6	27.8	40.26	43.19	50.6	35.85	13.0	60.84	19.1	48.37	66.21	28.32	43.1	7.21	40.36	64.33	24.08	42.06	62.2	49.98	59.41	31.62	40.46	18.79	34.53	66.73	14.04	20.0	33.24	70.84	53.15	48.33	53.6	21.21	4.0	42.2	61.98	25.5	36.4	44.41	12.37	53.71	52.15	15.65
14	84.96	36.88	69.35	32.14	44.6	32.2	66.07	51.48	37.66	12.04	22.14	76.48	53.14	40.0	0.0	62.64	29.41	32.57	20.25	59.23	17.0	41.11	48.6	78.77	57.28	35.74	53.16	5.0	18.6	50.36	31.3	21.47	24.08	21.38	26.25	26.93	47.27	16.49	35.23	52.33	33.62	27.51	48.1	65.19	73.25	14.87	45.01	43.14	29.07	62.77	63.32	50.22	38.28	64.29	63.41	33.84	17.89	15.65	42.06	30.02	21.1	58.82	61.19	26.87	4.24	36.5	73.41	82.33	60.17	48.26	22.56	52.33	41.11	70.71	75.61	50.92	48.08	58.42	54.01	32.25	68.01	53.46	64.07	20.4	71.51	47.85	44.0	37.16	23.71	61.4	34.13	7.21	38.9	52.2	12.65	54.45
15	75.06	52.8	120.34	35.0	33.54	93.62	21.84	14.21	33.97	73.74	46.32	18.79	103.48	26.91	62.64	0.0	41.87	30.08	48.02	104.69	75.58	87.97	23.71	56.72	62.3	51.55	101.91	61.1	75.33	94.76	87.13	83.82	58.31	41.44	53.15	50.49	26.42	65.51	89.02	74.79	44.38	86.47	76.28	13.93	76.3	55.15	87.69	57.45	38.01	6.32	41.01	21.95	24.52	35.06	57.87	50.96	68.03	53.15	20.62	75.43	42.15	70.94	91.59	55.23	66.41	33.94	13.89	81.3	2.83	66.73	83.02	74.79	86.31	12.81	45.35	12.04	58.14	92.66	18.03	46.69	6.4	97.62	74.95	64.03	72.01	17.26	24.08	68.77	81.3	1.41	63.03	68.35	23.77	79.08	73.35	12.53
16	59.41	15.0	78.52	7.21	42.05	54.92	38.47	28.02	9.22	37.01	7.28	59.46	61.62	15.0	29.41	41.87	0.0	19.24	9.22	63.25	36.5	68.01	39.56	50.22	34.18	46.24	60.11	25.5	47.42	53.26	46.1	47.01	42.01	14.76	11.31	38.47	19.42	25.0	63.95	38.33	39.56	56.92	37.64	39.56	51.26	32.53	46.23	22.09	28.64	44.6	34.01	40.16	23.41	34.93	37.2	44.38	43.83	31.14	25.06	55.44	13.04	39.46	53.45	13.45	31.58	8.54	55.15	59.51	39.05	31.02	51.92	38.33	44.55	46.1	46.24	32.8	25.71	53.31	27.86	7.0	48.17	56.22	44.72	43.19	48.33	33.54	18.36	28.18	52.92	40.46	22.36	32.14	22.85	41.23	42.06	30.53
17	74.25	34.13	94.49	13.04	23.02	63.95	37.34	20.22	18.03	43.86	19.72	44.65	77.47	13.45	32.57	30.08	19.24	0.0	20.81	80.45	46.32	61.68	20.62	61.22	51.79	31.24	76.4	31.3	46.01	70.49	58.9	53.85	32.2	11.66	29.15	25.81	21.93	37.48	60.83	57.56	23.6	57.01	56.75	34.37	68.66	26.31	63.63	41.01	12.73	30.41	43.28	21.47	5.83	41.11	52.55	29.73	39.46	24.33	9.49	48.7	12.81	58.08	72.53	31.38	36.4	16.76	41.18	76.24	27.66	50.16	53.24	57.56	61.29	39.0	53.81	18.38	44.1	72.11	24.7	26.17	35.47	73.57	63.2	36.4	65.25	16.28	16.4	46.82	52.01	28.86	41.11	38.48	6.32	60.42	43.42	23.19
18	66.6	19.24	73.76	13.6	41.48	46.57	47.17	34.93	18.0	28.02	2.0	64.54	56.73	22.14	20.25	48.02	9.22	20.81	0.0	59.68	28.16	59.67	41.18	58.83	39.96	41.77	55.61	16.28	38.47	49.74	39.12	38.12	35.36	11.18	10.05	33.24	28.07	17.49	55.07	40.2	36.06	47.76	38.05	47.54	56.82	25.24	42.94	26.4	26.17	49.82	43.08	42.19	26.25	44.15	44.55	39.81	35.47	24.19	29.0	47.38	9.22	43.66	53.46	12.0	22.36	17.03	60.61	65.51	45.28	33.96	42.72	40.2	40.5	53.76	55.36	37.64	30.89	52.39	35.9	12.73	54.08	52.84	49.04	35.47	54.38	36.88	25.96	27.29	43.86	46.65	22.02	23.02	26.17	42.01	32.89	37.7
19	75.01	52.5	17.72	70.43	100.22	41.44	95.44	90.52	70.72	50.09	60.75	122.67	10.0	77.9	59.23	104.69	63.25	80.45	59.68	0.0	43.19	90.26	100.85	83.43	54.71	94.83	7.62	56.04	69.07	10.0	30.07	48.51	83.19	70.24	52.01	85.87	79.31	44.94	79.83	36.69	91.71	68.45	31.78	99.49	58.01	73.98	17.03	49.93	84.17	107.81	79.16	101.87	85.7	84.6	64.85	92.89	74.11	74.46	88.01	84.05	68.48	47.07	24.08	49.82	55.73	70.77	118.26	65.19	101.86	42.95	63.79	36.69	19.24	106.53	88.96	96.05	51.88	19.0	88.53	58.0	111.07	7.07	48.26	78.41	60.21	96.26	80.62	36.12	69.58	103.28	41.73	52.61	85.45	31.32	62.0	92.63
20	82.49	37.11	52.39	41.76	61.22	18.44	74.97	62.97	45.71	7.07	30.08	90.97	36.4	50.29	17.0	75.58	36.5	46.32	28.16	43.19	0.0	49.77	64.38	80.36	54.59	52.55	36.67	15.56	26.93	35.06	14.32	12.08	40.26	34.67	28.07	43.86	55.9	12.04	40.82	44.55	50.61	30.0	39.05	75.69	68.41	31.78	30.81	41.23	45.34	76.66	67.48	65.86	52.15	70.03	62.77	50.7	31.0	32.65	55.57	41.59	33.62	53.41	49.24	27.29	13.0	44.91	87.46	77.62	72.92	43.01	24.41	44.55	26.48	81.91	79.76	64.5	46.1	45.54	64.03	36.01	81.41	38.01	58.14	35.23	67.68	62.43	54.12	29.83	29.07	74.25	29.53	9.85	52.48	42.8	19.42	65.79
21	125.87	77.78	94.02	68.1	57.04	50.01	99.02	81.61	74.43	42.95	61.22	95.08	81.5	73.82	41.11	87.97	68.01	61.68	59.67	90.26	49.77	0.0	66.03	118.22	98.35	38.12	82.87	46.1	23.32	83.68	60.42	41.77	29.83	55.07	67.18	37.48	82.29	56.3	11.18	92.65	44.05	22.02	87.82	95.6	114.34	36.24	80.32	84.22	50.45	85.29	101.55	68.03	65.52	101.12	104.06	38.01	24.21	38.01	69.38	13.0	56.08	99.81	99.01	67.94	41.62	73.06	94.01	123.43	86.31	89.2	26.48	92.65	75.89	99.25	113.37	76.3	89.14	95.27	86.38	72.35	91.35	86.35	105.0	25.5	112.61	70.71	77.47	77.39	20.88	87.13	75.0	43.57	66.76	91.79	30.89	84.48
22	89.29	54.13	114.4	32.76	9.85	80.8	41.87	25.06	36.06	60.61	40.25	29.61	97.42	29.02	48.6	23.71	39.56	20.62	41.18	100.85	64.38	66.03	0.0	73.41	70.01	28.44	96.52	48.84	56.92	90.92	77.83	69.89	37.34	30.81	49.77	29.27	34.93	57.01	68.59	77.67	22.0	68.01	77.2	35.38	86.28	37.16	84.12	60.67	19.72	19.65	55.71	2.0	16.28	51.43	68.88	28.16	48.76	35.34	16.03	54.08	32.45	77.16	93.01	52.0	52.8	35.13	28.02	93.06	23.02	70.04	65.55	77.67	81.63	36.36	63.63	15.0	63.2	92.7	31.76	46.32	25.71	94.02	82.05	43.93	82.49	8.94	29.43	67.42	62.64	23.32	61.68	55.44	17.12	80.78	56.8	26.63
23	19.92	43.32	101.14	50.93	81.01	96.88	35.13	48.47	44.55	83.57	57.14	73.01	87.82	47.8	78.77	56.72	50.22	61.22	58.83	83.43	80.36	118.22	73.41	0.0	29.15	92.46	85.0	74.24	97.25	75.95	83.6	92.35	91.29	63.78	53.31	86.31	39.66	68.62	113.88	46.87	84.81	105.99	52.47	43.19	29.83	82.46	70.35	39.62	73.88	62.97	18.03	72.62	60.75	22.14	19.03	90.91	94.05	80.92	58.67	105.6	62.48	36.4	61.1	53.49	80.06	45.97	68.03	29.68	55.11	42.05	100.65	46.87	72.06	48.01	12.17	58.87	35.23	65.15	41.79	46.53	61.2	77.47	36.25	93.24	25.81	64.47	45.49	54.15	102.47	55.9	51.79	79.71	59.36	52.17	91.24	47.43
24	28.02	20.81	72.42	38.83	74.67	69.57	46.04	49.24	34.13	59.08	38.95	80.99	58.69	41.0	57.28	62.3	34.18	51.79	39.96	54.71	54.59	98.35	70.01	29.15	0.0	80.41	55.9	52.33	75.69	46.87	55.54	66.65	75.29	48.85	31.24	72.5	36.67	43.83	92.1	18.03	73.68	82.8	23.35	52.35	17.09	65.19	41.19	14.14	62.64	67.45	26.17	70.01	54.15	32.56	10.2	78.55	74.52	64.14	54.0	86.68	47.01	9.22	33.84	30.41	57.38	35.23	75.96	25.55	59.77	13.04	77.2	18.03	43.0	59.17	34.44	58.55	9.22	37.12	44.27	27.73	68.35	48.51	12.65	75.21	14.42	62.07	41.19	25.96	80.16	61.03	25.06	56.22	53.08	23.41	68.77	50.0
25	104.81	60.44	104.92	42.54	19.03	64.64	66.29	48.26	48.55	46.52	42.2	57.01	88.87	44.69	35.74	51.55	46.24	31.24	41.77	94.83	52.55	38.12	28.44	92.46	80.41	0.0	88.89	38.83	34.71	85.7	66.85	53.25	13.45	31.62	51.79	9.06	53.08	50.49	42.38	81.88	7.81	44.65	79.23	61.29	97.5	20.88	79.91	67.72	18.6	48.05	74.52	30.41	32.65	72.12	82.76	2.0	26.17	20.4	35.81	27.2	33.53	85.16	94.01	53.6	39.56	47.17	56.14	105.7	50.33	75.71	43.93	81.88	76.3	63.69	84.85	40.72	71.78	92.09	54.2	52.81	54.13	88.84	90.52	20.52	94.54	34.54	47.38	68.12	39.41	50.92	63.39	42.72	34.06	83.29	37.8	50.77
26	78.23	50.77	18.44	67.18	95.29	33.84	94.15	87.86	68.12	43.42	56.85	119.52	3.16	75.01	53.16	101.91	60.11	76.4	55.61	7.62	36.67	82.87	96.52	85.0	55.9	88.89	0.0	50.33	62.0	9.06	23.02	41.19	76.9	65.73	48.8	80.01	77.2	39.82	72.37	38.21	86.16	61.0	32.56	97.65	61.29	68.01	15.23	49.24	79.18	104.66	79.12	97.65	81.84	84.17	66.1	86.98	67.36	68.62	84.39	77.0	64.07	49.09	28.46	46.69	49.48	68.01	115.26	69.05	99.09	43.42	56.44	38.21	15.62	104.62	89.56	92.7	51.87	23.09	86.4	55.44	108.25	8.25	51.04	71.85	63.03	92.46	77.99	34.48	62.29	100.5	39.66	46.32	81.69	33.06	55.08	90.14
27	80.06	32.02	67.12	29.02	45.8	32.65	63.01	49.24	34.13	12.65	18.25	75.8	50.57	37.22	5.0	61.1	25.5	31.3	16.28	56.04	15.56	46.1	48.84	74.24	52.33	38.83	50.33	0.0	23.43	46.87	29.41	22.8	28.02	19.7	21.4	29.83	44.01	12.04	40.0	47.42	35.85	31.78	43.32	62.65	68.25	18.11	41.19	38.18	29.83	61.72	59.14	50.33	37.12	60.42	58.6	36.88	22.83	18.44	40.72	34.99	18.97	53.82	56.72	21.93	6.08	33.06	72.47	77.34	58.52	43.27	26.57	47.42	37.48	68.45	71.47	49.66	43.14	54.15	51.24	27.73	66.71	50.01	59.08	25.0	66.53	47.17	41.19	32.31	28.3	59.81	29.15	7.28	37.58	47.43	17.0	52.17
28	103.48	55.44	75.31	49.04	50.09	31.95	82.2	66.12	55.03	19.92	40.25	86.4	61.07	56.09	18.6	75.33	47.42	46.01	38.47	69.07	26.93	23.32	56.92	97.25	75.69	34.71	62.0	23.43	0.0	61.66	39.01	21.38	21.4	36.67	44.82	28.65	64.03	33.02	16.64	69.34	36.72	11.18	64.5	80.22	91.35	20.22	57.72	61.55	37.85	74.15	81.44	58.82	51.04	81.93	82.01	33.42	8.6	22.2	55.04	15.0	37.11	76.69	75.96	45.34	18.44	53.76	84.17	100.5	73.17	66.07	9.22	69.34	53.37	85.01	93.62	63.29	66.53	72.42	69.72	50.77	79.91	64.5	81.84	14.21	89.81	58.86	60.02	54.08	6.0	74.24	51.86	20.25	52.01	68.48	7.62	69.12
29	69.35	42.8	26.42	60.44	90.47	36.89	85.98	80.61	60.81	42.11	50.77	112.7	12.0	67.94	50.36	94.76	53.26	70.49	49.74	10.0	35.06	83.68	90.92	75.95	46.87	85.7	9.06	46.87	61.66	0.0	23.41	42.06	74.43	60.37	42.01	76.69	69.53	35.44	73.68	29.15	82.28	62.3	23.54	89.81	52.47	64.94	7.07	40.71	74.46	97.84	70.38	91.92	75.72	75.58	57.07	83.74	66.03	65.31	78.01	76.53	58.59	40.05	20.59	39.82	47.1	60.83	108.3	60.42	91.93	34.48	57.28	29.15	9.49	96.83	80.65	86.05	43.08	15.26	78.75	48.08	101.14	3.16	42.11	70.03	54.08	86.27	70.71	26.4	62.82	93.35	31.89	44.05	75.45	24.02	54.33	82.76
30	82.28	42.19	38.08	52.35	75.21	15.0	83.82	73.82	55.15	20.62	40.82	103.41	22.36	60.83	31.3	87.13	46.1	58.9	39.12	30.07	14.32	60.42	77.83	83.6	55.54	66.85	23.02	29.41	39.01	23.41	0.0	18.68	54.41	47.42	35.74	58.18	65.19	21.63	50.29	41.59	64.88	38.9	35.36	85.62	66.64	46.1	21.4	44.1	59.2	88.81	73.17	79.21	64.66	76.79	64.94	65.0	44.41	46.96	67.8	54.01	46.1	52.0	41.23	34.21	27.31	54.63	99.62	75.59	84.38	42.72	33.96	41.59	17.03	92.2	85.02	76.61	48.37	36.62	73.93	43.68	93.19	25.96	55.9	49.03	66.85	75.17	64.4	29.61	39.62	85.76	32.02	24.17	64.82	38.28	32.06	76.48
31	94.51	49.04	53.94	51.48	65.19	11.4	85.29	72.03	56.08	10.2	40.11	97.95	40.01	59.84	21.47	83.82	47.01	53.85	38.12	48.51	12.08	41.77	69.89	92.35	66.65	53.25	41.19	22.8	21.38	42.06	18.68	0.0	39.96	42.38	39.62	45.45	66.19	23.77	31.62	55.97	53.08	20.25	50.21	85.33	80.21	33.94	39.36	53.31	50.22	84.17	79.08	71.56	59.62	81.3	74.85	51.61	28.23	35.38	63.32	36.22	41.76	65.22	58.83	39.05	17.46	55.15	94.85	89.4	81.27	54.92	15.3	55.97	34.89	91.22	91.41	72.24	58.18	54.59	73.82	47.38	89.32	44.64	69.81	33.54	79.61	69.32	63.79	41.62	21.1	82.54	41.59	15.52	60.17	53.76	15.65	74.95
32	101.4	54.59	92.36	40.36	29.41	51.31	69.46	51.87	46.75	33.84	36.36	66.91	76.66	44.94	24.08	58.31	42.01	32.2	35.36	83.19	40.26	29.83	37.34	91.29	75.29	13.45	76.9	28.02	21.4	74.43	54.41	39.96	0.0	27.59	44.78	8.06	53.54	40.05	31.26	74.04	15.81	31.76	70.61	65.8	92.18	10.44	69.07	61.72	20.62	56.0	73.88	39.32	35.74	72.67	79.2	12.04	12.81	11.18	39.56	17.12	29.07	78.79	84.59	46.24	27.46	45.34	65.28	100.85	56.57	68.71	30.61	74.04	65.19	69.43	85.21	46.53	66.24	82.15	56.86	47.71	62.01	77.52	84.17	7.21	89.69	41.11	48.37	59.44	26.42	57.43	55.36	30.59	37.0	74.73	24.41	54.71
33	74.06	28.86	83.6	13.04	30.36	52.33	45.54	30.15	19.42	32.31	11.0	56.3	66.61	19.42	21.38	41.44	14.76	11.66	11.18	70.24	34.67	55.07	30.81	63.78	48.85	31.62	65.73	19.7	36.67	60.37	47.42	42.38	27.59	0.0	21.02	23.71	27.51	26.25	52.5	51.04	25.32	47.27	49.16	44.01	65.92	18.87	53.71	36.14	15.03	42.06	46.62	32.02	17.49	46.07	51.87	29.73	31.38	17.2	21.02	42.19	2.0	53.6	64.63	23.09	25.0	18.03	52.84	74.25	38.9	44.41	43.01	51.04	51.0	49.37	58.31	29.97	40.16	63.56	33.14	21.19	47.01	63.51	58.94	29.68	63.07	27.8	23.35	38.47	42.58	40.16	33.14	26.93	17.89	53.08	33.0	33.14
34	58.73	10.63	67.21	18.44	50.99	46.04	48.08	39.2	19.72	30.36	10.05	70.77	50.33	26.25	26.25	53.15	11.31	29.15	10.05	52.01	28.07	67.18	49.77	53.31	31.24	51.79	48.8	21.4	44.82	42.01	35.74	39.62	44.78	21.02	0.0	43.17	29.55	16.03	61.4	30.15	46.1	52.84	28.16	50.09	47.71	34.44	35.0	17.2	36.06	55.9	39.46	50.57	34.0	42.0	37.2	49.82	43.28	33.62	36.06	55.44	19.03	34.01	43.74	2.24	26.93	19.42	66.47	56.61	50.33	24.04	47.41	30.15	33.24	56.82	51.79	44.05	22.02	43.01	38.47	8.06	59.46	45.0	39.4	44.1	45.61	44.42	29.41	17.72	49.65	51.74	12.17	26.4	33.62	32.06	38.28	41.62
35	97.64	52.2	96.25	35.61	21.54	56.85	62.61	44.78	41.87	38.08	33.84	58.86	80.06	39.05	26.93	50.49	38.47	25.81	33.24	85.87	43.86	37.48	29.27	86.31	72.5	9.06	80.01	29.83	28.65	76.69	58.18	45.45	8.06	23.71	43.17	0.0	47.63	41.44	39.32	73.16	8.06	39.4	70.35	58.52	89.55	12.08	70.86	59.46	13.42	48.01	68.59	31.26	28.64	66.84	75.47	7.07	20.12	11.4	32.31	25.02	25.5	76.84	85.02	44.91	30.87	40.46	57.22	97.94	48.84	67.19	37.74	73.16	67.27	61.85	79.51	38.83	63.69	83.05	50.12	44.78	54.04	79.83	82.22	14.87	86.76	33.24	42.2	59.21	34.01	49.65	54.59	34.01	29.97	74.43	30.41	47.54
36	54.41	26.87	95.6	15.13	41.63	74.33	19.1	12.65	10.2	56.08	26.08	45.18	79.06	8.6	47.27	26.42	19.42	21.93	28.07	79.31	55.9	82.29	34.93	39.66	36.67	53.08	77.2	44.01	64.03	69.53	65.19	66.19	53.54	27.51	29.55	47.63	0.0	44.38	80.01	48.37	45.34	74.33	50.0	20.59	52.01	46.1	62.48	31.06	34.66	31.02	21.63	34.53	21.1	19.21	34.13	51.62	58.87	44.28	19.31	69.32	26.93	44.92	65.19	31.3	50.04	11.05	40.31	58.31	23.71	40.31	69.72	48.37	61.61	27.46	31.89	22.02	31.78	66.4	9.22	21.95	32.76	72.25	49.24	56.8	48.01	26.31	5.83	43.19	69.86	25.06	37.64	51.01	19.72	52.7	59.68	13.89
